2.033372910265140165e-01
3.503564146505777632e-01
3.969938571533114802e-01
3.154014219945099895e-01
2.715380289647028600e-01
1.426176704365732240e-01
1.061668360310016601e-01
2.132059381995179137e-01
1.904954194088221975e-01
3.005962807052275920e-02
2.518319280872325511e-02
1.039060892198299391e-01
3.826661638398169973e-01
2.390809404073561684e-01
1.816176967034923914e-02
2.889950973383092481e-01
2.947225625236617463e-01
5.299870107063964220e-02
3.443506705584792327e-01
3.588423841179140539e-02
3.301690443788330986e-01
2.072707421329981481e-01
1.578748573326462512e-01
1.804219499461082177e-01
2.090441769880343748e-01
2.844881569710792646e-01
7.285339059067519329e-02
2.386209858369670034e-01
1.379252866360662633e-01
6.128754066984112847e-02
2.405236004638036662e-01
3.951688487278659512e-01
2.939845803263353985e-01
1.797774142163570676e-01
3.071358027024478909e-01
1.394526374412234093e-01
9.948779313546395053e-02
1.851863202606721659e-01
3.437456803504274627e-01
2.916447013186633241e-01
1.867761992506417057e-01
1.941794896982290131e-01
1.748405823916632240e-01
2.268649446729622265e-01
1.794620858951770925e-01
3.562891238417477680e-01
3.058691856246259499e-01
3.634024802585464897e-01
3.813097969624814065e-01
1.312993515245795828e-01
3.351068478017694696e-01
4.992992661747672895e-02
9.982017317953797986e-02
3.429471766701955304e-01
1.790198059227982863e-01
2.884920725871943925e-01
2.836840146645351890e-01
3.961467250996395517e-01
2.311966117046155011e-01
1.598359464044906142e-01
2.362907531172139530e-01
3.582935043655726681e-01
2.212683554434171640e-01
4.843160128558232635e-02
1.434967274942101911e-01
3.914269161298884470e-01
2.088779519577027566e-01
1.797925708236771392e-01
3.046062775673228362e-01
2.024307326218850456e-01
2.809418491448695265e-01
3.818020569897686567e-01
3.650181500435530357e-01
5.300597504030926665e-02
1.451248824695029749e-01
1.955577899932627595e-01
7.858409175412095493e-02
9.871647246900172937e-03
2.129658841045183881e-01
1.071836418302801602e-01
2.353681528111053189e-01
5.104990339692281470e-02
3.104999205220292380e-01
1.680262363837480288e-01
3.731990052013987036e-01
2.101766433958104363e-01
2.173013530447923114e-01
2.052344196707293067e-01
2.383739766091141077e-01
1.574307361406676042e-01
1.383373894281139105e-01
1.042932635501550021e-01
3.979252359454918953e-01
2.802843649677423388e-01
1.723532660008693096e-01
1.659276494954184111e-01
2.178935286141704397e-01
1.641330701587776497e-01
4.231669948623349026e-02
2.957494288771496671e-01
