2.055541372477785733e-02
3.336913539463400719e-02
2.032895758339506309e-02
2.452694134291207376e-02
2.779396574950260962e-02
2.964787233395664232e-02
1.972221633914021319e-02
2.171873356137878422e-02
2.169638535957887221e-02
2.244871061952711036e-02
2.547688892475897041e-02
3.419077524135336749e-02
2.852139714403885765e-02
2.427121264631134159e-02
2.755792507700358107e-02
1.735735734762929722e-02
2.466988491830586841e-02
2.990303057097903547e-02
2.845570421357746654e-02
2.209238861593643480e-02
1.887639525352382761e-02
3.508283948135007546e-02
2.890505613737619217e-02
2.589712621544092153e-02
2.283312468476035931e-02
3.554739192584260854e-02
2.293580172549804924e-02
2.259426623535577133e-02
3.139364299057609276e-02
1.763644853091225068e-02
1.965825038504269776e-02
2.711162890809148615e-02
2.664880251726941401e-02
1.688439578225578788e-02
2.183955594574755327e-02
1.664214973114287038e-02
2.496694200329683394e-02
1.884293462357228971e-02
2.004736291558563074e-02
2.079784161006377474e-02
2.788762404930851882e-02
1.957859703392542464e-02
2.611816220547364537e-02
1.950884349659325750e-02
2.081367693572233613e-02
2.953890786824903136e-02
2.581894525266073201e-02
2.346291885911982317e-02
3.220583943496147655e-02
2.239455374457299114e-02
2.254715040534995690e-02
2.123554336946211624e-02
3.203826202569230036e-02
2.974020292920574390e-02
2.954521895650759691e-02
1.990677229721859315e-02
3.545277304804093921e-02
2.041166309950570926e-02
2.295187476943450280e-02
2.209228263846300250e-02
2.162953015479085819e-02
3.032502368717512886e-02
2.312584071305747585e-02
1.758630341791280957e-02
2.346544577992738453e-02
2.471012568867604273e-02
2.111603829886016248e-02
2.175263327695113255e-02
2.296049666938711556e-02
1.690432557318882756e-02
2.210213807518049411e-02
2.612757273192423471e-02
2.762919180138287759e-02
2.966111317184215099e-02
2.020569008253602847e-02
1.539926901745324733e-02
1.862523168154366429e-02
2.762875657201881163e-02
2.930188809375673317e-02
1.704753104304948183e-02
2.189456758742065398e-02
2.279284034021729355e-02
3.000358136261858932e-02
2.289424911987699221e-02
1.824349784107138009e-02
3.022038266129471046e-02
3.636629726165584164e-02
2.143700305098245051e-02
2.984980210064617709e-02
3.671821101158217332e-02
1.601107449829498527e-02
1.789931864195008770e-02
2.647526836227353034e-02
1.899102068942589566e-02
2.560743530174572347e-02
2.910421222066390465e-02
2.171520310520976688e-02
2.053674939002730557e-02
2.336610510626727436e-02
1.983225885952468598e-02
