1.038651098229392000e-01 1.554642336509731437e-01 2.073981801746228870e-01
1.248239921572586314e-01 1.856725582028369292e-01 2.499177808262678102e-01
1.283874368551317091e-01 1.948622823543777194e-01 2.597227086925302242e-01
1.193646914956051075e-01 1.705910946619499380e-01 2.223480541963259449e-01
1.276949873474358121e-01 1.953748419131078884e-01 2.623808086229210135e-01
1.185726183666173383e-01 1.756086358438239126e-01 2.352466071077045640e-01
1.007812375304842356e-01 1.483807264427061401e-01 1.962350489795427477e-01
1.126980565571565202e-01 1.733109120363125755e-01 2.317496028263044405e-01
1.020373859816662981e-01 1.545879978032303204e-01 2.053291048105356509e-01
1.230850784653828578e-01 1.899605065161030504e-01 2.567984088375033225e-01
1.324414824648038058e-01 2.022362058672929619e-01 2.716278249214044149e-01
1.253154150857350713e-01 1.848001970170184971e-01 2.446343311664377629e-01
1.119197631004537064e-01 1.610406002542928983e-01 2.105978928721049248e-01
1.172433660554924179e-01 1.770000474252476086e-01 2.375898621556786494e-01
1.379387512568345242e-01 2.027506911084590857e-01 2.697748447750565881e-01
9.983485263163190127e-02 1.469225830584202086e-01 1.949124086414308066e-01
9.337410029601968253e-02 1.407252207117309917e-01 1.891856876582744540e-01
1.334045800839315510e-01 2.057710465098431529e-01 2.762063312227602263e-01
1.135896429855046685e-01 1.659981922931118015e-01 2.211193701127097955e-01
1.040910858773288900e-01 1.481661461961211457e-01 1.926463375182879134e-01
1.178963274652688187e-01 1.729573679189527202e-01 2.283463165511614434e-01
1.515849289218800799e-01 2.360887870307785408e-01 3.190922065479010472e-01
1.513541076525529161e-01 2.322782589828117361e-01 3.115855793409168517e-01
1.347598272226262495e-01 2.021436966873886854e-01 2.697035060534855866e-01
1.011869129233685105e-01 1.463279288732710903e-01 1.918518038384408042e-01
1.259531953284570849e-01 1.904734227724530216e-01 2.551305501850081869e-01
1.267102846864841537e-01 1.966832055039321181e-01 2.662075009149026950e-01
1.221286615349432975e-01 1.846363137469845817e-01 2.455822058781624573e-01
1.071279562100895671e-01 1.555219159218280967e-01 2.066003585485285676e-01
1.038561792807993767e-01 1.551680241116096537e-01 2.058508096828364775e-01
1.057924180609634973e-01 1.585168805946486903e-01 2.121206736980612295e-01
1.361463437420693257e-01 2.128252162992662622e-01 2.879717731577610684e-01
1.319188670417458520e-01 1.971396332761795045e-01 2.632207804527287864e-01
1.022046407165631554e-01 1.523815761231042953e-01 2.032077617793179580e-01
1.192977362858446688e-01 1.737397956041896729e-01 2.281145822386573541e-01
1.192046967781805883e-01 1.858271792652173016e-01 2.517327066834882388e-01
1.642367832566874464e-01 2.583794083981120759e-01 3.515787039549371773e-01
1.191889023226364724e-01 1.770873882549140466e-01 2.374772589928219602e-01
1.179371196556322360e-01 1.799122483799449335e-01 2.411610591448207497e-01
1.184779195434983168e-01 1.730470504807846699e-01 2.270721778130369295e-01
1.242228789167896669e-01 1.856781631488358952e-01 2.488758659353479119e-01
1.216956011217149580e-01 1.915318014453302464e-01 2.606715852843614067e-01
1.105113422381551191e-01 1.664761845720933164e-01 2.225814567679742784e-01
1.140292324570018750e-01 1.730148672142967359e-01 2.304105393451424955e-01
1.363330268266492173e-01 2.072318613622687877e-01 2.785284104332740318e-01
1.504469679721092412e-01 2.289567811765427785e-01 3.053826322304548091e-01
1.112624732926045662e-01 1.641926801890328247e-01 2.174367958699695291e-01
1.467487676962352661e-01 2.238999767657620932e-01 3.000758244978768974e-01
1.380549708653545093e-01 2.045793850693766180e-01 2.702501813558241262e-01
1.206965384168572492e-01 1.750366085419080009e-01 2.312749897714229674e-01
1.076673812270776409e-01 1.547693099006790807e-01 2.039224162122359185e-01
9.158750846053109740e-02 1.325123077812132288e-01 1.749290033072783968e-01
1.560691401141602319e-01 2.416995180214193129e-01 3.272206301344826596e-01
1.150734037645745889e-01 1.710956129270855830e-01 2.272928309830613003e-01
1.352210056720415110e-01 2.092314890148083695e-01 2.823437094856844909e-01
1.117327476924372814e-01 1.601920358459859584e-01 2.090382707245418414e-01
1.248960381690437799e-01 1.799624205273460675e-01 2.362745730771092234e-01
9.651659805793240399e-02 1.404131554602166820e-01 1.859627352900997954e-01
1.222696442545053719e-01 1.831908244352450643e-01 2.456079308695573171e-01
1.150221909675424731e-01 1.698437047650162013e-01 2.270546486464358749e-01
1.197753134119513146e-01 1.877818294321306203e-01 2.550389627361134282e-01
1.375352335286653682e-01 2.063174375546608375e-01 2.739149473985870720e-01
1.363775187078183071e-01 2.099586920438120674e-01 2.831769390599799818e-01
1.077684766550514872e-01 1.664101945487338197e-01 2.242779039951030562e-01
1.599938385699758714e-01 2.451697504380065396e-01 3.295940724513738984e-01
1.123011256728407709e-01 1.732620606338371450e-01 2.335993381354042331e-01
1.180271270423854518e-01 1.827762676124839725e-01 2.469245206761016553e-01
1.088836477636719591e-01 1.631406184755635480e-01 2.165127655512802396e-01
1.468800721768886430e-01 2.252063599518044357e-01 3.036676351190512602e-01
1.155273894673612689e-01 1.744643801820580098e-01 2.317868275480413631e-01
1.361922551743569298e-01 2.092201279045982076e-01 2.822328722906356502e-01
1.127654934353997246e-01 1.649761866278246780e-01 2.197930663530372752e-01
1.292224972192200505e-01 1.939863168457370557e-01 2.598004723338256938e-01
1.232247189504504514e-01 1.812226336680581584e-01 2.417340115274378698e-01
1.234497210789204796e-01 1.911403093892150851e-01 2.579860960338919429e-01
9.047965953842115883e-02 1.346515026428121986e-01 1.796017059630511115e-01
1.031698145008698997e-01 1.535616749555966942e-01 2.061796973618463813e-01
1.481665206665111756e-01 2.271233651023250866e-01 3.050849378289073877e-01
1.263655048612684351e-01 1.927912756661366023e-01 2.602984015529267170e-01
1.064131416085476317e-01 1.625394601621626689e-01 2.172615181264579975e-01
1.105019705979669448e-01 1.622688048946472894e-01 2.164812453707213036e-01
1.070963922876786711e-01 1.619234968862942881e-01 2.155244967600126460e-01
1.532020743877296198e-01 2.301905921258604881e-01 3.062307595111004588e-01
1.388719317099152417e-01 2.177262434234998600e-01 2.952762752571403415e-01
1.014538020673137891e-01 1.470393203106321323e-01 1.927080279181728473e-01
1.331765570778400964e-01 2.043016752860487006e-01 2.748832967756376089e-01
1.422572305399025516e-01 2.187446222810862095e-01 2.940710680254162157e-01
1.099593646238147954e-01 1.717692579030896116e-01 2.328182982064100348e-01
1.260466038861618454e-01 1.858804138765360880e-01 2.491322976567574843e-01
1.383038615276586392e-01 2.014202769688420713e-01 2.683074111326900768e-01
8.735843081446306724e-02 1.301844637102440305e-01 1.751412133841172836e-01
1.030502889440017139e-01 1.591888603228324706e-01 2.150140024031194363e-01
1.319839067602752158e-01 2.015101137622045402e-01 2.689751356864902854e-01
1.109639710802573370e-01 1.665857589281953821e-01 2.243421241458367632e-01
1.621593269113541791e-01 2.446012219851819436e-01 3.241444013677303171e-01
1.273659839737928123e-01 1.883737652393506767e-01 2.502719010208275252e-01
1.078748983422824909e-01 1.663928340590266064e-01 2.247706660108280130e-01
1.053265240504027977e-01 1.642244757566150848e-01 2.215738905441812789e-01
9.257738585991077962e-02 1.345023735370501072e-01 1.776255832297567172e-01
1.162296644411343755e-01 1.785482154132669030e-01 2.406663768438058737e-01
