0.001000 9983.931443 
0.001077 10510.974570 
0.001159 11060.775307 
0.001248 11633.860172 
0.001343 12230.536204 
0.001446 12850.779478 
0.001557 13494.581979 
0.001676 14161.321533 
0.001804 14850.494254 
0.001943 15560.967483 
0.002091 16291.445801 
0.002251 17040.285057 
0.002424 17805.152505 
0.002609 18583.846828 
0.002809 19373.062509 
0.003024 20169.212101 
0.003256 20967.969549 
0.003505 21763.942106 
0.003773 22552.721912 
0.004062 23328.527013 
0.004373 24083.124359 
0.004708 24809.951169 
0.005069 25500.923517 
0.005457 26145.903052 
0.005875 26736.468180 
0.006325 27261.023825 
0.006809 27708.418379 
0.007330 28068.452365 
0.007891 28327.699182 
0.008496 28473.371425 
0.009146 28491.423622 
0.009846 28373.170320 
0.010600 28104.293140 
0.011412 27676.248914 
0.012286 27082.941082 
0.013226 26316.906957 
0.014239 25383.250238 
0.015329 24297.492216 
0.016503 23056.487023 
0.017767 21702.427105 
0.019127 20255.310162 
0.020592 18758.099958 
0.022168 17248.730354 
0.023866 15802.677489 
0.025693 14424.335863 
0.027660 13189.374691 
0.029778 12125.747176 
0.032058 11249.539497 
0.034513 10538.989807 
0.037155 9949.347430 
0.040000 9438.018896 
0.041074 9262.487302 
0.042148 9089.994175 
0.043221 8916.989747 
0.044295 8739.846575 
0.045369 8556.035125 
0.046443 8363.723898 
0.047517 8161.859895 
0.048591 7950.056932 
0.049664 7728.934017 
0.050738 7499.074413 
0.051812 7262.150080 
0.052886 7020.108127 
0.053960 6775.147374 
0.055034 6529.562098 
0.056107 6286.011395 
0.057181 6046.350309 
0.058255 5813.062648 
0.059329 5588.112557 
0.060403 5373.329802 
0.061477 5170.150857 
0.062550 4979.897250 
0.063624 4803.083115 
0.064698 4640.410863 
0.065772 4492.112233 
0.066846 4358.108011 
0.067919 4238.188136 
0.068993 4131.571561 
0.070067 4037.576842 
0.071141 3955.223530 
0.072215 3883.369379 
0.073289 3820.730296 
0.074362 3765.977075 
0.075436 3717.553254 
0.076510 3674.031720 
0.077584 3633.940538 
0.078658 3595.863936 
0.079732 3558.494855 
0.080805 3520.685144 
0.081879 3481.340777 
0.082953 3439.700031 
0.084027 3395.134733 
0.085101 3347.233889 
0.086174 3295.842286 
0.087248 3240.841048 
0.088322 3182.423272 
0.089396 3120.867353 
0.090470 3056.573447 
0.091544 2990.029387 
0.092617 2921.846701 
0.093691 2852.500546 
0.094765 2782.669671 
0.095839 2712.981749 
0.096913 2644.065529 
0.097987 2576.503773 
0.099060 2510.911599 
0.100134 2447.659381 
0.101208 2387.233230 
0.102282 2329.984143 
0.103356 2276.175451 
0.104430 2225.969199 
0.105503 2179.487961 
0.106577 2136.627188 
0.107651 2097.331399 
0.108725 2061.425852 
0.109799 2028.671568 
0.110872 1998.802764 
0.111946 1971.424613 
0.113020 1946.224403 
0.114094 1922.830608 
0.115168 1900.903150 
0.116242 1880.092309 
0.117315 1860.113324 
0.118389 1840.660322 
0.119463 1821.510529 
0.120537 1802.474145 
0.121611 1783.382661 
0.122685 1764.118406 
0.123758 1744.604216 
0.124832 1724.735419 
0.125906 1704.484948 
0.126980 1683.823897 
0.128054 1662.747632 
0.129128 1641.251692 
0.130201 1619.370891 
0.131275 1597.099314 
0.132349 1574.488272 
0.133423 1551.594322 
0.134497 1528.471734 
0.135570 1505.213764 
0.136644 1481.851723 
0.137718 1458.496430 
0.138792 1435.244419 
0.139866 1412.191510 
0.140940 1389.438845 
0.142013 1367.106401 
0.143087 1345.249278 
0.144161 1323.982624 
0.145235 1303.390174 
0.146309 1283.547580 
0.147383 1264.506091 
0.148456 1246.329975 
0.149530 1229.011280 
0.150604 1212.576511 
0.151678 1197.020729 
0.152752 1182.317126 
0.153826 1168.427618 
0.154899 1155.312380 
0.155973 1142.873031 
0.157047 1131.060753 
0.158121 1119.784762 
0.159195 1108.963532 
0.160268 1098.521336 
0.161342 1088.356766 
0.162416 1078.394415 
0.163490 1068.565353 
0.164564 1058.802619 
0.165638 1049.049548 
0.166711 1039.264526 
0.167785 1029.399411 
0.168859 1019.434827 
0.169933 1009.356769 
0.171007 999.157466 
0.172081 988.845563 
0.173154 978.439694 
0.174228 967.940866 
0.175302 957.380593 
0.176376 946.787871 
0.177450 936.192492 
0.178523 925.631500 
0.179597 915.125091 
0.180671 904.704939 
0.181745 894.405418 
0.182819 884.251009 
0.183893 874.266696 
0.184966 864.478659 
0.186040 854.886615 
0.187114 845.514806 
0.188188 836.372118 
0.189262 827.464468 
0.190336 818.792922 
0.191409 810.368298 
0.192483 802.170080 
0.193557 794.202110 
0.194631 786.456704 
0.195705 778.925624 
0.196779 771.597647 
0.197852 764.469885 
0.198926 757.513453 
0.200000 750.728466 
0.201000 744.550588 
0.205353 718.988354 
0.209800 694.552781 
0.214344 670.736910 
0.218986 647.252215 
0.223729 624.018634 
0.228574 601.130370 
0.233524 578.764293 
0.238582 557.112471 
0.243749 536.341858 
0.249028 516.547031 
0.254421 497.747934 
0.259931 479.908449 
0.265560 462.950713 
0.271312 446.772432 
0.277187 431.281715 
0.283190 416.378336 
0.289324 401.990599 
0.295589 388.074249 
0.301991 374.588012 
0.308531 361.519705 
0.315213 348.862579 
0.322040 336.618116 
0.329014 324.790975 
0.336140 313.383252 
0.343420 302.396146 
0.350857 291.828628 
0.358456 281.672496 
0.366219 271.920037 
0.374150 262.557894 
0.382253 253.571671 
0.390531 244.947221 
0.398989 236.666468 
0.407630 228.714573 
0.416458 221.075035 
0.425478 213.732346 
0.434692 206.674168 
0.444106 199.885085 
0.453724 193.353811 
0.463551 187.067548 
0.473590 181.016977 
0.483846 175.191117 
0.494325 169.580912 
0.505031 164.177227 
0.515968 158.972828 
0.527143 153.958125 
0.538559 149.127241 
0.550223 144.484029 
0.562139 139.996592 
0.574313 135.672184 
0.586751 131.495015 
0.599459 127.445942 
0.612441 123.567896 
0.625705 119.840023 
0.639256 116.243382 
0.653100 112.771186 
0.667244 109.434580 
0.681695 106.201417 
0.696459 103.080295 
0.711542 100.073778 
0.726952 97.172636 
0.742696 94.383035 
0.758780 91.676603 
0.775213 89.063039 
0.792002 86.539816 
0.809154 84.100374 
0.826678 81.744014 
0.844582 79.466443 
0.862873 77.264677 
0.881560 75.136032 
0.900652 73.077297 
0.920158 71.085657 
0.940086 69.158609 
0.960445 67.293495 
0.981246 65.487682 
1.002497 63.739153 
1.024208 62.045169 
1.046389 60.403677 
1.069051 58.812431 
1.092204 57.269480 
1.115858 55.772657 
1.140024 54.320301 
1.164714 52.910343 
1.189938 51.541002 
1.215709 50.210644 
1.242037 48.917788 
1.268936 47.660619 
1.296418 46.437739 
1.324494 45.247591 
1.353179 44.088914 
1.382485 42.960472 
1.412426 41.860906 
1.443015 40.789006 
1.474266 39.743784 
1.506195 38.723949 
1.538814 37.728763 
1.572141 36.757023 
1.606189 35.808015 
1.640974 34.880825 
1.676513 33.974590 
1.712821 33.088633 
1.749916 32.222273 
1.787814 31.374800 
1.826533 30.545487 
1.866090 29.733962 
1.906504 28.939482 
1.947794 28.161680 
1.989977 27.400003 
2.033075 26.653959 
2.077105 25.923270 
2.122089 25.207463 
2.168047 24.506206 
2.215001 23.819124 
2.262972 23.145919 
2.311981 22.486365 
2.362052 21.840117 
2.413207 21.207004 
2.465470 20.586776 
2.518865 19.979239 
2.573416 19.384254 
2.629149 18.801535 
2.686089 18.231034 
2.744262 17.672637 
2.803695 17.126162 
2.864414 16.591559 
2.926449 16.068683 
2.989828 15.557485 
3.054579 15.057919 
3.120732 14.569839 
3.188318 14.093259 
3.257368 13.628057 
3.327913 13.174207 
3.399986 12.731653 
3.473620 12.300292 
3.548848 11.880088 
3.625706 11.470984 
3.704229 11.072865 
3.784451 10.685638 
3.866412 10.309293 
3.950147 9.943639 
4.035696 9.588607 
4.123097 9.244108 
4.212391 8.909982 
4.303620 8.586109 
4.396824 8.272365 
4.492046 7.968625 
4.589331 7.674726 
4.688722 7.390516 
4.790267 7.115871 
4.894010 6.850572 
5.000000 6.594520 
