0.001000 6505.281929 
0.001077 6990.791187 
0.001159 7507.052762 
0.001248 8055.021060 
0.001343 8635.376934 
0.001446 9248.626716 
0.001557 9895.158960 
0.001676 10574.809401 
0.001804 11287.310688 
0.001943 12031.769696 
0.002091 12807.069840 
0.002251 13611.393978 
0.002424 14442.640398 
0.002609 15297.841674 
0.002809 16173.626665 
0.003024 17066.027887 
0.003256 17970.415688 
0.003505 18881.126859 
0.003773 19792.528270 
0.004062 20698.523333 
0.004373 21589.963634 
0.004708 22460.050435 
0.005069 23300.638899 
0.005457 24099.783216 
0.005875 24848.606102 
0.006325 25535.041212 
0.006809 26146.594579 
0.007330 26669.206496 
0.007891 27087.940941 
0.008496 27389.918326 
0.009146 27565.394976 
0.009846 27594.878811 
0.010600 27460.495777 
0.011412 27159.971276 
0.012286 26681.379291 
0.013226 26038.994219 
0.014239 25208.670772 
0.015329 24211.893573 
0.016503 23025.210924 
0.017767 21712.485519 
0.019127 20321.782618 
0.020592 18869.521849 
0.022168 17398.771829 
0.023866 15966.354990 
0.025693 14618.112691 
0.027660 13408.348086 
0.029778 12392.675360 
0.032058 11551.808162 
0.034513 10878.671339 
0.037155 10322.689065 
0.040000 9819.234403 
0.041074 9641.194948 
0.042148 9464.823671 
0.043221 9287.566815 
0.044295 9106.498003 
0.045369 8919.456727 
0.046443 8724.595162 
0.047517 8520.592293 
0.048591 8306.823393 
0.049664 8083.500525 
0.050738 7850.872358 
0.051812 7610.398225 
0.052886 7363.820733 
0.053960 7113.248003 
0.055034 6861.123383 
0.056107 6610.294584 
0.057181 6362.865372 
0.058255 6121.657433 
0.059329 5888.966747 
0.060403 5666.925015 
0.061477 5457.307774 
0.062550 5261.699806 
0.063624 5080.744219 
0.064698 4915.250715 
0.065772 4765.483887 
0.066846 4631.324386 
0.067919 4512.419122 
0.068993 4407.822989 
0.070067 4316.658579 
0.071141 4237.696293 
0.072215 4169.568545 
0.073289 4110.747394 
0.074362 4059.673933 
0.075436 4014.607859 
0.076510 3973.945688 
0.077584 3936.094406 
0.078658 3899.536895 
0.079732 3862.888652 
0.080805 3824.965340 
0.081879 3784.636235 
0.082953 3741.122256 
0.084027 3693.792475 
0.085101 3642.241503 
0.086174 3586.331931 
0.087248 3525.976638 
0.088322 3461.423214 
0.089396 3393.040124 
0.090470 3321.348290 
0.091544 3246.997186 
0.092617 3170.779664 
0.093691 3093.375181 
0.094765 3015.673995 
0.095839 2938.512040 
0.096913 2862.703412 
0.097987 2788.976169 
0.099060 2718.053694 
0.100134 2650.355990 
0.101208 2586.369880 
0.102282 2526.415848 
0.103356 2470.678498 
0.104430 2419.217207 
0.105503 2372.046160 
0.106577 2328.950735 
0.107651 2289.779708 
0.108725 2254.263059 
0.109799 2222.102917 
0.110872 2192.965060 
0.111946 2166.425618 
0.113020 2142.124883 
0.114094 2119.662820 
0.115168 2098.641154 
0.116242 2078.667913 
0.117315 2059.388096 
0.118389 2040.410733 
0.119463 2021.439090 
0.120537 2002.192192 
0.121611 1982.433652 
0.122685 1961.989201 
0.123758 1940.756799 
0.124832 1918.630316 
0.125906 1895.611948 
0.126980 1871.735292 
0.128054 1847.077653 
0.129128 1821.747788 
0.130201 1795.890398 
0.131275 1769.600902 
0.132349 1743.046003 
0.133423 1716.364982 
0.134497 1689.691150 
0.135570 1663.169897 
0.136644 1636.858816 
0.137718 1610.882845 
0.138792 1585.339187 
0.139866 1560.310512 
0.140940 1535.872481 
0.142013 1512.125182 
0.143087 1489.095071 
0.144161 1466.869780 
0.145235 1445.511463 
0.146309 1425.077053 
0.147383 1405.599438 
0.148456 1387.126044 
0.149530 1369.634113 
0.150604 1353.133138 
0.151678 1337.598283 
0.152752 1322.987428 
0.153826 1309.236236 
0.154899 1296.282598 
0.155973 1284.000783 
0.157047 1272.317806 
0.158121 1261.110199 
0.159195 1250.275299 
0.160268 1239.712227 
0.161342 1229.295967 
0.162416 1218.937634 
0.163490 1208.560992 
0.164564 1198.087511 
0.165638 1187.465708 
0.166711 1176.661655 
0.167785 1165.634535 
0.168859 1154.383408 
0.169933 1142.912725 
0.171007 1131.242078 
0.172081 1119.395933 
0.173154 1107.427370 
0.174228 1095.355058 
0.175302 1083.233375 
0.176376 1071.114555 
0.177450 1059.046202 
0.178523 1047.083930 
0.179597 1035.252452 
0.180671 1023.596487 
0.181745 1012.156917 
0.182819 1000.958880 
0.183893 990.025836 
0.184966 979.384987 
0.186040 969.026243 
0.187114 958.969178 
0.188188 949.212142 
0.189262 939.753140 
0.190336 930.583899 
0.191409 921.705047 
0.192483 913.087685 
0.193557 904.720836 
0.194631 896.592471 
0.195705 888.683548 
0.196779 880.976641 
0.197852 873.457870 
0.198926 866.100185 
0.200000 858.892147 
0.201000 852.299543 
0.205353 824.666606 
0.209800 797.665688 
0.214344 770.906380 
0.218986 744.306812 
0.223729 718.004528 
0.228574 692.253622 
0.233524 667.310042 
0.238582 643.363990 
0.243749 620.533964 
0.249028 598.835955 
0.254421 578.219230 
0.259931 558.590296 
0.265560 539.838508 
0.271312 521.847388 
0.277187 504.530450 
0.283190 487.800582 
0.289324 471.604568 
0.295589 455.915492 
0.301991 440.704492 
0.308531 425.969469 
0.315213 411.707258 
0.322040 397.920826 
0.329014 384.611308 
0.336140 371.776666 
0.343420 359.411723 
0.350857 347.511737 
0.358456 336.063033 
0.366219 325.054646 
0.374150 314.470027 
0.382253 304.292631 
0.390531 294.506164 
0.398989 285.091713 
0.407630 276.034809 
0.416458 267.317669 
0.425478 258.924233 
0.434692 250.842711 
0.444106 243.057161 
0.453724 235.555729 
0.463551 228.324602 
0.473590 221.355177 
0.483846 214.635036 
0.494325 208.154412 
0.505031 201.903936 
0.515968 195.875554 
0.527143 190.058815 
0.538559 184.447592 
0.550223 179.027702 
0.562139 173.793743 
0.574313 168.748834 
0.586751 163.888922 
0.599459 159.204858 
0.612441 154.667110 
0.625705 150.289879 
0.639256 146.059544 
0.653100 141.967594 
0.667244 137.998289 
0.681695 134.178139 
0.696459 130.484193 
0.711542 126.912916 
0.726952 123.459865 
0.742696 120.117053 
0.758780 116.888370 
0.775213 113.764229 
0.792002 110.739097 
0.809154 107.807302 
0.826678 104.970536 
0.844582 102.227304 
0.862873 99.569724 
0.881560 96.994811 
0.900652 94.499273 
0.920158 92.079445 
0.940086 89.733130 
0.960445 87.456904 
0.981246 85.247771 
1.002497 83.103556 
1.024208 81.021318 
1.046389 78.998464 
1.069051 77.032539 
1.092204 75.121191 
1.115858 73.262300 
1.140024 71.453687 
1.164714 69.693072 
1.189938 67.978242 
1.215709 66.307720 
1.242037 64.679503 
1.268936 63.091696 
1.296418 61.542569 
1.324494 60.030631 
1.353179 58.554291 
1.382485 57.112043 
1.412426 55.702703 
1.443015 54.324604 
1.474266 52.976891 
1.506195 51.658078 
1.538814 50.367260 
1.572141 49.103394 
1.606189 47.865517 
1.640974 46.652780 
1.676513 45.464179 
1.712821 44.299111 
1.749916 43.156922 
1.787814 42.036766 
1.826533 40.938093 
1.866090 39.860414 
1.906504 38.803052 
1.947794 37.765743 
1.989977 36.747851 
2.033075 35.748973 
2.077105 34.768928 
2.122089 33.807223 
2.168047 32.863694 
2.215001 31.937854 
2.262972 31.029610 
2.311981 30.138715 
2.362052 29.264907 
2.413207 28.408051 
2.465470 27.567955 
2.518865 26.744515 
2.573416 25.937671 
2.629149 25.147141 
2.686089 24.372943 
2.744262 23.615004 
2.803695 22.873180 
2.864414 22.147507 
2.926449 21.437810 
2.989828 20.744109 
3.054579 20.066345 
3.120732 19.404434 
3.188318 18.758318 
3.257368 18.127899 
3.327913 17.513190 
3.399986 16.914060 
3.473620 16.330379 
3.548848 15.762112 
3.625706 15.209142 
3.704229 14.671261 
3.784451 14.148383 
3.866412 13.640392 
3.950147 13.147042 
4.035696 12.668233 
4.123097 12.203774 
4.212391 11.753476 
4.303620 11.317094 
4.396824 10.894495 
4.492046 10.485476 
4.589331 10.089801 
4.688722 9.707295 
4.790267 9.337737 
4.894010 8.980896 
5.000000 8.636612 
