0.001000 12444.199590 
0.001077 12937.569573 
0.001159 13449.292969 
0.001248 13980.215160 
0.001343 14530.990465 
0.001446 15102.221629 
0.001557 15693.914976 
0.001676 16305.796124 
0.001804 16937.340503 
0.001943 17587.501804 
0.002091 18254.905692 
0.002251 18937.750200 
0.002424 19633.752809 
0.002609 20340.026966 
0.002809 21053.550600 
0.003024 21770.400623 
0.003256 22486.540386 
0.003505 23196.957445 
0.003773 23896.732659 
0.004062 24580.660367 
0.004373 25241.407599 
0.004708 25873.768538 
0.005069 26471.125895 
0.005457 27024.792746 
0.005875 27528.138864 
0.006325 27972.764667 
0.006809 28349.405134 
0.007330 28649.150523 
0.007891 28862.732735 
0.008496 28981.597787 
0.009146 28995.141645 
0.009846 28897.642073 
0.010600 28674.258176 
0.011412 28317.829194 
0.012286 27819.682945 
0.013226 27172.538776 
0.014239 26385.727138 
0.015329 25444.967917 
0.016503 24401.293621 
0.017767 23215.571793 
0.019127 21953.943547 
0.020592 20609.305497 
0.022168 19207.722880 
0.023866 17819.652586 
0.025693 16462.136645 
0.027660 15171.767257 
0.029778 13990.861670 
0.032058 12967.838956 
0.034513 12088.788142 
0.037155 11325.318770 
0.040000 10647.690475 
0.041074 10415.984888 
0.042148 10191.844620 
0.043221 9972.719219 
0.044295 9755.492208 
0.045369 9538.637766 
0.046443 9321.010436 
0.047517 9101.792906 
0.048591 8880.696690 
0.049664 8658.096450 
0.050738 8433.830514 
0.051812 8208.660930 
0.052886 7983.282919 
0.053960 7758.480545 
0.055034 7535.110269 
0.056107 7314.191035 
0.057181 7096.106940 
0.058255 6881.928322 
0.059329 6672.340133 
0.060403 6468.096865 
0.061477 6269.802095 
0.062550 6078.205229 
0.063624 5893.500816 
0.064698 5716.378548 
0.065772 5547.257628 
0.066846 5386.536434 
0.067919 5234.695427 
0.068993 5091.767536 
0.070067 4958.074771 
0.071141 4833.731008 
0.072215 4718.756903 
0.073289 4613.038691 
0.074362 4516.404151 
0.075436 4428.306550 
0.076510 4348.286184 
0.077584 4275.669847 
0.078658 4209.631912 
0.079732 4149.250475 
0.080805 4093.538323 
0.081879 4041.314924 
0.082953 3991.528519 
0.084027 3943.095006 
0.085101 3895.011179 
0.086174 3846.420833 
0.087248 3796.483911 
0.088322 3744.660159 
0.089396 3690.564407 
0.090470 3634.018780 
0.091544 3575.011166 
0.092617 3513.756507 
0.093691 3450.441986 
0.094765 3385.512663 
0.095839 3319.435241 
0.096913 3252.692171 
0.097987 3185.776733 
0.099060 3119.223660 
0.100134 3053.340375 
0.101208 2988.570588 
0.102282 2925.251148 
0.103356 2863.655471 
0.104430 2804.012754 
0.105503 2746.547685 
0.106577 2691.289389 
0.107651 2638.383121 
0.108725 2587.897545 
0.109799 2539.873737 
0.110872 2494.358195 
0.111946 2451.245909 
0.113020 2410.551749 
0.114094 2372.214481 
0.115168 2336.151626 
0.116242 2302.262662 
0.117315 2270.444606 
0.118389 2240.507566 
0.119463 2212.303310 
0.120537 2185.662363 
0.121611 2160.382459 
0.122685 2136.259525 
0.123758 2113.099103 
0.124832 2090.648423 
0.125906 2068.708564 
0.126980 2047.084218 
0.128054 2025.583862 
0.129128 2004.046152 
0.130201 1982.344407 
0.131275 1960.340669 
0.132349 1937.977120 
0.133423 1915.212075 
0.134497 1892.044643 
0.135570 1868.514044 
0.136644 1844.624313 
0.137718 1820.468779 
0.138792 1796.138155 
0.139866 1771.719027 
0.140940 1747.303971 
0.142013 1723.012932 
0.143087 1698.881449 
0.144161 1675.019534 
0.145235 1651.487853 
0.146309 1628.352855 
0.147383 1605.654661 
0.148456 1583.463993 
0.149530 1561.764739 
0.150604 1540.613802 
0.151678 1520.034679 
0.152752 1500.042565 
0.153826 1480.660905 
0.154899 1461.920396 
0.155973 1443.786156 
0.157047 1426.296563 
0.158121 1409.433872 
0.159195 1393.206499 
0.160268 1377.606598 
0.161342 1362.592588 
0.162416 1348.147052 
0.163490 1334.238919 
0.164564 1320.833967 
0.165638 1307.886307 
0.166711 1295.357704 
0.167785 1283.175766 
0.168859 1271.304879 
0.169933 1259.689117 
0.171007 1248.283292 
0.172081 1237.041833 
0.173154 1225.932235 
0.174228 1214.895486 
0.175302 1203.911683 
0.176376 1192.955424 
0.177450 1182.008063 
0.178523 1171.062770 
0.179597 1160.101875 
0.180671 1149.120646 
0.181745 1138.134305 
0.182819 1127.143498 
0.183893 1116.160331 
0.184966 1105.211927 
0.186040 1094.292950 
0.187114 1083.430570 
0.188188 1072.645054 
0.189262 1061.951824 
0.190336 1051.369876 
0.191409 1040.924610 
0.192483 1030.612213 
0.193557 1020.455553 
0.194631 1010.466594 
0.195705 1000.655323 
0.196779 991.028067 
0.197852 981.599175 
0.198926 972.351326 
0.200000 963.302768 
0.201000 955.051318 
0.205353 921.038475 
0.209800 889.211912 
0.214344 859.214961 
0.218986 830.631570 
0.223729 803.092137 
0.228574 776.358249 
0.233524 750.306798 
0.238582 724.922472 
0.243749 700.258262 
0.249028 676.379099 
0.254421 653.337433 
0.259931 631.158989 
0.265560 609.842336 
0.271312 589.356898 
0.277187 569.669212 
0.283190 550.722354 
0.289324 532.466319 
0.295589 514.868091 
0.301991 497.879784 
0.308531 481.478627 
0.315213 465.639653 
0.322040 450.349256 
0.329014 435.594317 
0.336140 421.363651 
0.343420 407.645603 
0.350857 394.431294 
0.358456 381.704925 
0.366219 369.455678 
0.374150 357.667521 
0.382253 346.322450 
0.390531 335.406853 
0.398989 324.901674 
0.407630 314.790872 
0.416458 305.057602 
0.425478 295.684588 
0.434692 286.658861 
0.444106 277.963133 
0.453724 269.584068 
0.463551 261.506718 
0.473590 253.720519 
0.483846 246.211787 
0.494325 238.969151 
0.505031 231.982126 
0.515968 225.241383 
0.527143 218.734865 
0.538559 212.455424 
0.550223 206.372059 
0.562139 200.539791 
0.574313 194.884848 
0.586751 189.426282 
0.599459 184.111721 
0.612441 179.001212 
0.625705 174.096234 
0.639256 169.312182 
0.653100 164.722242 
0.667244 160.285083 
0.681695 155.974242 
0.696459 151.825755 
0.711542 147.805373 
0.726952 143.912276 
0.742696 140.139825 
0.758780 136.496500 
0.775213 132.968416 
0.792002 129.546474 
0.809154 126.249510 
0.826678 123.035390 
0.844582 119.926632 
0.862873 116.912215 
0.881560 113.989066 
0.900652 111.153672 
0.920158 108.401517 
0.940086 105.730134 
0.960445 103.136007 
0.981246 100.615831 
1.002497 98.166891 
1.024208 95.785855 
1.046389 93.469984 
1.069051 91.216621 
1.092204 89.022947 
1.115858 86.886657 
1.140024 84.805146 
1.164714 82.776137 
1.189938 80.797153 
1.215709 78.866300 
1.242037 76.981479 
1.268936 75.140459 
1.296418 73.341716 
1.324494 71.583134 
1.353179 69.863264 
1.382485 68.180409 
1.412426 66.533157 
1.443015 64.919905 
1.474266 63.339626 
1.506195 61.790758 
1.538814 60.272454 
1.572141 58.783426 
1.606189 57.322799 
1.640974 55.889772 
1.676513 54.483249 
1.712821 53.102635 
1.749916 51.747278 
1.787814 50.416453 
1.826533 49.109463 
1.866090 47.825996 
1.906504 46.565406 
1.947794 45.327409 
1.989977 44.111516 
2.033075 42.917281 
2.077105 41.744639 
2.122089 40.593143 
2.168047 39.462671 
2.215001 38.352795 
2.262972 37.263429 
2.311981 36.194593 
2.362052 35.145836 
2.413207 34.117224 
2.465470 33.108546 
2.518865 32.119768 
2.573416 31.150818 
2.629149 30.201518 
2.686089 29.271948 
2.744262 28.361995 
2.803695 27.471578 
2.864414 26.600736 
2.926449 25.749293 
2.989828 24.917279 
3.054579 24.104709 
3.120732 23.311327 
3.188318 22.537254 
3.257368 21.782216 
3.327913 21.046266 
3.399986 20.329190 
3.473620 19.630869 
3.548848 18.951221 
3.625706 18.290025 
3.704229 17.647043 
3.784451 17.022158 
3.866412 16.415159 
3.950147 15.825776 
4.035696 15.253756 
4.123097 14.698963 
4.212391 14.161003 
4.303620 13.639706 
4.396824 13.134786 
4.492046 12.646002 
4.589331 12.173089 
4.688722 11.715796 
4.790267 11.273845 
4.894010 10.846970 
5.000000 10.434916 
