0.001000 4398.827256 
0.001077 4720.669153 
0.001159 5063.380901 
0.001248 5427.779324 
0.001343 5814.627507 
0.001446 6224.664793 
0.001557 6658.547737 
0.001676 7116.695735 
0.001804 7599.426073 
0.001943 8106.722009 
0.002091 8638.398440 
0.002251 9193.846369 
0.002424 9771.991079 
0.002609 10371.286370 
0.002809 10989.868470 
0.003024 11624.933056 
0.003256 12273.399965 
0.003505 12931.159780 
0.003773 13593.834909 
0.004062 14256.626381 
0.004373 14912.667836 
0.004708 15556.436010 
0.005069 16181.497792 
0.005457 16779.340901 
0.005875 17343.116536 
0.006325 17865.311056 
0.006809 18337.688012 
0.007330 18751.746256 
0.007891 19099.298504 
0.008496 19370.537470 
0.009146 19557.359228 
0.009846 19650.852341 
0.010600 19640.601138 
0.011412 19521.201774 
0.012286 19287.661894 
0.013226 18929.583901 
0.014239 18456.897290 
0.015329 17855.837687 
0.016503 17154.972154 
0.017767 16337.430938 
0.019127 15442.078357 
0.020592 14486.472365 
0.022168 13540.044536 
0.023866 12549.060463 
0.025693 11594.042020 
0.027660 10660.393899 
0.029778 9825.535936 
0.032058 9107.295299 
0.034513 8521.179671 
0.037155 8007.909807 
0.040000 7514.642843 
0.041074 7343.110051 
0.042148 7180.013144 
0.043221 7025.181900 
0.044295 6877.106631 
0.045369 6734.380819 
0.046443 6595.094444 
0.047517 6457.088115 
0.048591 6318.387600 
0.049664 6177.524418 
0.050738 6032.979187 
0.051812 5884.044691 
0.052886 5730.313486 
0.053960 5571.962004 
0.055034 5409.663316 
0.056107 5244.560461 
0.057181 5077.680389 
0.058255 4910.772924 
0.059329 4745.491178 
0.060403 4583.521255 
0.061477 4426.454750 
0.062550 4275.861367 
0.063624 4132.673790 
0.064698 3997.918827 
0.065772 3872.232223 
0.066846 3755.943361 
0.067919 3649.183404 
0.068993 3551.564981 
0.070067 3462.759129 
0.071141 3382.209008 
0.072215 3309.260737 
0.073289 3243.173639 
0.074362 3183.238885 
0.075436 3128.616642 
0.076510 3078.661021 
0.077584 3032.720941 
0.078658 2990.196276 
0.079732 2950.512647 
0.080805 2913.180974 
0.081879 2877.585832 
0.082953 2843.241665 
0.084027 2809.583332 
0.085101 2776.052490 
0.086174 2742.102904 
0.087248 2707.109812 
0.088322 2670.576101 
0.089396 2632.060797 
0.090470 2591.224757 
0.091544 2547.879625 
0.092617 2502.041602 
0.093691 2453.787831 
0.094765 2403.470911 
0.095839 2351.553419 
0.096913 2298.598670 
0.097987 2245.228014 
0.099060 2192.120841 
0.100134 2139.776452 
0.101208 2088.774555 
0.102282 2039.552379 
0.103356 1992.441177 
0.104430 1947.672766 
0.105503 1905.413896 
0.106577 1865.642308 
0.107651 1828.381667 
0.108725 1793.583550 
0.109799 1761.157234 
0.110872 1731.022659 
0.111946 1702.988542 
0.113020 1676.959364 
0.114094 1652.774180 
0.115168 1630.278463 
0.116242 1609.296339 
0.117315 1589.660108 
0.118389 1571.144875 
0.119463 1553.568980 
0.120537 1536.742591 
0.121611 1520.470580 
0.122685 1504.584387 
0.123758 1488.949346 
0.124832 1473.400203 
0.125906 1457.855143 
0.126980 1442.234314 
0.128054 1426.481341 
0.129128 1410.565625 
0.130201 1394.475413 
0.131275 1378.176349 
0.132349 1361.677661 
0.133423 1344.976259 
0.134497 1328.067759 
0.135570 1310.965151 
0.136644 1293.638205 
0.137718 1276.102949 
0.138792 1258.377865 
0.139866 1240.480256 
0.140940 1222.442293 
0.142013 1204.333635 
0.143087 1186.179847 
0.144161 1168.074984 
0.145235 1150.103744 
0.146309 1132.363384 
0.147383 1114.943870 
0.148456 1097.959120 
0.149530 1081.463628 
0.150604 1065.551997 
0.151678 1050.289191 
0.152752 1035.724831 
0.153826 1021.889203 
0.154899 1008.808753 
0.155973 996.450403 
0.157047 984.814873 
0.158121 973.856798 
0.159195 963.535217 
0.160268 953.796054 
0.161342 944.556914 
0.162416 935.753843 
0.163490 927.314389 
0.164564 919.166123 
0.165638 911.235109 
0.166711 903.462952 
0.167785 895.773594 
0.168859 888.121340 
0.169933 880.459223 
0.171007 872.751858 
0.172081 864.973133 
0.173154 857.108767 
0.174228 849.136621 
0.175302 841.059164 
0.176376 832.884140 
0.177450 824.620506 
0.178523 816.288857 
0.179597 807.900154 
0.180671 799.476191 
0.181745 791.045530 
0.182819 782.631499 
0.183893 774.258543 
0.184966 765.957855 
0.186040 757.734528 
0.187114 749.617936 
0.188188 741.624709 
0.189262 733.769911 
0.190336 726.067866 
0.191409 718.532157 
0.192483 711.157980 
0.193557 703.957059 
0.194631 696.930873 
0.195705 690.079972 
0.196779 683.402558 
0.197852 676.898535 
0.198926 670.552386 
0.200000 664.366730 
0.201000 658.741749 
0.205353 635.618719 
0.209800 613.835972 
0.214344 592.929007 
0.218986 572.532892 
0.223729 552.441836 
0.228574 532.617213 
0.233524 513.132556 
0.238582 494.126252 
0.243749 475.750891 
0.249028 458.119718 
0.254421 441.293578 
0.259931 425.283276 
0.265560 410.056067 
0.271312 395.548535 
0.277187 381.695403 
0.283190 368.418226 
0.289324 355.650858 
0.295589 343.345903 
0.301991 331.455223 
0.308531 319.954126 
0.315213 308.825734 
0.322040 298.063165 
0.329014 287.664550 
0.336140 277.628529 
0.343420 267.953687 
0.350857 258.638216 
0.358456 249.673650 
0.366219 241.055395 
0.374150 232.773404 
0.382253 224.815620 
0.390531 217.171692 
0.398989 209.827000 
0.407630 202.769723 
0.416458 195.986384 
0.425478 189.463670 
0.434692 183.191751 
0.444106 177.157782 
0.453724 171.351328 
0.463551 165.761761 
0.473590 160.380868 
0.483846 155.199087 
0.494325 150.208113 
0.505031 145.400448 
0.515968 140.769357 
0.527143 136.306157 
0.538559 132.006381 
0.550223 127.848339 
0.562139 123.829879 
0.574313 119.983997 
0.586751 116.277548 
0.599459 112.672149 
0.612441 109.239902 
0.625705 105.923361 
0.639256 102.713921 
0.653100 99.623018 
0.667244 96.636970 
0.681695 93.707143 
0.696459 90.936338 
0.711542 88.263897 
0.726952 85.683942 
0.742696 83.189124 
0.758780 80.787284 
0.775213 78.468212 
0.792002 76.229048 
0.809154 74.059823 
0.826678 71.966740 
0.844582 69.949448 
0.862873 68.000032 
0.881560 66.116137 
0.900652 64.295242 
0.920158 62.534485 
0.940086 60.831907 
0.960445 59.185086 
0.981246 57.591597 
1.002497 56.049808 
1.024208 54.557314 
1.046389 53.112085 
1.069051 51.712321 
1.092204 50.356054 
1.115858 49.041684 
1.140024 47.767396 
1.164714 46.531570 
1.189938 45.332489 
1.215709 44.168680 
1.242037 43.038734 
1.268936 41.941129 
1.296418 40.874499 
1.324494 39.837555 
1.353179 38.829038 
1.382485 37.847698 
1.412426 36.892561 
1.443015 35.962327 
1.474266 35.056092 
1.506195 34.172722 
1.538814 33.311401 
1.572141 32.471142 
1.606189 31.651205 
1.640974 30.850709 
1.676513 30.068894 
1.712821 29.305074 
1.749916 28.558548 
1.787814 27.828733 
1.826533 27.114929 
1.866090 26.416725 
1.906504 25.733427 
1.947794 25.064638 
1.989977 24.409910 
2.033075 23.768654 
2.077105 23.140702 
2.122089 22.525470 
2.168047 21.922754 
2.215001 21.332097 
2.262972 20.753241 
2.311981 20.185987 
2.362052 19.629927 
2.413207 19.084929 
2.465470 18.550732 
2.518865 18.027116 
2.573416 17.513940 
2.629149 17.010986 
2.686089 16.518135 
2.744262 16.035293 
2.803695 15.562251 
2.864414 15.098982 
2.926449 14.645326 
2.989828 14.201241 
3.054579 13.766670 
3.120732 13.341466 
3.188318 12.925657 
3.257368 12.519098 
3.327913 12.121814 
3.399986 11.733721 
3.473620 11.354733 
3.548848 10.984863 
3.625706 10.624027 
3.704229 10.272148 
3.784451 9.929176 
3.866412 9.595097 
3.950147 9.269774 
4.035696 8.953164 
4.123097 8.645214 
4.212391 8.345828 
4.303620 8.054932 
4.396824 7.772442 
4.492046 7.498270 
4.589331 7.232342 
4.688722 6.974571 
4.790267 6.724854 
4.894010 6.483087 
5.000000 6.249208 
