0.001000 15410.060613 
0.001077 16033.073703 
0.001159 16676.676341 
0.001248 17341.425768 
0.001343 18027.959466 
0.001446 18736.317319 
0.001557 19466.477466 
0.001676 20217.667943 
0.001804 20989.350748 
0.001943 21780.265462 
0.002091 22588.764367 
0.002251 23412.986896 
0.002424 24250.389103 
0.002609 25098.194498 
0.002809 25952.968357 
0.003024 26810.811850 
0.003256 27667.010987 
0.003505 28516.994078 
0.003773 29354.456943 
0.004062 30173.839250 
0.004373 30967.417889 
0.004708 31728.602331 
0.005069 32450.783250 
0.005457 33121.154077 
0.005875 33733.409507 
0.006325 34274.064994 
0.006809 34732.173759 
0.007330 35096.862962 
0.007891 35357.770615 
0.008496 35498.720096 
0.009146 35507.397900 
0.009846 35367.474946 
0.010600 35070.656235 
0.011412 34599.949812 
0.012286 33955.008235 
0.013226 33123.029321 
0.014239 32107.126402 
0.015329 30921.753612 
0.016503 29547.981166 
0.017767 28031.153377 
0.019127 26381.998518 
0.020592 24638.708876 
0.022168 22885.042258 
0.023866 21145.624171 
0.025693 19463.419496 
0.027660 17879.797515 
0.029778 16456.219981 
0.032058 15248.829708 
0.034513 14235.730679 
0.037155 13376.075974 
0.040000 12626.308691 
0.041074 12372.006570 
0.042148 12126.564899 
0.043221 11886.314035 
0.044295 11647.332737 
0.045369 11407.291271 
0.046443 11164.075546 
0.047517 10916.190645 
0.048591 10662.797839 
0.049664 10403.859636 
0.050738 10138.947316 
0.051812 9868.786588 
0.052886 9594.381556 
0.053960 9316.860421 
0.055034 9037.585543 
0.056107 8758.406456 
0.057181 8480.403225 
0.058255 8205.533741 
0.059329 7935.415608 
0.060403 7671.754734 
0.061477 7416.051173 
0.062550 7169.892240 
0.063624 6934.160830 
0.064698 6710.163557 
0.065772 6498.827296 
0.066846 6300.851051 
0.067919 6116.866346 
0.068993 5946.819076 
0.070067 5790.906255 
0.071141 5648.927155 
0.072215 5520.478858 
0.073289 5404.918771 
0.074362 5301.491102 
0.075436 5208.975677 
0.076510 5126.261119 
0.077584 5052.005103 
0.078658 4984.727247 
0.079732 4922.931720 
0.080805 4865.112189 
0.081879 4809.629111 
0.082953 4755.134302 
0.084027 4700.315939 
0.085101 4644.080936 
0.086174 4585.595889 
0.087248 4524.098723 
0.088322 4459.273813 
0.089396 4390.984418 
0.090470 4319.323206 
0.091544 4244.588418 
0.092617 4167.268881 
0.093691 4087.773302 
0.094765 4006.755166 
0.095839 3924.828114 
0.096913 3842.581554 
0.097987 3760.552320 
0.099060 3679.319544 
0.100134 3599.161200 
0.101208 3520.517252 
0.102282 3443.725964 
0.103356 3369.070735 
0.104430 3296.789360 
0.105503 3227.175217 
0.106577 3160.296376 
0.107651 3096.409735 
0.108725 3035.661535 
0.109799 2978.195060 
0.110872 2924.158310 
0.111946 2873.495871 
0.113020 2826.271216 
0.114094 2782.424926 
0.115168 2741.832889 
0.116242 2704.311686 
0.117315 2669.648237 
0.118389 2637.482457 
0.119463 2607.508386 
0.120537 2579.360472 
0.121611 2552.662782 
0.122685 2527.045678 
0.123758 2502.180152 
0.124832 2477.702901 
0.125906 2453.363219 
0.126980 2428.924156 
0.128054 2404.204831 
0.129128 2379.070759 
0.130201 2353.448940 
0.131275 2327.244247 
0.132349 2300.453293 
0.133423 2273.086460 
0.134497 2245.169400 
0.135570 2216.765439 
0.136644 2187.880928 
0.137718 2158.614698 
0.138792 2129.057795 
0.139866 2099.294192 
0.140940 2069.432643 
0.142013 2039.613381 
0.143087 2009.902789 
0.144161 1980.454887 
0.145235 1951.397121 
0.146309 1922.866785 
0.147383 1894.963771 
0.148456 1867.832016 
0.149530 1841.515718 
0.150604 1816.114971 
0.151678 1791.694959 
0.152752 1768.284573 
0.153826 1745.906618 
0.154899 1724.578971 
0.155973 1704.225674 
0.157047 1684.847082 
0.158121 1666.366131 
0.159195 1648.725195 
0.160268 1631.859736 
0.161342 1615.657689 
0.162416 1600.034238 
0.163490 1584.913243 
0.164564 1570.201022 
0.165638 1555.820053 
0.166711 1541.698536 
0.167785 1527.745988 
0.168859 1513.914435 
0.169933 1500.146897 
0.171007 1486.408529 
0.172081 1472.665504 
0.173154 1458.912167 
0.174228 1445.108096 
0.175302 1431.261920 
0.176376 1417.378814 
0.177450 1403.473138 
0.178523 1389.567067 
0.179597 1375.665889 
0.180671 1361.791925 
0.181745 1347.987183 
0.182819 1334.266136 
0.183893 1320.661734 
0.184966 1307.213719 
0.186040 1293.914274 
0.187114 1280.809746 
0.188188 1267.914801 
0.189262 1255.244574 
0.190336 1242.817006 
0.191409 1230.652511 
0.192483 1218.738741 
0.193557 1207.091525 
0.194631 1195.711496 
0.195705 1184.600195 
0.196779 1173.752755 
0.197852 1163.175210 
0.198926 1152.836550 
0.200000 1142.745600 
0.201000 1133.558229 
0.205353 1095.689249 
0.209800 1059.931488 
0.214344 1025.619943 
0.218986 992.229042 
0.223729 959.453317 
0.228574 927.233947 
0.233524 895.675969 
0.238582 864.982064 
0.243749 835.372050 
0.249028 807.005925 
0.254421 779.959146 
0.259931 754.221798 
0.265560 729.716665 
0.271312 706.313920 
0.277187 683.887770 
0.283190 662.293523 
0.289324 641.416072 
0.295589 621.183308 
0.301991 601.526141 
0.308531 582.421944 
0.315213 563.861850 
0.322040 545.851419 
0.329014 528.400761 
0.336140 511.521847 
0.343420 495.223355 
0.350857 479.511876 
0.358456 464.381583 
0.366219 449.826611 
0.374150 435.831782 
0.382253 422.378773 
0.390531 409.447497 
0.398989 397.012930 
0.407630 385.053599 
0.416458 373.545259 
0.425478 362.465298 
0.434692 351.793347 
0.444106 341.508104 
0.453724 331.591723 
0.463551 322.024849 
0.473590 312.793991 
0.483846 303.882911 
0.494325 295.279166 
0.505031 286.968582 
0.515968 278.942755 
0.527143 271.185677 
0.538559 263.691138 
0.550223 256.495935 
0.562139 249.479090 
0.574313 242.704297 
0.586751 236.156137 
0.599459 229.782968 
0.612441 223.635579 
0.625705 217.715171 
0.639256 211.981172 
0.653100 206.426632 
0.667244 201.051335 
0.681695 195.874526 
0.696459 190.834750 
0.711542 185.951453 
0.726952 181.219267 
0.742696 176.636840 
0.758780 172.189115 
0.775213 167.874564 
0.792002 163.686855 
0.809154 159.622519 
0.826678 155.687519 
0.844582 151.856945 
0.862873 148.135281 
0.881560 144.518708 
0.900652 141.002851 
0.920158 137.582694 
0.940086 134.255414 
0.960445 131.016713 
0.981246 127.862534 
1.002497 124.790152 
1.024208 121.795684 
1.046389 118.875923 
1.069051 116.027220 
1.092204 113.247161 
1.115858 110.532699 
1.140024 107.881113 
1.164714 105.289502 
1.189938 102.755457 
1.215709 100.276629 
1.242037 97.850964 
1.268936 95.475955 
1.296418 93.149881 
1.324494 90.870507 
1.353179 88.636407 
1.382485 86.445761 
1.412426 84.297179 
1.443015 82.189061 
1.474266 80.120428 
1.506195 78.089537 
1.538814 76.095980 
1.572141 74.138112 
1.606189 72.215532 
1.640974 70.327291 
1.676513 68.472567 
1.712821 66.650781 
1.749916 64.861380 
1.787814 63.103830 
1.826533 61.377529 
1.866090 59.682339 
1.906504 58.017589 
1.947794 56.383236 
1.989977 54.778899 
2.033075 53.204185 
2.077105 51.659207 
2.122089 50.143542 
2.168047 48.657183 
2.215001 47.199817 
2.262972 45.771349 
2.311981 44.371791 
2.362052 43.000863 
2.413207 41.658723 
2.465470 40.344942 
2.518865 39.059723 
2.573416 37.802991 
2.629149 36.574360 
2.686089 35.374025 
2.744262 34.201878 
2.803695 33.057707 
2.864414 31.941519 
2.926449 30.853050 
2.989828 29.792271 
3.054579 28.759110 
3.120732 27.753147 
3.188318 26.774453 
3.257368 25.822614 
3.327913 24.897513 
3.399986 23.998828 
3.473620 23.126241 
3.548848 22.279524 
3.625706 21.458334 
3.704229 20.662205 
3.784451 19.890803 
3.866412 19.143810 
3.950147 18.420707 
4.035696 17.721098 
4.123097 17.044587 
4.212391 16.390627 
4.303620 15.758826 
4.396824 15.148676 
4.492046 14.559781 
4.589331 13.991627 
4.688722 13.443783 
4.790267 12.915760 
4.894010 12.407092 
5.000000 11.917377 
