0.001000 4972.750065 
0.001077 5299.015103 
0.001159 5643.507027 
0.001248 6006.807281 
0.001343 6389.416862 
0.001446 6791.712156 
0.001557 7214.198119 
0.001676 7657.002438 
0.001804 8120.291025 
0.001943 8604.125120 
0.002091 9108.171930 
0.002251 9632.182698 
0.002424 10175.350312 
0.002609 10736.911892 
0.002809 11315.516232 
0.003024 11909.591386 
0.003256 12517.441668 
0.003505 13136.094101 
0.003773 13763.458380 
0.004062 14396.558413 
0.004373 15030.413875 
0.004708 15661.606908 
0.005069 16285.869450 
0.005457 16895.987904 
0.005875 17487.459057 
0.006325 18052.461480 
0.006809 18583.545991 
0.007330 19072.566380 
0.007891 19509.809470 
0.008496 19887.272714 
0.009146 20193.031719 
0.009846 20420.372193 
0.010600 20553.335810 
0.011412 20587.315782 
0.012286 20508.917676 
0.013226 20316.788676 
0.014239 20002.323313 
0.015329 19566.576422 
0.016503 19010.953689 
0.017767 18343.730084 
0.019127 17558.446788 
0.020592 16679.169493 
0.022168 15744.506084 
0.023866 14781.073226 
0.025693 13828.129740 
0.027660 12897.266446 
0.029778 12017.519630 
0.032058 11225.028559 
0.034513 10533.596348 
0.037155 9936.747851 
0.040000 9406.208917 
0.041074 9224.586441 
0.042148 9049.229074 
0.043221 8878.083070 
0.044295 8708.977583 
0.045369 8540.470660 
0.046443 8371.251302 
0.047517 8200.290361 
0.048591 8026.678171 
0.049664 7850.097016 
0.050738 7669.970771 
0.051812 7486.450159 
0.052886 7299.750859 
0.053960 7110.373509 
0.055034 6918.943366 
0.056107 6726.572432 
0.057181 6533.818015 
0.058255 6342.047372 
0.059329 6152.399380 
0.060403 5966.135803 
0.061477 5784.463941 
0.062550 5608.675632 
0.063624 5439.563054 
0.064698 5278.206378 
0.065772 5125.382550 
0.066846 4981.678382 
0.067919 4847.587940 
0.068993 4723.043017 
0.070067 4608.117796 
0.071141 4502.539254 
0.072215 4405.881809 
0.073289 4317.530444 
0.074362 4236.833093 
0.075436 4162.789498 
0.076510 4094.603375 
0.077584 4031.374936 
0.078658 3972.201537 
0.079732 3916.261446 
0.080805 3862.840492 
0.081879 3811.164267 
0.082953 3760.713704 
0.084027 3711.020144 
0.085101 3661.685599 
0.086174 3612.456961 
0.087248 3562.966808 
0.088322 3513.052694 
0.089396 3462.531117 
0.090470 3411.238335 
0.091544 3359.047158 
0.092617 3305.884435 
0.093691 3251.591805 
0.094765 3196.198202 
0.095839 3139.733915 
0.096913 3082.326864 
0.097987 3024.130672 
0.099060 2965.461983 
0.100134 2906.499038 
0.101208 2847.650827 
0.102282 2789.304671 
0.103356 2731.844001 
0.104430 2675.649669 
0.105503 2621.116210 
0.106577 2568.450520 
0.107651 2517.953306 
0.108725 2469.823287 
0.109799 2424.177192 
0.110872 2381.114968 
0.111946 2340.557123 
0.113020 2302.493458 
0.114094 2266.820581 
0.115168 2233.408505 
0.116242 2202.089954 
0.117315 2172.705421 
0.118389 2145.010308 
0.119463 2118.818338 
0.120537 2093.932448 
0.121611 2070.142067 
0.122685 2047.250178 
0.123758 2025.092690 
0.124832 2003.444775 
0.125906 1982.159759 
0.126980 1961.091422 
0.128054 1940.105363 
0.129128 1919.082935 
0.130201 1897.950115 
0.131275 1876.602953 
0.132349 1854.999966 
0.133423 1833.121317 
0.134497 1810.955492 
0.135570 1788.532095 
0.136644 1765.835047 
0.137718 1742.922537 
0.138792 1719.862543 
0.139866 1696.711319 
0.140940 1673.530711 
0.142013 1650.424292 
0.143087 1627.414025 
0.144161 1604.602258 
0.145235 1582.057038 
0.146309 1559.846929 
0.147383 1538.031140 
0.148456 1516.691469 
0.149530 1495.839485 
0.150604 1475.544341 
0.151678 1455.843157 
0.152752 1436.773370 
0.153826 1418.358242 
0.154899 1400.634168 
0.155973 1383.574022 
0.157047 1367.199575 
0.158121 1351.498531 
0.159195 1336.454247 
0.160268 1322.058035 
0.161342 1308.247686 
0.162416 1294.996597 
0.163490 1282.257335 
0.164564 1269.980619 
0.165638 1258.116889 
0.166711 1246.613633 
0.167785 1235.397820 
0.168859 1224.421957 
0.169933 1213.636275 
0.171007 1202.988718 
0.172081 1192.436233 
0.173154 1181.952727 
0.174228 1171.482319 
0.175302 1161.009566 
0.176376 1150.516550 
0.177450 1139.992654 
0.178523 1129.432756 
0.179597 1118.830214 
0.180671 1108.187772 
0.181745 1097.522038 
0.182819 1086.843624 
0.183893 1076.171883 
0.184966 1065.528599 
0.186040 1054.919029 
0.187114 1044.370997 
0.188188 1033.907346 
0.189262 1023.545436 
0.190336 1013.304767 
0.191409 1003.213872 
0.192483 993.263655 
0.193557 983.481760 
0.194631 973.876428 
0.195705 964.456364 
0.196779 955.229834 
0.197852 946.205332 
0.198926 937.367987 
0.200000 928.733220 
0.201000 920.868756 
0.205353 888.525254 
0.209800 858.316530 
0.214344 829.791877 
0.218986 802.472121 
0.223729 775.945201 
0.228574 749.965592 
0.233524 724.435919 
0.238582 699.384953 
0.243749 674.934316 
0.249028 651.211896 
0.254421 628.333446 
0.259931 606.373203 
0.265560 585.359552 
0.271312 565.273227 
0.277187 546.083200 
0.283190 527.720006 
0.289324 510.119565 
0.295589 493.227541 
0.301991 476.976583 
0.308531 461.323897 
0.315213 446.228182 
0.322040 431.659163 
0.329014 417.593459 
0.336140 404.011194 
0.343420 390.898612 
0.350857 378.244105 
0.358456 366.032271 
0.366219 354.253161 
0.374150 342.894875 
0.382253 331.943570 
0.390531 321.389670 
0.398989 311.216887 
0.407630 301.415702 
0.416458 291.970318 
0.425478 282.868513 
0.434692 274.099799 
0.444106 265.649425 
0.453724 257.505831 
0.463551 249.655690 
0.473590 242.089688 
0.483846 234.795628 
0.494325 227.762205 
0.505031 220.979224 
0.515968 214.439101 
0.527143 208.128446 
0.538559 202.041099 
0.550223 196.140299 
0.562139 190.497453 
0.574313 185.026506 
0.586751 179.736024 
0.599459 174.662269 
0.612441 169.739079 
0.625705 164.967885 
0.639256 160.364050 
0.653100 155.918797 
0.667244 151.619126 
0.681695 147.449074 
0.696459 143.434052 
0.711542 139.549756 
0.726952 135.792530 
0.742696 132.167335 
0.758780 128.647858 
0.775213 125.240362 
0.792002 121.941102 
0.809154 118.737797 
0.826678 115.647179 
0.844582 112.646626 
0.862873 109.737635 
0.881560 106.916985 
0.900652 104.181291 
0.920158 101.526413 
0.940086 98.949992 
0.960445 96.448254 
0.981246 94.018133 
1.002497 91.657351 
1.024208 89.362358 
1.046389 87.130638 
1.069051 84.959616 
1.092204 82.846505 
1.115858 80.789308 
1.140024 78.785460 
1.164714 76.832494 
1.189938 74.928555 
1.215709 73.071405 
1.242037 71.259269 
1.268936 69.490048 
1.296418 67.762046 
1.324494 66.073474 
1.353179 64.422771 
1.382485 62.808584 
1.412426 61.229303 
1.443015 59.683551 
1.474266 58.170397 
1.506195 56.688262 
1.538814 55.236221 
1.572141 53.813209 
1.606189 52.418407 
1.640974 51.050932 
1.676513 49.709822 
1.712821 48.394448 
1.749916 47.104244 
1.787814 45.838399 
1.826533 44.596431 
1.866090 43.377842 
1.906504 42.182051 
1.947794 41.008811 
1.989977 39.857633 
2.033075 38.728035 
2.077105 37.619979 
2.122089 36.533042 
2.168047 35.466978 
2.215001 34.421518 
2.262972 33.396472 
2.311981 32.391774 
2.362052 31.407138 
2.413207 30.442475 
2.465470 29.497624 
2.518865 28.572476 
2.573416 27.667012 
2.629149 26.781053 
2.686089 25.914530 
2.744262 25.067455 
2.803695 24.239692 
2.864414 23.431172 
2.926449 22.641824 
2.989828 21.871591 
3.054579 21.120443 
3.120732 20.388204 
3.188318 19.674876 
3.257368 18.980252 
3.327913 18.304280 
3.399986 17.646835 
3.473620 17.007684 
3.548848 16.386747 
3.625706 15.783857 
3.704229 15.198714 
3.784451 14.631168 
3.866412 14.080981 
3.950147 13.547911 
4.035696 13.031704 
4.123097 12.532114 
4.212391 12.048820 
4.303620 11.581585 
4.396824 11.130124 
4.492046 10.694167 
4.589331 10.273364 
4.688722 9.867504 
4.790267 9.476245 
4.894010 9.099279 
5.000000 8.736351 
