0.001000 3555.570409 
0.001077 3827.298307 
0.001159 4116.622242 
0.001248 4424.083601 
0.001343 4750.181528 
0.001446 5095.245141 
0.001557 5459.690483 
0.001676 5843.612713 
0.001804 6247.009186 
0.001943 6669.738973 
0.002091 7111.299124 
0.002251 7570.947729 
0.002424 8047.625191 
0.002609 8540.001494 
0.002809 9046.188827 
0.003024 9564.090740 
0.003256 10091.149211 
0.003505 10624.204334 
0.003773 11159.905951 
0.004062 11694.748970 
0.004373 12223.565406 
0.004708 12742.552235 
0.005069 13246.911919 
0.005457 13729.978624 
0.005875 14187.067048 
0.006325 14611.470273 
0.006809 14996.321091 
0.007330 15335.026149 
0.007891 15619.744491 
0.008496 15843.002654 
0.009146 15996.587856 
0.009846 16068.866012 
0.010600 16055.555057 
0.011412 15947.724259 
0.012286 15741.803276 
0.013226 15431.427538 
0.014239 15018.674731 
0.015329 14503.994324 
0.016503 13931.036792 
0.017767 13255.092270 
0.019127 12506.639548 
0.020592 11681.925416 
0.022168 10840.890884 
0.023866 10022.371147 
0.025693 9248.773848 
0.027660 8524.797398 
0.029778 7874.912442 
0.032058 7328.435561 
0.034513 6884.235492 
0.037155 6509.887837 
0.040000 6161.789293 
0.041074 6035.915184 
0.042148 5910.687227 
0.043221 5785.308343 
0.044295 5658.758591 
0.045369 5530.684481 
0.046443 5400.726609 
0.047517 5268.750787 
0.048591 5134.717551 
0.049664 4998.873446 
0.050738 4861.220579 
0.051812 4722.230033 
0.052886 4582.383747 
0.053960 4442.210581 
0.055034 4302.343229 
0.056107 4163.641155 
0.057181 4026.561546 
0.058255 3892.041974 
0.059329 3760.813902 
0.060403 3633.667625 
0.061477 3511.325274 
0.062550 3394.553171 
0.063624 3283.732688 
0.064698 3179.477327 
0.065772 3082.193238 
0.066846 2992.153291 
0.067919 2909.578247 
0.068993 2834.356663 
0.070067 2766.447128 
0.071141 2705.592997 
0.072215 2651.416849 
0.073289 2603.430777 
0.074362 2561.053108 
0.075436 2523.527716 
0.076510 2490.111212 
0.077584 2459.993004 
0.078658 2432.321714 
0.079732 2406.267524 
0.080805 2381.041424 
0.081879 2355.849425 
0.082953 2330.066288 
0.084027 2303.133257 
0.085101 2274.633775 
0.086174 2244.286967 
0.087248 2211.872883 
0.088322 2177.371948 
0.089396 2140.830851 
0.090470 2102.386833 
0.091544 2062.253685 
0.092617 2020.709577 
0.093691 1977.970455 
0.094765 1934.371749 
0.095839 1890.218678 
0.096913 1845.829343 
0.097987 1801.520077 
0.099060 1757.645522 
0.100134 1714.448417 
0.101208 1672.271866 
0.102282 1631.431550 
0.103356 1592.209302 
0.104430 1554.874131 
0.105503 1519.680959 
0.106577 1486.756293 
0.107651 1456.266133 
0.108725 1428.283444 
0.109799 1402.832723 
0.110872 1379.883777 
0.111946 1359.290457 
0.113020 1340.913901 
0.114094 1324.540064 
0.115168 1309.924170 
0.116242 1296.779089 
0.117315 1284.807782 
0.118389 1273.687766 
0.119463 1263.111027 
0.120537 1252.791350 
0.121611 1242.461060 
0.122685 1231.887474 
0.123758 1220.902386 
0.124832 1209.343994 
0.125906 1197.139765 
0.126980 1184.245811 
0.128054 1170.668637 
0.129128 1156.446442 
0.130201 1141.659914 
0.131275 1126.365321 
0.132349 1110.666547 
0.133423 1094.666361 
0.134497 1078.455690 
0.135570 1062.136242 
0.136644 1045.756648 
0.137718 1029.404028 
0.138792 1013.143826 
0.139866 997.038212 
0.140940 981.140533 
0.142013 965.518596 
0.143087 950.194951 
0.144161 935.237643 
0.145235 920.694209 
0.146309 906.611775 
0.147383 893.031349 
0.148456 880.004675 
0.149530 867.531940 
0.150604 855.645648 
0.151678 844.356688 
0.152752 833.664195 
0.153826 823.552386 
0.154899 814.011667 
0.155973 804.985246 
0.157047 796.448113 
0.158121 788.344952 
0.159195 780.626852 
0.160268 773.241695 
0.161342 766.117670 
0.162416 759.205006 
0.163490 752.448757 
0.164564 745.796895 
0.165638 739.203604 
0.166711 732.632426 
0.167785 726.039034 
0.168859 719.403510 
0.169933 712.703661 
0.171007 705.928998 
0.172081 699.070938 
0.173154 692.140304 
0.174228 685.127776 
0.175302 678.051629 
0.176376 670.922875 
0.177450 663.761579 
0.178523 656.592719 
0.179597 649.424042 
0.180671 642.279192 
0.181745 635.184421 
0.182819 628.153216 
0.183893 621.206247 
0.184966 614.366997 
0.186040 607.634326 
0.187114 601.029084 
0.188188 594.560690 
0.189262 588.235914 
0.190336 582.060369 
0.191409 576.043273 
0.192483 570.172546 
0.193557 564.456655 
0.194631 558.892119 
0.195705 553.474291 
0.196779 548.198311 
0.197852 543.065135 
0.198926 538.056593 
0.200000 533.172710 
0.201000 528.729286 
0.205353 510.411525 
0.209800 493.043054 
0.214344 476.266619 
0.218986 459.836963 
0.223729 443.635160 
0.228574 427.658043 
0.233524 411.969945 
0.238582 396.662958 
0.243749 381.832201 
0.249028 367.544080 
0.254421 353.831469 
0.259931 340.700973 
0.265560 328.138175 
0.271312 316.114018 
0.277187 304.600361 
0.283190 293.559759 
0.289324 282.960364 
0.295589 272.782083 
0.301991 262.994040 
0.308531 253.579621 
0.315213 244.521822 
0.322040 235.806232 
0.329014 227.419725 
0.336140 219.350562 
0.343420 211.585776 
0.350857 204.114505 
0.358456 196.924001 
0.366219 190.004760 
0.374150 183.345503 
0.382253 176.935242 
0.390531 170.765805 
0.398989 164.826371 
0.407630 159.108640 
0.416458 153.604528 
0.425478 148.305408 
0.434692 143.205237 
0.444106 138.295354 
0.453724 133.569666 
0.463551 129.020108 
0.473590 124.642155 
0.483846 120.427997 
0.494325 116.372056 
0.505031 112.468493 
0.515968 108.712151 
0.527143 105.095918 
0.538559 101.616322 
0.550223 98.268058 
0.562139 95.052975 
0.574313 91.948208 
0.586751 88.965034 
0.599459 86.082229 
0.612441 83.309052 
0.625705 80.641253 
0.639256 78.073457 
0.653100 75.598499 
0.667244 73.222731 
0.681695 70.916398 
0.696459 68.703678 
0.711542 66.573117 
0.726952 64.519981 
0.742696 62.537837 
0.758780 60.630820 
0.775213 58.792163 
0.792002 57.019217 
0.809154 55.306973 
0.826678 53.648696 
0.844582 52.059127 
0.862873 50.525465 
0.881560 49.045677 
0.900652 47.617620 
0.920158 46.239125 
0.940086 44.908384 
0.960445 43.623497 
0.981246 42.382478 
1.002497 41.183885 
1.024208 40.025795 
1.046389 38.906745 
1.069051 37.825017 
1.092204 36.779182 
1.115858 35.767755 
1.140024 34.789496 
1.164714 33.842862 
1.189938 32.926643 
1.215709 32.039547 
1.242037 31.180587 
1.268936 30.348284 
1.296418 29.541750 
1.324494 28.759809 
1.353179 28.001542 
1.382485 27.265876 
1.412426 26.551937 
1.443015 25.858766 
1.474266 25.185541 
1.506195 24.531440 
1.538814 23.895647 
1.572141 23.277434 
1.606189 22.676159 
1.640974 22.090991 
1.676513 21.521407 
1.712821 20.966667 
1.749916 20.426291 
1.787814 19.899691 
1.826533 19.386278 
1.866090 18.885627 
1.906504 18.397179 
1.947794 17.920538 
1.989977 17.455235 
2.033075 17.000794 
2.077105 16.556962 
2.122089 16.123276 
2.168047 15.699429 
2.215001 15.285008 
2.262972 14.879776 
2.311981 14.483433 
2.362052 14.095639 
2.413207 13.716186 
2.465470 13.344796 
2.518865 12.981240 
2.573416 12.625324 
2.629149 12.276769 
2.686089 11.935462 
2.744262 11.601234 
2.803695 11.273827 
2.864414 10.953216 
2.926449 10.639160 
2.989828 10.331615 
3.054579 10.030441 
3.120732 9.735519 
3.188318 9.446776 
3.257368 9.164117 
3.327913 8.887495 
3.399986 8.616840 
3.473620 8.352054 
3.548848 8.093163 
3.625706 7.840089 
3.704229 7.592761 
3.784451 7.351167 
3.866412 7.115310 
3.950147 6.885112 
4.035696 6.660581 
4.123097 6.441673 
4.212391 6.228354 
4.303620 6.020622 
4.396824 5.818428 
4.492046 5.621773 
4.589331 5.430603 
4.688722 5.244912 
4.790267 5.064661 
4.894010 4.889799 
5.000000 4.720298 
