0.001000 8620.094603 
0.001077 9159.849338 
0.001159 9726.321217 
0.001248 10319.592738 
0.001343 10939.626857 
0.001446 11586.055927 
0.001557 12258.342001 
0.001676 12955.640021 
0.001804 13676.712035 
0.001943 14419.870926 
0.002091 15183.220829 
0.002251 15964.238215 
0.002424 16759.970518 
0.002609 17567.159894 
0.002809 18381.806167 
0.003024 19199.497120 
0.003256 20015.664273 
0.003505 20824.386394 
0.003773 21620.471702 
0.004062 22397.733844 
0.004373 23148.114951 
0.004708 23865.901204 
0.005069 24542.854497 
0.005457 25169.340671 
0.005875 25738.009437 
0.006325 26237.498247 
0.006809 26657.529869 
0.007330 26987.409990 
0.007891 27214.892775 
0.008496 27330.454327 
0.009146 27325.870346 
0.009846 27187.560571 
0.010600 26911.386613 
0.011412 26481.542463 
0.012286 25897.060226 
0.013226 25178.866226 
0.014239 24289.922937 
0.015329 23263.388697 
0.016503 22083.961757 
0.017767 20792.283355 
0.019127 19426.991515 
0.020592 18021.607837 
0.022168 16610.003664 
0.023866 15225.081844 
0.025693 13901.795736 
0.027660 12692.162900 
0.029778 11628.762264 
0.032058 10728.974726 
0.034513 9982.888849 
0.037155 9347.945254 
0.040000 8776.827647 
0.041074 8579.112705 
0.042148 8387.083503 
0.043221 8198.653896 
0.044295 8011.427463 
0.045369 7823.808818 
0.046443 7634.451028 
0.047517 7442.294448 
0.048591 7246.605477 
0.049664 7047.357798 
0.050738 6844.213476 
0.051812 6637.777116 
0.052886 6428.783123 
0.053960 6218.226200 
0.055034 6007.288396 
0.056107 5797.543184 
0.057181 5590.009527 
0.058255 5386.429820 
0.059329 5188.228798 
0.060403 4996.858630 
0.061477 4813.587886 
0.062550 4639.695009 
0.063624 4475.844417 
0.064698 4322.940304 
0.065772 4181.492632 
0.066846 4051.809812 
0.067919 3934.058181 
0.068993 3827.870653 
0.070067 3732.971666 
0.071141 3648.761586 
0.072215 3574.467205 
0.073289 3509.150126 
0.074362 3451.747993 
0.075436 3400.976627 
0.076510 3355.583727 
0.077584 3314.249985 
0.078658 3275.650681 
0.079732 3238.531562 
0.080805 3201.746710 
0.081879 3164.204974 
0.082953 3125.113213 
0.084027 3083.817249 
0.085101 3039.909958 
0.086174 2993.233555 
0.087248 2943.693632 
0.088322 2891.496498 
0.089396 2836.938252 
0.090470 2780.405945 
0.091544 2722.325262 
0.092617 2663.204464 
0.093691 2603.371608 
0.094765 2543.280630 
0.095839 2483.308900 
0.096913 2423.791222 
0.097987 2365.031544 
0.099060 2307.377786 
0.100134 2250.989511 
0.101208 2196.172963 
0.102282 2143.208481 
0.103356 2092.320744 
0.104430 2043.740799 
0.105503 1997.695462 
0.106577 1954.244883 
0.107651 1913.525550 
0.108725 1875.570854 
0.109799 1840.358458 
0.110872 1807.829493 
0.111946 1777.776822 
0.113020 1750.058822 
0.114094 1724.449414 
0.115168 1700.716769 
0.116242 1678.607987 
0.117315 1657.891430 
0.118389 1638.292777 
0.119463 1619.597929 
0.120537 1601.602438 
0.121611 1584.112515 
0.122685 1566.961030 
0.123758 1550.015553 
0.124832 1533.112821 
0.125906 1516.153664 
0.126980 1499.042438 
0.128054 1481.699432 
0.129128 1464.061181 
0.130201 1446.091353 
0.131275 1427.730044 
0.132349 1408.972142 
0.133423 1389.825139 
0.134497 1370.304370 
0.135570 1350.462374 
0.136644 1330.312655 
0.137718 1309.939869 
0.138792 1289.430180 
0.139866 1268.868842 
0.140940 1248.356137 
0.142013 1228.017612 
0.143087 1207.918736 
0.144161 1188.185063 
0.145235 1168.919817 
0.146309 1150.210700 
0.147383 1132.133127 
0.148456 1114.776539 
0.149530 1098.151078 
0.150604 1082.308188 
0.151678 1067.261393 
0.152752 1053.006709 
0.153826 1039.527682 
0.154899 1026.801505 
0.155973 1014.749788 
0.157047 1003.338440 
0.158121 992.488816 
0.159195 982.134259 
0.160268 972.205142 
0.161342 962.610058 
0.162416 953.279246 
0.163490 944.147250 
0.164564 935.146253 
0.165638 926.220672 
0.166711 917.329279 
0.167785 908.414603 
0.168859 899.456825 
0.169933 890.432472 
0.171007 881.333680 
0.172081 872.153297 
0.173154 862.908656 
0.174228 853.590918 
0.175302 844.223110 
0.176376 834.830067 
0.177450 825.431008 
0.178523 816.061651 
0.179597 806.731483 
0.180671 797.470473 
0.181745 788.308755 
0.182819 779.264327 
0.183893 770.360852 
0.184966 761.621408 
0.186040 753.045273 
0.187114 744.654181 
0.188188 736.456215 
0.189262 728.456532 
0.190336 720.657455 
0.191409 713.070358 
0.192483 705.675388 
0.193557 698.477019 
0.194631 691.469735 
0.195705 684.646643 
0.196779 678.000479 
0.197852 671.525610 
0.198926 665.200577 
0.200000 659.025280 
0.201000 653.397181 
0.205353 630.078189 
0.209800 607.774785 
0.214344 586.077144 
0.218986 564.751228 
0.223729 543.731907 
0.228574 523.094855 
0.233524 502.976804 
0.238582 483.529618 
0.243749 464.881185 
0.249028 447.100511 
0.254421 430.200850 
0.259931 414.147789 
0.265560 398.877939 
0.271312 384.303441 
0.277187 370.351188 
0.283190 356.940946 
0.289324 344.012290 
0.295589 331.529957 
0.301991 319.458195 
0.308531 307.784979 
0.315213 296.502301 
0.322040 285.608937 
0.329014 275.106679 
0.336140 264.994939 
0.343420 255.272573 
0.350857 245.935693 
0.358456 236.975129 
0.366219 228.382724 
0.374150 220.145264 
0.382253 212.248377 
0.390531 204.678738 
0.398989 197.419287 
0.407630 190.456227 
0.416458 183.775013 
0.425478 177.360255 
0.434692 171.201237 
0.444106 165.284030 
0.453724 159.598028 
0.463551 154.131515 
0.473590 148.876104 
0.483846 143.821672 
0.494325 138.960220 
0.505031 134.283396 
0.515968 129.784422 
0.527143 125.455094 
0.538559 121.289542 
0.550223 117.272161 
0.562139 113.428827 
0.574313 109.714917 
0.586751 106.147014 
0.599459 102.694874 
0.612441 99.382971 
0.625705 96.196818 
0.639256 93.125167 
0.653100 90.170859 
0.667244 87.323542 
0.681695 84.579295 
0.696459 81.932329 
0.711542 79.386509 
0.726952 76.931076 
0.742696 74.557806 
0.758780 72.279227 
0.775213 70.082246 
0.792002 67.962323 
0.809154 65.917469 
0.826678 63.950404 
0.844582 62.049393 
0.862873 60.214906 
0.881560 58.444548 
0.900652 56.735601 
0.920158 55.085432 
0.940086 53.492049 
0.960445 51.952861 
0.981246 50.465646 
1.002497 49.028503 
1.024208 47.639262 
1.046389 46.295961 
1.069051 44.996647 
1.092204 43.739456 
1.115858 42.522839 
1.140024 41.345121 
1.164714 40.204443 
1.189938 39.099393 
1.215709 38.028471 
1.242037 36.990303 
1.268936 35.983379 
1.296418 35.006510 
1.324494 34.058374 
1.353179 33.137703 
1.382485 32.243408 
1.412426 31.374516 
1.443015 30.529742 
1.474266 29.708237 
1.506195 28.909047 
1.538814 28.131185 
1.572141 27.373850 
1.606189 26.636245 
1.640974 25.917614 
1.676513 25.217108 
1.712821 24.534200 
1.749916 23.868095 
1.787814 23.218289 
1.826533 22.584087 
1.866090 21.965051 
1.906504 21.360530 
1.947794 20.770183 
1.989977 20.193444 
2.033075 19.629823 
2.077105 19.079071 
2.122089 18.540674 
2.168047 18.014414 
2.215001 17.499725 
2.262972 16.996460 
2.311981 16.504311 
2.362052 16.022920 
2.413207 15.552108 
2.465470 15.091570 
2.518865 14.641122 
2.573416 14.200580 
2.629149 13.769655 
2.686089 13.348300 
2.744262 12.936289 
2.803695 12.533453 
2.864414 12.139744 
2.926449 11.754975 
2.989828 11.379072 
3.054579 11.011940 
3.120732 10.653448 
3.188318 10.303570 
3.257368 9.962181 
3.327913 9.629284 
3.399986 9.304764 
3.473620 8.988536 
3.548848 8.680605 
3.625706 8.380858 
3.704229 8.089240 
3.784451 7.805719 
3.866412 7.530214 
3.950147 7.262633 
4.035696 7.002920 
4.123097 6.751003 
4.212391 6.506764 
4.303620 6.270139 
4.396824 6.041021 
4.492046 5.819323 
4.589331 5.604926 
4.688722 5.397708 
4.790267 5.197561 
4.894010 5.004349 
5.000000 4.817950 
