0.001000 8640.271001 
0.001077 9126.279051 
0.001159 9634.756414 
0.001248 10166.168879 
0.001343 10720.896084 
0.001446 11298.904164 
0.001557 11900.143399 
0.001676 12524.077195 
0.001804 13169.905579 
0.001943 13836.339457 
0.002091 14521.807282 
0.002251 15224.157889 
0.002424 15940.578375 
0.002609 16667.999904 
0.002809 17402.684737 
0.003024 18140.148709 
0.003256 18875.787414 
0.003505 19603.968637 
0.003773 20319.053411 
0.004062 21015.075227 
0.004373 21684.353608 
0.004708 22321.289572 
0.005069 22918.200787 
0.005457 23466.667957 
0.005875 23959.842425 
0.006325 24389.187297 
0.006809 24746.067043 
0.007330 25021.560215 
0.007891 25207.508318 
0.008496 25293.533733 
0.009146 25268.082720 
0.009846 25125.141072 
0.010600 24854.771647 
0.011412 24451.079541 
0.012286 23904.848548 
0.013226 23217.978320 
0.014239 22387.161310 
0.015329 21434.907059 
0.016503 20402.549355 
0.017767 19237.810396 
0.019127 18000.731148 
0.020592 16689.439267 
0.022168 15354.160583 
0.023866 14069.365119 
0.025693 12864.688758 
0.027660 11741.598060 
0.029778 10755.047516 
0.032058 9910.543322 
0.034513 9216.387533 
0.037155 8639.495271 
0.040000 8125.988531 
0.041074 7949.096783 
0.042148 7777.767345 
0.043221 7610.304706 
0.044295 7444.512916 
0.045369 7278.811869 
0.046443 7111.705331 
0.047517 6941.975555 
0.048591 6768.693652 
0.049664 6591.478325 
0.050738 6409.855642 
0.051812 6224.173274 
0.052886 6034.954295 
0.053960 5843.054707 
0.055034 5649.568512 
0.056107 5456.009903 
0.057181 5263.441799 
0.058255 5073.591109 
0.059329 4887.943025 
0.060403 4707.971629 
0.061477 4535.017269 
0.062550 4370.395577 
0.063624 4214.808902 
0.064698 4069.171042 
0.065772 3934.033005 
0.066846 3809.705354 
0.067919 3696.355922 
0.068993 3593.667936 
0.070067 3501.419100 
0.071141 3419.110856 
0.072215 3346.095040 
0.073289 3281.600978 
0.074362 3224.778608 
0.075436 3174.567552 
0.076510 3129.978602 
0.077584 3089.946516 
0.078658 3053.389878 
0.079732 3019.229562 
0.080805 2986.468838 
0.081879 2954.054580 
0.082953 2921.152180 
0.084027 2886.987408 
0.085101 2850.945353 
0.086174 2812.593553 
0.087248 2771.569301 
0.088322 2727.781632 
0.089396 2681.275792 
0.090470 2632.253568 
0.091544 2581.037850 
0.092617 2528.082579 
0.093691 2473.782135 
0.094765 2418.683021 
0.095839 2363.286407 
0.096913 2308.050800 
0.097987 2253.388409 
0.099060 2199.682412 
0.100134 2147.109230 
0.101208 2095.912186 
0.102282 2046.247428 
0.103356 1998.228842 
0.104430 1951.944273 
0.105503 1907.517680 
0.106577 1864.967666 
0.107651 1824.442610 
0.108725 1786.070346 
0.109799 1749.981330 
0.110872 1716.332719 
0.111946 1685.157141 
0.113020 1656.554505 
0.114094 1630.520644 
0.115168 1606.992322 
0.116242 1585.817913 
0.117315 1566.797030 
0.118389 1549.607564 
0.119463 1533.915740 
0.120537 1519.349467 
0.121611 1505.510100 
0.122685 1492.023929 
0.123758 1478.559424 
0.124832 1464.799040 
0.125906 1450.531647 
0.126980 1435.605257 
0.128054 1419.938026 
0.129128 1403.514122 
0.130201 1386.381162 
0.131275 1368.591360 
0.132349 1350.257342 
0.133423 1331.491779 
0.134497 1312.409870 
0.135570 1293.132855 
0.136644 1273.717359 
0.137718 1254.264644 
0.138792 1234.846360 
0.139866 1215.524644 
0.140940 1196.350935 
0.142013 1177.397525 
0.143087 1158.681744 
0.144161 1140.276551 
0.145235 1122.239320 
0.146309 1104.628070 
0.147383 1087.496531 
0.148456 1070.917570 
0.149530 1054.907177 
0.150604 1039.521094 
0.151678 1024.793494 
0.152752 1010.743232 
0.153826 997.377045 
0.154899 984.701603 
0.155973 972.669826 
0.157047 961.273737 
0.158121 950.462597 
0.159195 940.190877 
0.160268 930.410471 
0.161342 921.042827 
0.162416 912.032140 
0.163490 903.316825 
0.164564 894.834736 
0.165638 886.528057 
0.166711 878.347076 
0.167785 870.230417 
0.168859 862.144014 
0.169933 854.056141 
0.171007 845.938923 
0.172081 837.775052 
0.173154 829.562842 
0.174228 821.281359 
0.175302 812.941294 
0.176376 804.549304 
0.177450 796.119741 
0.178523 787.672800 
0.179597 779.215287 
0.180671 770.769505 
0.181745 762.360242 
0.182819 754.004604 
0.183893 745.724648 
0.184966 737.545074 
0.186040 729.466546 
0.187114 721.513872 
0.188188 713.698808 
0.189262 706.031257 
0.190336 698.520621 
0.191409 691.179486 
0.192483 683.996306 
0.193557 676.980318 
0.194631 670.131899 
0.195705 663.448987 
0.196779 656.927314 
0.197852 650.566987 
0.198926 644.351685 
0.200000 638.284003 
0.201000 632.756312 
0.205353 609.931980 
0.209800 588.296864 
0.214344 567.462959 
0.218986 547.150493 
0.223729 527.216799 
0.228574 507.652578 
0.233524 488.531742 
0.238582 469.967920 
0.243749 452.079045 
0.249028 434.943771 
0.254421 418.597535 
0.259931 403.032555 
0.265560 388.211337 
0.271312 374.070460 
0.277187 360.551168 
0.283190 347.581947 
0.289324 335.107628 
0.295589 323.089496 
0.301991 311.487793 
0.308531 300.283892 
0.315213 289.463822 
0.322040 279.020980 
0.329014 268.950658 
0.336140 259.250435 
0.343420 249.915189 
0.350857 240.940712 
0.358456 232.317103 
0.366219 224.036294 
0.374150 216.086529 
0.382253 208.455851 
0.390531 201.132087 
0.398989 194.100090 
0.407630 187.348403 
0.416458 180.863589 
0.425478 174.632836 
0.434692 168.645972 
0.444106 162.890982 
0.453724 157.358077 
0.463551 152.036444 
0.473590 146.918156 
0.483846 141.993945 
0.494325 137.256114 
0.505031 132.697031 
0.515968 128.310333 
0.527143 124.087392 
0.538559 120.023421 
0.550223 116.122000 
0.562139 112.357728 
0.574313 108.730842 
0.586751 105.237345 
0.599459 101.865211 
0.612441 98.629434 
0.625705 95.509940 
0.639256 92.508095 
0.653100 89.610318 
0.667244 86.801779 
0.681695 84.111164 
0.696459 81.524707 
0.711542 79.032805 
0.726952 76.631677 
0.742696 74.314930 
0.758780 72.081920 
0.775213 69.928289 
0.792002 67.849884 
0.809154 65.844845 
0.826678 63.909912 
0.844582 62.044646 
0.862873 60.244272 
0.881560 58.506416 
0.900652 56.828568 
0.920158 55.208028 
0.940086 53.643006 
0.960445 52.130942 
0.981246 50.669700 
1.002497 49.257552 
1.024208 47.892208 
1.046389 46.571908 
1.069051 45.294716 
1.092204 44.058896 
1.115858 42.862802 
1.140024 41.704897 
1.164714 40.583337 
1.189938 39.496725 
1.215709 38.443686 
1.242037 37.422798 
1.268936 36.432578 
1.296418 35.471919 
1.324494 34.539421 
1.353179 33.633963 
1.382485 32.754397 
1.412426 31.899707 
1.443015 31.068716 
1.474266 30.260587 
1.506195 29.474227 
1.538814 28.708877 
1.572141 27.963535 
1.606189 27.237523 
1.640974 26.530028 
1.676513 25.840253 
1.712821 25.167592 
1.749916 24.511336 
1.787814 23.870892 
1.826533 23.245631 
1.866090 22.635050 
1.906504 22.038573 
1.947794 21.455722 
1.989977 20.886044 
2.033075 20.329019 
2.077105 19.784369 
2.122089 19.251619 
2.168047 18.730432 
2.215001 18.220387 
2.262972 17.721230 
2.311981 17.232680 
2.362052 16.754377 
2.413207 16.286150 
2.465470 15.827652 
2.518865 15.378731 
2.573416 14.939178 
2.629149 14.508713 
2.686089 14.087288 
2.744262 13.674674 
2.803695 13.270728 
2.864414 12.875360 
2.926449 12.488390 
2.989828 12.109761 
3.054579 11.739390 
3.120732 11.377123 
3.188318 11.022988 
3.257368 10.676819 
3.327913 10.338634 
3.399986 10.008339 
3.473620 9.685856 
3.548848 9.371207 
3.625706 9.064303 
3.704229 8.765069 
3.784451 8.473495 
3.866412 8.189538 
3.950147 7.913122 
4.035696 7.644180 
4.123097 7.382686 
4.212391 7.128545 
4.303620 6.881716 
4.396824 6.642107 
4.492046 6.409664 
4.589331 6.184298 
4.688722 5.965918 
4.790267 5.754447 
4.894010 5.549771 
5.000000 5.351822 
