0.001000 6155.915169 
0.001077 6563.757530 
0.001159 6994.574472 
0.001248 7449.016660 
0.001343 7927.501964 
0.001446 8430.331810 
0.001557 8957.554536 
0.001676 9509.081605 
0.001804 10084.457195 
0.001943 10683.008721 
0.002091 11303.797078 
0.002251 11945.368689 
0.002424 12606.180659 
0.002609 13284.075562 
0.002809 13976.600400 
0.003024 14680.808808 
0.003256 15393.455211 
0.003505 16110.237067 
0.003773 16827.288390 
0.004062 17539.835989 
0.004373 18240.917180 
0.004708 18925.378228 
0.005069 19586.296385 
0.005457 20214.627159 
0.005875 20802.715634 
0.006325 21340.894181 
0.006809 21819.359818 
0.007330 22226.930385 
0.007891 22553.320300 
0.008496 22786.428782 
0.009146 22916.908538 
0.009846 22937.506952 
0.010600 22830.289936 
0.011412 22593.754505 
0.012286 22202.671443 
0.013226 21677.436758 
0.014239 20999.283738 
0.015329 20190.883747 
0.016503 19243.604181 
0.017767 18198.331818 
0.019127 17066.137757 
0.020592 15888.897808 
0.022168 14691.967010 
0.023866 13517.271004 
0.025693 12406.036733 
0.027660 11400.990768 
0.029778 10537.711568 
0.032058 9819.429885 
0.034513 9228.720729 
0.037155 8736.594911 
0.040000 8300.497478 
0.041074 8146.430546 
0.042148 7992.738567 
0.043221 7836.765014 
0.044295 7675.935256 
0.045369 7508.784803 
0.046443 7334.252873 
0.047517 7151.961391 
0.048591 6962.080225 
0.049664 6765.513258 
0.050738 6562.981500 
0.051812 6356.109454 
0.052886 6146.632523 
0.053960 5936.358451 
0.055034 5727.192827 
0.056107 5521.245378 
0.057181 5319.914879 
0.058255 5125.089464 
0.059329 4938.218129 
0.060403 4760.628563 
0.061477 4593.322306 
0.062550 4437.236891 
0.063624 4292.611023 
0.064698 4159.884962 
0.065772 4039.086750 
0.066846 3930.009742 
0.067919 3832.316150 
0.068993 3745.235614 
0.070067 3668.059152 
0.071141 3599.848668 
0.072215 3539.544944 
0.073289 3486.006630 
0.074362 3438.054245 
0.075436 3394.387290 
0.076510 3353.836340 
0.077584 3315.254517 
0.078658 3277.592670 
0.079732 3239.928604 
0.080805 3201.527608 
0.081879 3161.686268 
0.082953 3120.016867 
0.084027 3076.214412 
0.085101 3030.132949 
0.086174 2981.793707 
0.087248 2931.163164 
0.088322 2878.415841 
0.089396 2823.740103 
0.090470 2767.353019 
0.091544 2709.510153 
0.092617 2650.541142 
0.093691 2590.651283 
0.094765 2530.234761 
0.095839 2469.676224 
0.096913 2409.393860 
0.097987 2349.825302 
0.099060 2291.494670 
0.100134 2234.749042 
0.101208 2180.088405 
0.102282 2127.931176 
0.103356 2078.623815 
0.104430 2032.437884 
0.105503 1989.593385 
0.106577 1950.098817 
0.107651 1913.980966 
0.108725 1881.127677 
0.109799 1851.343162 
0.110872 1824.383132 
0.111946 1799.866964 
0.113020 1777.472916 
0.114094 1756.830717 
0.115168 1737.569155 
0.116242 1719.348814 
0.117315 1701.883316 
0.118389 1684.866980 
0.119463 1668.090653 
0.120537 1651.378143 
0.121611 1634.571728 
0.122685 1617.561458 
0.123758 1600.267008 
0.124832 1582.576340 
0.125906 1564.440117 
0.126980 1545.805609 
0.128054 1526.627596 
0.129128 1506.879690 
0.130201 1486.567403 
0.131275 1465.669187 
0.132349 1444.237362 
0.133423 1422.333716 
0.134497 1400.052178 
0.135570 1377.521542 
0.136644 1354.833914 
0.137718 1332.157885 
0.138792 1309.655998 
0.139866 1287.481397 
0.140940 1265.787834 
0.142013 1244.732920 
0.143087 1224.404440 
0.144161 1204.922457 
0.145235 1186.367819 
0.146309 1168.796608 
0.147383 1152.230855 
0.148456 1136.694266 
0.149530 1122.133330 
0.150604 1108.523767 
0.151678 1095.806657 
0.152752 1083.905722 
0.153826 1072.735183 
0.154899 1062.209789 
0.155973 1052.199065 
0.157047 1042.624957 
0.158121 1033.370212 
0.159195 1024.344777 
0.160268 1015.463623 
0.161342 1006.628115 
0.162416 997.771105 
0.163490 988.840326 
0.164564 979.783756 
0.165638 970.571553 
0.166711 961.189779 
0.167785 951.613958 
0.168859 941.857632 
0.169933 931.932481 
0.171007 921.862376 
0.172081 911.673693 
0.173154 901.415369 
0.174228 891.101606 
0.175302 880.779722 
0.176376 870.492001 
0.177450 860.275983 
0.178523 850.175728 
0.179597 840.207458 
0.180671 830.405492 
0.181745 820.799338 
0.182819 811.407818 
0.183893 802.248415 
0.184966 793.337922 
0.186040 784.667923 
0.187114 776.252344 
0.188188 768.088807 
0.189262 760.173482 
0.190336 752.500583 
0.191409 745.069622 
0.192483 737.854884 
0.193557 730.849179 
0.194631 724.042275 
0.195705 717.419046 
0.196779 710.966233 
0.197852 704.672522 
0.198926 698.513862 
0.200000 692.485393 
0.201000 686.973845 
0.205353 663.916658 
0.209800 641.471567 
0.214344 619.305856 
0.218986 597.323546 
0.223729 575.602009 
0.228574 554.319640 
0.233524 533.663874 
0.238582 513.788277 
0.243749 494.791409 
0.249028 476.700389 
0.254421 459.489398 
0.259931 443.096207 
0.265560 427.442812 
0.271312 412.442846 
0.277187 398.029043 
0.283190 384.131981 
0.289324 370.706477 
0.295589 357.726491 
0.301991 345.166831 
0.308531 333.020435 
0.315213 321.282367 
0.322040 309.950185 
0.329014 299.023232 
0.336140 288.497142 
0.343420 278.366406 
0.350857 268.625633 
0.358456 259.263042 
0.366219 250.268520 
0.374150 241.629111 
0.382253 233.330079 
0.390531 225.358854 
0.398989 217.699166 
0.407630 210.339157 
0.416458 203.264690 
0.425478 196.461628 
0.434692 189.920316 
0.444106 183.627831 
0.453724 177.573865 
0.463551 171.746832 
0.473590 166.139134 
0.483846 160.740512 
0.494325 155.542741 
0.505031 150.537842 
0.515968 145.718351 
0.527143 141.075965 
0.538559 136.604905 
0.550223 132.307205 
0.562139 128.149548 
0.574313 124.150543 
0.586751 120.297589 
0.599459 116.587977 
0.612441 112.999431 
0.625705 109.544769 
0.639256 106.221762 
0.653100 103.020098 
0.667244 99.921110 
0.681695 96.938424 
0.696459 94.056489 
0.711542 91.282082 
0.726952 88.606641 
0.742696 86.016877 
0.758780 83.523835 
0.775213 81.116863 
0.792002 78.792678 
0.809154 76.550335 
0.826678 74.388883 
0.844582 72.294415 
0.862873 70.270670 
0.881560 68.315082 
0.900652 66.424756 
0.920158 64.597018 
0.940086 62.829773 
0.960445 61.120317 
0.981246 59.466293 
1.002497 57.865702 
1.024208 56.316278 
1.046389 54.816019 
1.069051 53.362759 
1.092204 51.954559 
1.115858 50.589787 
1.140024 49.266572 
1.164714 47.983056 
1.189938 46.737593 
1.215709 45.528726 
1.242037 44.354943 
1.268936 43.214551 
1.296418 42.106332 
1.324494 41.028798 
1.353179 39.980732 
1.382485 38.960843 
1.412426 37.968065 
1.443015 37.001056 
1.474266 36.058978 
1.506195 35.140632 
1.538814 34.245127 
1.572141 33.371502 
1.606189 32.518936 
1.640974 31.686625 
1.676513 30.873670 
1.712821 30.079484 
1.749916 29.303316 
1.787814 28.544499 
1.826533 27.802408 
1.866090 27.076529 
1.906504 26.366236 
1.947794 25.671109 
1.989977 24.990602 
2.033075 24.324255 
2.077105 23.671766 
2.122089 23.032655 
2.168047 22.406642 
2.215001 21.793260 
2.262972 21.192279 
2.311981 20.603429 
2.362052 20.026394 
2.413207 19.460994 
2.465470 18.906893 
2.518865 18.363963 
2.573416 17.832062 
2.629149 17.310897 
2.686089 16.800400 
2.744262 16.300435 
2.803695 15.810846 
2.864414 15.331581 
2.926449 14.862464 
2.989828 14.403465 
3.054579 13.954509 
3.120732 13.515482 
3.188318 13.086396 
3.257368 12.667088 
3.327913 12.257602 
3.399986 11.857866 
3.473620 11.467765 
3.548848 11.087330 
3.625706 10.716454 
3.704229 10.355058 
3.784451 10.003128 
3.866412 9.660565 
3.950147 9.327303 
4.035696 9.003252 
4.123097 8.688369 
4.212391 8.382520 
4.303620 8.085619 
4.396824 7.797588 
4.492046 7.518327 
4.589331 7.247721 
4.688722 6.985652 
4.790267 6.732044 
4.894010 6.486739 
5.000000 6.249639 
