0.001000 9307.437585 
0.001077 9949.790532 
0.001159 10630.095874 
0.001248 11349.399601 
0.001343 12108.524995 
0.001446 12908.274610 
0.001557 13749.134049 
0.001676 14631.024226 
0.001804 15553.699955 
0.001943 16516.225245 
0.002091 17517.217648 
0.002251 18554.239609 
0.002424 19624.431864 
0.002609 20723.804499 
0.002809 21847.356754 
0.003024 22989.473297 
0.003256 24142.865624 
0.003505 25299.333989 
0.003773 26450.169537 
0.004062 27585.658135 
0.004373 28693.117102 
0.004708 29762.928130 
0.005069 30782.169790 
0.005457 31736.457436 
0.005875 32613.498970 
0.006325 33398.750303 
0.006809 34078.792194 
0.007330 34639.637967 
0.007891 35067.832683 
0.008496 35350.496446 
0.009146 35473.738554 
0.009846 35423.271535 
0.010600 35180.249221 
0.011412 34737.503356 
0.012286 34086.169287 
0.013226 33222.242754 
0.014239 32164.267862 
0.015329 30886.917197 
0.016503 29412.914159 
0.017767 27814.441892 
0.019127 26095.969293 
0.020592 24385.845608 
0.022168 22577.574785 
0.023866 20774.530044 
0.025693 19010.986281 
0.027660 17393.755970 
0.029778 15989.474545 
0.032058 14815.061493 
0.034513 13799.647824 
0.037155 12930.371385 
0.040000 12197.030912 
0.041074 11951.748051 
0.042148 11712.057104 
0.043221 11472.786494 
0.044295 11228.790892 
0.045369 10976.997712 
0.046443 10715.726758 
0.047517 10444.414854 
0.048591 10163.371009 
0.049664 9874.124771 
0.050738 9578.198451 
0.051812 9278.188250 
0.052886 8976.505816 
0.053960 8675.754809 
0.055034 8378.480832 
0.056107 8087.161491 
0.057181 7803.345715 
0.058255 7529.221610 
0.059329 7266.165502 
0.060403 7015.411630 
0.061477 6777.850143 
0.062550 6554.329944 
0.063624 6344.831442 
0.064698 6149.664293 
0.065772 5968.746802 
0.066846 5801.794319 
0.067919 5648.504958 
0.068993 5508.049534 
0.070067 5379.867514 
0.071141 5263.122024 
0.072215 5156.906702 
0.073289 5060.254641 
0.074362 4972.160915 
0.075436 4891.374916 
0.076510 4816.824932 
0.077584 4747.363497 
0.078658 4681.844230 
0.079732 4619.149721 
0.080805 4558.272070 
0.081879 4498.104471 
0.082953 4437.807876 
0.084027 4376.591581 
0.085101 4313.789774 
0.086174 4248.946341 
0.087248 4181.551028 
0.088322 4111.457055 
0.089396 4038.604845 
0.090470 3963.103396 
0.091544 3885.199120 
0.092617 3805.355339 
0.093691 3723.940268 
0.094765 3641.609218 
0.095839 3558.993818 
0.096913 3476.768481 
0.097987 3395.564021 
0.099060 3316.056472 
0.100134 3238.630974 
0.101208 3163.809127 
0.102282 3091.957567 
0.103356 3023.339081 
0.104430 2958.140012 
0.105503 2896.509601 
0.106577 2838.386468 
0.107651 2783.807732 
0.108725 2732.726700 
0.109799 2685.053282 
0.110872 2640.708665 
0.111946 2599.438807 
0.113020 2561.135985 
0.114094 2525.572641 
0.115168 2492.524911 
0.116242 2461.718784 
0.117315 2432.893631 
0.118389 2405.686823 
0.119463 2379.792408 
0.120537 2354.893229 
0.121611 2330.669437 
0.122685 2306.817642 
0.123758 2283.097413 
0.124832 2259.230145 
0.125906 2235.045524 
0.126980 2210.411055 
0.128054 2185.220712 
0.129128 2159.436340 
0.130201 2133.060078 
0.131275 2106.080403 
0.132349 2078.564356 
0.133423 2050.586404 
0.134497 2022.240524 
0.135570 1993.647258 
0.136644 1964.853848 
0.137718 1935.998937 
0.138792 1907.199569 
0.139866 1878.565452 
0.140940 1850.201128 
0.142013 1822.245505 
0.143087 1794.743921 
0.144161 1767.826905 
0.145235 1741.578988 
0.146309 1716.086617 
0.147383 1691.412085 
0.148456 1667.644203 
0.149530 1644.770092 
0.150604 1622.848986 
0.151678 1601.889578 
0.152752 1581.888914 
0.153826 1562.824847 
0.154899 1544.686161 
0.155973 1527.377592 
0.157047 1510.872995 
0.158121 1495.089322 
0.159195 1479.959447 
0.160268 1465.412889 
0.161342 1451.337826 
0.162416 1437.665103 
0.163490 1424.313563 
0.164564 1411.209737 
0.165638 1398.283440 
0.166711 1385.481574 
0.167785 1372.732126 
0.168859 1360.004825 
0.169933 1347.263177 
0.171007 1334.489089 
0.172081 1321.665981 
0.173154 1308.805009 
0.174228 1295.890613 
0.175302 1282.934277 
0.176376 1269.966375 
0.177450 1257.004662 
0.178523 1244.079125 
0.179597 1231.206359 
0.180671 1218.409077 
0.181745 1205.730258 
0.182819 1193.182583 
0.183893 1180.797803 
0.184966 1168.605212 
0.186040 1156.601599 
0.187114 1144.811358 
0.188188 1133.250725 
0.189262 1121.922140 
0.190336 1110.836901 
0.191409 1100.004755 
0.192483 1089.404011 
0.193557 1079.043706 
0.194631 1068.915962 
0.195705 1059.016355 
0.196779 1049.336997 
0.197852 1039.873973 
0.198926 1030.598416 
0.200000 1021.515437 
0.201000 1013.218151 
0.205353 978.670187 
0.209800 945.531506 
0.214344 913.394106 
0.218986 882.053381 
0.223729 851.476959 
0.228574 821.765522 
0.233524 793.046811 
0.238582 765.435745 
0.243749 739.002273 
0.249028 713.739084 
0.254421 689.594657 
0.259931 666.481867 
0.265560 644.302552 
0.271312 622.959068 
0.277187 602.383583 
0.283190 582.506815 
0.289324 563.280889 
0.295589 544.688579 
0.301991 526.697495 
0.308531 509.302235 
0.315213 492.496424 
0.322040 476.275802 
0.329014 460.636023 
0.336140 445.568426 
0.343420 431.059691 
0.350857 417.097428 
0.358456 403.661370 
0.366219 390.737468 
0.374150 378.305658 
0.382253 366.344785 
0.390531 354.837536 
0.398989 343.760553 
0.407630 333.098627 
0.416458 322.830905 
0.425478 312.939861 
0.434692 303.412452 
0.444106 294.229798 
0.453724 285.378046 
0.463551 276.842556 
0.473590 268.611494 
0.483846 260.671305 
0.494325 253.011021 
0.505031 245.618498 
0.515968 238.484229 
0.527143 231.596115 
0.538559 224.946969 
0.550223 218.293911 
0.562139 212.089523 
0.574313 206.113411 
0.586751 200.345641 
0.599459 194.754269 
0.612441 189.364425 
0.625705 184.139230 
0.639256 179.095815 
0.653100 174.221841 
0.667244 169.501234 
0.681695 164.920811 
0.696459 160.514125 
0.711542 156.240202 
0.726952 152.100828 
0.742696 148.083600 
0.758780 144.202455 
0.775213 140.441493 
0.792002 136.799753 
0.809154 133.266953 
0.826678 129.834107 
0.844582 126.510049 
0.862873 123.284585 
0.881560 120.153806 
0.900652 117.114523 
0.920158 114.161873 
0.940086 111.293374 
0.960445 108.505431 
0.981246 105.794336 
1.002497 103.157453 
1.024208 100.591576 
1.046389 98.093555 
1.069051 95.660669 
1.092204 93.289822 
1.115858 90.979197 
1.140024 88.725926 
1.164714 86.527318 
1.189938 84.381220 
1.215709 82.285667 
1.242037 80.238540 
1.268936 78.237369 
1.296418 76.280897 
1.324494 74.366986 
1.353179 72.493958 
1.382485 70.660531 
1.412426 68.865070 
1.443015 67.106120 
1.474266 65.382549 
1.506195 63.693046 
1.538814 62.036709 
1.572141 60.412207 
1.606189 58.818899 
1.640974 57.256056 
1.676513 55.722552 
1.712821 54.217961 
1.749916 52.741574 
1.787814 51.292818 
1.826533 49.871073 
1.866090 48.476094 
1.906504 47.107215 
1.947794 45.764313 
1.989977 44.446926 
2.033075 43.154624 
2.077105 41.887481 
2.122089 40.644946 
2.168047 39.427090 
2.215001 38.233351 
2.262972 37.063874 
2.311981 35.918546 
2.362052 34.796998 
2.413207 33.699314 
2.465470 32.625182 
2.518865 31.574666 
2.573416 30.547639 
2.629149 29.543974 
2.686089 28.563603 
2.744262 27.606529 
2.803695 26.672441 
2.864414 25.761419 
2.926449 24.873291 
2.989828 24.007947 
3.054579 23.165359 
3.120732 22.345155 
3.188318 21.547394 
3.257368 20.771688 
3.327913 20.017989 
3.399986 19.286050 
3.473620 18.575504 
3.548848 17.886238 
3.625706 17.217907 
3.704229 16.570132 
3.784451 15.942725 
3.866412 15.335240 
3.950147 14.747347 
4.035696 14.178700 
4.123097 13.628960 
4.212391 13.097695 
4.303620 12.584526 
4.396824 12.089145 
4.492046 11.611127 
4.589331 11.150077 
4.688722 10.705685 
4.790267 10.277538 
4.894010 9.865253 
5.000000 9.468529 
