0.001000 7390.057333 
0.001077 7847.553367 
0.001159 8330.638083 
0.001248 8840.117963 
0.001343 9376.737957 
0.001446 9941.058569 
0.001557 10533.430377 
0.001676 11153.951488 
0.001804 11802.361706 
0.001943 12478.173201 
0.002091 13180.512408 
0.002251 13908.130965 
0.002424 14659.367121 
0.002609 15431.829833 
0.002809 16223.277773 
0.003024 17030.470186 
0.003256 17849.861449 
0.003505 18677.182001 
0.003773 19507.726964 
0.004062 20336.734732 
0.004373 21156.777677 
0.004708 21962.560075 
0.005069 22747.486153 
0.005457 23500.973298 
0.005875 24216.103356 
0.006325 24881.733486 
0.006809 25487.166021 
0.007330 26021.181728 
0.007891 26470.888260 
0.008496 26824.670607 
0.009146 27072.329069 
0.009846 27197.705579 
0.010600 27191.668468 
0.011412 27045.668540 
0.012286 26744.838287 
0.013226 26277.686136 
0.014239 25645.755976 
0.015329 24837.112372 
0.016503 23892.751831 
0.017767 22807.884230 
0.019127 21636.610938 
0.020592 20348.934122 
0.022168 19003.630058 
0.023866 17657.297408 
0.025693 16350.337911 
0.027660 15118.669696 
0.029778 14016.809322 
0.032058 13062.219401 
0.034513 12238.369085 
0.037155 11532.620822 
0.040000 10917.779820 
0.041074 10708.134849 
0.042148 10503.678335 
0.043221 10300.981088 
0.044295 10096.332252 
0.045369 9887.531855 
0.046443 9672.976770 
0.047517 9451.735595 
0.048591 9223.576342 
0.049664 8989.125001 
0.050738 8748.785549 
0.051812 8503.989790 
0.052886 8256.287148 
0.053960 8007.369624 
0.055034 7759.031292 
0.056107 7513.306334 
0.057181 7271.473466 
0.058255 7035.405769 
0.059329 6806.518026 
0.060403 6586.105734 
0.061477 6375.207116 
0.062550 6174.809795 
0.063624 5985.161480 
0.064698 5806.836689 
0.065772 5640.003846 
0.066846 5484.659069 
0.067919 5340.746230 
0.068993 5207.710416 
0.070067 5085.214361 
0.071141 4972.710301 
0.072215 4869.574428 
0.073289 4775.116164 
0.074362 4688.648860 
0.075436 4609.235912 
0.076510 4536.123828 
0.077584 4468.492880 
0.078658 4405.482055 
0.079732 4346.232587 
0.080805 4289.935191 
0.081879 4235.622791 
0.082953 4182.524148 
0.084027 4129.846236 
0.085101 4076.835328 
0.086174 4022.872329 
0.087248 3967.255474 
0.088322 3909.576131 
0.089396 3849.479732 
0.090470 3786.780905 
0.091544 3721.448550 
0.092617 3653.660986 
0.093691 3583.557983 
0.094765 3511.620991 
0.095839 3438.347750 
0.096913 3364.329232 
0.097987 3290.186897 
0.099060 3216.628673 
0.100134 3144.132154 
0.101208 3073.325815 
0.102282 3004.707238 
0.103356 2938.701432 
0.104430 2875.630253 
0.105503 2815.791398 
0.106577 2759.235346 
0.107651 2706.097439 
0.108725 2656.400326 
0.109799 2610.092649 
0.110872 2567.113754 
0.111946 2527.219385 
0.113020 2490.273166 
0.114094 2456.038254 
0.115168 2424.248920 
0.116242 2394.613555 
0.117315 2366.848111 
0.118389 2340.588811 
0.119463 2315.522617 
0.120537 2291.353500 
0.121611 2267.767355 
0.122685 2244.501963 
0.123758 2221.338739 
0.124832 2198.037455 
0.125906 2174.466097 
0.126980 2150.510674 
0.128054 2126.098717 
0.129128 2101.208672 
0.130201 2075.853272 
0.131275 2050.024397 
0.132349 2023.787496 
0.133423 1997.212019 
0.134497 1970.376369 
0.135570 1943.380347 
0.136644 1916.258173 
0.137718 1889.124533 
0.138792 1862.076959 
0.139866 1835.192905 
0.140940 1808.566671 
0.142013 1782.305374 
0.143087 1756.449420 
0.144161 1731.106851 
0.145235 1706.353980 
0.146309 1682.267480 
0.147383 1658.902913 
0.148456 1636.340095 
0.149530 1614.573735 
0.150604 1593.649721 
0.151678 1573.588716 
0.152752 1554.380879 
0.153826 1536.012411 
0.154899 1518.473422 
0.155973 1501.676940 
0.157047 1485.602743 
0.158121 1470.172973 
0.159195 1455.331484 
0.160268 1441.013163 
0.161342 1427.118850 
0.162416 1413.586887 
0.163490 1400.351685 
0.164564 1387.342731 
0.165638 1374.506260 
0.166711 1361.796500 
0.167785 1349.144228 
0.168859 1336.531449 
0.169933 1323.926432 
0.171007 1311.314562 
0.172081 1298.685276 
0.173154 1286.050191 
0.174228 1273.389322 
0.175302 1260.722649 
0.176376 1248.068499 
0.177450 1235.448550 
0.178523 1222.887802 
0.179597 1210.396218 
0.180671 1197.996164 
0.181745 1185.722787 
0.182819 1173.589086 
0.183893 1161.618810 
0.184966 1149.841078 
0.186040 1138.246746 
0.187114 1126.862281 
0.188188 1115.695314 
0.189262 1104.752320 
0.190336 1094.040259 
0.191409 1083.566878 
0.192483 1073.316322 
0.193557 1063.292761 
0.194631 1053.490244 
0.195705 1043.906700 
0.196779 1034.531708 
0.197852 1025.363471 
0.198926 1016.377907 
0.200000 1007.576858 
0.201000 999.533859 
0.205353 966.060128 
0.209800 933.971173 
0.214344 902.872735 
0.218986 872.537155 
0.223729 842.898006 
0.228574 814.020952 
0.233524 786.017200 
0.238582 759.006391 
0.243749 733.078630 
0.249028 708.261647 
0.254421 684.533349 
0.259931 661.827898 
0.265560 640.061360 
0.271312 619.135162 
0.277187 598.972628 
0.283190 579.491590 
0.289324 560.635753 
0.295589 542.377928 
0.301991 524.684430 
0.308531 507.549602 
0.315213 490.965975 
0.322040 474.935330 
0.329014 459.455004 
0.336140 444.522952 
0.343420 430.131659 
0.350857 416.276203 
0.358456 402.939923 
0.366219 390.111284 
0.374150 377.772114 
0.382253 365.902623 
0.390531 354.485294 
0.398989 343.498707 
0.407630 332.925500 
0.416458 322.745348 
0.425478 312.939646 
0.434692 303.493998 
0.444106 294.390569 
0.453724 285.614667 
0.463551 277.150828 
0.473590 268.987726 
0.483846 261.111616 
0.494325 253.511021 
0.505031 246.174708 
0.515968 239.093995 
0.527143 232.255790 
0.538559 225.653594 
0.550223 219.264469 
0.562139 213.115247 
0.574313 207.163260 
0.586751 201.411206 
0.599459 195.880227 
0.612441 190.516703 
0.625705 185.325407 
0.639256 180.296239 
0.653100 175.447415 
0.667244 170.728357 
0.681695 166.168013 
0.696459 161.779814 
0.711542 157.523119 
0.726952 153.400987 
0.742696 149.415875 
0.758780 145.551926 
0.775213 141.807875 
0.792002 138.176059 
0.809154 134.663018 
0.826678 131.250006 
0.844582 127.942322 
0.862873 124.732679 
0.881560 121.617797 
0.900652 118.593844 
0.920158 115.656414 
0.940086 112.802908 
0.960445 110.029332 
0.981246 107.332213 
1.002497 104.709072 
1.024208 102.156414 
1.046389 99.671207 
1.069051 97.250672 
1.092204 94.891927 
1.115858 92.592722 
1.140024 90.350192 
1.164714 88.162090 
1.189938 86.025883 
1.215709 83.939672 
1.242037 81.901209 
1.268936 79.908376 
1.296418 77.959383 
1.324494 76.052465 
1.353179 74.185896 
1.382485 72.358028 
1.412426 70.567607 
1.443015 68.812986 
1.474266 67.093102 
1.506195 65.406544 
1.538814 63.752331 
1.572141 62.129403 
1.606189 60.536856 
1.640974 58.973964 
1.676513 57.439647 
1.712821 55.933387 
1.749916 54.454649 
1.787814 53.002609 
1.826533 51.576839 
1.866090 50.176947 
1.906504 48.802329 
1.947794 47.452796 
1.989977 46.127906 
2.033075 44.827246 
2.077105 43.550846 
2.122089 42.298215 
2.168047 41.069350 
2.215001 39.863775 
2.262972 38.681524 
2.311981 37.522483 
2.362052 36.386365 
2.413207 35.273281 
2.465470 34.182868 
2.518865 33.115235 
2.573416 32.070248 
2.629149 31.047762 
2.686089 30.047843 
2.744262 29.070316 
2.803695 28.115171 
2.864414 27.182357 
2.926449 26.271716 
2.989828 25.383210 
3.054579 24.516822 
3.120732 23.672273 
3.188318 22.849658 
3.257368 22.048647 
3.327913 21.269250 
3.399986 20.511224 
3.473620 19.774319 
3.548848 19.058469 
3.625706 18.363361 
3.704229 17.688733 
3.784451 17.034373 
3.866412 16.400003 
3.950147 15.785304 
4.035696 15.189960 
4.123097 14.613728 
4.212391 14.056205 
4.303620 13.517083 
4.396824 12.996053 
4.492046 12.492770 
4.589331 12.006883 
4.688722 11.538084 
4.790267 11.085985 
4.894010 10.650256 
5.000000 10.230570 
