0.001000 11874.525715 
0.001077 12340.176937 
0.001159 12819.761229 
0.001248 13314.172078 
0.001343 13823.769336 
0.001446 14348.932863 
0.001557 14889.661522 
0.001676 15445.281567 
0.001804 16015.365477 
0.001943 16598.920388 
0.002091 17194.573785 
0.002251 17800.560125 
0.002424 18415.346203 
0.002609 19036.429757 
0.002809 19661.481161 
0.003024 20287.331115 
0.003256 20910.941023 
0.003505 21528.090180 
0.003773 22135.133888 
0.004062 22727.836325 
0.004373 23299.990374 
0.004708 23846.838029 
0.005069 24361.691591 
0.005457 24836.301741 
0.005875 25264.027572 
0.006325 25635.275748 
0.006809 25940.521128 
0.007330 26171.303902 
0.007891 26321.027090 
0.008496 26374.381968 
0.009146 26319.511069 
0.009846 26147.172385 
0.010600 25840.010357 
0.011412 25401.592959 
0.012286 24817.748084 
0.013226 24083.476031 
0.014239 23204.802421 
0.015329 22193.866047 
0.016503 21056.169210 
0.017767 19809.078462 
0.019127 18470.162044 
0.020592 17086.069410 
0.022168 15696.208912 
0.023866 14363.209838 
0.025693 13111.364971 
0.027660 11983.740227 
0.029778 11022.391544 
0.032058 10237.416031 
0.034513 9618.882968 
0.037155 9132.649975 
0.040000 8722.854737 
0.041074 8580.224710 
0.042148 8437.611851 
0.043221 8291.646074 
0.044295 8139.061479 
0.045369 7977.967041 
0.046443 7806.921098 
0.047517 7625.324160 
0.048591 7433.255895 
0.049664 7231.600319 
0.050738 7021.213624 
0.051812 6803.889352 
0.052886 6581.604188 
0.053960 6356.472367 
0.055034 6130.737484 
0.056107 5906.863467 
0.057181 5686.532294 
0.058255 5471.971678 
0.059329 5264.917602 
0.060403 5066.947019 
0.061477 4879.299892 
0.062550 4703.124288 
0.063624 4538.805764 
0.064698 4386.952090 
0.065772 4247.757055 
0.066846 4121.161659 
0.067919 4007.012835 
0.068993 3904.691249 
0.070067 3813.717563 
0.071141 3733.352260 
0.072215 3662.800086 
0.073289 3601.127634 
0.074362 3547.395086 
0.075436 3500.462077 
0.076510 3459.281451 
0.077584 3422.737805 
0.078658 3389.707388 
0.079732 3359.058642 
0.080805 3329.716383 
0.081879 3300.522516 
0.082953 3270.509478 
0.084027 3238.726932 
0.085101 3204.340169 
0.086174 3166.692199 
0.087248 3125.184474 
0.088322 3079.506285 
0.089396 3029.535580 
0.090470 2975.362268 
0.091544 2917.276570 
0.092617 2855.845530 
0.093691 2791.624508 
0.094765 2725.441208 
0.095839 2658.161309 
0.096913 2590.663916 
0.097987 2523.796353 
0.099060 2458.383780 
0.100134 2394.964482 
0.101208 2334.133355 
0.102282 2276.296150 
0.103356 2221.713671 
0.104430 2170.530750 
0.105503 2122.835768 
0.106577 2078.513868 
0.107651 2037.518396 
0.108725 1999.724780 
0.109799 1964.984741 
0.110872 1933.169756 
0.111946 1904.027752 
0.113020 1877.420471 
0.114094 1853.138411 
0.115168 1830.977811 
0.116242 1810.701724 
0.117315 1792.077100 
0.118389 1774.802123 
0.119463 1758.612480 
0.120537 1743.221871 
0.121611 1728.333891 
0.122685 1713.671596 
0.123758 1698.994798 
0.124832 1684.037757 
0.125906 1668.613909 
0.126980 1652.566192 
0.128054 1635.771543 
0.129128 1618.161134 
0.130201 1599.702258 
0.131275 1580.372873 
0.132349 1560.219980 
0.133423 1539.302015 
0.134497 1517.710066 
0.135570 1495.567078 
0.136644 1472.951992 
0.137718 1450.013157 
0.138792 1426.899096 
0.139866 1403.746674 
0.140940 1380.703617 
0.142013 1357.932849 
0.143087 1335.528289 
0.144161 1313.641823 
0.145235 1292.392318 
0.146309 1271.887869 
0.147383 1252.211933 
0.148456 1233.456904 
0.149530 1215.634515 
0.150604 1198.795166 
0.151678 1182.953936 
0.152752 1168.095350 
0.153826 1154.194116 
0.154899 1141.217645 
0.155973 1129.071273 
0.157047 1117.706044 
0.158121 1107.024538 
0.159195 1096.938954 
0.160268 1087.360840 
0.161342 1078.173627 
0.162416 1069.283977 
0.163490 1060.603360 
0.164564 1052.041487 
0.165638 1043.518846 
0.166711 1034.973343 
0.167785 1026.331254 
0.168859 1017.557233 
0.169933 1008.614919 
0.171007 999.481948 
0.172081 990.154710 
0.173154 980.640627 
0.174228 970.935191 
0.175302 961.064508 
0.176376 951.059430 
0.177450 940.950103 
0.178523 930.782338 
0.179597 920.578787 
0.180671 910.379824 
0.181745 900.231142 
0.182819 890.167714 
0.183893 880.220251 
0.184966 870.430749 
0.186040 860.805677 
0.187114 851.380454 
0.188188 842.170536 
0.189262 833.190177 
0.190336 824.449015 
0.191409 815.961906 
0.192483 807.714441 
0.193557 799.711094 
0.194631 791.950101 
0.195705 784.422614 
0.196779 777.121407 
0.197852 770.039559 
0.198926 763.152540 
0.200000 756.456512 
0.201000 750.378640 
0.205353 725.412399 
0.209800 701.738812 
0.214344 678.716155 
0.218986 655.945199 
0.223729 633.288578 
0.228574 610.834379 
0.233524 588.786495 
0.238582 567.379190 
0.243749 546.816022 
0.249028 527.219433 
0.254421 508.622673 
0.259931 490.988771 
0.265560 474.232379 
0.271312 458.241082 
0.277187 442.911425 
0.283190 428.138762 
0.289324 413.848724 
0.295589 399.998025 
0.301991 386.548743 
0.308531 373.492566 
0.315213 360.827559 
0.322040 348.559370 
0.329014 336.696324 
0.336140 325.244491 
0.343420 314.206816 
0.350857 303.583938 
0.358456 293.368146 
0.366219 283.552974 
0.374150 274.124722 
0.382253 265.068718 
0.390531 256.370932 
0.398989 248.013142 
0.407630 239.980881 
0.416458 232.257870 
0.425478 224.828110 
0.434692 217.680259 
0.444106 210.798390 
0.453724 204.172095 
0.463551 197.787976 
0.473590 191.637680 
0.483846 185.710375 
0.494325 179.997406 
0.505031 174.489733 
0.515968 169.180168 
0.527143 164.059739 
0.538559 159.122879 
0.550223 154.347962 
0.562139 149.763558 
0.574313 145.333594 
0.586751 141.064921 
0.599459 136.970419 
0.612441 132.992991 
0.625705 129.151293 
0.639256 125.441262 
0.653100 121.862469 
0.667244 118.411357 
0.681695 115.099025 
0.696459 111.879226 
0.711542 108.769863 
0.726952 105.764838 
0.742696 102.861435 
0.758780 100.058499 
0.775213 97.349423 
0.792002 94.726490 
0.809154 92.183231 
0.826678 89.738836 
0.844582 87.372767 
0.862873 85.083920 
0.881560 82.869322 
0.900652 80.726201 
0.920158 78.651247 
0.940086 76.642325 
0.960445 74.696528 
0.981246 72.811319 
1.002497 70.984344 
1.024208 69.213269 
1.046389 67.495802 
1.069051 65.829616 
1.092204 64.212562 
1.115858 62.642846 
1.140024 61.118359 
1.164714 59.637106 
1.189938 58.197243 
1.215709 56.797123 
1.242037 55.435243 
1.268936 54.109555 
1.296418 52.818774 
1.324494 51.561241 
1.353179 50.335654 
1.382485 49.140527 
1.412426 47.974807 
1.443015 46.836955 
1.474266 45.726027 
1.506195 44.640619 
1.538814 43.580073 
1.572141 42.543035 
1.606189 41.528762 
1.640974 40.536355 
1.676513 39.564875 
1.712821 38.613622 
1.749916 37.681885 
1.787814 36.768912 
1.826533 35.874021 
1.866090 34.996705 
1.906504 34.136329 
1.947794 33.292435 
1.989977 32.464489 
2.033075 31.651936 
2.077105 30.854618 
2.122089 30.071901 
2.168047 29.303560 
2.215001 28.549158 
2.262972 27.808397 
2.311981 27.081165 
2.362052 26.367010 
2.413207 25.665791 
2.465470 24.977289 
2.518865 24.301272 
2.573416 23.637698 
2.629149 22.986225 
2.686089 22.346879 
2.744262 21.719522 
2.803695 21.103990 
2.864414 20.500269 
2.926449 19.908239 
2.989828 19.327870 
3.054579 18.759190 
3.120732 18.201959 
3.188318 17.656352 
3.257368 17.122191 
3.327913 16.599522 
3.399986 16.088248 
3.473620 15.588364 
3.548848 15.099886 
3.625706 14.622712 
3.704229 14.156799 
3.784451 13.702059 
3.866412 13.258549 
3.950147 12.826088 
4.035696 12.404628 
4.123097 11.994155 
4.212391 11.594501 
4.303620 11.205627 
4.396824 10.827416 
4.492046 10.459802 
4.589331 10.102666 
4.688722 9.755919 
4.790267 9.419475 
4.894010 9.093181 
5.000000 8.776988 
