0.001000 5849.494870 
0.001077 6190.675837 
0.001159 6548.941018 
0.001248 6924.865111 
0.001343 7318.872719 
0.001446 7731.231311 
0.001557 8162.134795 
0.001676 8611.525976 
0.001804 9079.250155 
0.001943 9564.874923 
0.002091 10067.857692 
0.002251 10587.273983 
0.002424 11121.988954 
0.002609 11670.629183 
0.002809 12231.560968 
0.003024 12802.542020 
0.003256 13381.220804 
0.003505 13964.671010 
0.003773 14549.585486 
0.004062 15132.780060 
0.004373 15709.150561 
0.004708 16274.462335 
0.005069 16823.490681 
0.005457 17349.300681 
0.005875 17845.708185 
0.006325 18305.428358 
0.006809 18721.141699 
0.007330 19084.463041 
0.007891 19388.723842 
0.008496 19619.713780 
0.009146 19770.148621 
0.009846 19824.935440 
0.010600 19780.446492 
0.011412 19624.925166 
0.012286 19359.021324 
0.013226 18965.969156 
0.014239 18450.142772 
0.015329 17823.233463 
0.016503 17071.849269 
0.017767 16222.994202 
0.019127 15280.486567 
0.020592 14280.669905 
0.022168 13260.972575 
0.023866 12247.341165 
0.025693 11271.275694 
0.027660 10373.488118 
0.029778 9584.039671 
0.032058 8925.503185 
0.034513 8384.430717 
0.037155 7937.577355 
0.040000 7567.969377 
0.041074 7447.153158 
0.042148 7330.773916 
0.043221 7215.258835 
0.044295 7096.993107 
0.045369 6973.278812 
0.046443 6841.889741 
0.047517 6701.304198 
0.048591 6550.817936 
0.049664 6390.569872 
0.050738 6220.869488 
0.051812 6043.037235 
0.052886 5858.726431 
0.053960 5669.849214 
0.055034 5478.538576 
0.056107 5287.211155 
0.057181 5097.654326 
0.058255 4912.125454 
0.059329 4732.443668 
0.060403 4560.238620 
0.061477 4396.809883 
0.062550 4243.306522 
0.063624 4100.171789 
0.064698 3967.951621 
0.065772 3846.807253 
0.066846 3736.601925 
0.067919 3637.101060 
0.068993 3547.624755 
0.070067 3467.594293 
0.071141 3396.236530 
0.072215 3332.706224 
0.073289 3276.087786 
0.074362 3225.497977 
0.075436 3179.913773 
0.076510 3138.471438 
0.077584 3100.301309 
0.078658 3064.603497 
0.079732 3030.608304 
0.080805 2997.653842 
0.081879 2965.028316 
0.082953 2932.200976 
0.084027 2898.638120 
0.085101 2863.872335 
0.086174 2827.529926 
0.087248 2789.192940 
0.088322 2748.615751 
0.089396 2705.615489 
0.090470 2660.095139 
0.091544 2612.071577 
0.092617 2561.724863 
0.093691 2509.214354 
0.094765 2454.941051 
0.095839 2399.356194 
0.096913 2342.993306 
0.097987 2286.416108 
0.099060 2230.263153 
0.100134 2174.993566 
0.101208 2121.192864 
0.102282 2069.326303 
0.103356 2019.784323 
0.104430 1972.862286 
0.105503 1928.810721 
0.106577 1887.677683 
0.107651 1849.542580 
0.108725 1814.378962 
0.109799 1782.096287 
0.110872 1752.586160 
0.111946 1725.592302 
0.113020 1700.948913 
0.114094 1678.406136 
0.115168 1657.721532 
0.116242 1638.627756 
0.117315 1620.893343 
0.118389 1604.229035 
0.119463 1588.413570 
0.120537 1573.227481 
0.121611 1558.456902 
0.122685 1543.925256 
0.123758 1529.485936 
0.124832 1514.970482 
0.125906 1500.283041 
0.126980 1485.329237 
0.128054 1470.034180 
0.129128 1454.344447 
0.130201 1438.229003 
0.131275 1421.632984 
0.132349 1404.553624 
0.133423 1386.982484 
0.134497 1368.928548 
0.135570 1350.420321 
0.136644 1331.457215 
0.137718 1312.099442 
0.138792 1292.413501 
0.139866 1272.472640 
0.140940 1252.375490 
0.142013 1232.245357 
0.143087 1212.170947 
0.144161 1192.297989 
0.145235 1172.754348 
0.146309 1153.679745 
0.147383 1135.185802 
0.148456 1117.404017 
0.149530 1100.388666 
0.150604 1084.228568 
0.151678 1068.977720 
0.152752 1054.656579 
0.153826 1041.266895 
0.154899 1028.798275 
0.155973 1017.179022 
0.157047 1006.371315 
0.158121 996.290566 
0.159195 986.851855 
0.160268 977.967643 
0.161342 969.522091 
0.162416 961.419795 
0.163490 953.570003 
0.164564 945.877098 
0.165638 938.256329 
0.166711 930.641125 
0.167785 922.957161 
0.168859 915.159464 
0.169933 907.211383 
0.171007 899.085417 
0.172081 890.775247 
0.173154 882.283200 
0.174228 873.606388 
0.175302 864.764360 
0.176376 855.785698 
0.177450 846.698365 
0.178523 837.543461 
0.179597 828.342907 
0.180671 819.134355 
0.181745 809.960362 
0.182819 800.850941 
0.183893 791.839712 
0.184966 782.961444 
0.186040 774.225352 
0.187114 765.662892 
0.188188 757.289118 
0.189262 749.116711 
0.190336 741.157647 
0.191409 733.423940 
0.192483 725.902915 
0.193557 718.601418 
0.194631 711.516468 
0.195705 704.641326 
0.196779 697.969640 
0.197852 691.498264 
0.198926 685.201192 
0.200000 679.078345 
0.201000 673.519705 
0.205353 650.691263 
0.209800 629.068484 
0.214344 608.074451 
0.218986 587.337566 
0.223729 566.714972 
0.228574 546.269035 
0.233524 526.168026 
0.238582 506.625689 
0.243749 487.831172 
0.249028 469.907646 
0.254421 452.899563 
0.259931 436.784052 
0.265560 421.492328 
0.271312 406.923985 
0.277187 392.983763 
0.283190 379.571380 
0.289324 366.612077 
0.295589 354.059517 
0.301991 341.873824 
0.308531 330.042896 
0.315213 318.563281 
0.322040 307.439653 
0.329014 296.680727 
0.336140 286.292503 
0.343420 276.280305 
0.350857 266.645869 
0.358456 257.383894 
0.366219 248.489256 
0.374150 239.950693 
0.382253 231.755030 
0.390531 223.889286 
0.398989 216.336988 
0.407630 209.084470 
0.416458 202.116406 
0.425478 195.417911 
0.434692 188.977615 
0.444106 182.781477 
0.453724 176.818869 
0.463551 171.078117 
0.473590 165.550584 
0.483846 160.226790 
0.494325 155.098100 
0.505031 150.156842 
0.515968 145.396071 
0.527143 140.807596 
0.538559 136.386370 
0.550223 132.135715 
0.562139 128.027094 
0.574313 124.067712 
0.586751 120.244691 
0.599459 116.561147 
0.612441 113.012597 
0.625705 109.587303 
0.639256 106.292641 
0.653100 103.107598 
0.667244 100.035318 
0.681695 97.062123 
0.696459 94.213762 
0.711542 91.460078 
0.726952 88.800891 
0.742696 86.235558 
0.758780 83.759976 
0.775213 81.369814 
0.792002 79.063336 
0.809154 76.839871 
0.826678 74.689822 
0.844582 72.609072 
0.862873 70.598452 
0.881560 68.655455 
0.900652 66.777214 
0.920158 64.961019 
0.940086 63.204774 
0.960445 61.505943 
0.981246 59.862078 
1.002497 58.271385 
1.024208 56.731398 
1.046389 55.240153 
1.069051 53.795623 
1.092204 52.395907 
1.115858 51.039216 
1.140024 49.723792 
1.164714 48.447864 
1.189938 47.209673 
1.215709 46.007886 
1.242037 44.840893 
1.268936 43.707028 
1.296418 42.605127 
1.324494 41.533670 
1.353179 40.491441 
1.382485 39.477239 
1.412426 38.489870 
1.443015 37.528153 
1.474266 36.591056 
1.506195 35.677448 
1.538814 34.786640 
1.572141 33.917357 
1.606189 33.069023 
1.640974 32.240645 
1.676513 31.431472 
1.712821 30.640830 
1.749916 29.867941 
1.787814 29.112208 
1.826533 28.372939 
1.866090 27.649670 
1.906504 26.941735 
1.947794 26.248666 
1.989977 25.570048 
2.033075 24.905242 
2.077105 24.254116 
2.122089 23.616023 
2.168047 22.990769 
2.215001 22.377832 
2.262972 21.777014 
2.311981 21.188054 
2.362052 20.610583 
2.413207 20.044441 
2.465470 19.489303 
2.518865 18.945000 
2.573416 18.411414 
2.629149 17.888223 
2.686089 17.375409 
2.744262 16.872800 
2.803695 16.380223 
2.864414 15.897652 
2.926449 15.424929 
2.989828 14.961981 
3.054579 14.508782 
3.120732 14.065210 
3.188318 13.631280 
3.257368 13.206874 
3.327913 12.791991 
3.399986 12.386568 
3.473620 11.990556 
3.548848 11.603955 
3.625706 11.226688 
3.704229 10.858717 
3.784451 10.499963 
3.866412 10.150453 
3.950147 9.810046 
4.035696 9.478706 
4.123097 9.156392 
4.212391 8.842995 
4.303620 8.538443 
4.396824 8.242661 
4.492046 7.955559 
4.589331 7.677059 
4.688722 7.407051 
4.790267 7.145440 
4.894010 6.892103 
5.000000 6.646977 
