0.001000 5593.075416 
0.001077 5957.195841 
0.001159 6343.511021 
0.001248 6752.967298 
0.001343 7186.471884 
0.001446 7644.661943 
0.001557 8128.149797 
0.001676 8637.280039 
0.001804 9172.206157 
0.001943 9732.904579 
0.002091 10318.961426 
0.002251 10929.703199 
0.002424 11564.103211 
0.002609 12220.767941 
0.002809 12897.843531 
0.003024 13592.911292 
0.003256 14303.217516 
0.003505 15024.856926 
0.003773 15753.954566 
0.004062 16486.308906 
0.004373 17214.759388 
0.004708 17934.144308 
0.005069 18637.159319 
0.005457 19314.325299 
0.005875 19957.654628 
0.006325 20557.253930 
0.006809 21101.999818 
0.007330 21580.536640 
0.007891 21981.394147 
0.008496 22289.805636 
0.009146 22496.092788 
0.009846 22584.390977 
0.010600 22540.362430 
0.011412 22357.679279 
0.012286 22021.090654 
0.013226 21527.927278 
0.014239 20883.484799 
0.015329 20073.885532 
0.016503 19148.634065 
0.017767 18091.031980 
0.019127 16955.351067 
0.020592 15748.152453 
0.022168 14524.674712 
0.023866 13325.355351 
0.025693 12196.067843 
0.027660 11190.692072 
0.029778 10348.120594 
0.032058 9653.635047 
0.034513 9098.957702 
0.037155 8651.610073 
0.040000 8253.492946 
0.041074 8110.271850 
0.042148 7965.931435 
0.043221 7818.078074 
0.044295 7664.327301 
0.045369 7503.287481 
0.046443 7333.908599 
0.047517 7155.737846 
0.048591 6968.846319 
0.049664 6774.040640 
0.050738 6571.950272 
0.051812 6364.138877 
0.052886 6152.326708 
0.053960 5938.425226 
0.055034 5724.437289 
0.056107 5512.693602 
0.057181 5304.792411 
0.058255 5102.894909 
0.059329 4908.714675 
0.060403 4723.827649 
0.061477 4549.501733 
0.062550 4386.890954 
0.063624 4236.391298 
0.064698 4098.595831 
0.065772 3973.655460 
0.066846 3861.425547 
0.067919 3761.626252 
0.068993 3673.484915 
0.070067 3596.301917 
0.071141 3529.103818 
0.072215 3470.803086 
0.073289 3420.190838 
0.074362 3376.023761 
0.075436 3336.915265 
0.076510 3301.607509 
0.077584 3268.832698 
0.078658 3237.403687 
0.079732 3206.238050 
0.080805 3174.407268 
0.081879 3141.028539 
0.082953 3105.487447 
0.084027 3067.257219 
0.085101 3025.983128 
0.086174 2981.478975 
0.087248 2933.575638 
0.088322 2882.329393 
0.089396 2827.893625 
0.090470 2770.515061 
0.091544 2710.544043 
0.092617 2648.479157 
0.093691 2584.744521 
0.094765 2519.986293 
0.095839 2454.860000 
0.096913 2390.039756 
0.097987 2326.208310 
0.099060 2264.075717 
0.100134 2204.121974 
0.101208 2146.935877 
0.102282 2092.952702 
0.103356 2042.504474 
0.104430 1995.807710 
0.105503 1953.012813 
0.106577 1914.048329 
0.107651 1878.857958 
0.108725 1847.269542 
0.109799 1819.035654 
0.110872 1793.871310 
0.111946 1771.363460 
0.113020 1751.173173 
0.114094 1732.883335 
0.115168 1716.101000 
0.116242 1700.422691 
0.117315 1685.494358 
0.118389 1670.939866 
0.119463 1656.462679 
0.120537 1641.805203 
0.121611 1626.738232 
0.122685 1611.098668 
0.123758 1594.781748 
0.124832 1577.681731 
0.125906 1559.781648 
0.126980 1541.085877 
0.128054 1521.634069 
0.129128 1501.491580 
0.130201 1480.750928 
0.131275 1459.477483 
0.132349 1437.787556 
0.133423 1415.791342 
0.134497 1393.593182 
0.135570 1371.321144 
0.136644 1349.035602 
0.137718 1326.856944 
0.138792 1304.895001 
0.139866 1283.240451 
0.140940 1261.992206 
0.142013 1241.261222 
0.143087 1221.100911 
0.144161 1201.612695 
0.145235 1182.876226 
0.146309 1164.960700 
0.147383 1147.911066 
0.148456 1131.785870 
0.149530 1116.575495 
0.150604 1102.297963 
0.151678 1088.938874 
0.152752 1076.462093 
0.153826 1064.818364 
0.154899 1053.950424 
0.155973 1043.748978 
0.157047 1034.145619 
0.158121 1025.031536 
0.159195 1016.303893 
0.160268 1007.870829 
0.161342 999.613519 
0.162416 991.443628 
0.163490 983.278599 
0.164564 975.041688 
0.165638 966.672488 
0.166711 958.130587 
0.167785 949.367333 
0.168859 940.372016 
0.169933 931.139562 
0.171007 921.676351 
0.172081 912.002960 
0.173154 902.157948 
0.174228 892.157957 
0.175302 882.052006 
0.176376 871.885696 
0.177450 861.706122 
0.178523 851.562606 
0.179597 841.488900 
0.180671 831.526699 
0.181745 821.718475 
0.182819 812.095186 
0.183893 802.684444 
0.184966 793.515356 
0.186040 784.587421 
0.187114 775.923001 
0.188188 767.526329 
0.189262 759.400296 
0.190336 751.543846 
0.191409 743.956124 
0.192483 736.617137 
0.193557 729.520082 
0.194631 722.652298 
0.195705 716.000108 
0.196779 709.547760 
0.197852 703.283477 
0.198926 697.179422 
0.200000 691.226595 
0.201000 685.804394 
0.205353 663.265047 
0.209800 641.418794 
0.214344 619.774375 
0.218986 598.136946 
0.223729 576.560161 
0.228574 555.257203 
0.233524 534.476314 
0.238582 514.435826 
0.243749 495.289800 
0.249028 477.099987 
0.254421 459.852680 
0.259931 443.484047 
0.265560 427.902520 
0.271312 413.005746 
0.277187 398.708621 
0.283190 384.929811 
0.289324 371.613157 
0.295589 358.729226 
0.301991 346.249733 
0.308531 334.168063 
0.315213 322.480722 
0.322040 311.188605 
0.329014 300.292356 
0.336140 289.790471 
0.343420 279.680175 
0.350857 269.956598 
0.358456 260.609235 
0.366219 251.628550 
0.374150 243.001389 
0.382253 234.713249 
0.390531 226.751636 
0.398989 219.100111 
0.407630 211.746893 
0.416458 204.677430 
0.425478 197.877934 
0.434692 191.338982 
0.444106 185.046787 
0.453724 178.991970 
0.463551 173.162892 
0.473590 167.552190 
0.483846 162.149254 
0.494325 156.946123 
0.505031 151.935263 
0.515968 147.108951 
0.527143 142.459157 
0.538559 137.980178 
0.550223 133.666326 
0.562139 129.516971 
0.574313 125.509121 
0.586751 121.644093 
0.599459 117.944090 
0.612441 114.343234 
0.625705 110.881324 
0.639256 107.544020 
0.653100 104.327266 
0.667244 101.213655 
0.681695 98.225916 
0.696459 95.332110 
0.711542 92.543815 
0.726952 89.852292 
0.742696 87.242710 
0.758780 84.736957 
0.775213 82.317517 
0.792002 79.980700 
0.809154 77.721136 
0.826678 75.546609 
0.844582 73.439930 
0.862873 71.403873 
0.881560 69.436094 
0.900652 67.533634 
0.920158 65.693750 
0.940086 63.914384 
0.960445 62.192828 
0.981246 60.526786 
1.002497 58.914307 
1.024208 57.353024 
1.046389 55.840858 
1.069051 54.375911 
1.092204 52.956063 
1.115858 51.579696 
1.140024 50.245021 
1.164714 48.950171 
1.189938 47.693393 
1.215709 46.473329 
1.242037 45.288475 
1.268936 44.137142 
1.296418 43.017960 
1.324494 41.929660 
1.353179 40.870821 
1.382485 39.840304 
1.412426 38.837022 
1.443015 37.859568 
1.474266 36.907166 
1.506195 35.978486 
1.538814 35.072807 
1.572141 34.189066 
1.606189 33.326474 
1.640974 32.484180 
1.676513 31.661314 
1.712821 30.857254 
1.749916 30.071299 
1.787814 29.302744 
1.826533 28.550944 
1.866090 27.815410 
1.906504 27.095477 
1.947794 26.390748 
1.989977 25.700728 
2.033075 25.024795 
2.077105 24.362864 
2.122089 23.714237 
2.168047 23.078745 
2.215001 22.455878 
2.262972 21.845411 
2.311981 21.247108 
2.362052 20.660590 
2.413207 20.085687 
2.465470 19.522116 
2.518865 18.969698 
2.573416 18.428274 
2.629149 17.897585 
2.686089 17.377558 
2.744262 16.868047 
2.803695 16.368897 
2.864414 15.879998 
2.926449 15.401275 
2.989828 14.932643 
3.054579 14.474055 
3.120732 14.025353 
3.188318 13.586569 
3.257368 13.157600 
3.327913 12.738419 
3.399986 12.328970 
3.473620 11.929154 
3.548848 11.539009 
3.625706 11.158437 
3.704229 10.787354 
3.784451 10.425733 
3.866412 10.073529 
3.950147 9.730627 
4.035696 9.396981 
4.123097 9.072526 
4.212391 8.757168 
4.303620 8.450818 
4.396824 8.153383 
4.492046 7.864797 
4.589331 7.584952 
4.688722 7.313733 
4.790267 7.051070 
4.894010 6.796827 
5.000000 6.550933 
