0.001000 5020.409549 
0.001077 5362.999231 
0.001159 5724.407273 
0.001248 6104.910594 
0.001343 6504.758654 
0.001446 6924.087497 
0.001557 7362.915772 
0.001676 7821.190161 
0.001804 8298.605413 
0.001943 8794.833683 
0.002091 9309.187604 
0.002251 9840.835750 
0.002424 10388.749558 
0.002609 10951.350291 
0.002809 11527.154769 
0.003024 12113.894711 
0.003256 12709.481180 
0.003505 13310.749712 
0.003773 13914.700989 
0.004062 14517.905012 
0.004373 15115.293289 
0.004708 15702.847228 
0.005069 16275.715115 
0.005457 16826.798337 
0.005875 17350.982863 
0.006325 17840.227271 
0.006809 18287.289650 
0.007330 18684.745555 
0.007891 19024.513433 
0.008496 19294.896356 
0.009146 19486.351064 
0.009846 19587.137538 
0.010600 19596.453784 
0.011412 19501.959507 
0.012286 19298.561810 
0.013226 18975.499252 
0.014239 18533.725517 
0.015329 17972.279287 
0.016503 17299.030934 
0.017767 16532.423504 
0.019127 15670.256170 
0.020592 14744.582381 
0.022168 13782.759253 
0.023866 12809.426489 
0.025693 11861.614448 
0.027660 10976.827360 
0.029778 10180.506916 
0.032058 9486.148944 
0.034513 8892.209390 
0.037155 8381.985387 
0.040000 7926.625413 
0.041074 7769.428763 
0.042148 7616.320768 
0.043221 7465.217592 
0.044295 7314.094343 
0.045369 7161.542443 
0.046443 7006.306623 
0.047517 6847.640330 
0.048591 6685.058868 
0.049664 6518.570285 
0.050738 6348.064989 
0.051812 6174.195248 
0.052886 5997.701120 
0.053960 5819.533476 
0.055034 5640.755154 
0.056107 5462.757914 
0.057181 5286.461539 
0.058255 5113.343820 
0.059329 4944.611971 
0.060403 4781.462898 
0.061477 4624.952408 
0.062550 4476.105497 
0.063624 4335.413049 
0.064698 4203.560632 
0.065772 4080.923431 
0.066846 3967.639688 
0.067919 3863.747555 
0.068993 3768.837389 
0.070067 3682.577453 
0.071141 3604.388682 
0.072215 3533.569863 
0.073289 3469.297381 
0.074362 3410.737038 
0.075436 3356.874140 
0.076510 3306.834945 
0.077584 3259.746128 
0.078658 3214.791362 
0.079732 3171.267070 
0.080805 3128.612537 
0.081879 3086.261415 
0.082953 3043.913386 
0.084027 3001.316812 
0.085101 2958.312979 
0.086174 2914.857674 
0.087248 2870.796206 
0.088322 2826.138975 
0.089396 2780.826546 
0.090470 2734.786009 
0.091544 2687.928438 
0.092617 2640.189403 
0.093691 2591.389822 
0.094765 2541.511481 
0.095839 2490.540025 
0.096913 2438.557636 
0.097987 2385.730593 
0.099060 2332.406755 
0.100134 2278.858791 
0.101208 2225.611043 
0.102282 2173.205649 
0.103356 2122.175705 
0.104430 2073.060069 
0.105503 2026.361464 
0.106577 1982.370093 
0.107651 1941.389743 
0.108725 1903.550605 
0.109799 1868.857322 
0.110872 1837.216392 
0.111946 1808.349902 
0.113020 1782.001058 
0.114094 1757.822326 
0.115168 1735.453751 
0.116242 1714.537385 
0.117315 1694.763971 
0.118389 1675.805853 
0.119463 1657.439960 
0.120537 1639.480323 
0.121611 1621.781958 
0.122685 1604.241555 
0.123758 1586.809566 
0.124832 1569.399393 
0.125906 1551.994792 
0.126980 1534.560346 
0.128054 1517.065400 
0.129128 1499.476586 
0.130201 1481.770959 
0.131275 1463.881663 
0.132349 1445.786901 
0.133423 1427.453502 
0.134497 1408.862466 
0.135570 1390.010205 
0.136644 1370.870694 
0.137718 1351.478262 
0.138792 1331.880832 
0.139866 1312.125979 
0.140940 1292.292813 
0.142013 1272.487879 
0.143087 1252.774585 
0.144161 1233.279879 
0.145235 1214.112419 
0.146309 1195.385338 
0.147383 1177.188294 
0.148456 1159.632357 
0.149530 1142.755699 
0.150604 1126.629897 
0.151678 1111.291729 
0.152752 1096.752396 
0.153826 1083.011388 
0.154899 1070.056171 
0.155973 1057.816811 
0.157047 1046.261307 
0.158121 1035.312983 
0.159195 1024.903481 
0.160268 1014.958456 
0.161342 1005.379311 
0.162416 996.094777 
0.163490 987.025369 
0.164564 978.100548 
0.165638 969.257123 
0.166711 960.446229 
0.167785 951.607360 
0.168859 942.713912 
0.169933 933.740767 
0.171007 924.674112 
0.172081 915.509067 
0.173154 906.260505 
0.174228 896.919597 
0.175302 887.512319 
0.176376 878.061582 
0.177450 868.590724 
0.178523 859.137705 
0.179597 849.710251 
0.180671 840.344069 
0.181745 831.069612 
0.182819 821.905600 
0.183893 812.879381 
0.184966 804.015712 
0.186040 795.313163 
0.187114 786.794690 
0.188188 778.469188 
0.189262 770.341705 
0.190336 762.417622 
0.191409 754.706163 
0.192483 747.186358 
0.193557 739.867047 
0.194631 732.738817 
0.195705 725.795912 
0.196779 719.030434 
0.197852 712.437234 
0.198926 705.994624 
0.200000 699.701043 
0.201000 693.962588 
0.205353 670.164902 
0.209800 647.366099 
0.214344 625.160837 
0.218986 603.319036 
0.223729 581.780454 
0.228574 560.619258 
0.233524 539.963188 
0.238582 519.955569 
0.243749 500.712997 
0.249028 482.301916 
0.254421 464.736649 
0.259931 447.989143 
0.265560 432.005322 
0.271312 416.712305 
0.277187 402.046001 
0.283190 387.935892 
0.289324 374.329311 
0.295589 361.194565 
0.301991 348.497963 
0.308531 336.226685 
0.315213 324.371404 
0.322040 312.926671 
0.329014 301.889471 
0.336140 291.255602 
0.343420 281.020142 
0.350857 271.176873 
0.358456 261.714838 
0.366219 252.624284 
0.374150 243.892823 
0.382253 235.504461 
0.390531 227.447954 
0.398989 219.706470 
0.407630 212.266905 
0.416458 205.116175 
0.425478 198.239099 
0.434692 191.626308 
0.444106 185.264247 
0.453724 179.142478 
0.463551 173.249762 
0.473590 167.578128 
0.483846 162.117243 
0.494325 156.858978 
0.505031 151.795197 
0.515968 146.918651 
0.527143 142.220837 
0.538559 137.696229 
0.550223 133.333333 
0.562139 129.132545 
0.574313 125.086383 
0.586751 121.180824 
0.599459 117.428383 
0.612441 113.808016 
0.625705 110.305200 
0.639256 106.941675 
0.653100 103.698538 
0.667244 100.585273 
0.681695 97.580557 
0.696459 94.669618 
0.711542 91.859530 
0.726952 89.147167 
0.742696 86.514431 
0.758780 83.990789 
0.775213 81.554330 
0.792002 79.201168 
0.809154 76.935914 
0.826678 74.742797 
0.844582 72.623180 
0.862873 70.575215 
0.881560 68.596245 
0.900652 66.683252 
0.920158 64.833708 
0.940086 63.045316 
0.960445 61.315291 
0.981246 59.641391 
1.002497 58.021534 
1.024208 56.453413 
1.046389 54.934950 
1.069051 53.464076 
1.092204 52.038642 
1.115858 50.657198 
1.140024 49.317633 
1.164714 48.018191 
1.189938 46.757273 
1.215709 45.533311 
1.242037 44.344749 
1.268936 43.189855 
1.296418 42.067556 
1.324494 40.976178 
1.353179 39.914594 
1.382485 38.881470 
1.412426 37.875656 
1.443015 36.895999 
1.474266 35.941461 
1.506195 35.010999 
1.538814 34.103549 
1.572141 33.218256 
1.606189 32.354360 
1.640974 31.510914 
1.676513 30.687121 
1.712821 29.882316 
1.749916 29.095794 
1.787814 28.326925 
1.826533 27.575048 
1.866090 26.839669 
1.906504 26.120129 
1.947794 25.416035 
1.989977 24.726908 
2.033075 24.052201 
2.077105 23.391674 
2.122089 22.744806 
2.168047 22.111366 
2.215001 21.490876 
2.262972 20.883119 
2.311981 20.287858 
2.362052 19.704722 
2.413207 19.133547 
2.465470 18.574054 
2.518865 18.026081 
2.573416 17.489496 
2.629149 16.964011 
2.686089 16.449570 
2.744262 15.946071 
2.803695 15.453286 
2.864414 14.971220 
2.926449 14.499644 
2.989828 14.038628 
3.054579 13.588032 
3.120732 13.147728 
3.188318 12.717755 
3.257368 12.297960 
3.327913 11.888357 
3.399986 11.488871 
3.473620 11.099393 
3.548848 10.719934 
3.625706 10.350405 
3.704229 9.990721 
3.784451 9.640815 
3.866412 9.300634 
3.950147 8.970053 
4.035696 8.649021 
4.123097 8.337440 
4.212391 8.035175 
4.303620 7.742142 
4.396824 7.458226 
4.492046 7.183328 
4.589331 6.917302 
4.688722 6.660039 
4.790267 6.411401 
4.894010 6.171251 
5.000000 5.939459 
