0.001000 13527.441249 
0.001077 14487.854706 
0.001159 15503.813267 
0.001248 16576.414163 
0.001343 17706.556116 
0.001446 18894.368448 
0.001557 20139.673051 
0.001676 21441.625821 
0.001804 22798.463522 
0.001943 24207.841712 
0.002091 25665.961605 
0.002251 27168.029658 
0.002424 28708.000742 
0.002609 30278.308079 
0.002809 31870.038746 
0.003024 33472.723244 
0.003256 35074.416094 
0.003505 36661.508532 
0.003773 38219.359970 
0.004062 39733.019033 
0.004373 41183.260592 
0.004708 42554.828583 
0.005069 43827.412972 
0.005457 44981.974703 
0.005875 45998.898123 
0.006325 46859.210661 
0.006809 47545.387954 
0.007330 48037.930702 
0.007891 48322.347719 
0.008496 48371.295874 
0.009146 48168.360240 
0.009846 47688.633492 
0.010600 46920.063497 
0.011412 45849.332903 
0.012286 44479.262840 
0.013226 42798.004868 
0.014239 40845.107037 
0.015329 38645.239762 
0.016503 36268.375446 
0.017767 33758.988071 
0.019127 31102.281021 
0.020592 28413.415770 
0.022168 25741.093392 
0.023866 23193.735611 
0.025693 20886.664047 
0.027660 18891.796075 
0.029778 17213.759167 
0.032058 15869.058821 
0.034513 14782.357530 
0.037155 13917.046999 
0.040000 13206.742573 
0.041074 12961.097203 
0.042148 12712.046735 
0.043221 12453.273884 
0.044295 12179.259432 
0.045369 11886.951757 
0.046443 11575.122989 
0.047517 11244.409987 
0.048591 10896.569935 
0.049664 10534.844549 
0.050738 10162.361668 
0.051812 9783.504771 
0.052886 9402.550490 
0.053960 9023.777429 
0.055034 8651.143109 
0.056107 8288.658583 
0.057181 7938.799846 
0.058255 7604.736069 
0.059329 7288.636957 
0.060403 6992.271564 
0.061477 6716.860615 
0.062550 6463.409535 
0.063624 6231.858870 
0.064698 6022.403268 
0.065772 5834.647473 
0.066846 5667.829735 
0.067919 5521.047846 
0.068993 5392.728217 
0.070067 5281.418807 
0.071141 5185.313394 
0.072215 5102.419414 
0.073289 5030.589810 
0.074362 4967.645010 
0.075436 4911.194730 
0.076510 4859.066062 
0.077584 4809.146444 
0.078658 4759.519013 
0.079732 4708.540997 
0.080805 4654.919210 
0.081879 4597.545849 
0.082953 4535.854027 
0.084027 4469.536064 
0.085101 4398.550919 
0.086174 4323.195446 
0.087248 4243.661837 
0.088322 4160.500233 
0.089396 4074.204969 
0.090470 3985.314717 
0.091544 3894.356088 
0.092617 3801.927125 
0.093691 3708.377362 
0.094765 3614.354496 
0.095839 3520.422413 
0.096913 3427.232981 
0.097987 3335.452268 
0.099060 3245.879555 
0.100134 3159.069128 
0.101208 3075.819244 
0.102282 2996.816733 
0.103356 2922.637696 
0.104430 2853.749441 
0.105503 2790.524223 
0.106577 2733.020647 
0.107651 2681.277683 
0.108725 2635.116073 
0.109799 2594.191298 
0.110872 2558.060697 
0.111946 2526.053793 
0.113020 2497.545452 
0.114094 2471.815526 
0.115168 2448.139916 
0.116242 2425.811267 
0.117315 2404.218019 
0.118389 2382.750964 
0.119463 2360.960849 
0.120537 2338.471770 
0.121611 2315.029191 
0.122685 2290.461465 
0.123758 2264.734284 
0.124832 2237.792137 
0.125906 2209.740266 
0.126980 2180.690152 
0.128054 2150.782029 
0.129128 2120.186230 
0.130201 2089.095769 
0.131275 2057.621976 
0.132349 2025.948756 
0.133423 1994.215491 
0.134497 1962.557092 
0.135570 1931.111914 
0.136644 1899.917982 
0.137718 1869.102215 
0.138792 1838.763979 
0.139866 1808.985148 
0.140940 1779.857055 
0.142013 1751.497542 
0.143087 1723.943894 
0.144161 1697.315695 
0.145235 1671.698654 
0.146309 1647.169582 
0.147383 1623.781523 
0.148456 1601.608491 
0.149530 1580.624313 
0.150604 1560.847022 
0.151678 1542.251576 
0.152752 1524.781901 
0.153826 1508.359921 
0.154899 1492.902224 
0.155973 1478.258263 
0.157047 1464.321744 
0.158121 1450.949625 
0.159195 1438.002987 
0.160268 1425.359785 
0.161342 1412.868133 
0.162416 1400.424335 
0.163490 1387.933888 
0.164564 1375.308661 
0.165638 1362.495052 
0.166711 1349.459541 
0.167785 1336.160741 
0.168859 1322.609841 
0.169933 1308.819667 
0.171007 1294.816977 
0.172081 1280.647579 
0.173154 1266.374384 
0.174228 1252.022790 
0.175302 1237.664595 
0.176376 1223.360601 
0.177450 1209.166401 
0.178523 1195.145462 
0.179597 1181.322681 
0.180671 1167.749344 
0.181745 1154.467219 
0.182819 1141.498179 
0.183893 1128.868423 
0.184966 1116.600269 
0.186040 1104.677813 
0.187114 1093.117945 
0.188188 1081.915711 
0.189262 1071.061613 
0.190336 1060.547245 
0.191409 1050.366542 
0.192483 1040.480866 
0.193557 1030.881879 
0.194631 1021.548571 
0.195705 1012.459748 
0.196779 1003.595184 
0.197852 994.941969 
0.198926 986.460370 
0.200000 978.145622 
0.201000 970.533264 
0.205353 938.567118 
0.209800 907.281292 
0.214344 876.288562 
0.218986 845.535470 
0.223729 815.191100 
0.228574 785.546423 
0.233524 756.874139 
0.238582 729.386711 
0.243749 703.205819 
0.249028 678.348857 
0.254421 654.764892 
0.259931 632.351837 
0.265560 610.989500 
0.271312 590.546038 
0.277187 570.917144 
0.283190 551.991139 
0.289324 533.690506 
0.295589 515.967721 
0.301991 498.780126 
0.308531 482.115531 
0.315213 465.971713 
0.322040 450.350135 
0.329014 435.255895 
0.336140 420.689737 
0.343420 406.651799 
0.350857 393.139799 
0.358456 380.142890 
0.366219 367.652046 
0.374150 355.651850 
0.382253 344.122754 
0.390531 333.048522 
0.398989 322.405298 
0.407630 312.176727 
0.416458 302.340588 
0.425478 292.877612 
0.434692 283.772682 
0.444106 275.006185 
0.453724 266.563587 
0.463551 258.427955 
0.473590 250.588199 
0.483846 243.029660 
0.494325 235.741167 
0.505031 228.711287 
0.515968 221.930289 
0.527143 215.386143 
0.538559 209.072201 
0.550223 202.935454 
0.562139 197.065913 
0.574313 191.389697 
0.586751 185.908638 
0.599459 180.590460 
0.612441 175.431571 
0.625705 170.427452 
0.639256 165.666777 
0.653100 161.055906 
0.667244 156.597957 
0.681695 152.287744 
0.696459 148.112068 
0.711542 144.082169 
0.726952 140.182145 
0.742696 136.408598 
0.758780 132.754191 
0.775213 129.215358 
0.792002 125.789040 
0.809154 122.466188 
0.826678 119.247484 
0.844582 116.127725 
0.862873 113.102439 
0.881560 110.167938 
0.900652 107.320860 
0.920158 104.557019 
0.940086 101.873911 
0.960445 99.267750 
0.981246 96.735321 
1.002497 94.274253 
1.024208 91.880900 
1.046389 89.552998 
1.069051 87.287500 
1.092204 85.081886 
1.115858 82.933706 
1.140024 80.840924 
1.164714 78.800606 
1.189938 76.811007 
1.215709 74.870073 
1.242037 72.975907 
1.268936 71.126059 
1.296418 69.319368 
1.324494 67.553758 
1.353179 65.827846 
1.382485 64.140060 
1.412426 62.489025 
1.443015 60.873271 
1.474266 59.291844 
1.506195 57.743285 
1.538814 56.226791 
1.572141 54.741025 
1.606189 53.285481 
1.640974 51.858994 
1.676513 50.460891 
1.712821 49.090518 
1.749916 47.747071 
1.787814 46.430063 
1.826533 45.138810 
1.866090 43.872957 
1.906504 42.631796 
1.947794 41.415100 
1.989977 40.222403 
2.033075 39.053268 
2.077105 37.907577 
2.122089 36.784851 
2.168047 35.684933 
2.215001 34.607345 
2.262972 33.552062 
2.311981 32.518884 
2.362052 31.507508 
2.413207 30.517836 
2.465470 29.549588 
2.518865 28.602700 
2.573416 27.677109 
2.629149 26.772473 
2.686089 25.888798 
2.744262 25.026010 
2.803695 24.183852 
2.864414 23.362305 
2.926449 22.561195 
2.989828 21.780450 
3.054579 21.019928 
3.120732 20.279367 
3.188318 19.558853 
3.257368 18.858033 
3.327913 18.176795 
3.399986 17.514977 
3.473620 16.872311 
3.548848 16.248680 
3.625706 15.643826 
3.704229 15.057404 
3.784451 14.489277 
3.866412 13.939121 
3.950147 13.406646 
4.035696 12.891569 
4.123097 12.393573 
4.212391 11.912330 
4.303620 11.447544 
4.396824 10.998883 
4.492046 10.566022 
4.589331 10.148596 
4.688722 9.746320 
4.790267 9.358833 
4.894010 8.985774 
5.000000 8.626853 
