0.001000 5607.738556 
0.001077 5985.815078 
0.001159 6384.870150 
0.001248 6805.348803 
0.001343 7247.471084 
0.001446 7711.389567 
0.001557 8197.080128 
0.001676 8704.307292 
0.001804 9232.583356 
0.001943 9781.085999 
0.002091 10348.876459 
0.002251 10934.533914 
0.002424 11536.308855 
0.002609 12152.129834 
0.002809 12779.560540 
0.003024 13415.667056 
0.003256 14057.189819 
0.003505 14700.278259 
0.003773 15340.993305 
0.004062 15974.922725 
0.004373 16596.097812 
0.004708 17200.099121 
0.005069 17780.714597 
0.005457 18330.710181 
0.005875 18843.831842 
0.006325 19311.467384 
0.006809 19725.741514 
0.007330 20077.095679 
0.007891 20356.702810 
0.008496 20554.600160 
0.009146 20663.291483 
0.009846 20672.382100 
0.010600 20576.635818 
0.011412 20369.844967 
0.012286 20041.842831 
0.013226 19607.515429 
0.014239 19029.899473 
0.015329 18335.977649 
0.016503 17509.731324 
0.017767 16604.342991 
0.019127 15621.587423 
0.020592 14604.961031 
0.022168 13557.752781 
0.023866 12516.733469 
0.025693 11514.213084 
0.027660 10592.048680 
0.029778 9768.551747 
0.032058 9067.483312 
0.034513 8484.957836 
0.037155 7983.457386 
0.040000 7534.947641 
0.041074 7382.372970 
0.042148 7235.601535 
0.043221 7092.543512 
0.044295 6950.544617 
0.045369 6807.709468 
0.046443 6662.333458 
0.047517 6512.908249 
0.048591 6358.459403 
0.049664 6198.683415 
0.050738 6033.191455 
0.051812 5862.516964 
0.052886 5687.434722 
0.053960 5509.045375 
0.055034 5328.699440 
0.056107 5148.085330 
0.057181 4968.477573 
0.058255 4791.724438 
0.059329 4619.384173 
0.060403 4452.973044 
0.061477 4293.770472 
0.062550 4143.016574 
0.063624 4001.326670 
0.064698 3869.460878 
0.065772 3747.783404 
0.066846 3636.416762 
0.067919 3535.351501 
0.068993 3444.101881 
0.070067 3362.241718 
0.071141 3289.115397 
0.072215 3223.925566 
0.073289 3165.797304 
0.074362 3113.800006 
0.075436 3066.869265 
0.076510 3024.054964 
0.077584 2984.398799 
0.078658 2946.994371 
0.079732 2911.018156 
0.080805 2875.750901 
0.081879 2840.488988 
0.082953 2804.744644 
0.084027 2768.065202 
0.085101 2730.123460 
0.086174 2690.714741 
0.087248 2649.597288 
0.088322 2606.719517 
0.089396 2562.063196 
0.090470 2515.671409 
0.091544 2467.643177 
0.092617 2418.196964 
0.093691 2367.466484 
0.094765 2315.772783 
0.095839 2263.452149 
0.096913 2210.884426 
0.097987 2158.466571 
0.099060 2106.672376 
0.100134 2055.829058 
0.101208 2006.384142 
0.102282 1958.716687 
0.103356 1913.143267 
0.104430 1869.928447 
0.105503 1829.292171 
0.106577 1791.267854 
0.107651 1755.937021 
0.108725 1723.262731 
0.109799 1693.148381 
0.110872 1665.466453 
0.111946 1639.965126 
0.113020 1616.460211 
0.114094 1594.706122 
0.115168 1574.463273 
0.116242 1555.494705 
0.117315 1537.601372 
0.118389 1520.540838 
0.119463 1504.145869 
0.120537 1488.260521 
0.121611 1472.725732 
0.122685 1457.417672 
0.123758 1442.229513 
0.124832 1427.018041 
0.125906 1411.696372 
0.126980 1396.167766 
0.128054 1380.347302 
0.129128 1364.165345 
0.130201 1347.573222 
0.131275 1330.506466 
0.132349 1312.956375 
0.133423 1294.932449 
0.134497 1276.463710 
0.135570 1257.614717 
0.136644 1238.428803 
0.137718 1219.013869 
0.138792 1199.481991 
0.139866 1179.948387 
0.140940 1160.536882 
0.142013 1141.388535 
0.143087 1122.584999 
0.144161 1104.255683 
0.145235 1086.495027 
0.146309 1069.390710 
0.147383 1053.000866 
0.148456 1037.388690 
0.149530 1022.550134 
0.150604 1008.507970 
0.151678 995.252235 
0.152752 982.757895 
0.153826 970.982814 
0.154899 959.883897 
0.155973 949.370860 
0.157047 939.398284 
0.158121 929.876212 
0.159195 920.737668 
0.160268 911.911976 
0.161342 903.311558 
0.162416 894.874269 
0.163490 886.543814 
0.164564 878.265876 
0.165638 869.995835 
0.166711 861.707222 
0.167785 853.357715 
0.168859 844.941392 
0.169933 836.446914 
0.171007 827.878411 
0.172081 819.239127 
0.173154 810.552585 
0.174228 801.818310 
0.175302 793.062130 
0.176376 784.309475 
0.177450 775.583048 
0.178523 766.913336 
0.179597 758.310289 
0.180671 749.797821 
0.181745 741.401256 
0.182819 733.136010 
0.183893 725.017528 
0.184966 717.063729 
0.186040 709.271205 
0.187114 701.653626 
0.188188 694.215575 
0.189262 686.957716 
0.190336 679.880361 
0.191409 672.989021 
0.192483 666.264203 
0.193557 659.708186 
0.194631 653.314637 
0.195705 647.075714 
0.196779 640.982954 
0.197852 635.033306 
0.198926 629.205221 
0.200000 623.500286 
0.201000 618.286706 
0.205353 596.555717 
0.209800 575.611987 
0.214344 555.168984 
0.218986 535.091011 
0.223729 515.370061 
0.228574 496.090885 
0.233524 477.367802 
0.238582 459.313939 
0.243749 442.011641 
0.249028 425.497351 
0.254421 409.762260 
0.259931 394.767336 
0.265560 380.452957 
0.271312 366.747857 
0.277187 353.594668 
0.283190 340.930456 
0.289324 328.710693 
0.295589 316.910203 
0.301991 305.501866 
0.308531 294.474899 
0.315213 283.823516 
0.322040 273.543980 
0.329014 263.635215 
0.336140 254.094340 
0.343420 244.916579 
0.350857 236.097238 
0.358456 227.625733 
0.366219 219.493623 
0.374150 211.688767 
0.382253 204.197330 
0.390531 197.007837 
0.398989 190.105143 
0.407630 183.477439 
0.416458 177.111447 
0.425478 170.994516 
0.434692 165.116763 
0.444106 159.466105 
0.453724 154.033168 
0.463551 148.807153 
0.473590 143.780842 
0.483846 138.944906 
0.494325 134.291771 
0.505031 129.813889 
0.515968 125.504933 
0.527143 121.356927 
0.538559 117.364863 
0.550223 113.513846 
0.562139 109.818482 
0.574313 106.255753 
0.586751 102.824484 
0.599459 99.498496 
0.612441 96.309027 
0.625705 93.254814 
0.639256 90.306633 
0.653100 87.469364 
0.667244 84.733334 
0.681695 82.078017 
0.696459 79.547997 
0.711542 77.099130 
0.726952 74.739191 
0.742696 72.464438 
0.758780 70.271017 
0.775213 68.155655 
0.792002 66.114202 
0.809154 64.148762 
0.826678 62.252288 
0.844582 60.420169 
0.862873 58.651968 
0.881560 56.945374 
0.900652 55.297766 
0.920158 53.706688 
0.940086 52.170277 
0.960445 50.686000 
0.981246 49.251826 
1.002497 47.865944 
1.024208 46.526195 
1.046389 45.230830 
1.069051 43.977894 
1.092204 42.765660 
1.115858 41.592609 
1.140024 40.457064 
1.164714 39.357440 
1.189938 38.292191 
1.215709 37.259996 
1.242037 36.259435 
1.268936 35.289097 
1.296418 34.347871 
1.324494 33.434348 
1.353179 32.547460 
1.382485 31.686085 
1.412426 30.849194 
1.443015 30.035677 
1.474266 29.244566 
1.506195 28.474998 
1.538814 27.726039 
1.572141 26.996838 
1.606189 26.286665 
1.640974 25.594715 
1.676513 24.920222 
1.712821 24.262603 
1.749916 23.621105 
1.787814 22.995212 
1.826533 22.384270 
1.866090 21.787823 
1.906504 21.205250 
1.947794 20.636177 
1.989977 20.080037 
2.033075 19.536391 
2.077105 19.004958 
2.122089 18.485247 
2.168047 17.977006 
2.215001 17.479734 
2.262972 16.993245 
2.311981 16.517214 
2.362052 16.051322 
2.413207 15.595417 
2.465470 15.149111 
2.518865 14.712301 
2.573416 14.284784 
2.629149 13.866272 
2.686089 13.456702 
2.744262 13.055878 
2.803695 12.663636 
2.864414 12.279909 
2.926449 11.904527 
2.989828 11.537411 
3.054579 11.178483 
3.120732 10.827628 
3.188318 10.484798 
3.257368 10.149885 
3.327913 9.822895 
3.399986 9.503736 
3.473620 9.192317 
3.548848 8.888651 
3.625706 8.592640 
3.704229 8.304246 
3.784451 8.023408 
3.866412 7.750105 
3.950147 7.484234 
4.035696 7.225751 
4.123097 6.974603 
4.212391 6.730699 
4.303620 6.493970 
4.396824 6.264353 
4.492046 6.041759 
4.589331 5.826107 
4.688722 5.617296 
4.790267 5.415252 
4.894010 5.219838 
5.000000 5.030995 
