0.001000 17185.530850 
0.001077 17932.277933 
0.001159 18703.624444 
0.001248 19499.928743 
0.001343 20321.129180 
0.001446 21166.700393 
0.001557 22035.803811 
0.001676 22926.637310 
0.001804 23837.265857 
0.001943 24765.038889 
0.002091 25706.500603 
0.002251 26657.492406 
0.002424 27613.281207 
0.002609 28568.439327 
0.002809 29516.757300 
0.003024 30451.149056 
0.003256 31364.699855 
0.003505 32248.699752 
0.003773 33095.456984 
0.004062 33896.392069 
0.004373 34641.139269 
0.004708 35321.949469 
0.005069 35928.772186 
0.005457 36450.823877 
0.005875 36879.094220 
0.006325 37203.404790 
0.006809 37413.235288 
0.007330 37497.354111 
0.007891 37448.889649 
0.008496 37256.203656 
0.009146 36909.934708 
0.009846 36394.176781 
0.010600 35703.972261 
0.011412 34824.635279 
0.012286 33765.977208 
0.013226 32530.322424 
0.014239 31113.652637 
0.015329 29557.342186 
0.016503 27880.617705 
0.017767 26069.892905 
0.019127 24165.464641 
0.020592 22231.920030 
0.022168 20275.527185 
0.023866 18420.888521 
0.025693 16691.181127 
0.027660 15096.903221 
0.029778 13708.913019 
0.032058 12532.029195 
0.034513 11579.152136 
0.037155 10798.361326 
0.040000 10100.885770 
0.041074 9857.862868 
0.042148 9621.168461 
0.043221 9389.200019 
0.044295 9159.822202 
0.045369 8931.830473 
0.046443 8703.975120 
0.047517 8475.295107 
0.048591 8245.181451 
0.049664 8013.498996 
0.050738 7779.718322 
0.051812 7544.256291 
0.052886 7307.555769 
0.053960 7070.338737 
0.055034 6833.528902 
0.056107 6598.395441 
0.057181 6365.649161 
0.058255 6136.834554 
0.059329 5913.183620 
0.060403 5696.000650 
0.061477 5486.481330 
0.062550 5285.889798 
0.063624 5094.829736 
0.064698 4914.269596 
0.065772 4744.839883 
0.066846 4586.973619 
0.067919 4441.023475 
0.068993 4306.794206 
0.070067 4184.313664 
0.071141 4073.311983 
0.072215 3973.373787 
0.073289 3883.927837 
0.074362 3804.339913 
0.075436 3733.676452 
0.076510 3671.081901 
0.077584 3615.555429 
0.078658 3565.993947 
0.079732 3521.244592 
0.080805 3480.134679 
0.081879 3441.360953 
0.082953 3403.760324 
0.084027 3366.171029 
0.085101 3327.552803 
0.086174 3287.010045 
0.087248 3243.729205 
0.088322 3197.198766 
0.089396 3147.112720 
0.090470 3093.379859 
0.091544 3036.136308 
0.092617 2975.760525 
0.093691 2912.650228 
0.094765 2847.458328 
0.095839 2780.869080 
0.096913 2713.588437 
0.097987 2646.313696 
0.099060 2579.731772 
0.100134 2514.300451 
0.101208 2450.544291 
0.102282 2388.860020 
0.103356 2329.547867 
0.104430 2272.831888 
0.105503 2218.906377 
0.106577 2167.786749 
0.107651 2119.580406 
0.108725 2074.316515 
0.109799 2031.997974 
0.110872 1992.634538 
0.111946 1956.087300 
0.113020 1922.320669 
0.114094 1891.210734 
0.115168 1862.595712 
0.116242 1836.286769 
0.117315 1812.073300 
0.118389 1789.654520 
0.119463 1768.767603 
0.120537 1749.124569 
0.121611 1730.429956 
0.122685 1712.402883 
0.123758 1694.798644 
0.124832 1677.360557 
0.125906 1659.906710 
0.126980 1642.284070 
0.128054 1624.376464 
0.129128 1606.100729 
0.130201 1587.425713 
0.131275 1568.290208 
0.132349 1548.706686 
0.133423 1528.682084 
0.134497 1508.243969 
0.135570 1487.431202 
0.136644 1466.245455 
0.137718 1444.749284 
0.138792 1423.005227 
0.139866 1401.076604 
0.140940 1379.035504 
0.142013 1356.993157 
0.143087 1335.008310 
0.144161 1313.207934 
0.145235 1291.701296 
0.146309 1270.603034 
0.147383 1250.013177 
0.148456 1230.055031 
0.149530 1210.776210 
0.150604 1192.266235 
0.151678 1174.578979 
0.152752 1157.746263 
0.153826 1141.783621 
0.154899 1126.697365 
0.155973 1112.431583 
0.157047 1098.967602 
0.158121 1086.242224 
0.159195 1074.194262 
0.160268 1062.758997 
0.161342 1051.836224 
0.162416 1041.354303 
0.163490 1031.235793 
0.164564 1021.401134 
0.165638 1011.780984 
0.166711 1002.314895 
0.167785 992.927209 
0.168859 983.578888 
0.169933 974.231271 
0.171007 964.851757 
0.172081 955.418836 
0.173154 945.932428 
0.174228 936.366713 
0.175302 926.732987 
0.176376 917.041819 
0.177450 907.306062 
0.178523 897.550867 
0.179597 887.780380 
0.180671 878.023491 
0.181745 868.306214 
0.182819 858.647469 
0.183893 849.072812 
0.184966 839.611858 
0.186040 830.263424 
0.187114 821.057804 
0.188188 812.007502 
0.189262 803.125397 
0.190336 794.421769 
0.191409 785.912285 
0.192483 777.584918 
0.193557 769.451159 
0.194631 761.511971 
0.195705 753.766597 
0.196779 746.208959 
0.197852 738.843276 
0.198926 731.647466 
0.200000 724.628662 
0.201000 718.237964 
0.205353 691.916340 
0.209800 667.080688 
0.214344 643.277944 
0.218986 620.155695 
0.223729 597.516683 
0.228574 575.319299 
0.233524 553.627690 
0.238582 532.565311 
0.243749 512.268582 
0.249028 492.835277 
0.254421 474.313856 
0.259931 456.699681 
0.265560 439.951563 
0.271312 423.993464 
0.277187 408.751605 
0.283190 394.138128 
0.289324 380.081191 
0.295589 366.531971 
0.301991 353.441615 
0.308531 340.787798 
0.315213 328.556073 
0.322040 316.740762 
0.329014 305.339986 
0.336140 294.353172 
0.343420 283.778091 
0.350857 273.612121 
0.358456 263.846933 
0.366219 254.474147 
0.374150 245.481299 
0.382253 236.854580 
0.390531 228.580764 
0.398989 220.641372 
0.407630 213.022824 
0.416458 205.709510 
0.425478 198.686036 
0.434692 191.939809 
0.444106 185.456852 
0.453724 179.225645 
0.463551 173.232898 
0.473590 167.470233 
0.483846 161.926339 
0.494325 156.592494 
0.505031 151.459676 
0.515968 146.520831 
0.527143 141.766037 
0.538559 137.189734 
0.550223 132.795992 
0.562139 128.546152 
0.574313 124.462745 
0.586751 120.530997 
0.599459 116.757154 
0.612441 113.094145 
0.625705 109.578537 
0.639256 106.192319 
0.653100 102.925044 
0.667244 99.770005 
0.681695 96.728586 
0.696459 93.804036 
0.711542 90.988201 
0.726952 88.271558 
0.742696 85.643983 
0.758780 83.118569 
0.775213 80.681665 
0.792002 78.328616 
0.809154 76.060826 
0.826678 73.865652 
0.844582 71.749859 
0.862873 69.706450 
0.881560 67.732457 
0.900652 65.825270 
0.920158 63.981602 
0.940086 62.199695 
0.960445 60.476562 
0.981246 58.809770 
1.002497 57.197479 
1.024208 55.637042 
1.046389 54.126550 
1.069051 52.663767 
1.092204 51.246765 
1.115858 49.873768 
1.140024 48.542930 
1.164714 47.252368 
1.189938 46.000442 
1.215709 44.785594 
1.242037 43.606322 
1.268936 42.460892 
1.296418 41.348128 
1.324494 40.266586 
1.353179 39.214910 
1.382485 38.191795 
1.412426 37.196322 
1.443015 36.227098 
1.474266 35.283191 
1.506195 34.363421 
1.538814 33.466953 
1.572141 32.592865 
1.606189 31.740271 
1.640974 30.908338 
1.676513 30.096236 
1.712821 29.303339 
1.749916 28.528873 
1.787814 27.772231 
1.826533 27.032719 
1.866090 26.309882 
1.906504 25.603048 
1.947794 24.911770 
1.989977 24.235585 
2.033075 23.573899 
2.077105 22.926500 
2.122089 22.292879 
2.168047 21.672695 
2.215001 21.065525 
2.262972 20.471112 
2.311981 19.889186 
2.362052 19.319377 
2.413207 18.761498 
2.465470 18.215262 
2.518865 17.680475 
2.573416 17.156965 
2.629149 16.644464 
2.686089 16.142870 
2.744262 15.652053 
2.803695 15.171809 
2.864414 14.702081 
2.926449 14.242710 
2.989828 13.793594 
3.054579 13.354739 
3.120732 12.925904 
3.188318 12.507183 
3.257368 12.098386 
3.327913 11.699511 
3.399986 11.310487 
3.473620 10.931203 
3.548848 10.561698 
3.625706 10.201838 
3.704229 9.851544 
3.784451 9.510772 
3.866412 9.179463 
3.950147 8.857517 
4.035696 8.544834 
4.123097 8.241356 
4.212391 7.946930 
4.303620 7.661510 
4.396824 7.384922 
4.492046 7.117099 
4.589331 6.857899 
4.688722 6.607187 
4.790267 6.364834 
4.894010 6.130690 
5.000000 5.904631 
