0.001000 17537.961248 
0.001077 18758.231053 
0.001159 20045.875484 
0.001248 21402.133854 
0.001343 22827.948740 
0.001446 24323.772165 
0.001557 25889.939238 
0.001676 27526.445671 
0.001804 29232.438743 
0.001943 31006.710238 
0.002091 32847.788708 
0.002251 34752.519256 
0.002424 36717.362335 
0.002609 38737.898664 
0.002809 40808.333306 
0.003024 42920.934106 
0.003256 45067.914215 
0.003505 47237.119937 
0.003773 49418.057632 
0.004062 51597.606546 
0.004373 53754.775705 
0.004708 55874.945293 
0.005069 57938.352047 
0.005457 59915.695748 
0.005875 61787.448596 
0.006325 63519.815976 
0.006809 65082.071576 
0.007330 66446.976833 
0.007891 67578.078832 
0.008496 68442.626322 
0.009146 69004.353281 
0.009846 69212.917254 
0.010600 69046.397860 
0.011412 68483.452622 
0.012286 67496.437711 
0.013226 66076.083932 
0.014239 64194.683949 
0.015329 61838.877114 
0.016503 59083.096135 
0.017767 55987.878572 
0.019127 52622.896701 
0.020592 49109.600197 
0.022168 45509.838255 
0.023866 41953.150498 
0.025693 38548.880657 
0.027660 35449.058084 
0.029778 32740.989209 
0.032058 30491.800726 
0.034513 28641.596797 
0.037155 27088.008913 
0.040000 25707.106199 
0.041074 25221.524203 
0.042148 24739.751176 
0.043221 24254.122017 
0.044295 23756.960655 
0.045369 23243.791171 
0.046443 22711.827780 
0.047517 22159.452226 
0.048591 21586.873117 
0.049664 20996.206743 
0.050738 20389.119221 
0.051812 19769.661540 
0.052886 19142.166290 
0.053960 18511.357709 
0.055034 17882.298434 
0.056107 17260.829302 
0.057181 16650.623955 
0.058255 16057.043479 
0.059329 15484.521199 
0.060403 14936.866828 
0.061477 14417.405056 
0.062550 13929.206941 
0.063624 13473.446810 
0.064698 13051.799880 
0.065772 12664.918073 
0.066846 12312.674837 
0.067919 11994.641583 
0.068993 11708.926333 
0.070067 11453.843024 
0.071141 11227.039060 
0.072215 11025.688241 
0.073289 10846.565310 
0.074362 10686.463095 
0.075436 10541.507459 
0.076510 10408.294816 
0.077584 10283.426651 
0.078658 10163.655059 
0.079732 10046.014196 
0.080805 9928.158614 
0.081879 9807.783754 
0.082953 9683.386331 
0.084027 9553.863002 
0.085101 9418.543715 
0.086174 9277.333125 
0.087248 9130.013188 
0.088322 8977.111060 
0.089396 8819.215112 
0.090470 8657.150434 
0.091544 8491.785698 
0.092617 8324.322411 
0.093691 8155.525246 
0.094765 7986.653687 
0.095839 7818.841361 
0.096913 7653.217647 
0.097987 7490.779653 
0.099060 7332.668817 
0.100134 7179.434739 
0.101208 7032.001434 
0.102282 6890.910007 
0.103356 6756.608233 
0.104430 6629.361424 
0.105503 6509.351397 
0.106577 6396.336776 
0.107651 6290.256630 
0.108725 6190.775834 
0.109799 6097.507186 
0.110872 6010.097853 
0.111946 5927.833896 
0.113020 5850.268990 
0.114094 5776.894308 
0.115168 5707.120467 
0.116242 5640.473956 
0.117315 5576.531847 
0.118389 5514.734570 
0.119463 5454.736224 
0.120537 5396.187912 
0.121611 5338.762645 
0.122685 5282.187081 
0.123758 5226.243114 
0.124832 5170.574352 
0.125906 5115.040352 
0.126980 5059.452755 
0.128054 5003.670937 
0.129128 4947.532229 
0.130201 4891.016286 
0.131275 4833.953217 
0.132349 4776.362197 
0.133423 4718.286418 
0.134497 4659.755789 
0.135570 4600.961558 
0.136644 4541.901931 
0.137718 4482.832769 
0.138792 4423.931792 
0.139866 4365.456072 
0.140940 4307.618146 
0.142013 4250.731788 
0.143087 4194.903626 
0.144161 4140.443130 
0.145235 4087.542755 
0.146309 4036.366997 
0.147383 3987.056399 
0.148456 3939.754563 
0.149530 3894.429726 
0.150604 3851.140575 
0.151678 3809.849173 
0.152752 3770.477096 
0.153826 3732.916315 
0.154899 3697.047048 
0.155973 3662.661196 
0.157047 3629.596748 
0.158121 3597.643043 
0.159195 3566.630906 
0.160268 3536.387257 
0.161342 3506.678195 
0.162416 3477.382051 
0.163490 3448.335311 
0.164564 3419.444626 
0.165638 3390.606801 
0.166711 3361.787411 
0.167785 3332.896685 
0.168859 3303.924150 
0.169933 3274.902289 
0.171007 3245.831241 
0.172081 3216.757717 
0.173154 3187.740633 
0.174228 3158.797790 
0.175302 3130.012757 
0.176376 3101.441571 
0.177450 3073.137849 
0.178523 3045.180560 
0.179597 3017.577573 
0.180671 2990.390171 
0.181745 2963.658532 
0.182819 2937.420049 
0.183893 2911.679325 
0.184966 2886.477895 
0.186040 2861.779425 
0.187114 2837.610467 
0.188188 2813.951261 
0.189262 2790.798596 
0.190336 2768.132714 
0.191409 2745.961061 
0.192483 2724.217529 
0.193557 2702.898322 
0.194631 2681.983579 
0.195705 2661.441317 
0.196779 2641.248572 
0.197852 2621.403761 
0.198926 2601.854797 
0.200000 2582.584524 
0.201000 2564.880584 
0.205353 2490.204024 
0.209800 2417.339094 
0.214344 2346.080201 
0.218986 2276.563524 
0.223729 2209.111390 
0.228574 2144.077535 
0.233524 2081.715405 
0.238582 2022.138540 
0.243749 1965.346375 
0.249028 1911.170146 
0.254421 1859.388753 
0.259931 1809.724511 
0.265560 1761.919924 
0.271312 1715.737980 
0.277187 1671.005145 
0.283190 1627.567333 
0.289324 1585.346271 
0.295589 1544.296688 
0.301991 1504.372785 
0.308531 1465.571107 
0.315213 1427.873323 
0.322040 1391.277405 
0.329014 1355.788130 
0.336140 1321.388007 
0.343420 1288.071151 
0.350857 1255.814240 
0.358456 1224.590877 
0.366219 1194.373550 
0.374150 1165.135499 
0.382253 1136.842361 
0.390531 1109.458916 
0.398989 1082.952485 
0.407630 1057.287325 
0.416458 1032.431509 
0.425478 1008.347499 
0.434692 985.011983 
0.444106 962.388523 
0.453724 940.447565 
0.463551 919.156628 
0.473590 898.489619 
0.483846 878.424099 
0.494325 858.926546 
0.505031 839.974321 
0.515968 821.544202 
0.527143 803.612304 
0.538559 786.156031 
0.550223 769.118155 
0.562139 752.561770 
0.574313 736.398604 
0.586751 720.612757 
0.599459 705.372780 
0.612441 690.373083 
0.625705 675.706551 
0.639256 661.354882 
0.653100 647.304236 
0.667244 633.592056 
0.681695 620.028670 
0.696459 606.825214 
0.711542 593.927373 
0.726952 581.294619 
0.742696 568.920008 
0.758780 556.749439 
0.775213 544.802955 
0.792002 533.067538 
0.809154 521.553861 
0.826678 510.206936 
0.844582 499.072345 
0.862873 488.123624 
0.881560 477.352074 
0.900652 466.750791 
0.920158 456.314082 
0.940086 446.038553 
0.960445 435.917010 
0.981246 425.946245 
1.002497 416.120056 
1.024208 406.435153 
1.046389 396.890349 
1.069051 387.478462 
1.092204 378.199334 
1.115858 369.049179 
1.140024 360.027339 
1.164714 351.130783 
1.189938 342.358426 
1.215709 333.709574 
1.242037 325.183403 
1.268936 316.779438 
1.296418 308.497431 
1.324494 300.337978 
1.353179 292.301639 
1.382485 284.387479 
1.412426 276.596986 
1.443015 268.931816 
1.474266 261.391967 
1.506195 253.979053 
1.538814 246.693924 
1.572141 239.536632 
1.606189 232.509796 
1.640974 225.613221 
1.676513 218.848832 
1.712821 212.217319 
1.749916 205.718594 
1.787814 199.354246 
1.826533 193.124816 
1.866090 187.030194 
1.906504 181.071461 
1.947794 175.247448 
1.989977 169.559505 
2.033075 164.006589 
2.077105 158.588739 
2.122089 153.305105 
2.168047 148.155370 
2.215001 143.138546 
2.262972 138.253653 
2.311981 133.499950 
2.362052 128.875651 
2.413207 124.379932 
2.465470 120.010956 
2.518865 115.767233 
2.573416 111.647051 
2.629149 107.648724 
2.686089 103.770353 
2.744262 100.009634 
2.803695 96.365076 
2.864414 92.833780 
2.926449 89.414114 
2.989828 86.103221 
3.054579 82.899302 
3.120732 79.799732 
3.188318 76.802075 
3.257368 73.903798 
3.327913 71.102501 
3.399986 68.395580 
3.473620 65.780548 
3.548848 63.255123 
3.625706 60.816433 
3.704229 58.462208 
3.784451 56.190037 
3.866412 53.997424 
3.950147 51.882131 
4.035696 49.841782 
4.123097 47.873967 
4.212391 45.976852 
4.303620 44.148038 
4.396824 42.385643 
4.492046 40.687534 
4.589331 39.051949 
4.688722 37.476941 
4.790267 35.960944 
4.894010 34.501958 
5.000000 33.098708 
