0.001000 27746.714192 
0.001077 29422.781873 
0.001159 31192.443992 
0.001248 33058.498278 
0.001343 35024.104714 
0.001446 37090.409656 
0.001557 39258.258279 
0.001676 41527.698703 
0.001804 43896.798956 
0.001943 46362.460227 
0.002091 48920.148802 
0.002251 51562.664868 
0.002424 54281.149931 
0.002609 57064.203514 
0.002809 59898.451919 
0.003024 62766.518357 
0.003256 65650.782635 
0.003505 68528.059310 
0.003773 71375.322411 
0.004062 74166.477807 
0.004373 76867.957119 
0.004708 79453.114252 
0.005069 81893.070682 
0.005457 84145.553985 
0.005875 86183.288181 
0.006325 87970.041942 
0.006809 89471.508995 
0.007330 90650.063008 
0.007891 91470.743733 
0.008496 91896.725281 
0.009146 91896.260931 
0.009846 91434.587277 
0.010600 90502.407153 
0.011412 89045.923019 
0.012286 87060.425844 
0.013226 84535.433956 
0.014239 81468.858453 
0.015329 77900.097482 
0.016503 73884.909860 
0.017767 69554.663058 
0.019127 64984.862372 
0.020592 60371.073932 
0.022168 55625.832491 
0.023866 50955.787407 
0.025693 46396.620078 
0.027660 42320.280701 
0.029778 38734.452390 
0.032058 35759.813497 
0.034513 33222.349750 
0.037155 31035.346432 
0.040000 29169.527506 
0.041074 28542.222747 
0.042148 27930.713975 
0.043221 27323.195015 
0.044295 26707.608955 
0.045369 26077.090897 
0.046443 25428.348428 
0.047517 24760.327848 
0.048591 24073.926980 
0.049664 23372.784349 
0.050738 22660.068405 
0.051812 21941.436172 
0.052886 21222.381068 
0.053960 20508.344983 
0.055034 19804.689144 
0.056107 19117.048193 
0.057181 18448.452489 
0.058255 17803.515045 
0.059329 17185.370056 
0.060403 16596.587812 
0.061477 16039.135537 
0.062550 15514.929193 
0.063624 15023.954506 
0.064698 14567.053162 
0.065772 14144.157371 
0.066846 13754.755131 
0.067919 13398.310556 
0.068993 13072.837542 
0.070067 12776.844340 
0.071141 12508.257788 
0.072215 12264.571719 
0.073289 12042.869899 
0.074362 11840.303160 
0.075436 11653.204146 
0.076510 11478.365030 
0.077584 11312.528573 
0.078658 11152.531661 
0.079732 10995.580489 
0.080805 10839.421569 
0.081879 10681.883776 
0.082953 10521.738637 
0.084027 10358.210403 
0.085101 10191.066943 
0.086174 10020.612070 
0.087248 9847.116814 
0.088322 9671.532393 
0.089396 9494.739323 
0.090470 9317.683911 
0.091544 9141.188130 
0.092617 8966.101826 
0.093691 8792.613042 
0.094765 8621.238168 
0.095839 8452.182702 
0.096913 8285.575589 
0.097987 8121.470368 
0.099060 7960.105576 
0.100134 7801.390105 
0.101208 7645.745241 
0.102282 7493.531753 
0.103356 7345.264308 
0.104430 7201.527135 
0.105503 7063.019288 
0.106577 6930.118532 
0.107651 6803.503319 
0.108725 6683.547755 
0.109799 6570.573732 
0.110872 6464.752184 
0.111946 6365.834769 
0.113020 6273.644860 
0.114094 6187.791974 
0.115168 6107.648473 
0.116242 6032.551675 
0.117315 5961.805053 
0.118389 5894.444331 
0.119463 5829.721696 
0.120537 5766.902617 
0.121611 5705.250306 
0.122685 5644.215134 
0.123758 5583.397900 
0.124832 5522.331131 
0.125906 5460.899729 
0.126980 5399.040833 
0.128054 5336.819981 
0.129128 5274.323163 
0.130201 5211.777973 
0.131275 5149.274584 
0.132349 5087.023074 
0.133423 5025.204538 
0.134497 4963.899847 
0.135570 4903.273242 
0.136644 4843.231192 
0.137718 4783.842938 
0.138792 4725.077005 
0.139866 4666.927912 
0.140940 4609.369168 
0.142013 4552.468946 
0.143087 4496.135348 
0.144161 4440.498619 
0.145235 4385.649311 
0.146309 4331.670724 
0.147383 4278.709671 
0.148456 4226.937541 
0.149530 4176.405188 
0.150604 4127.271490 
0.151678 4079.631618 
0.152752 4033.550576 
0.153826 3989.080221 
0.154899 3946.244523 
0.155973 3904.952758 
0.157047 3865.180291 
0.158121 3826.832265 
0.159195 3789.808313 
0.160268 3754.023659 
0.161342 3719.266803 
0.162416 3685.447648 
0.163490 3652.419965 
0.164564 3620.060216 
0.165638 3588.252281 
0.166711 3556.924781 
0.167785 3525.936915 
0.168859 3495.224502 
0.169933 3464.757602 
0.171007 3434.482552 
0.172081 3404.388851 
0.173154 3374.470803 
0.174228 3344.706680 
0.175302 3315.119559 
0.176376 3285.734608 
0.177450 3256.570273 
0.178523 3227.688614 
0.179597 3199.065086 
0.180671 3170.751647 
0.181745 3142.789695 
0.182819 3115.205458 
0.183893 3088.013999 
0.184966 3061.269050 
0.186040 3034.937769 
0.187114 3009.058164 
0.188188 2983.641013 
0.189262 2958.679070 
0.190336 2934.177214 
0.191409 2910.155192 
0.192483 2886.570712 
0.193557 2863.418089 
0.194631 2840.705664 
0.195705 2818.403886 
0.196779 2796.501501 
0.197852 2775.006335 
0.198926 2753.866680 
0.200000 2733.072107 
0.201000 2714.006595 
0.205353 2634.109125 
0.209800 2556.927521 
0.214344 2481.971824 
0.218986 2409.058864 
0.223729 2338.227559 
0.228574 2269.697013 
0.233524 2203.694310 
0.238582 2140.406701 
0.243749 2079.931546 
0.249028 2022.208906 
0.254421 1967.086041 
0.259931 1914.329182 
0.265560 1863.696070 
0.271312 1814.943799 
0.277187 1767.872672 
0.283190 1722.296131 
0.289324 1678.076711 
0.295589 1635.123727 
0.301991 1593.336352 
0.308531 1552.689459 
0.315213 1513.152122 
0.322040 1474.725696 
0.329014 1437.424010 
0.336140 1401.238386 
0.343420 1366.171704 
0.350857 1332.206597 
0.358456 1299.323953 
0.366219 1267.512793 
0.374150 1236.743089 
0.382253 1206.991201 
0.390531 1178.214556 
0.398989 1150.379571 
0.407630 1123.455036 
0.416458 1097.401158 
0.425478 1072.177379 
0.434692 1047.756084 
0.444106 1024.098267 
0.453724 1001.168819 
0.463551 978.932776 
0.473590 957.360540 
0.483846 936.423871 
0.494325 916.088998 
0.505031 896.327395 
0.515968 877.117375 
0.527143 858.428697 
0.538559 840.238332 
0.550223 822.433570 
0.562139 805.281747 
0.574313 788.452956 
0.586751 772.019111 
0.599459 755.751309 
0.612441 740.103558 
0.625705 724.802794 
0.639256 709.877800 
0.653100 695.215386 
0.667244 680.891333 
0.681695 666.907292 
0.696459 653.127043 
0.711542 639.672072 
0.726952 626.496500 
0.742696 613.274296 
0.758780 600.587884 
0.775213 588.129492 
0.792002 575.880097 
0.809154 563.735795 
0.826678 551.908303 
0.844582 540.282339 
0.862873 528.843828 
0.881560 517.584196 
0.900652 506.496802 
0.920158 495.575787 
0.940086 484.817155 
0.960445 474.214703 
0.981246 463.763257 
1.002497 453.458431 
1.024208 443.295591 
1.046389 433.273129 
1.069051 423.385117 
1.092204 413.630121 
1.115858 404.005234 
1.140024 394.509059 
1.164714 385.139059 
1.189938 375.893608 
1.215709 366.772061 
1.242037 357.773881 
1.268936 348.897256 
1.296418 340.144303 
1.324494 331.513671 
1.353179 323.005759 
1.382485 314.620950 
1.412426 306.360260 
1.443015 298.225044 
1.474266 290.216287 
1.506195 282.333992 
1.538814 274.580502 
1.572141 266.955516 
1.606189 259.461139 
1.640974 252.098527 
1.676513 244.868356 
1.712821 237.772131 
1.749916 230.810497 
1.787814 223.984054 
1.826533 217.293825 
1.866090 210.740206 
1.906504 204.324016 
1.947794 198.044360 
1.989977 191.902995 
2.033075 185.898552 
2.077105 180.031977 
2.122089 174.301886 
2.168047 168.708577 
2.215001 163.251139 
2.262972 157.928874 
2.311981 152.741007 
2.362052 147.686347 
2.413207 142.763723 
2.465470 137.971753 
2.518865 133.309389 
2.573416 128.774712 
2.629149 124.366612 
2.686089 120.082840 
2.744262 115.921879 
2.803695 111.881964 
2.864414 107.960474 
2.926449 104.156203 
2.989828 100.466276 
3.054579 96.888750 
3.120732 93.421377 
3.188318 90.062019 
3.257368 86.807810 
3.327913 83.656956 
3.399986 80.606570 
3.473620 77.654349 
3.548848 74.797970 
3.625706 72.034865 
3.704229 69.362423 
3.784451 66.778402 
3.866412 64.280353 
3.950147 61.865930 
4.035696 59.532612 
4.123097 57.278270 
4.212391 55.100670 
4.303620 52.997499 
4.396824 50.966774 
4.492046 49.006450 
4.589331 47.114476 
4.688722 45.289001 
4.790267 43.528318 
4.894010 41.830578 
5.000000 40.194262 
