0.001000 15681.665371 
0.001077 16832.330430 
0.001159 18054.853403 
0.001248 19351.464225 
0.001343 20724.106684 
0.001446 22174.431841 
0.001557 23704.135229 
0.001676 25314.135583 
0.001804 27005.241270 
0.001943 28777.554804 
0.002091 30630.669055 
0.002251 32563.424990 
0.002424 34573.633558 
0.002609 36658.376221 
0.002809 38813.459784 
0.003024 41032.777667 
0.003256 43309.931424 
0.003505 45635.811819 
0.003773 47999.548725 
0.004062 50390.391149 
0.004373 52789.711207 
0.004708 55181.366077 
0.005069 57552.156370 
0.005457 59869.234332 
0.005875 62113.497502 
0.006325 64252.882859 
0.006809 66259.514322 
0.007330 68102.269743 
0.007891 69744.244207 
0.008496 71140.814534 
0.009146 72253.805512 
0.009846 73031.126346 
0.010600 73467.548971 
0.011412 73469.832733 
0.012286 73062.917278 
0.013226 72166.203032 
0.014239 70807.200239 
0.015329 68991.889003 
0.016503 66659.054213 
0.017767 63920.040413 
0.019127 60774.404295 
0.020592 57396.344489 
0.022168 53879.871445 
0.023866 50309.899876 
0.025693 46788.640036 
0.027660 43486.834219 
0.029778 40551.026817 
0.032058 38025.705783 
0.034513 35895.730479 
0.037155 34067.799911 
0.040000 32379.286036 
0.041074 31772.073607 
0.042148 31167.559593 
0.043221 30559.892470 
0.044295 29943.001899 
0.045369 29314.270505 
0.046443 28672.143692 
0.047517 28015.654911 
0.048591 27345.432876 
0.049664 26663.801382 
0.050738 25971.683847 
0.051812 25272.805977 
0.052886 24570.650749 
0.053960 23869.053548 
0.055034 23172.047379 
0.056107 22484.486959 
0.057181 21808.979066 
0.058255 21150.139773 
0.059329 20511.619782 
0.060403 19896.634536 
0.061477 19308.112533 
0.062550 18748.943429 
0.063624 18219.986627 
0.064698 17723.148996 
0.065772 17259.194639 
0.066846 16828.332792 
0.067919 16430.590414 
0.068993 16064.453849 
0.070067 15728.856172 
0.071141 15422.100774 
0.072215 15142.050218 
0.073289 14886.133594 
0.074362 14651.901855 
0.075436 14435.983775 
0.076510 14235.548424 
0.077584 14047.573647 
0.078658 13869.011420 
0.079732 13696.857996 
0.080805 13528.623089 
0.081879 13361.388865 
0.082953 13193.060439 
0.084027 13021.777411 
0.085101 12846.060019 
0.086174 12664.991514 
0.087248 12477.666181 
0.088322 12284.081845 
0.089396 12084.600241 
0.090470 11879.974827 
0.091544 11671.318197 
0.092617 11460.267710 
0.093691 11248.032109 
0.094765 11036.533078 
0.095839 10827.536771 
0.096913 10622.635521 
0.097987 10423.216340 
0.099060 10230.592912 
0.100134 10045.251521 
0.101208 9867.900902 
0.102282 9698.687838 
0.103356 9537.565014 
0.104430 9384.222334 
0.105503 9238.329395 
0.106577 9099.106700 
0.107651 8966.172258 
0.108725 8838.972405 
0.109799 8717.112564 
0.110872 8600.339229 
0.111946 8488.154411 
0.113020 8380.456923 
0.114094 8277.107137 
0.115168 8177.892358 
0.116242 8082.613164 
0.117315 7991.154375 
0.118389 7903.020310 
0.119463 7817.935555 
0.120537 7735.535139 
0.121611 7655.361886 
0.122685 7577.031714 
0.123758 7500.173536 
0.124832 7424.257937 
0.125906 7349.009360 
0.126980 7274.178293 
0.128054 7199.552831 
0.129128 7124.966525 
0.130201 7050.406064 
0.131275 6975.683752 
0.132349 6900.858389 
0.133423 6825.976833 
0.134497 6751.062655 
0.135570 6676.285586 
0.136644 6601.568957 
0.137718 6527.100814 
0.138792 6452.999407 
0.139866 6379.408077 
0.140940 6306.453197 
0.142013 6234.387176 
0.143087 6163.230955 
0.144161 6093.241650 
0.145235 6024.614125 
0.146309 5957.487715 
0.147383 5892.034505 
0.148456 5828.438598 
0.149530 5766.710385 
0.150604 5706.972448 
0.151678 5649.273864 
0.152752 5593.581700 
0.153826 5539.911942 
0.154899 5488.186640 
0.155973 5438.236337 
0.157047 5389.986374 
0.158121 5343.266803 
0.159195 5297.944032 
0.160268 5253.883959 
0.161342 5210.836518 
0.162416 5168.699210 
0.163490 5127.318097 
0.164564 5086.572352 
0.165638 5046.346060 
0.166711 5006.587785 
0.167785 4967.158343 
0.168859 4928.021338 
0.169933 4889.165040 
0.171007 4850.559578 
0.172081 4812.209669 
0.173154 4774.142843 
0.174228 4736.332541 
0.175302 4698.819653 
0.176376 4661.654291 
0.177450 4624.835664 
0.178523 4588.456388 
0.179597 4552.467532 
0.180671 4516.923309 
0.181745 4481.865785 
0.182819 4447.319969 
0.183893 4413.266904 
0.184966 4379.788310 
0.186040 4346.801090 
0.187114 4314.357156 
0.188188 4282.445662 
0.189262 4251.058585 
0.190336 4220.182562 
0.191409 4189.846265 
0.192483 4159.978003 
0.193557 4130.574735 
0.194631 4101.647828 
0.195705 4073.151125 
0.196779 4045.074004 
0.197852 4017.439949 
0.198926 3990.173357 
0.200000 3963.277355 
0.201000 3938.559884 
0.205353 3834.380319 
0.209800 3733.180912 
0.214344 3634.859354 
0.218986 3539.574664 
0.223729 3447.605342 
0.228574 3359.224563 
0.233524 3274.602846 
0.238582 3193.744292 
0.243749 3116.545544 
0.249028 3042.710286 
0.254421 2971.906364 
0.259931 2903.731904 
0.265560 2837.843280 
0.271312 2773.922786 
0.277187 2711.741588 
0.283190 2651.105884 
0.289324 2591.915648 
0.295589 2534.132445 
0.301991 2477.696903 
0.308531 2422.640473 
0.315213 2368.946740 
0.322040 2316.630480 
0.329014 2265.711884 
0.336140 2216.172636 
0.343420 2168.021161 
0.350857 2121.223795 
0.358456 2075.768468 
0.366219 2031.620068 
0.374150 1988.745519 
0.382253 1947.110217 
0.390531 1906.666437 
0.398989 1867.375471 
0.407630 1829.197245 
0.416458 1792.081002 
0.425478 1755.983954 
0.434692 1720.869890 
0.444106 1686.686944 
0.453724 1653.393479 
0.463551 1620.938580 
0.473590 1589.289803 
0.483846 1558.403677 
0.494325 1528.233677 
0.505031 1498.745562 
0.515968 1469.902388 
0.527143 1441.666947 
0.538559 1414.011040 
0.550223 1387.103261 
0.562139 1360.530507 
0.574313 1334.419772 
0.586751 1308.683128 
0.599459 1283.565880 
0.612441 1258.710734 
0.625705 1234.345977 
0.639256 1210.295244 
0.653100 1186.548350 
0.667244 1163.189249 
0.681695 1140.089418 
0.696459 1117.433741 
0.711542 1095.055939 
0.726952 1072.995797 
0.742696 1051.185144 
0.758780 1029.668652 
0.775213 1008.420976 
0.792002 987.465841 
0.809154 966.769566 
0.826678 946.211587 
0.844582 925.965405 
0.862873 905.956105 
0.881560 886.181379 
0.900652 866.632862 
0.920158 847.309030 
0.940086 828.211222 
0.960445 809.334970 
0.981246 790.679693 
1.002497 772.242173 
1.024208 754.021913 
1.046389 736.022993 
1.069051 718.241611 
1.092204 700.679934 
1.115858 683.339431 
1.140024 666.224546 
1.164714 649.332821 
1.189938 632.669853 
1.215709 616.237869 
1.242037 600.039771 
1.268936 584.077111 
1.296418 568.355696 
1.324494 552.877862 
1.353179 537.647186 
1.382485 522.665779 
1.412426 507.937456 
1.443015 493.466873 
1.474266 479.255843 
1.506195 465.307142 
1.538814 451.624542 
1.572141 438.207601 
1.606189 425.059838 
1.640974 412.183153 
1.676513 399.578527 
1.712821 387.247111 
1.749916 375.187662 
1.787814 363.402574 
1.826533 351.891052 
1.866090 340.651565 
1.906504 329.684581 
1.947794 318.987275 
1.989977 308.558421 
2.033075 298.396988 
2.077105 288.499947 
2.122089 278.864299 
2.168047 269.487693 
2.215001 260.367541 
2.262972 251.499133 
2.311981 242.880775 
2.362052 234.507161 
2.413207 226.375063 
2.465470 218.480467 
2.518865 210.818509 
2.573416 203.385654 
2.629149 196.177274 
2.686089 189.188863 
2.744262 182.415683 
2.803695 175.852899 
2.864414 169.496025 
2.926449 163.340627 
2.989828 157.380976 
3.054579 151.613425 
3.120732 146.032747 
3.188318 140.633895 
3.257368 135.412580 
3.327913 130.363985 
3.399986 125.483325 
3.473620 120.766084 
3.548848 116.207744 
3.625706 111.803937 
3.704229 107.549833 
3.784451 103.441575 
3.866412 99.474686 
3.950147 95.645216 
4.035696 91.948849 
4.123097 88.381500 
4.212391 84.939795 
4.303620 81.619626 
4.396824 78.417292 
4.492046 75.329359 
4.589331 72.352649 
4.688722 69.483548 
4.790267 66.719257 
4.894010 64.056561 
5.000000 61.492945 
