0.001000 32758.967024 
0.001077 34514.015164 
0.001159 36366.558024 
0.001248 38321.291768 
0.001343 40382.010822 
0.001446 42551.872388 
0.001557 44832.844373 
0.001676 47225.525459 
0.001804 49729.376464 
0.001943 52342.908400 
0.002091 55062.610572 
0.002251 57883.037390 
0.002424 60798.669332 
0.002609 63799.866128 
0.002809 66876.865451 
0.003024 70015.852142 
0.003256 73203.686019 
0.003505 76418.727037 
0.003773 79645.062719 
0.004062 82858.878339 
0.004373 86026.459255 
0.004708 89122.546026 
0.005069 92115.223074 
0.005457 94958.526828 
0.005875 97617.764045 
0.006325 100040.400568 
0.006809 102186.044268 
0.007330 104011.128354 
0.007891 105441.779579 
0.008496 106431.243678 
0.009146 106903.305967 
0.009846 106850.597876 
0.010600 106209.316328 
0.011412 104911.437232 
0.012286 102889.403207 
0.013226 100183.941277 
0.014239 96783.627457 
0.015329 92782.005910 
0.016503 88199.432341 
0.017767 83073.400050 
0.019127 77593.060154 
0.020592 71855.374510 
0.022168 66190.096706 
0.023866 60700.443837 
0.025693 55517.754544 
0.027660 50945.252332 
0.029778 47061.254006 
0.032058 43903.125844 
0.034513 41336.945772 
0.037155 39209.956094 
0.040000 37330.951339 
0.041074 36656.730888 
0.042148 35973.211116 
0.043221 35267.070755 
0.044295 34526.630798 
0.045369 33746.795378 
0.046443 32925.509953 
0.047517 32063.926929 
0.048591 31166.948651 
0.049664 30242.003781 
0.050738 29295.511988 
0.051812 28337.632359 
0.052886 27378.196868 
0.053960 26426.720634 
0.055034 25492.105420 
0.056107 24583.773494 
0.057181 23707.334688 
0.058255 22869.929263 
0.059329 22076.449507 
0.060403 21330.812337 
0.061477 20635.704188 
0.062550 19993.163172 
0.063624 19402.480737 
0.064698 18863.793552 
0.065772 18375.620867 
0.066846 17935.751497 
0.067919 17541.616509 
0.068993 17188.989424 
0.070067 16874.030668 
0.071141 16592.282515 
0.072215 16338.841673 
0.073289 16108.630813 
0.074362 15896.816731 
0.075436 15697.873846 
0.076510 15507.220381 
0.077584 15320.474210 
0.078658 15133.726509 
0.079732 14943.706059 
0.080805 14748.129049 
0.081879 14544.900481 
0.082953 14333.174708 
0.084027 14112.756308 
0.085101 13884.036112 
0.086174 13648.142525 
0.087248 13405.952929 
0.088322 13159.295160 
0.089396 12909.883612 
0.090470 12659.527765 
0.091544 12409.914229 
0.092617 12162.941232 
0.093691 11919.587063 
0.094765 11681.411014 
0.095839 11449.558164 
0.096913 11224.974552 
0.097987 11008.378593 
0.099060 10800.516050 
0.100134 10601.392828 
0.101208 10411.497272 
0.102282 10230.844525 
0.103356 10059.388108 
0.104430 9896.964125 
0.105503 9743.438301 
0.106577 9598.184965 
0.107651 9460.957365 
0.108725 9331.280083 
0.109799 9208.717563 
0.110872 9092.829284 
0.111946 8982.844272 
0.113020 8878.300461 
0.114094 8778.596270 
0.115168 8683.057359 
0.116242 8590.969115 
0.117315 8501.757168 
0.118389 8414.522212 
0.119463 8328.628153 
0.120537 8243.495676 
0.121611 8158.492793 
0.122685 8073.184841 
0.123758 7987.328594 
0.124832 7900.485490 
0.125906 7812.679355 
0.126980 7723.948154 
0.128054 7634.482388 
0.129128 7544.508081 
0.130201 7454.408146 
0.131275 7364.411324 
0.132349 7274.942495 
0.133423 7186.387903 
0.134497 7099.035816 
0.135570 7013.287459 
0.136644 6929.211957 
0.137718 6847.027025 
0.138792 6766.891662 
0.139866 6688.866321 
0.140940 6612.980933 
0.142013 6539.290214 
0.143087 6467.603763 
0.144161 6397.940384 
0.145235 6330.259017 
0.146309 6264.427960 
0.147383 6200.384592 
0.148456 6138.094651 
0.149530 6077.381316 
0.150604 6018.213255 
0.151678 5960.538373 
0.152752 5904.261852 
0.153826 5849.343196 
0.154899 5795.752234 
0.155973 5743.363189 
0.157047 5692.140620 
0.158121 5642.022620 
0.159195 5592.971837 
0.160268 5544.958316 
0.161342 5497.812645 
0.162416 5451.528402 
0.163490 5406.031561 
0.164564 5361.268715 
0.165638 5317.158191 
0.166711 5273.694873 
0.167785 5230.748049 
0.168859 5188.277637 
0.169933 5146.290221 
0.171007 5104.723194 
0.172081 5063.570737 
0.173154 5022.830348 
0.174228 4982.456688 
0.175302 4942.466508 
0.176376 4902.889786 
0.177450 4863.711521 
0.178523 4825.002256 
0.179597 4786.714711 
0.180671 4748.895295 
0.181745 4711.580008 
0.182819 4674.793129 
0.183893 4638.533647 
0.184966 4602.877756 
0.186040 4567.758424 
0.187114 4533.228092 
0.188188 4499.285227 
0.189262 4465.932864 
0.190336 4433.164621 
0.191409 4401.017577 
0.192483 4369.417743 
0.193557 4338.369827 
0.194631 4307.877122 
0.195705 4277.903499 
0.196779 4248.439452 
0.197852 4219.490678 
0.198926 4190.984003 
0.200000 4162.913996 
0.201000 4137.157789 
0.205353 4028.880459 
0.209800 3923.844655 
0.214344 3821.520291 
0.218986 3721.863092 
0.223729 3625.154417 
0.228574 3531.852802 
0.233524 3442.381976 
0.238582 3356.989878 
0.243749 3275.695331 
0.249028 3198.266848 
0.254421 3124.327540 
0.259931 3053.382108 
0.265560 2984.974742 
0.271312 2918.661882 
0.277187 2854.148405 
0.283190 2791.166628 
0.289324 2729.599554 
0.295589 2669.419146 
0.301991 2610.600484 
0.308531 2553.219817 
0.315213 2497.303620 
0.322040 2442.895422 
0.329014 2390.031197 
0.336140 2338.691918 
0.343420 2288.875458 
0.350857 2240.538938 
0.358456 2193.639904 
0.366219 2148.125726 
0.374150 2103.938871 
0.382253 2061.020561 
0.390531 2019.304040 
0.398989 1978.736861 
0.407630 1939.276352 
0.416458 1900.860334 
0.425478 1863.445368 
0.434692 1826.995218 
0.444106 1791.462176 
0.453724 1756.811454 
0.463551 1722.995451 
0.473590 1689.986445 
0.483846 1657.750032 
0.494325 1626.238566 
0.505031 1595.426080 
0.515968 1565.278388 
0.527143 1535.764502 
0.538559 1506.849401 
0.550223 1478.505324 
0.562139 1450.609063 
0.574313 1423.351677 
0.586751 1396.545017 
0.599459 1370.243374 
0.612441 1344.333866 
0.625705 1318.926397 
0.639256 1293.869870 
0.653100 1269.132825 
0.667244 1244.835123 
0.681695 1220.844219 
0.696459 1197.241237 
0.711542 1173.929057 
0.726952 1150.926239 
0.742696 1128.135566 
0.758780 1105.731595 
0.775213 1083.608484 
0.792002 1061.747862 
0.809154 1040.168070 
0.826678 1018.904097 
0.844582 997.823018 
0.862873 976.990370 
0.881560 956.397707 
0.900652 936.042545 
0.920158 915.918209 
0.940086 896.027651 
0.960445 876.363630 
0.981246 856.927132 
1.002497 837.713759 
1.024208 818.722177 
1.046389 799.955926 
1.069051 781.411310 
1.092204 763.091134 
1.115858 744.996749 
1.140024 727.128946 
1.164714 709.488112 
1.189938 692.078176 
1.215709 674.901090 
1.242037 657.959599 
1.268936 641.256390 
1.296418 624.795504 
1.324494 608.579810 
1.353179 592.612264 
1.382485 576.894781 
1.412426 561.431947 
1.443015 546.226901 
1.474266 531.282328 
1.506195 516.600808 
1.538814 502.185496 
1.572141 488.036396 
1.606189 474.157095 
1.640974 460.549310 
1.676513 447.213599 
1.712821 434.151533 
1.749916 421.362586 
1.787814 408.847322 
1.826533 396.606365 
1.866090 384.638781 
1.906504 372.943416 
1.947794 361.518244 
1.989977 350.363209 
2.033075 339.475950 
2.077105 328.854427 
2.122089 318.495508 
2.168047 308.397449 
2.215001 298.556446 
2.262972 288.970465 
2.311981 279.635974 
2.362052 270.548559 
2.413207 261.705304 
2.465470 253.102112 
2.518865 244.735091 
2.573416 236.600115 
2.629149 228.693670 
2.686089 221.011029 
2.744262 213.547829 
2.803695 206.300280 
2.864414 199.262983 
2.926449 192.432747 
2.989828 185.804112 
3.054579 179.373524 
3.120732 173.136161 
3.188318 167.087717 
3.257368 161.223938 
3.327913 155.540423 
3.399986 150.032875 
3.473620 144.696800 
3.548848 139.528415 
3.625706 134.523245 
3.704229 129.677184 
3.784451 124.986205 
3.866412 120.446164 
3.950147 116.053213 
4.035696 111.803227 
4.123097 107.692257 
4.212391 103.716725 
4.303620 99.872769 
4.396824 96.156836 
4.492046 92.565063 
4.589331 89.094380 
4.688722 85.741358 
4.790267 82.502914 
4.894010 79.375932 
5.000000 76.358031 
