0.001000 59745.852168 
0.001077 62794.731323 
0.001159 65964.933173 
0.001248 69257.121971 
0.001343 72671.949561 
0.001446 76207.903215 
0.001557 79861.993859 
0.001676 83630.904074 
0.001804 87509.167291 
0.001943 91490.127002 
0.002091 95564.284752 
0.002251 99721.136985 
0.002424 103946.680815 
0.002609 108225.635365 
0.002809 112538.604657 
0.003024 116864.462059 
0.003256 121177.616360 
0.003505 125448.247347 
0.003773 129646.994535 
0.004062 133740.550530 
0.004373 137682.752155 
0.004708 141437.311272 
0.005069 144960.600073 
0.005457 148192.515318 
0.005875 151089.509577 
0.006325 153593.163835 
0.006809 155646.362252 
0.007330 157182.603465 
0.007891 158147.494474 
0.008496 158461.055809 
0.009146 158065.185902 
0.009846 156874.179158 
0.010600 154853.413102 
0.011412 151962.139681 
0.012286 148166.254555 
0.013226 143472.234246 
0.014239 137897.025111 
0.015329 131426.859812 
0.016503 124329.099371 
0.017767 116550.010516 
0.019127 108337.827208 
0.020592 99999.228461 
0.022168 91534.838691 
0.023866 83531.426000 
0.025693 75938.230205 
0.027660 69146.399986 
0.029778 63382.469390 
0.032058 58605.561558 
0.034513 54715.887780 
0.037155 51491.084735 
0.040000 48585.272149 
0.041074 47547.114610 
0.042148 46512.777899 
0.043221 45470.871203 
0.044295 44411.143006 
0.045369 43328.622191 
0.046443 42221.360677 
0.047517 41089.593662 
0.048591 39936.294199 
0.049664 38766.584836 
0.050738 37583.810115 
0.051812 36395.487618 
0.052886 35208.888834 
0.053960 34031.519591 
0.055034 32870.446593 
0.056107 31734.243019 
0.057181 30627.591264 
0.058255 29558.064171 
0.059329 28531.404394 
0.060403 27552.749359 
0.061477 26626.253741 
0.062550 25755.937617 
0.063624 24942.368029 
0.064698 24187.733019 
0.065772 23492.285748 
0.066846 22855.311618 
0.067919 22275.765186 
0.068993 21750.153324 
0.070067 21275.610078 
0.071141 20848.231617 
0.072215 20463.282143 
0.073289 20115.593174 
0.074362 19799.926055 
0.075436 19510.068154 
0.076510 19240.498386 
0.077584 18985.692843 
0.078658 18740.485033 
0.079732 18500.087796 
0.080805 18260.886324 
0.081879 18019.114261 
0.082953 17772.643926 
0.084027 17519.944232 
0.085101 17260.283033 
0.086174 16993.860922 
0.087248 16720.703332 
0.088322 16442.147310 
0.089396 16159.488166 
0.090470 15874.264468 
0.091544 15587.984726 
0.092617 15302.476012 
0.093691 15018.540493 
0.094765 14737.753157 
0.095839 14461.272084 
0.096913 14190.022963 
0.097987 13924.831489 
0.099060 13666.656348 
0.100134 13415.659293 
0.101208 13172.719353 
0.102282 12938.247139 
0.103356 12712.787061 
0.104430 12496.667977 
0.105503 12290.366543 
0.106577 12093.681334 
0.107651 11906.878774 
0.108725 11729.777175 
0.109799 11562.173334 
0.110872 11403.750048 
0.111946 11253.646165 
0.113020 11111.304894 
0.114094 10975.998246 
0.115168 10846.744089 
0.116242 10722.704807 
0.117315 10603.115630 
0.118389 10486.870587 
0.119463 10373.268017 
0.120537 10261.656826 
0.121611 10151.439271 
0.122685 10042.200392 
0.123758 9933.718338 
0.124832 9825.599105 
0.125906 9717.856519 
0.126980 9610.593671 
0.128054 9503.922097 
0.129128 9397.975428 
0.130201 9293.028286 
0.131275 9189.149859 
0.132349 9086.546441 
0.133423 8985.404362 
0.134497 8885.785696 
0.135570 8787.895104 
0.136644 8691.503144 
0.137718 8596.686335 
0.138792 8503.424243 
0.139866 8411.645536 
0.140940 8321.277531 
0.142013 8232.388982 
0.143087 8144.770214 
0.144161 8058.489626 
0.145235 7973.599764 
0.146309 7890.138285 
0.147383 7808.185523 
0.148456 7727.886439 
0.149530 7649.204373 
0.150604 7572.307873 
0.151678 7497.280226 
0.152752 7424.173954 
0.153826 7353.040862 
0.154899 7283.965962 
0.155973 7216.818939 
0.157047 7151.635328 
0.158121 7088.331684 
0.159195 7026.860569 
0.160268 6967.139254 
0.161342 6908.957406 
0.162416 6852.227789 
0.163490 6796.809262 
0.164564 6742.557863 
0.165638 6689.345363 
0.166711 6637.082242 
0.167785 6585.565693 
0.168859 6534.681952 
0.169933 6484.384143 
0.171007 6434.590864 
0.172081 6385.228019 
0.173154 6336.296745 
0.174228 6287.682144 
0.175302 6239.415820 
0.176376 6191.519901 
0.177450 6143.970571 
0.178523 6096.845559 
0.179597 6050.094455 
0.180671 6003.795452 
0.181745 5957.966094 
0.182819 5912.672667 
0.183893 5867.924833 
0.184966 5823.811535 
0.186040 5780.269937 
0.187114 5737.380213 
0.188188 5695.154952 
0.189262 5653.602928 
0.190336 5612.748506 
0.191409 5572.609498 
0.192483 5533.137586 
0.193557 5494.330515 
0.194631 5456.210246 
0.195705 5418.735020 
0.196779 5381.901165 
0.197852 5345.714512 
0.198926 5310.077349 
0.200000 5275.019662 
0.201000 5242.863662 
0.205353 5107.911486 
0.209800 4977.415254 
0.214344 4850.703778 
0.218986 4727.634936 
0.223729 4608.512319 
0.228574 4493.820965 
0.233524 4384.000141 
0.238582 4279.264823 
0.243749 4179.560443 
0.249028 4084.465924 
0.254421 3993.411457 
0.259931 3905.719535 
0.265560 3820.755996 
0.271312 3737.967532 
0.277187 3657.023543 
0.283190 3577.655206 
0.289324 3499.789567 
0.295589 3423.471484 
0.301991 3348.720721 
0.308531 3275.667975 
0.315213 3204.374177 
0.322040 3134.884712 
0.329014 3067.243147 
0.336140 3001.393639 
0.343420 2937.306815 
0.350857 2874.899632 
0.358456 2814.095030 
0.366219 2754.804158 
0.374150 2696.951863 
0.382253 2640.461588 
0.390531 2585.252079 
0.398989 2531.269067 
0.407630 2478.467466 
0.416458 2426.789584 
0.425478 2376.198983 
0.434692 2326.664971 
0.444106 2278.151277 
0.453724 2230.616287 
0.463551 2184.027492 
0.473590 2138.348049 
0.483846 2093.553907 
0.494325 2049.596896 
0.505031 2006.446698 
0.515968 1964.071805 
0.527143 1922.431273 
0.538559 1881.503671 
0.550223 1840.915005 
0.562139 1801.298043 
0.574313 1762.336983 
0.586751 1724.003467 
0.599459 1686.113682 
0.612441 1648.877580 
0.625705 1612.383943 
0.639256 1576.214892 
0.653100 1540.559525 
0.667244 1505.342322 
0.681695 1470.856109 
0.696459 1436.559173 
0.711542 1402.778609 
0.726952 1369.468233 
0.742696 1336.390829 
0.758780 1303.978235 
0.775213 1272.013531 
0.792002 1240.515927 
0.809154 1209.583640 
0.826678 1178.901519 
0.844582 1148.713152 
0.862873 1118.971032 
0.881560 1089.672774 
0.900652 1060.819814 
0.920158 1032.410735 
0.940086 1004.450622 
0.960445 976.943385 
0.981246 949.887247 
1.002497 923.282907 
1.024208 897.135152 
1.046389 871.448096 
1.069051 846.217399 
1.092204 821.452043 
1.115858 797.152570 
1.140024 773.321619 
1.164714 749.960139 
1.189938 727.071412 
1.215709 704.657164 
1.242037 682.717803 
1.268936 661.254764 
1.296418 640.270896 
1.324494 619.764785 
1.353179 599.735890 
1.382485 580.183970 
1.412426 561.107312 
1.443015 542.507106 
1.474266 524.379055 
1.506195 506.720274 
1.538814 489.528564 
1.572141 472.797288 
1.606189 456.524270 
1.640974 440.704984 
1.676513 425.333464 
1.712821 410.403891 
1.749916 395.909494 
1.787814 381.844226 
1.826533 368.200939 
1.866090 354.972356 
1.906504 342.150061 
1.947794 329.726718 
1.989977 317.695071 
2.033075 306.045388 
2.077105 294.770254 
2.122089 283.860146 
2.168047 273.306815 
2.215001 263.101605 
2.262972 253.235997 
2.311981 243.701009 
2.362052 234.487556 
2.413207 225.587547 
2.465470 216.991774 
2.518865 208.691643 
2.573416 200.679003 
2.629149 192.945820 
2.686089 185.483198 
2.744262 178.283099 
2.803695 171.338183 
2.864414 164.639564 
2.926449 158.180456 
2.989828 151.952617 
3.054579 145.949451 
3.120732 140.163775 
3.188318 134.588074 
3.257368 129.215922 
3.327913 124.040849 
3.399986 119.056031 
3.473620 114.255482 
3.548848 109.633180 
3.625706 105.183201 
3.704229 100.899587 
3.784451 96.776895 
3.866412 92.809868 
3.950147 88.993140 
4.035696 85.321501 
4.123097 81.790079 
4.212391 78.394368 
4.303620 75.129194 
4.396824 71.990556 
4.492046 68.973876 
4.589331 66.075293 
4.688722 63.290633 
4.790267 60.616010 
4.894010 58.047877 
5.000000 55.582925 
