0.001000 66418.569039 
0.001077 70421.929283 
0.001159 74624.060206 
0.001248 79026.282743 
0.001343 83629.842632 
0.001446 88433.001985 
0.001557 93431.924744 
0.001676 98619.948448 
0.001804 103986.781949 
0.001943 109519.758139 
0.002091 115201.044668 
0.002251 121008.188217 
0.002424 126914.920467 
0.002609 132889.121062 
0.002809 138894.543365 
0.003024 144888.625193 
0.003256 150827.235398 
0.003505 156656.129844 
0.003773 162323.427332 
0.004062 167772.696334 
0.004373 172933.610602 
0.004708 177752.630979 
0.005069 182164.283385 
0.005457 186091.359028 
0.005875 189475.674022 
0.006325 192243.717484 
0.006809 194335.742439 
0.007330 195682.279603 
0.007891 196234.505883 
0.008496 195922.356194 
0.009146 194693.577870 
0.009846 192463.822137 
0.010600 189164.762950 
0.011412 184766.605149 
0.012286 179254.281454 
0.013226 172756.604386 
0.014239 165239.051413 
0.015329 156838.536316 
0.016503 147695.792376 
0.017767 138108.703235 
0.019127 128064.584686 
0.020592 117908.701239 
0.022168 107611.736659 
0.023866 97882.792322 
0.025693 88715.458641 
0.027660 80625.110945 
0.029778 73651.172818 
0.032058 67810.047629 
0.034513 62842.252062 
0.037155 58635.642053 
0.040000 54896.146233 
0.041074 53563.805541 
0.042148 52227.895889 
0.043221 50877.131202 
0.044295 49502.288704 
0.045369 48102.169967 
0.046443 46681.054938 
0.047517 45246.654648 
0.048591 43807.827802 
0.049664 42375.524183 
0.050738 40957.370654 
0.051812 39563.404932 
0.052886 38201.904418 
0.053960 36879.906447 
0.055034 35602.639043 
0.056107 34375.695163 
0.057181 33199.993103 
0.058255 32079.004007 
0.059329 31014.012340 
0.060403 30005.983707 
0.061477 29055.183749 
0.062550 28162.350163 
0.063624 27325.583958 
0.064698 26545.063838 
0.065772 25819.693611 
0.066846 25148.009472 
0.067919 24528.730921 
0.068993 23958.633511 
0.070067 23435.146354 
0.071141 22954.940389 
0.072215 22513.850783 
0.073289 22107.204657 
0.074362 21730.346505 
0.075436 21377.159101 
0.076510 21042.514343 
0.077584 20721.179278 
0.078658 20408.275773 
0.079732 20099.494542 
0.080805 19791.916513 
0.081879 19482.622201 
0.082953 19170.475324 
0.084027 18855.187612 
0.085101 18537.303567 
0.086174 18218.207007 
0.087248 17898.896837 
0.088322 17581.343627 
0.089396 17267.196221 
0.090470 16957.887358 
0.091544 16654.308159 
0.092617 16357.367989 
0.093691 16066.594177 
0.094765 15782.110470 
0.095839 15503.496773 
0.096913 15230.313271 
0.097987 14962.093003 
0.099060 14698.810366 
0.100134 14440.127187 
0.101208 14186.614860 
0.102282 13938.896413 
0.103356 13697.880650 
0.104430 13464.548292 
0.105503 13240.077498 
0.106577 13024.932070 
0.107651 12819.935900 
0.108725 12625.341526 
0.109799 12441.117243 
0.110872 12267.023818 
0.111946 12101.970124 
0.113020 11945.163296 
0.114094 11795.598725 
0.115168 11652.000728 
0.116242 11513.251220 
0.117315 11378.525720 
0.118389 11246.665182 
0.119463 11117.112291 
0.120537 10989.401533 
0.121611 10863.192424 
0.122685 10738.368727 
0.123758 10614.978824 
0.124832 10492.784530 
0.125906 10371.972695 
0.126980 10252.671736 
0.128054 10134.965062 
0.129128 10018.890092 
0.130201 9904.606511 
0.131275 9791.974521 
0.132349 9681.096942 
0.133423 9572.045052 
0.134497 9464.739992 
0.135570 9359.347935 
0.136644 9255.654807 
0.137718 9153.770430 
0.138792 9053.720759 
0.139866 8955.520842 
0.140940 8859.173796 
0.142013 8764.793874 
0.143087 8672.169578 
0.144161 8581.453564 
0.145235 8492.610440 
0.146309 8405.620389 
0.147383 8320.483097 
0.148456 8237.226451 
0.149530 8155.721329 
0.150604 8075.985547 
0.151678 7998.009272 
0.152752 7921.735072 
0.153826 7847.158391 
0.154899 7774.283396 
0.155973 7702.964397 
0.157047 7633.248949 
0.158121 7565.036346 
0.159195 7498.343016 
0.160268 7433.135406 
0.161342 7369.272071 
0.162416 7306.728422 
0.163490 7245.456629 
0.164564 7185.373105 
0.165638 7126.417108 
0.166711 7068.559153 
0.167785 7011.650076 
0.168859 6955.631770 
0.169933 6900.463778 
0.171007 6846.090615 
0.172081 6792.434269 
0.173154 6739.490931 
0.174228 6687.156246 
0.175302 6635.433176 
0.176376 6584.296072 
0.177450 6533.716246 
0.178523 6483.738873 
0.179597 6434.263411 
0.180671 6385.339020 
0.181745 6336.965362 
0.182819 6289.180864 
0.183893 6241.960870 
0.184966 6195.389141 
0.186040 6149.362683 
0.187114 6103.965838 
0.188188 6059.202726 
0.189262 6015.067166 
0.190336 5971.566285 
0.191409 5928.768899 
0.192483 5886.574576 
0.193557 5845.026438 
0.194631 5804.130108 
0.195705 5763.865342 
0.196779 5724.228539 
0.197852 5685.248609 
0.198926 5646.852679 
0.200000 5609.033318 
0.201000 5574.334980 
0.205353 5428.816548 
0.209800 5288.581517 
0.214344 5153.090134 
0.218986 5022.095471 
0.223729 4895.573521 
0.228574 4773.647562 
0.233524 4656.451936 
0.238582 4544.008177 
0.243749 4436.186649 
0.249028 4332.667466 
0.254421 4233.026647 
0.259931 4136.819183 
0.265560 4043.639298 
0.271312 3953.134880 
0.277187 3865.075574 
0.283190 3779.240071 
0.289324 3695.516053 
0.295589 3613.842240 
0.301991 3534.142240 
0.308531 3456.427495 
0.315213 3380.693592 
0.322040 3306.928267 
0.329014 3235.130963 
0.336140 3165.232713 
0.343420 3097.196370 
0.350857 3030.936854 
0.358456 2966.403957 
0.366219 2903.531376 
0.374150 2842.249143 
0.382253 2782.496469 
0.390531 2724.195307 
0.398989 2667.289260 
0.407630 2611.723756 
0.416458 2557.432200 
0.425478 2504.355508 
0.434692 2452.453953 
0.444106 2401.664068 
0.453724 2351.927918 
0.463551 2303.189923 
0.473590 2255.403970 
0.483846 2208.522924 
0.494325 2162.490979 
0.505031 2117.265509 
0.515968 2072.803001 
0.527143 2029.065041 
0.538559 1986.014659 
0.550223 1943.310879 
0.562139 1901.539881 
0.574313 1860.389093 
0.586751 1819.802423 
0.599459 1779.491690 
0.612441 1739.352880 
0.625705 1700.215224 
0.639256 1661.826886 
0.653100 1623.859938 
0.667244 1586.429203 
0.681695 1549.857286 
0.696459 1513.231274 
0.711542 1477.219230 
0.726952 1441.673216 
0.742696 1406.551854 
0.758780 1371.955106 
0.775213 1337.827086 
0.792002 1304.143739 
0.809154 1270.885707 
0.826678 1238.153488 
0.844582 1205.917446 
0.862873 1174.159428 
0.881560 1142.878898 
0.900652 1112.079080 
0.920158 1081.759633 
0.940086 1051.931606 
0.960445 1022.593108 
0.981246 993.748652 
1.002497 965.398953 
1.024208 937.549903 
1.046389 910.208101 
1.069051 883.369544 
1.092204 857.040858 
1.115858 831.224237 
1.140024 805.925469 
1.164714 781.143254 
1.189938 756.879099 
1.215709 733.137894 
1.242037 709.919753 
1.268936 687.222509 
1.296418 665.050776 
1.324494 643.401470 
1.353179 622.274075 
1.382485 601.667185 
1.412426 581.578280 
1.443015 562.006722 
1.474266 542.948054 
1.506195 524.397189 
1.538814 506.352288 
1.572141 488.804893 
1.606189 471.751106 
1.640974 455.184717 
1.676513 439.099849 
1.712821 423.489825 
1.749916 408.343790 
1.787814 393.656862 
1.826533 379.420536 
1.866090 365.626373 
1.906504 352.264227 
1.947794 339.325428 
1.989977 326.802174 
2.033075 314.684125 
2.077105 302.961618 
2.122089 291.625103 
2.168047 280.665781 
2.215001 270.073009 
2.262972 259.838233 
2.311981 249.951163 
2.362052 240.402376 
2.413207 231.182368 
2.465470 222.281859 
2.518865 213.691679 
2.573416 205.403055 
2.629149 197.406405 
2.686089 189.693385 
2.744262 182.254972 
2.803695 175.083104 
2.864414 168.168885 
2.926449 161.504905 
2.989828 155.082358 
3.054579 148.894266 
3.120732 142.932873 
3.188318 137.190749 
3.257368 131.660564 
3.327913 126.335803 
3.399986 121.209355 
3.473620 116.274402 
3.548848 111.525275 
3.625706 106.955005 
3.704229 102.557631 
3.784451 98.327551 
3.866412 94.258774 
3.950147 90.346055 
4.035696 86.583794 
4.123097 82.966523 
4.212391 79.489673 
4.303620 76.148129 
4.396824 72.937037 
4.492046 69.852183 
4.589331 66.888950 
4.688722 64.043203 
4.790267 61.311268 
4.894010 58.688854 
5.000000 56.172737 
