0.001000 10480.529769 
0.001077 11241.784957 
0.001159 12050.430856 
0.001248 12908.131151 
0.001343 13816.424924 
0.001446 14776.832279 
0.001557 15790.630207 
0.001676 16858.924074 
0.001804 17982.453451 
0.001943 19161.907715 
0.002091 20397.196147 
0.002251 21688.045229 
0.002424 23033.245000 
0.002609 24431.238208 
0.002809 25879.476065 
0.003024 27374.519715 
0.003256 28912.148903 
0.003505 30486.314209 
0.003773 32090.543365 
0.004062 33717.816516 
0.004373 35356.010289 
0.004708 36996.498981 
0.005069 38627.032716 
0.005457 40230.343028 
0.005875 41792.336581 
0.006325 43291.236980 
0.006809 44708.204766 
0.007330 46021.916962 
0.007891 47207.326739 
0.008496 48238.645484 
0.009146 49082.599863 
0.009846 49721.606190 
0.010600 50120.913653 
0.011412 50247.319162 
0.012286 50080.147203 
0.013226 49610.052207 
0.014239 48803.150031 
0.015329 47668.027911 
0.016503 46202.382182 
0.017767 44429.550154 
0.019127 42343.178308 
0.020592 40090.799690 
0.022168 37704.724981 
0.023866 35254.512068 
0.025693 32817.614300 
0.027660 30475.024918 
0.029778 28330.740906 
0.032058 26490.342496 
0.034513 24937.318942 
0.037155 23616.375867 
0.040000 22441.971181 
0.041074 22032.444694 
0.042148 21630.183144 
0.043221 21229.761832 
0.044295 20825.418648 
0.045369 20414.042748 
0.046443 19993.177483 
0.047517 19561.142452 
0.048591 19117.498493 
0.049664 18662.981344 
0.050738 18197.531602 
0.051812 17723.184613 
0.052886 17242.039429 
0.053960 16756.442512 
0.055034 16269.084711 
0.056107 15783.473818 
0.057181 15301.629211 
0.058255 14827.119966 
0.059329 14362.901143 
0.060403 13911.961072 
0.061477 13476.880683 
0.062550 13060.503644 
0.063624 12664.226084 
0.064698 12290.172561 
0.065772 11939.642278 
0.066846 11613.500591 
0.067919 11312.447515 
0.068993 11035.950016 
0.070067 10783.718305 
0.071141 10554.877098 
0.072215 10348.150301 
0.073289 10161.826008 
0.074362 9994.082779 
0.075436 9842.401298 
0.076510 9704.584094 
0.077584 9578.190662 
0.078658 9460.791025 
0.079732 9349.968461 
0.080805 9243.643697 
0.081879 9139.644942 
0.082953 9036.272139 
0.084027 8932.117433 
0.085101 8826.012540 
0.086174 8717.230705 
0.087248 8604.977251 
0.088322 8489.032397 
0.089396 8369.273892 
0.090470 8245.777851 
0.091544 8118.699173 
0.092617 7988.521258 
0.093691 7855.375679 
0.094765 7719.866212 
0.095839 7582.538344 
0.096913 7444.010102 
0.097987 7304.926437 
0.099060 7166.132928 
0.100134 7028.112971 
0.101208 6891.799656 
0.102282 6757.947516 
0.103356 6627.307292 
0.104430 6500.561194 
0.105503 6378.421117 
0.106577 6261.128188 
0.107651 6149.191906 
0.108725 6042.797899 
0.109799 5942.025174 
0.110872 5846.932912 
0.111946 5757.184459 
0.113020 5672.622801 
0.114094 5593.005917 
0.115168 5517.951267 
0.116242 5447.148449 
0.117315 5380.314845 
0.118389 5317.008080 
0.119463 5256.931672 
0.120537 5199.808946 
0.121611 5145.282001 
0.122685 5093.061766 
0.123758 5042.849220 
0.124832 4994.179470 
0.125906 4946.738400 
0.126980 4900.158645 
0.128054 4854.064438 
0.129128 4808.095151 
0.130201 4761.956080 
0.131275 4715.288024 
0.132349 4667.908010 
0.133423 4619.669162 
0.134497 4570.469094 
0.135570 4520.381397 
0.136644 4469.358693 
0.137718 4417.587418 
0.138792 4365.251133 
0.139866 4312.586585 
0.140940 4259.827852 
0.142013 4207.281174 
0.143087 4155.095418 
0.144161 4103.592575 
0.145235 4052.969430 
0.146309 4003.410535 
0.147383 3955.074379 
0.148456 3908.120211 
0.149530 3862.563900 
0.150604 3818.493962 
0.151678 3775.936561 
0.152752 3734.887077 
0.153826 3695.312234 
0.154899 3657.195133 
0.155973 3620.413547 
0.157047 3584.923397 
0.158121 3550.613769 
0.159195 3517.420295 
0.160268 3485.254702 
0.161342 3453.968417 
0.162416 3423.485288 
0.163490 3393.721788 
0.164564 3364.583472 
0.165638 3335.979432 
0.166711 3307.872971 
0.167785 3280.147145 
0.168859 3252.750288 
0.169933 3225.655872 
0.171007 3198.817526 
0.172081 3172.197172 
0.173154 3145.800235 
0.174228 3119.575865 
0.175302 3093.536640 
0.176376 3067.682546 
0.177450 3042.006343 
0.178523 3016.555836 
0.179597 2991.290264 
0.180671 2966.250998 
0.181745 2941.451977 
0.182819 2916.924184 
0.183893 2892.670362 
0.184966 2868.732602 
0.186040 2845.088417 
0.187114 2821.777757 
0.188188 2798.803539 
0.189262 2776.178645 
0.190336 2753.910774 
0.191409 2732.027915 
0.192483 2710.488983 
0.193557 2689.322701 
0.194631 2668.517446 
0.195705 2648.070540 
0.196779 2627.984459 
0.197852 2608.264045 
0.198926 2588.866634 
0.200000 2569.799836 
0.201000 2552.323387 
0.205353 2479.262934 
0.209800 2409.032920 
0.214344 2341.097831 
0.218986 2275.108244 
0.223729 2210.895862 
0.228574 2148.485208 
0.233524 2088.010918 
0.238582 2029.650405 
0.243749 1973.563157 
0.249028 1919.806541 
0.254421 1868.351526 
0.259931 1819.074199 
0.265560 1771.800208 
0.271312 1726.317067 
0.277187 1682.425873 
0.283190 1639.926668 
0.289324 1598.677950 
0.295589 1558.587215 
0.301991 1519.559050 
0.308531 1481.573876 
0.315213 1444.600342 
0.322040 1408.641662 
0.329014 1373.709701 
0.336140 1339.801491 
0.343420 1306.925225 
0.350857 1275.073370 
0.358456 1244.232137 
0.366219 1214.385207 
0.374150 1185.505578 
0.382253 1157.566929 
0.390531 1130.531731 
0.398989 1104.367062 
0.407630 1079.039904 
0.416458 1054.512533 
0.425478 1030.744815 
0.434692 1007.716111 
0.444106 985.383975 
0.453724 963.722255 
0.463551 942.695794 
0.473590 922.282293 
0.483846 902.454033 
0.494325 883.181589 
0.505031 864.445863 
0.515968 846.218288 
0.527143 828.479057 
0.538559 811.208603 
0.550223 794.481229 
0.562139 778.023230 
0.574313 762.031017 
0.586751 746.405002 
0.599459 731.231593 
0.612441 716.276552 
0.625705 701.735995 
0.639256 687.552298 
0.653100 673.634669 
0.667244 660.086045 
0.681695 646.854068 
0.696459 633.772567 
0.711542 620.958542 
0.726952 608.381178 
0.742696 596.057212 
0.758780 583.958988 
0.775213 572.079630 
0.792002 560.397450 
0.809154 548.827730 
0.826678 537.540686 
0.844582 526.451860 
0.862873 515.540478 
0.881560 504.796926 
0.900652 494.216817 
0.920158 483.791008 
0.940086 473.516948 
0.960445 463.388447 
0.981246 453.400682 
1.002497 443.546837 
1.024208 433.824346 
1.046389 424.229768 
1.069051 414.759513 
1.092204 405.409263 
1.115858 396.177553 
1.140024 387.062588 
1.164714 378.061214 
1.189938 369.171920 
1.215709 360.393543 
1.242037 351.726980 
1.268936 343.169795 
1.296418 334.722731 
1.324494 326.386255 
1.353179 318.160348 
1.382485 310.045385 
1.412426 302.041543 
1.443015 294.152128 
1.474266 286.376180 
1.506195 278.715960 
1.538814 271.172877 
1.572141 263.747458 
1.606189 256.441570 
1.640974 249.256698 
1.676513 242.194414 
1.712821 235.256608 
1.749916 228.442742 
1.787814 221.755530 
1.826533 215.195572 
1.866090 208.763812 
1.906504 202.461064 
1.947794 196.287463 
1.989977 190.244797 
2.033075 184.332312 
2.077105 178.550805 
2.122089 172.899938 
2.168047 167.380013 
2.215001 161.990263 
2.262972 156.730737 
2.311981 151.601043 
2.362052 146.599836 
2.413207 141.726660 
2.465470 136.980302 
2.518865 132.359957 
2.573416 127.864345 
2.629149 123.492120 
2.686089 119.241883 
2.744262 115.111633 
2.803695 111.100366 
2.864414 107.205469 
2.926449 103.425659 
2.989828 99.758603 
3.054579 96.202893 
3.120732 92.755766 
3.188318 89.415364 
3.257368 86.179307 
3.327913 83.045253 
3.399986 80.011160 
3.473620 77.074360 
3.548848 74.232713 
3.625706 71.483570 
3.704229 68.824727 
3.784451 66.253612 
3.866412 63.767976 
3.950147 61.365660 
4.035696 59.044184 
4.123097 56.801032 
4.212391 54.634399 
4.303620 52.541953 
4.396824 50.521713 
4.492046 48.571529 
4.589331 46.689404 
4.688722 44.873651 
4.790267 43.122607 
4.894010 41.434222 
5.000000 39.807174 
