0.001000 97768.998631 
0.001077 99937.466547 
0.001159 102118.248127 
0.001248 104316.975995 
0.001343 106537.993462 
0.001446 108783.391921 
0.001557 111050.837243 
0.001676 113336.185480 
0.001804 115633.020124 
0.001943 117932.181517 
0.002091 120223.732489 
0.002251 122493.345449 
0.002424 124727.223074 
0.002609 126907.180626 
0.002809 129015.277007 
0.003024 131031.360763 
0.003256 132934.480461 
0.003505 134701.301485 
0.003773 136312.214101 
0.004062 137744.035028 
0.004373 138970.565383 
0.004708 139972.883796 
0.005069 140725.398542 
0.005457 141206.043619 
0.005875 141389.002921 
0.006325 141249.538649 
0.006809 140766.247780 
0.007330 139906.938380 
0.007891 138647.423197 
0.008496 136949.925576 
0.009146 134776.272807 
0.009846 132089.786332 
0.010600 128880.422165 
0.011412 125120.788016 
0.012286 120838.826927 
0.013226 115985.834216 
0.014239 110593.555104 
0.015329 104932.022553 
0.016503 98661.448044 
0.017767 92119.118210 
0.019127 85273.420409 
0.020592 78243.584992 
0.022168 71350.435495 
0.023866 64815.800211 
0.025693 58712.769148 
0.027660 53113.155963 
0.029778 48218.415367 
0.032058 44133.613777 
0.034513 40828.930405 
0.037155 38172.618818 
0.040000 35947.070327 
0.041074 35206.617802 
0.042148 34495.807391 
0.043221 33804.054352 
0.044295 33119.471624 
0.045369 32433.904850 
0.046443 31740.751810 
0.047517 31034.513140 
0.048591 30311.449820 
0.049664 29570.447603 
0.050738 28809.643795 
0.051812 28030.761575 
0.052886 27235.871875 
0.053960 26428.511788 
0.055034 25612.760124 
0.056107 24794.678969 
0.057181 23977.780803 
0.058255 23168.852989 
0.059329 22373.795255 
0.060403 21598.350179 
0.061477 20847.938357 
0.062550 20128.108883 
0.063624 19442.130173 
0.064698 18794.181317 
0.065772 18186.996173 
0.066846 17622.479123 
0.067919 17102.050190 
0.068993 16624.892976 
0.070067 16190.709604 
0.071141 15797.926810 
0.072215 15444.340867 
0.073289 15127.037987 
0.074362 14842.958442 
0.075436 14587.798913 
0.076510 14357.861679 
0.077584 14149.118463 
0.078658 13957.544000 
0.079732 13779.051777 
0.080805 13610.236268 
0.081879 13447.364103 
0.082953 13287.617149 
0.084027 13128.474841 
0.085101 12967.849726 
0.086174 12804.288324 
0.087248 12636.290139 
0.088322 12463.258555 
0.089396 12284.832013 
0.090470 12100.945402 
0.091544 11911.809285 
0.092617 11718.137658 
0.093691 11520.257391 
0.094765 11319.232714 
0.095839 11116.164157 
0.096913 10912.141131 
0.097987 10708.403783 
0.099060 10506.277251 
0.100134 10306.597469 
0.101208 10110.642945 
0.102282 9919.367209 
0.103356 9733.602759 
0.104430 9553.998848 
0.105503 9381.191366 
0.106577 9215.135156 
0.107651 9056.131842 
0.108725 8904.074214 
0.109799 8758.851787 
0.110872 8620.291234 
0.111946 8487.772805 
0.113020 8361.086373 
0.114094 8239.889328 
0.115168 8123.835253 
0.116242 8012.604562 
0.117315 7906.112595 
0.118389 7803.967817 
0.119463 7706.089064 
0.120537 7612.423340 
0.121611 7522.766908 
0.122685 7437.034113 
0.123758 7355.104066 
0.124832 7276.584034 
0.125906 7201.227715 
0.126980 7128.735248 
0.128054 7058.678269 
0.129128 6990.598098 
0.130201 6924.096001 
0.131275 6858.589978 
0.132349 6793.633391 
0.133423 6728.853610 
0.134497 6663.824428 
0.135570 6598.343547 
0.136644 6532.045489 
0.137718 6464.832843 
0.138792 6396.671239 
0.139866 6327.614271 
0.140940 6257.740621 
0.142013 6187.304944 
0.143087 6116.430101 
0.144161 6045.476536 
0.145235 5974.746939 
0.146309 5904.564501 
0.147383 5835.244618 
0.148456 5767.159218 
0.149530 5700.473590 
0.150604 5635.486113 
0.151678 5572.392562 
0.152752 5511.317414 
0.153826 5452.383746 
0.154899 5395.648763 
0.155973 5341.035755 
0.157047 5288.553816 
0.158121 5238.085995 
0.159195 5189.552268 
0.160268 5142.847188 
0.161342 5097.737464 
0.162416 5054.090116 
0.163490 5011.754879 
0.164564 4970.555339 
0.165638 4930.343745 
0.166711 4891.005179 
0.167785 4852.338498 
0.168859 4814.246590 
0.169933 4776.638405 
0.171007 4739.425436 
0.172081 4702.542496 
0.173154 4665.945665 
0.174228 4629.557666 
0.175302 4593.384482 
0.176376 4557.412773 
0.177450 4521.630246 
0.178523 4486.082595 
0.179597 4450.722703 
0.180671 4415.608862 
0.181745 4380.745746 
0.182819 4346.191886 
0.183893 4311.944893 
0.184966 4278.083822 
0.186040 4244.552689 
0.187114 4211.433465 
0.188188 4178.740393 
0.189262 4146.485790 
0.190336 4114.692431 
0.191409 4083.401308 
0.192483 4052.576262 
0.193557 4022.240014 
0.194631 3992.403646 
0.195705 3963.062507 
0.196779 3934.220141 
0.197852 3905.897256 
0.198926 3878.043429 
0.200000 3850.664715 
0.201000 3825.586468 
0.205353 3720.939193 
0.209800 3620.893816 
0.214344 3524.879778 
0.218986 3432.424669 
0.223729 3343.191357 
0.228574 3257.038468 
0.233524 3173.904746 
0.238582 3093.807796 
0.243749 3016.745688 
0.249028 2942.619791 
0.254421 2871.310957 
0.259931 2802.605744 
0.265560 2736.292448 
0.271312 2672.150212 
0.277187 2610.016911 
0.283190 2549.713172 
0.289324 2491.149132 
0.295589 2434.262524 
0.301991 2378.964721 
0.308531 2325.242214 
0.315213 2273.036376 
0.322040 2222.321662 
0.329014 2173.086531 
0.336140 2125.279839 
0.343420 2078.883859 
0.350857 2033.852840 
0.358456 1990.143069 
0.366219 1947.707856 
0.374150 1906.507780 
0.382253 1866.500662 
0.390531 1827.637260 
0.398989 1789.881283 
0.407630 1753.185772 
0.416458 1717.506782 
0.425478 1682.806971 
0.434692 1649.056207 
0.444106 1616.207758 
0.453724 1584.223023 
0.463551 1553.066143 
0.473590 1522.693013 
0.483846 1493.082340 
0.494325 1464.184385 
0.505031 1435.965382 
0.515968 1408.397242 
0.527143 1381.443369 
0.538559 1355.076512 
0.550223 1329.256954 
0.562139 1304.063965 
0.574313 1279.239989 
0.586751 1254.923809 
0.599459 1231.373974 
0.612441 1207.822833 
0.625705 1184.703627 
0.639256 1161.985666 
0.653100 1139.618685 
0.667244 1117.631324 
0.681695 1095.965162 
0.696459 1074.728888 
0.711542 1053.811989 
0.726952 1033.026668 
0.742696 1012.761095 
0.758780 992.700871 
0.775213 972.910994 
0.792002 953.351474 
0.809154 934.016475 
0.826678 914.936329 
0.844582 896.155656 
0.862873 877.611712 
0.881560 859.294468 
0.900652 841.200243 
0.920158 823.322294 
0.940086 805.661716 
0.960445 788.211609 
0.981246 770.971951 
1.002497 753.936801 
1.024208 737.106350 
1.046389 720.479916 
1.069051 704.056119 
1.092204 687.833526 
1.115858 671.811814 
1.140024 655.993690 
1.164714 640.377236 
1.189938 624.966098 
1.215709 609.758942 
1.242037 594.759568 
1.268936 579.967624 
1.296418 565.387111 
1.324494 551.019912 
1.353179 536.868240 
1.382485 522.932716 
1.412426 509.216959 
1.443015 495.724698 
1.474266 482.456595 
1.506195 469.414347 
1.538814 456.602015 
1.572141 444.017933 
1.606189 431.666046 
1.640974 419.547220 
1.676513 407.662910 
1.712821 396.014118 
1.749916 384.600232 
1.787814 373.422470 
1.826533 362.480690 
1.866090 351.775806 
1.906504 341.305278 
1.947794 331.068587 
1.989977 321.066477 
2.033075 311.295874 
2.077105 301.755715 
2.122089 292.444603 
2.168047 283.361132 
2.215001 274.501186 
2.262972 265.863702 
2.311981 257.446751 
2.362052 249.246207 
2.413207 241.260065 
2.465470 233.485100 
2.518865 225.917550 
2.573416 218.555119 
2.629149 211.393965 
2.686089 204.431165 
2.744262 197.662805 
2.803695 191.085583 
2.864414 184.695387 
2.926449 178.489192 
2.989828 172.462379 
3.054579 166.612405 
3.120732 160.934779 
3.188318 155.426271 
3.257368 150.082514 
3.327913 144.900159 
3.399986 139.875227 
3.473620 135.004536 
3.548848 130.283550 
3.625706 125.708922 
3.704229 121.277002 
3.784451 116.984088 
3.866412 112.826340 
3.950147 108.800764 
4.035696 104.903121 
4.123097 101.129882 
4.212391 97.478189 
4.303620 93.944271 
4.396824 90.524807 
4.492046 87.216774 
4.589331 84.016970 
4.688722 80.922827 
4.790267 77.931232 
4.894010 75.039781 
5.000000 72.246059 
