0.001000 30821.387522 
0.001077 33084.796320 
0.001159 35491.386748 
0.001248 38045.930686 
0.001343 40752.457831 
0.001446 43613.420115 
0.001557 46630.676655 
0.001676 49803.857544 
0.001804 53131.364438 
0.001943 56608.077274 
0.002091 60227.830034 
0.002251 63980.460897 
0.002424 67852.649574 
0.002609 71828.431901 
0.002809 75887.158977 
0.003024 80004.789946 
0.003256 84155.082244 
0.003505 88303.848273 
0.003773 92418.947157 
0.004062 96463.662989 
0.004373 100389.983212 
0.004708 104160.682893 
0.005069 107730.141958 
0.005457 111041.932757 
0.005875 114053.418680 
0.006325 116706.914316 
0.006809 118952.860587 
0.007330 120739.844180 
0.007891 122009.039589 
0.008496 122702.598184 
0.009146 122752.174134 
0.009846 122115.335633 
0.010600 120713.101091 
0.011412 118518.691097 
0.012286 115493.568091 
0.013226 111714.228937 
0.014239 107162.749307 
0.015329 101904.171459 
0.016503 96245.314240 
0.017767 90009.585104 
0.019127 83390.239646 
0.020592 76636.550890 
0.022168 69762.806627 
0.023866 63329.869890 
0.025693 57519.568661 
0.027660 52419.836199 
0.029778 48145.029271 
0.032058 44617.051625 
0.034513 41816.971106 
0.037155 39566.582669 
0.040000 37529.775590 
0.041074 36782.161418 
0.042148 36019.956918 
0.043221 35234.839058 
0.044295 34418.347920 
0.045369 33567.052764 
0.046443 32680.173860 
0.047517 31759.502929 
0.048591 30809.546263 
0.049664 29837.345060 
0.050738 28848.795810 
0.051812 27853.150163 
0.052886 26859.436293 
0.053960 25876.602690 
0.055034 24913.339136 
0.056107 23978.495244 
0.057181 23077.502842 
0.058255 22217.593166 
0.059329 21403.969617 
0.060403 20640.667775 
0.061477 19930.457166 
0.062550 19275.497565 
0.063624 18675.099569 
0.064698 18129.276478 
0.065772 17636.325015 
0.066846 17193.707359 
0.067919 16798.419609 
0.068993 16445.873655 
0.070067 16131.876807 
0.071141 15851.699637 
0.072215 15600.248936 
0.073289 15372.373472 
0.074362 15163.283981 
0.075436 14967.784467 
0.076510 14781.638194 
0.077584 14600.934447 
0.078658 14422.229576 
0.079732 14242.589846 
0.080805 14059.941421 
0.081879 13872.209760 
0.082953 13678.203537 
0.084027 13477.195087 
0.085101 13268.698203 
0.086174 13052.800228 
0.087248 12829.293622 
0.088322 12598.864679 
0.089396 12362.253639 
0.090470 12120.525251 
0.091544 11874.910507 
0.092617 11627.250260 
0.093691 11378.803958 
0.094765 11131.770725 
0.095839 10888.166555 
0.096913 10650.041246 
0.097987 10419.187699 
0.099060 10197.462635 
0.100134 9985.811323 
0.101208 9785.390332 
0.102282 9596.763558 
0.103356 9420.083416 
0.104430 9255.159950 
0.105503 9101.657248 
0.106577 8958.564285 
0.107651 8825.172422 
0.108725 8700.492771 
0.109799 8583.535816 
0.110872 8473.488986 
0.111946 8369.196668 
0.113020 8269.978596 
0.114094 8175.120463 
0.115168 8083.930208 
0.116242 7995.783913 
0.117315 7910.290313 
0.118389 7826.738494 
0.119463 7744.745556 
0.120537 7663.909979 
0.121611 7583.779053 
0.122685 7504.000323 
0.123758 7424.320910 
0.124832 7344.300417 
0.125906 7263.771020 
0.126980 7182.598011 
0.128054 7100.675969 
0.129128 7017.959313 
0.130201 6934.592046 
0.131275 6850.529940 
0.132349 6766.024213 
0.133423 6681.342376 
0.134497 6596.698838 
0.135570 6512.532862 
0.136644 6429.003003 
0.137718 6346.535401 
0.138792 6265.458184 
0.139866 6186.090977 
0.140940 6108.709569 
0.142013 6033.624958 
0.143087 5960.876467 
0.144161 5890.699162 
0.145235 5823.175028 
0.146309 5758.311623 
0.147383 5696.092484 
0.148456 5636.478851 
0.149530 5579.279817 
0.150604 5524.358823 
0.151678 5471.532768 
0.152752 5420.591839 
0.153826 5371.328940 
0.154899 5323.522608 
0.155973 5276.886952 
0.157047 5231.252016 
0.158121 5186.399051 
0.159195 5142.172217 
0.160268 5098.453512 
0.161342 5055.047565 
0.162416 5011.902387 
0.163490 4968.966891 
0.164564 4926.187477 
0.165638 4883.566130 
0.166711 4841.164736 
0.167785 4798.936222 
0.168859 4756.942331 
0.169933 4715.264292 
0.171007 4673.948821 
0.172081 4633.070877 
0.173154 4592.711387 
0.174228 4552.872852 
0.175302 4513.627379 
0.176376 4475.032382 
0.177450 4437.107390 
0.178523 4399.920155 
0.179597 4363.415321 
0.180671 4327.631757 
0.181745 4292.562797 
0.182819 4258.224323 
0.183893 4224.565433 
0.184966 4191.625007 
0.186040 4159.295140 
0.187114 4127.609615 
0.188188 4096.508278 
0.189262 4065.967823 
0.190336 4035.942926 
0.191409 4006.458762 
0.192483 3977.408858 
0.193557 3948.793062 
0.194631 3920.592294 
0.195705 3892.763075 
0.196779 3865.301257 
0.197852 3838.210037 
0.198926 3811.414316 
0.200000 3784.914037 
0.201000 3760.514317 
0.205353 3657.078646 
0.209800 3555.898481 
0.214344 3457.214576 
0.218986 3361.526810 
0.223729 3269.343320 
0.228574 3181.026597 
0.233524 3096.741570 
0.238582 3016.417404 
0.243749 2939.806660 
0.249028 2866.522043 
0.254421 2796.166320 
0.259931 2728.343132 
0.265560 2662.742772 
0.271312 2599.112519 
0.277187 2537.299131 
0.283190 2477.151746 
0.289324 2418.602866 
0.295589 2361.610962 
0.301991 2306.139854 
0.308531 2252.195903 
0.315213 2199.765798 
0.322040 2148.838234 
0.329014 2099.403220 
0.336140 2051.411937 
0.343420 2004.828767 
0.350857 1959.606651 
0.358456 1915.708460 
0.366219 1873.087048 
0.374150 1831.697090 
0.382253 1791.500350 
0.390531 1752.439204 
0.398989 1714.483225 
0.407630 1677.594642 
0.416458 1641.721849 
0.425478 1606.830360 
0.434692 1572.890895 
0.444106 1539.854667 
0.453724 1507.691296 
0.463551 1476.348786 
0.473590 1445.802241 
0.483846 1416.016092 
0.494325 1386.940476 
0.505031 1358.548273 
0.515968 1330.804415 
0.527143 1303.672613 
0.538559 1277.126784 
0.550223 1251.225013 
0.562139 1225.806350 
0.574313 1200.825301 
0.586751 1176.192088 
0.599459 1151.851748 
0.612441 1127.570344 
0.625705 1104.349500 
0.639256 1081.568609 
0.653100 1059.241157 
0.667244 1036.918240 
0.681695 1015.240640 
0.696459 993.897510 
0.711542 972.854456 
0.726952 952.144358 
0.742696 931.662574 
0.758780 911.508228 
0.775213 891.634545 
0.792002 872.023966 
0.809154 852.781111 
0.826678 833.683804 
0.844582 814.860044 
0.862873 796.286519 
0.881560 777.960246 
0.900652 759.875926 
0.920158 742.029101 
0.940086 724.421842 
0.960445 707.049651 
0.981246 689.910342 
1.002497 673.002706 
1.024208 656.324366 
1.046389 639.879212 
1.069051 623.662632 
1.092204 607.675876 
1.115858 591.921005 
1.140024 576.399759 
1.164714 561.110343 
1.189938 546.055491 
1.215709 531.238112 
1.242037 516.658930 
1.268936 502.319986 
1.296418 488.223991 
1.324494 474.371750 
1.353179 460.766386 
1.382485 447.409419 
1.412426 434.301435 
1.443015 421.447355 
1.474266 408.846086 
1.506195 396.500373 
1.538814 384.411283 
1.572141 372.577814 
1.606189 361.003164 
1.640974 349.686108 
1.676513 338.627004 
1.712821 327.825975 
1.749916 317.281818 
1.787814 306.993671 
1.826533 296.960886 
1.866090 287.181773 
1.906504 277.653940 
1.947794 268.375014 
1.989977 259.343894 
2.033075 250.557035 
2.077105 242.011728 
2.122089 233.705441 
2.168047 225.633601 
2.215001 217.794244 
2.262972 210.182303 
2.311981 202.795872 
2.362052 195.629053 
2.413207 188.678384 
2.465470 181.940157 
2.518865 175.409652 
2.573416 169.082700 
2.629149 162.955453 
2.686089 157.022738 
2.744262 151.280351 
2.803695 145.723808 
2.864414 140.348295 
2.926449 135.149809 
2.989828 130.123179 
3.054579 125.264492 
3.120732 120.569184 
3.188318 116.032361 
3.257368 111.650046 
3.327913 107.417777 
3.399986 103.331085 
3.473620 99.385847 
3.548848 95.577896 
3.625706 91.903150 
3.704229 88.357179 
3.784451 84.936480 
3.866412 81.637004 
3.950147 78.455011 
4.035696 75.386712 
4.123097 72.428366 
4.212391 69.576720 
4.303620 66.828380 
4.396824 64.179904 
4.492046 61.628157 
4.589331 59.170083 
4.688722 56.802819 
4.790267 54.523743 
4.894010 52.329734 
5.000000 50.218866 
