0.001000 74303.282235 
0.001077 77084.406103 
0.001159 79939.119213 
0.001248 82868.698927 
0.001343 85873.020617 
0.001446 88948.827791 
0.001557 92093.056314 
0.001676 95299.833224 
0.001804 98562.231047 
0.001943 101871.767036 
0.002091 105218.269016 
0.002251 108588.909278 
0.002424 111969.394028 
0.002609 115346.232111 
0.002809 118698.669871 
0.003024 122006.957267 
0.003256 125249.883177 
0.003505 128397.059533 
0.003773 131429.753282 
0.004062 134318.987823 
0.004373 137024.938257 
0.004708 139519.671900 
0.005069 141763.616381 
0.005457 143714.725958 
0.005875 145334.514506 
0.006325 146571.740108 
0.006809 147379.510404 
0.007330 147714.043562 
0.007891 147525.550189 
0.008496 146761.015276 
0.009146 145365.466938 
0.009846 143297.728007 
0.010600 140532.908199 
0.011412 137049.475877 
0.012286 132818.342240 
0.013226 127816.876778 
0.014239 122079.426327 
0.015329 115736.510878 
0.016503 108733.295682 
0.017767 101290.687347 
0.019127 93578.373672 
0.020592 85868.750301 
0.022168 78265.114926 
0.023866 71003.294492 
0.025693 64202.104090 
0.027660 58123.094674 
0.029778 53012.009444 
0.032058 48855.529004 
0.034513 45481.346199 
0.037155 42701.725279 
0.040000 40278.038590 
0.041074 39437.123479 
0.042148 38609.663395 
0.043221 37783.900831 
0.044295 36947.181278 
0.045369 36092.754918 
0.046443 35215.865589 
0.047517 34313.830379 
0.048591 33386.893040 
0.049664 32437.895390 
0.050738 31468.525238 
0.051812 30484.456614 
0.052886 29491.813204 
0.053960 28497.398908 
0.055034 27508.038748 
0.056107 26532.269492 
0.057181 25575.114770 
0.058255 24644.528562 
0.059329 23746.866483 
0.060403 22887.908918 
0.061477 22072.594084 
0.062550 21305.473090 
0.063624 20588.358946 
0.064698 19924.031940 
0.065772 19313.467877 
0.066846 18756.679999 
0.067919 18253.168774 
0.068993 17800.149624 
0.070067 17395.286938 
0.071141 17035.123202 
0.072215 16715.320410 
0.073289 16431.055846 
0.074362 16177.342450 
0.075436 15948.268635 
0.076510 15738.482458 
0.077584 15542.616772 
0.078658 15355.510420 
0.079732 15172.511715 
0.080805 14989.852986 
0.081879 14803.937498 
0.082953 14612.490442 
0.084027 14413.947947 
0.085101 14207.436401 
0.086174 13993.002943 
0.087248 13770.655764 
0.088322 13541.445256 
0.089396 13306.452460 
0.090470 13066.996692 
0.091544 12824.413666 
0.092617 12580.281488 
0.093691 12335.473965 
0.094765 12091.408180 
0.095839 11849.349949 
0.096913 11610.412612 
0.097987 11375.668980 
0.099060 11146.386371 
0.100134 10923.149887 
0.101208 10707.185248 
0.102282 10499.325146 
0.103356 10300.348291 
0.104430 10110.888660 
0.105503 9931.508523 
0.106577 9762.074233 
0.107651 9602.754553 
0.108725 9453.218865 
0.109799 9313.003917 
0.110872 9181.507106 
0.111946 9057.645575 
0.113020 8940.611168 
0.114094 8829.466175 
0.115168 8723.210863 
0.116242 8621.008825 
0.117315 8522.174750 
0.118389 8425.886026 
0.119463 8331.653059 
0.120537 8239.178634 
0.121611 8148.094097 
0.122685 8058.229729 
0.123758 7969.565936 
0.124832 7881.778314 
0.125906 7794.886862 
0.126980 7708.823860 
0.128054 7623.545234 
0.129128 7538.938214 
0.130201 7455.021786 
0.131275 7371.589590 
0.132349 7288.630280 
0.133423 7206.167351 
0.134497 7124.130789 
0.135570 7042.668755 
0.136644 6961.656391 
0.137718 6881.260638 
0.138792 6801.569117 
0.139866 6722.713154 
0.140940 6644.816046 
0.142013 6568.100231 
0.143087 6492.539821 
0.144161 6418.339005 
0.145235 6345.644125 
0.146309 6274.502726 
0.147383 6205.044294 
0.148456 6137.376196 
0.149530 6071.438503 
0.150604 6007.289989 
0.151678 5944.974172 
0.152752 5884.436932 
0.153826 5825.694417 
0.154899 5768.704874 
0.155973 5713.359988 
0.157047 5659.600744 
0.158121 5607.343605 
0.159195 5556.535259 
0.160268 5507.102578 
0.161342 5458.858503 
0.162416 5411.746842 
0.163490 5365.675779 
0.164564 5320.536397 
0.165638 5276.234738 
0.166711 5232.740728 
0.167785 5189.872046 
0.168859 5147.596802 
0.169933 5105.868013 
0.171007 5064.608968 
0.172081 5023.794843 
0.173154 4983.405621 
0.174228 4943.362646 
0.175302 4903.673386 
0.176376 4864.353791 
0.177450 4825.368358 
0.178523 4786.768656 
0.179597 4748.507465 
0.180671 4710.630397 
0.181745 4673.136783 
0.182819 4636.071731 
0.183893 4599.427668 
0.184966 4563.285033 
0.186040 4527.567176 
0.187114 4492.341932 
0.188188 4457.616024 
0.189262 4423.397270 
0.190336 4389.699177 
0.191409 4356.550047 
0.192483 4323.910047 
0.193557 4291.781304 
0.194631 4260.187970 
0.195705 4229.099663 
0.196779 4198.526025 
0.197852 4168.474281 
0.198926 4138.887649 
0.200000 4109.781403 
0.201000 4083.082768 
0.205353 3971.268335 
0.209800 3863.671729 
0.214344 3759.798779 
0.218986 3659.351816 
0.223729 3562.245242 
0.228574 3468.557743 
0.233524 3378.386210 
0.238582 3291.810451 
0.243749 3208.809241 
0.249028 3129.199352 
0.254421 3052.746615 
0.259931 2979.129827 
0.265560 2908.037487 
0.271312 2839.183250 
0.277187 2772.367807 
0.283190 2707.397654 
0.289324 2644.175194 
0.295589 2582.664422 
0.301991 2522.810636 
0.308531 2464.635286 
0.315213 2408.113234 
0.322040 2353.240917 
0.329014 2300.011358 
0.336140 2248.375344 
0.343420 2198.300434 
0.350857 2149.717572 
0.358456 2102.572265 
0.366219 2056.791098 
0.374150 2012.328438 
0.382253 1969.109011 
0.390531 1927.070732 
0.398989 1886.163602 
0.407630 1846.336771 
0.416458 1807.539591 
0.425478 1769.725220 
0.434692 1732.863216 
0.444106 1696.907153 
0.453724 1661.818719 
0.463551 1627.560075 
0.473590 1594.097746 
0.483846 1561.403808 
0.494325 1529.433878 
0.505031 1498.161960 
0.515968 1467.553239 
0.527143 1437.580665 
0.538559 1408.213150 
0.550223 1379.494978 
0.562139 1351.272822 
0.574313 1323.529698 
0.586751 1296.375416 
0.599459 1269.350667 
0.612441 1243.077138 
0.625705 1217.211602 
0.639256 1191.878955 
0.653100 1166.827374 
0.667244 1142.178570 
0.681695 1117.983955 
0.696459 1094.027874 
0.711542 1070.511249 
0.726952 1047.312323 
0.742696 1024.526009 
0.758780 1002.005131 
0.775213 979.797671 
0.792002 957.934286 
0.809154 936.393910 
0.826678 915.161934 
0.844582 894.135890 
0.862873 873.396867 
0.881560 852.937994 
0.900652 832.757989 
0.920158 812.849551 
0.940086 793.217008 
0.960445 773.853969 
0.981246 754.760605 
1.002497 735.934438 
1.024208 717.373324 
1.046389 699.081488 
1.069051 681.054525 
1.092204 663.296578 
1.115858 645.804802 
1.140024 628.583738 
1.164714 611.633690 
1.189938 594.955656 
1.215709 578.551784 
1.242037 562.423625 
1.268936 546.572644 
1.296418 531.004107 
1.324494 515.716848 
1.353179 500.713735 
1.382485 485.996058 
1.412426 471.566113 
1.443015 457.426344 
1.474266 443.577269 
1.506195 430.019366 
1.538814 416.754759 
1.572141 403.781658 
1.606189 391.101399 
1.640974 378.714537 
1.676513 366.619075 
1.712821 354.815878 
1.749916 343.301822 
1.787814 332.076314 
1.826533 321.136959 
1.866090 310.482186 
1.906504 300.108887 
1.947794 290.012752 
1.989977 280.192723 
2.033075 270.644766 
2.077105 261.364808 
2.122089 252.349175 
2.168047 243.593800 
2.215001 235.093617 
2.262972 226.845453 
2.311981 218.843733 
2.362052 211.083898 
2.413207 203.561531 
2.465470 196.271453 
2.518865 189.208205 
2.573416 182.367224 
2.629149 175.743504 
2.686089 169.331871 
2.744262 163.126788 
2.803695 157.123577 
2.864414 151.316593 
2.926449 145.701365 
2.989828 140.271803 
3.054579 135.024237 
3.120732 129.952593 
3.188318 125.052515 
3.257368 120.318970 
3.327913 115.747215 
3.399986 111.332492 
3.473620 107.070123 
3.548848 102.956001 
3.625706 98.985208 
3.704229 95.153539 
3.784451 91.456921 
3.866412 87.890986 
3.950147 84.452022 
4.035696 81.135712 
4.123097 77.938394 
4.212391 74.856427 
4.303620 71.886101 
4.396824 69.023940 
4.492046 66.266498 
4.589331 63.610692 
4.688722 61.053366 
4.790267 58.591380 
4.894010 56.221930 
5.000000 53.942417 
