0.001000 19291.746815 
0.001077 20547.464687 
0.001159 21879.654990 
0.001248 23291.613965 
0.001343 24786.429642 
0.001446 26366.410583 
0.001557 28033.423260 
0.001676 29788.775751 
0.001804 31633.048149 
0.001943 33565.945194 
0.002091 35586.146697 
0.002251 37691.310206 
0.002424 39877.715458 
0.002609 42140.759162 
0.002809 44473.721019 
0.003024 46868.302056 
0.003256 49315.095486 
0.003505 51800.321699 
0.003773 54310.848729 
0.004062 56831.759777 
0.004373 59338.486071 
0.004708 61812.876416 
0.005069 64230.119226 
0.005457 66557.041305 
0.005875 68766.298589 
0.006325 70822.757169 
0.006809 72689.246547 
0.007330 74325.831686 
0.007891 75692.998403 
0.008496 76739.952783 
0.009146 77432.912275 
0.009846 77718.329357 
0.010600 77546.361699 
0.011412 76895.866630 
0.012286 75714.638244 
0.013226 73995.004627 
0.014239 71755.312431 
0.015329 68950.180473 
0.016503 65749.650647 
0.017767 62099.102658 
0.019127 58185.676883 
0.020592 54033.737550 
0.022168 49833.867480 
0.023866 45723.690335 
0.025693 41859.226693 
0.027660 38421.826472 
0.029778 35540.472139 
0.032058 33162.341403 
0.034513 31255.904517 
0.037155 29708.330931 
0.040000 28311.128136 
0.041074 27803.213064 
0.042148 27290.074964 
0.043221 26764.660778 
0.044295 26220.417053 
0.045369 25653.803297 
0.046443 25062.755811 
0.047517 24446.605233 
0.048591 23806.507451 
0.049664 23145.477361 
0.050738 22465.949451 
0.051812 21772.751417 
0.052886 21071.331455 
0.053960 20367.359782 
0.055034 19666.732696 
0.056107 18976.260402 
0.057181 18300.361682 
0.058255 17645.157896 
0.059329 17015.652163 
0.060403 16416.130435 
0.061477 15850.268130 
0.062550 15321.231014 
0.063624 14829.986728 
0.064698 14378.157534 
0.065772 13966.035562 
0.066846 13593.063938 
0.067919 13258.320201 
0.068993 12959.279328 
0.070067 12693.717502 
0.071141 12458.724763 
0.072215 12250.888272 
0.073289 12066.512344 
0.074362 11901.951295 
0.075436 11753.016395 
0.076510 11616.031927 
0.077584 11487.418572 
0.078658 11363.765413 
0.079732 11242.023642 
0.080805 11119.711643 
0.081879 10994.340050 
0.082953 10864.206584 
0.084027 10727.939212 
0.085101 10584.528368 
0.086174 10433.491038 
0.087248 10274.222625 
0.088322 10106.901651 
0.089396 9931.848968 
0.090470 9749.673984 
0.091544 9561.233629 
0.092617 9367.922711 
0.093691 9170.747233 
0.094765 8971.480879 
0.095839 8771.927693 
0.096913 8573.953682 
0.097987 8379.363540 
0.099060 8190.139933 
0.100134 8007.556359 
0.101208 7833.236668 
0.102282 7668.257805 
0.103356 7513.474746 
0.104430 7369.370492 
0.105503 7236.201493 
0.106577 7113.614822 
0.107651 7001.313713 
0.108725 6898.614860 
0.109799 6804.681075 
0.110872 6718.595972 
0.111946 6639.082578 
0.113020 6565.131973 
0.114094 6495.642863 
0.115168 6429.492099 
0.116242 6365.721115 
0.117315 6303.521394 
0.118389 6242.043847 
0.119463 6180.723133 
0.120537 6119.139365 
0.121611 6056.944360 
0.122685 5993.967448 
0.123758 5930.208038 
0.124832 5865.521170 
0.125906 5800.048768 
0.126980 5733.938552 
0.128054 5667.358414 
0.129128 5600.466538 
0.130201 5533.514078 
0.131275 5466.549802 
0.132349 5399.788697 
0.133423 5333.377978 
0.134497 5267.410915 
0.135570 5202.079295 
0.136644 5137.323410 
0.137718 5073.296011 
0.138792 5010.085658 
0.139866 4947.766791 
0.140940 4886.431938 
0.142013 4826.245285 
0.143087 4767.185274 
0.144161 4709.441201 
0.145235 4653.139189 
0.146309 4598.378439 
0.147383 4545.268543 
0.148456 4493.943649 
0.149530 4444.391927 
0.150604 4396.687802 
0.151678 4350.845959 
0.152752 4306.824216 
0.153826 4264.593666 
0.154899 4224.068035 
0.155973 4185.091621 
0.157047 4147.549812 
0.158121 4111.275085 
0.159195 4076.114974 
0.160268 4041.932078 
0.161342 4008.490295 
0.162416 3975.658838 
0.163490 3943.295679 
0.164564 3911.260306 
0.165638 3879.446199 
0.166711 3847.795423 
0.167785 3816.177952 
0.168859 3784.563852 
0.169933 3752.950704 
0.171007 3721.310632 
0.172081 3689.670728 
0.173154 3658.067999 
0.174228 3626.495391 
0.175302 3595.022433 
0.176376 3563.705619 
0.177450 3532.586366 
0.178523 3501.754294 
0.179597 3471.213044 
0.180671 3441.033684 
0.181745 3411.257695 
0.182819 3381.938203 
0.183893 3353.096124 
0.184966 3324.797512 
0.186040 3296.998919 
0.187114 3269.756241 
0.188188 3243.057649 
0.189262 3216.911134 
0.190336 3191.308396 
0.191409 3166.268646 
0.192483 3141.732966 
0.193557 3117.699155 
0.194631 3094.158128 
0.195705 3071.072154 
0.196779 3048.427238 
0.197852 3026.221716 
0.198926 3004.385863 
0.200000 2982.917541 
0.201000 2963.240581 
0.205353 2880.640063 
0.209800 2800.519211 
0.214344 2722.306502 
0.218986 2645.864104 
0.223729 2571.389099 
0.228574 2499.244482 
0.233524 2429.789160 
0.238582 2363.289660 
0.243749 2299.867149 
0.249028 2239.440958 
0.254421 2181.818294 
0.259931 2126.704399 
0.265560 2073.781240 
0.271312 2022.731033 
0.277187 1973.303070 
0.283190 1925.267064 
0.289324 1878.486542 
0.295589 1832.880705 
0.301991 1788.392628 
0.308531 1745.022031 
0.315213 1702.771160 
0.322040 1661.655910 
0.329014 1621.700869 
0.336140 1582.909644 
0.343420 1545.288123 
0.350857 1508.823810 
0.358456 1473.500550 
0.366219 1439.289936 
0.374150 1406.166976 
0.382253 1374.091457 
0.390531 1343.021640 
0.398989 1312.919214 
0.407630 1283.749444 
0.416458 1255.465212 
0.425478 1228.030228 
0.434692 1201.412948 
0.444106 1175.575749 
0.453724 1150.481783 
0.463551 1126.096822 
0.473590 1102.391762 
0.483846 1079.343397 
0.494325 1056.910845 
0.505031 1035.070283 
0.515968 1013.798545 
0.527143 993.065856 
0.538559 972.848138 
0.550223 953.138688 
0.562139 933.958472 
0.574313 915.146684 
0.586751 896.736290 
0.599459 878.981472 
0.612441 861.273793 
0.625705 844.035192 
0.639256 827.157149 
0.653100 810.631665 
0.667244 794.308437 
0.681695 778.454727 
0.696459 762.782900 
0.711542 747.429940 
0.726952 732.338615 
0.742696 717.385619 
0.758780 702.821758 
0.775213 688.492935 
0.792002 674.389425 
0.809154 660.473453 
0.826678 646.860237 
0.844582 633.385337 
0.862873 620.106557 
0.881560 607.015377 
0.900652 594.104898 
0.920158 581.369798 
0.940086 568.805991 
0.960445 556.409066 
0.981246 544.172437 
1.002497 532.093515 
1.024208 520.166591 
1.046389 508.393257 
1.069051 496.766004 
1.092204 485.285399 
1.115858 473.948281 
1.140024 462.754642 
1.164714 451.702831 
1.189938 440.792081 
1.215709 430.022649 
1.242037 419.394422 
1.268936 408.907615 
1.296418 398.564644 
1.324494 388.364052 
1.353179 378.309239 
1.382485 368.399872 
1.412426 358.638350 
1.443015 349.026902 
1.474266 339.566557 
1.506195 330.258889 
1.538814 321.106504 
1.572141 312.109631 
1.606189 303.270730 
1.640974 294.591322 
1.676513 286.073009 
1.712821 277.717286 
1.749916 269.524297 
1.787814 261.495464 
1.826533 253.631997 
1.866090 245.934187 
1.906504 238.402360 
1.947794 231.035652 
1.989977 223.835869 
2.033075 216.801458 
2.077105 209.932390 
2.122089 203.228216 
2.168047 196.687083 
2.215001 190.309218 
2.262972 184.092887 
2.311981 178.036730 
2.362052 172.139199 
2.413207 166.398637 
2.465470 160.813102 
2.518865 155.380752 
2.573416 150.099228 
2.629149 144.967012 
2.686089 139.981337 
2.744262 135.139837 
2.803695 130.439999 
2.864414 125.879253 
2.926449 121.455063 
2.989828 117.164442 
3.054579 113.005119 
3.120732 108.973846 
3.188318 105.068027 
3.257368 101.284646 
3.327913 97.621053 
3.399986 94.074010 
3.473620 90.640892 
3.548848 87.318814 
3.625706 84.104911 
3.704229 80.996052 
3.784451 77.989680 
3.866412 75.083005 
3.950147 72.273239 
4.035696 69.557626 
4.123097 66.933463 
4.212391 64.398466 
4.303620 61.949828 
4.396824 59.585391 
4.492046 57.302482 
4.589331 55.098990 
4.688722 52.972832 
4.790267 50.921728 
4.894010 48.943668 
5.000000 47.037041 
