0.001000 64752.016516 
0.001077 68344.904978 
0.001159 72098.694995 
0.001248 76015.201050 
0.001343 80094.751103 
0.001446 84336.491890 
0.001557 88737.966094 
0.001676 93294.638788 
0.001804 98000.287654 
0.001943 102847.222397 
0.002091 107824.576456 
0.002251 112918.662513 
0.002424 118114.196577 
0.002609 123392.057214 
0.002809 128730.062460 
0.003024 134102.867111 
0.003256 139478.933067 
0.003505 144828.154780 
0.003773 150107.439500 
0.004062 155279.694067 
0.004373 160290.735992 
0.004708 165098.630813 
0.005069 169633.574233 
0.005457 173840.327783 
0.005875 177638.879265 
0.006325 180951.771589 
0.006809 183724.562004 
0.007330 185868.906743 
0.007891 187313.687149 
0.008496 187938.950837 
0.009146 187685.286985 
0.009846 186455.942707 
0.010600 184236.147496 
0.011412 180924.898292 
0.012286 176490.480259 
0.013226 170974.892944 
0.014239 164305.062955 
0.015329 156614.801380 
0.016503 147991.831130 
0.017767 138677.304202 
0.019127 128798.931340 
0.020592 118794.947487 
0.022168 108884.244579 
0.023866 99235.695188 
0.025693 90327.328326 
0.027660 82320.162147 
0.029778 75536.555019 
0.032058 69936.868172 
0.034513 65340.782171 
0.037155 61524.020039 
0.040000 58082.536203 
0.041074 56847.310502 
0.042148 55611.056606 
0.043221 54360.675508 
0.044295 53084.093330 
0.045369 51776.403889 
0.046443 50435.981032 
0.047517 49063.983861 
0.048591 47664.715688 
0.049664 46245.254723 
0.050738 44810.961530 
0.051812 43371.948994 
0.052886 41937.875522 
0.053960 40518.526593 
0.055034 39123.343585 
0.056107 37763.042735 
0.057181 36443.676218 
0.058255 35174.516708 
0.059329 33962.463835 
0.060403 32813.227990 
0.061477 31731.495050 
0.062550 30721.611420 
0.063624 29783.892775 
0.064698 28920.047579 
0.065772 28129.365273 
0.066846 27410.078692 
0.067919 26759.555406 
0.068993 26172.551288 
0.070067 25644.177371 
0.071141 25168.469905 
0.072215 24738.552002 
0.073289 24347.277525 
0.074362 23987.528898 
0.075436 23651.249710 
0.076510 23331.840779 
0.077584 23022.953182 
0.078658 22718.997179 
0.079732 22415.284148 
0.080805 22108.897568 
0.081879 21796.980095 
0.082953 21478.556891 
0.084027 21153.631027 
0.085101 20822.743112 
0.086174 20487.495786 
0.087248 20148.769612 
0.088322 19808.644378 
0.089396 19468.719702 
0.090470 19130.632584 
0.091544 18795.492217 
0.092617 18464.808048 
0.093691 18138.715587 
0.094765 17818.109448 
0.095839 17503.595874 
0.096913 17195.636982 
0.097987 16894.640951 
0.099060 16601.396094 
0.100134 16315.932140 
0.101208 16039.178722 
0.102282 15771.739937 
0.103356 15514.262461 
0.104430 15267.213014 
0.105503 15031.251890 
0.106577 14806.132546 
0.107651 14592.043657 
0.108725 14388.676924 
0.109799 14195.528103 
0.110872 14012.011411 
0.111946 13836.830394 
0.113020 13669.101347 
0.114094 13507.782893 
0.115168 13351.668066 
0.116242 13199.702497 
0.117315 13051.200504 
0.118389 12905.015943 
0.119463 12760.672808 
0.120537 12617.830547 
0.121611 12476.174351 
0.122685 12335.680741 
0.123758 12196.555102 
0.124832 12058.660885 
0.125906 11922.370145 
0.126980 11787.986545 
0.128054 11655.830842 
0.129128 11526.077046 
0.130201 11399.077044 
0.131275 11274.755828 
0.132349 11153.254452 
0.133423 11034.566682 
0.134497 10918.535037 
0.135570 10805.168317 
0.136644 10693.987217 
0.137718 10584.897405 
0.138792 10477.654473 
0.139866 10372.047519 
0.140940 10267.910025 
0.142013 10165.203411 
0.143087 10063.639162 
0.144161 9963.377507 
0.145235 9864.448747 
0.146309 9766.951608 
0.147383 9671.029474 
0.148456 9576.950423 
0.149530 9484.688666 
0.150604 9394.487258 
0.151678 9306.521174 
0.152752 9220.830716 
0.153826 9137.503013 
0.154899 9056.597087 
0.155973 8977.964880 
0.157047 8901.586157 
0.158121 8827.321493 
0.159195 8755.082713 
0.160268 8684.718490 
0.161342 8615.954757 
0.162416 8548.653468 
0.163490 8482.658773 
0.164564 8417.775700 
0.165638 8353.855811 
0.166711 8290.850929 
0.167785 8228.512808 
0.168859 8166.793509 
0.169933 8105.665683 
0.171007 8045.069125 
0.172081 7984.977490 
0.173154 7925.443324 
0.174228 7866.377586 
0.175302 7807.871645 
0.176376 7749.952640 
0.177450 7692.651360 
0.178523 7636.050426 
0.179597 7580.116336 
0.180671 7524.931414 
0.181745 7470.530891 
0.182819 7416.955857 
0.183893 7364.201475 
0.184966 7312.380590 
0.186040 7261.373908 
0.187114 7211.251653 
0.188188 7161.991942 
0.189262 7113.600624 
0.190336 7066.031202 
0.191409 7019.338161 
0.192483 6973.397533 
0.193557 6928.224227 
0.194631 6883.790382 
0.195705 6840.042856 
0.196779 6796.969304 
0.197852 6754.559720 
0.198926 6712.724005 
0.200000 6671.446390 
0.201000 6633.484381 
0.205353 6473.172629 
0.209800 6316.601844 
0.214344 6163.426712 
0.218986 6013.936942 
0.223729 5868.795773 
0.228574 5728.756312 
0.233524 5594.381087 
0.238582 5465.945204 
0.243749 5343.341707 
0.249028 5226.129574 
0.254421 5113.725991 
0.259931 5005.396019 
0.265560 4900.490048 
0.271312 4798.414210 
0.277187 4698.738011 
0.283190 4601.112306 
0.289324 4505.348249 
0.295589 4411.418190 
0.301991 4319.264948 
0.308531 4228.982428 
0.315213 4140.603457 
0.322040 4054.176090 
0.329014 3969.764378 
0.336140 3887.340403 
0.343420 3806.908755 
0.350857 3728.418428 
0.358456 3651.824123 
0.366219 3577.070842 
0.374150 3504.084978 
0.382253 3432.794026 
0.390531 3363.103833 
0.398989 3294.947853 
0.407630 3228.253669 
0.416458 3162.934719 
0.425478 3098.917408 
0.434692 3036.148925 
0.444106 2974.547964 
0.453724 2914.056708 
0.463551 2854.595366 
0.473590 2796.119061 
0.483846 2738.581607 
0.494325 2681.915778 
0.505031 2626.081679 
0.515968 2571.031849 
0.527143 2516.735754 
0.538559 2463.159083 
0.550223 2409.856000 
0.562139 2357.418230 
0.574313 2305.883861 
0.586751 2255.134783 
0.599459 2204.458083 
0.612441 2154.523158 
0.625705 2105.082969 
0.639256 2056.810985 
0.653100 2008.924339 
0.667244 1961.582183 
0.681695 1915.150361 
0.696459 1869.118892 
0.711542 1823.533128 
0.726952 1778.499498 
0.742696 1734.426868 
0.758780 1690.613843 
0.775213 1647.410969 
0.792002 1604.819463 
0.809154 1563.040957 
0.826678 1521.576474 
0.844582 1480.858038 
0.862873 1440.781598 
0.881560 1401.345037 
0.900652 1362.554460 
0.920158 1324.410986 
0.940086 1286.928523 
0.960445 1250.105035 
0.981246 1213.950794 
1.002497 1178.459311 
1.024208 1143.643172 
1.046389 1109.504979 
1.069051 1076.043964 
1.092204 1043.266621 
1.115858 1011.171546 
1.140024 979.765785 
1.164714 949.045285 
1.189938 919.012177 
1.215709 889.668286 
1.242037 861.011722 
1.268936 833.037902 
1.296418 805.750178 
1.324494 779.141742 
1.353179 753.211725 
1.382485 727.951822 
1.412426 703.360767 
1.443015 679.431465 
1.474266 656.156846 
1.506195 633.530401 
1.538814 611.544159 
1.572141 590.187329 
1.606189 569.452373 
1.640974 549.330302 
1.676513 529.809882 
1.712821 510.881567 
1.749916 492.532390 
1.787814 474.752625 
1.826533 457.530399 
1.866090 440.853611 
1.906504 424.709604 
1.947794 409.084595 
1.989977 393.969749 
2.033075 379.349549 
2.077105 365.213374 
2.122089 351.547026 
2.168047 338.339871 
2.215001 325.577896 
2.262972 313.249396 
2.311981 301.341957 
2.362052 289.844144 
2.413207 278.743602 
2.465470 268.027843 
2.518865 257.686577 
2.573416 247.707889 
2.629149 238.081182 
2.686089 228.795617 
2.744262 219.839845 
2.803695 211.204544 
2.864414 202.878579 
2.926449 194.852823 
2.989828 187.117214 
3.054579 179.663160 
3.120732 172.481186 
3.188318 165.562595 
3.257368 158.898735 
3.327913 152.481418 
3.399986 146.302450 
3.473620 140.354010 
3.548848 134.628606 
3.625706 129.118276 
3.704229 123.816570 
3.784451 118.715773 
3.866412 113.809301 
3.950147 109.090894 
4.035696 104.553509 
4.123097 100.190973 
4.212391 95.997434 
4.303620 91.966931 
4.396824 88.093793 
4.492046 84.372319 
4.589331 80.797558 
4.688722 77.364295 
4.790267 74.067928 
4.894010 70.903447 
5.000000 67.866826 
