0.001000 59731.334341 
0.001077 62326.321485 
0.001159 65006.599985 
0.001248 67773.432732 
0.001343 70626.679060 
0.001446 73564.490382 
0.001557 76583.355119 
0.001676 79677.769442 
0.001804 82840.579176 
0.001943 86062.134845 
0.002091 89331.105008 
0.002251 92632.316316 
0.002424 95949.006329 
0.002609 99262.966650 
0.002809 102551.504130 
0.003024 105790.450591 
0.003256 108955.570981 
0.003505 112016.088540 
0.003773 114945.026266 
0.004062 117712.557109 
0.004373 120282.217006 
0.004708 122626.496843 
0.005069 124710.713948 
0.005457 126496.985914 
0.005875 127953.844295 
0.006325 129045.564658 
0.006809 129736.493937 
0.007330 129986.316369 
0.007891 129771.730817 
0.008496 129052.288304 
0.009146 127796.631288 
0.009846 125950.499553 
0.010600 123497.192766 
0.011412 120387.971647 
0.012286 116657.857532 
0.013226 112317.624024 
0.014239 107355.358371 
0.015329 101916.676526 
0.016503 96070.293660 
0.017767 89773.802458 
0.019127 83169.031165 
0.020592 76479.460634 
0.022168 69730.146597 
0.023866 63346.145830 
0.025693 57405.931573 
0.027660 51943.280950 
0.029778 47192.214757 
0.032058 43163.199449 
0.034513 39890.883179 
0.037155 37196.761891 
0.040000 34764.946482 
0.041074 33909.707176 
0.042148 33073.528370 
0.043221 32252.135730 
0.044295 31440.110757 
0.045369 30634.667874 
0.046443 29833.351558 
0.047517 29034.115397 
0.048591 28235.909608 
0.049664 27439.129221 
0.050738 26642.555587 
0.051812 25847.515522 
0.052886 25055.350516 
0.053960 24268.132466 
0.055034 23488.099166 
0.056107 22718.768734 
0.057181 21961.546686 
0.058255 21220.466569 
0.059329 20498.762436 
0.060403 19799.629021 
0.061477 19126.191362 
0.062550 18481.820416 
0.063624 17867.781794 
0.064698 17286.688439 
0.065772 16740.088939 
0.066846 16228.984224 
0.067919 15754.310381 
0.068993 15315.180659 
0.070067 14911.454017 
0.071141 14542.231811 
0.072215 14206.100201 
0.073289 13901.170156 
0.074362 13625.507884 
0.075436 13376.133916 
0.076510 13150.566528 
0.077584 12945.819615 
0.078658 12758.793586 
0.079732 12586.094966 
0.080805 12424.645947 
0.081879 12270.783717 
0.082953 12121.422334 
0.084027 11973.574131 
0.085101 11824.481197 
0.086174 11671.925327 
0.087248 11513.756284 
0.088322 11348.763887 
0.089396 11176.154442 
0.090470 10995.742275 
0.091544 10807.827636 
0.092617 10613.429455 
0.093691 10413.441597 
0.094765 10209.545941 
0.095839 10003.523814 
0.096913 9797.183132 
0.097987 9592.264034 
0.099060 9390.639032 
0.100134 9193.404838 
0.101208 9002.019491 
0.102282 8817.405113 
0.103356 8640.316512 
0.104430 8471.191155 
0.105503 8310.404475 
0.106577 8157.702492 
0.107651 8013.114915 
0.108725 7876.338233 
0.109799 7747.028388 
0.110872 7624.870965 
0.111946 7509.134235 
0.113020 7399.457334 
0.114094 7295.355554 
0.115168 7196.275337 
0.116242 7101.749244 
0.117315 7011.416852 
0.118389 6924.648365 
0.119463 6841.111709 
0.120537 6760.430687 
0.121611 6682.217472 
0.122685 6606.166018 
0.123758 6532.032562 
0.124832 6459.367944 
0.125906 6387.986185 
0.126980 6317.676178 
0.128054 6248.224270 
0.129128 6179.390794 
0.130201 6111.110794 
0.131275 6043.089376 
0.132349 5975.268536 
0.133423 5907.569181 
0.134497 5839.896082 
0.135570 5772.287621 
0.136644 5704.602927 
0.137718 5636.940650 
0.138792 5569.365723 
0.139866 5501.986780 
0.140940 5434.911047 
0.142013 5368.391728 
0.143087 5302.446202 
0.144161 5237.358743 
0.145235 5173.328395 
0.146309 5110.533929 
0.147383 5049.166379 
0.148456 4989.439701 
0.149530 4931.384650 
0.150604 4875.148667 
0.151678 4820.787201 
0.152752 4768.312758 
0.153826 4717.735743 
0.154899 4669.019671 
0.155973 4622.001234 
0.157047 4576.623033 
0.158121 4532.740275 
0.159195 4490.235376 
0.160268 4448.977965 
0.161342 4408.760292 
0.162416 4369.471882 
0.163490 4330.994562 
0.164564 4293.190818 
0.165638 4255.965383 
0.166711 4219.278854 
0.167785 4182.985487 
0.168859 4147.046906 
0.169933 4111.449071 
0.171007 4076.162152 
0.172081 4041.175669 
0.173154 4006.504764 
0.174228 3972.110591 
0.175302 3938.024674 
0.176376 3904.277028 
0.177450 3870.864786 
0.178523 3837.851045 
0.179597 3805.191361 
0.180671 3772.939038 
0.181745 3741.093850 
0.182819 3709.703235 
0.183893 3678.740821 
0.184966 3648.276911 
0.186040 3618.232602 
0.187114 3588.668780 
0.188188 3559.564544 
0.189262 3530.930425 
0.190336 3502.749910 
0.191409 3475.057333 
0.192483 3447.795721 
0.193557 3420.974768 
0.194631 3394.587186 
0.195705 3368.618780 
0.196779 3343.062968 
0.197852 3317.935062 
0.198926 3293.169490 
0.200000 3268.790737 
0.201000 3246.414515 
0.205353 3152.542598 
0.209800 3062.072800 
0.214344 2974.754976 
0.218986 2890.477485 
0.223729 2809.205367 
0.228574 2730.942010 
0.233524 2655.679736 
0.238582 2583.365226 
0.243749 2513.907921 
0.249028 2447.130557 
0.254421 2382.848480 
0.259931 2320.850199 
0.265560 2260.963918 
0.271312 2203.034450 
0.277187 2146.976053 
0.283190 2092.681798 
0.289324 2040.100145 
0.295589 1989.203701 
0.301991 1939.915678 
0.308531 1892.210500 
0.315213 1846.029338 
0.322040 1801.324188 
0.329014 1758.065133 
0.336140 1716.176779 
0.343420 1675.615766 
0.350857 1636.307481 
0.358456 1598.205279 
0.366219 1561.250595 
0.374150 1525.398724 
0.382253 1490.609777 
0.390531 1456.833416 
0.398989 1424.034650 
0.407630 1392.180076 
0.416458 1361.229164 
0.425478 1331.154534 
0.434692 1301.933135 
0.444106 1273.530825 
0.453724 1245.914855 
0.463551 1219.052843 
0.473590 1192.919929 
0.483846 1167.492169 
0.494325 1142.729319 
0.505031 1118.606628 
0.515968 1095.095317 
0.527143 1072.167804 
0.538559 1049.797605 
0.550223 1028.074365 
0.562139 1006.660651 
0.574313 985.816753 
0.586751 965.436812 
0.599459 945.627890 
0.612441 925.923608 
0.625705 906.760994 
0.639256 887.987886 
0.653100 869.516325 
0.667244 851.325718 
0.681695 833.469482 
0.696459 816.012548 
0.711542 798.899208 
0.726952 782.060645 
0.742696 765.426938 
0.758780 749.162194 
0.775213 733.157581 
0.792002 717.384691 
0.809154 701.892282 
0.826678 686.566284 
0.844582 671.514470 
0.862873 656.683544 
0.881560 642.065325 
0.900652 627.655832 
0.920158 613.446615 
0.940086 599.437913 
0.960445 585.622787 
0.981246 571.998540 
1.002497 558.559410 
1.024208 545.305443 
1.046389 532.234340 
1.069051 519.341210 
1.092204 506.627399 
1.115858 494.089800 
1.140024 481.730193 
1.164714 469.544899 
1.189938 457.536280 
1.215709 445.703421 
1.242037 434.047174 
1.268936 422.567387 
1.296418 411.266752 
1.324494 400.144047 
1.353179 389.202828 
1.382485 378.442554 
1.412426 367.864639 
1.443015 357.472648 
1.474266 347.265547 
1.506195 337.246038 
1.538814 327.415245 
1.572141 317.773247 
1.606189 308.321222 
1.640974 299.061073 
1.676513 289.992852 
1.712821 281.117550 
1.749916 272.433877 
1.787814 263.943505 
1.826533 255.645909 
1.866090 247.540812 
1.906504 239.627009 
1.947794 231.903680 
1.989977 224.371087 
2.033075 217.026433 
2.077105 209.869126 
2.122089 202.897727 
2.168047 196.109663 
2.215001 189.503505 
2.262972 183.077296 
2.311981 176.828475 
2.362052 170.754645 
2.413207 164.853366 
2.465470 159.121859 
2.518865 153.556959 
2.573416 148.156714 
2.629149 142.917811 
2.686089 137.837166 
2.744262 132.911654 
2.803695 128.138085 
2.864414 123.513135 
2.926449 119.034076 
2.989828 114.696890 
3.054579 110.498875 
3.120732 106.436618 
3.188318 102.506459 
3.257368 98.705457 
3.327913 95.030230 
3.399986 91.477209 
3.473620 88.043271 
3.548848 84.725309 
3.625706 81.519941 
3.704229 78.423768 
3.784451 75.433990 
3.866412 72.547323 
3.950147 69.760999 
4.035696 67.071516 
4.123097 64.476279 
4.212391 61.972678 
4.303620 59.557561 
4.396824 57.228426 
4.492046 54.982644 
4.589331 52.817800 
4.688722 50.731382 
4.790267 48.721375 
4.894010 46.785101 
5.000000 44.921002 
