0.001000 60189.030105 
0.001077 64460.973756 
0.001159 68979.703533 
0.001248 73750.024657 
0.001343 78775.772537 
0.001446 84057.438567 
0.001557 89593.850013 
0.001676 95381.659776 
0.001804 101412.186674 
0.001943 107674.840484 
0.002091 114152.839914 
0.002251 120824.261097 
0.002424 127661.761018 
0.002609 134631.614423 
0.002809 141692.884782 
0.003024 148799.049871 
0.003256 155896.846716 
0.003505 162923.988683 
0.003773 169815.165400 
0.004062 176503.634417 
0.004373 182901.565497 
0.004708 188940.624898 
0.005069 194531.952660 
0.005457 199586.358380 
0.005875 204019.589399 
0.006325 207744.362053 
0.006809 210684.368982 
0.007330 212750.312762 
0.007891 213880.363557 
0.008496 213953.414656 
0.009146 212898.193935 
0.009846 210608.260794 
0.010600 207032.752761 
0.011412 202117.755696 
0.012286 195881.246829 
0.013226 188280.781306 
0.014239 179496.668982 
0.015329 169647.422266 
0.016503 159048.325041 
0.017767 147902.167855 
0.019127 136158.929877 
0.020592 124325.323290 
0.022168 112617.946070 
0.023866 101506.983785 
0.025693 91476.222910 
0.027660 82819.072325 
0.029778 75535.142110 
0.032058 69671.884129 
0.034513 64893.655959 
0.037155 61030.817301 
0.040000 57750.732887 
0.041074 56589.610604 
0.042148 55406.906503 
0.043221 54181.725398 
0.044295 52897.146282 
0.045369 51545.736065 
0.046443 50128.166809 
0.047517 48651.507317 
0.048591 47126.539399 
0.049664 45568.645667 
0.050738 43991.502045 
0.051812 42412.525286 
0.052886 40847.709039 
0.053960 39312.157935 
0.055034 37818.936491 
0.056107 36380.741422 
0.057181 35004.222970 
0.058255 33698.424477 
0.059329 32468.971244 
0.060403 31319.549925 
0.061477 30252.374595 
0.062550 29268.895371 
0.063624 28366.938100 
0.064698 27545.489856 
0.065772 26801.467868 
0.066846 26130.837892 
0.067919 25529.087262 
0.068993 24989.562424 
0.070067 24506.015630 
0.071141 24071.541578 
0.072215 23678.488130 
0.073289 23319.045428 
0.074362 22985.803291 
0.075436 22670.612928 
0.076510 22366.828369 
0.077584 22068.446991 
0.078658 21770.367629 
0.079732 21468.644010 
0.080805 21161.159704 
0.081879 20846.100926 
0.082953 20523.502961 
0.084027 20194.385442 
0.085101 19860.225731 
0.086174 19523.158360 
0.087248 19184.552115 
0.088322 18846.467116 
0.089396 18510.328130 
0.090470 18177.169211 
0.091544 17847.500133 
0.092617 17521.840362 
0.093691 17199.574923 
0.094765 16880.827032 
0.095839 16565.597900 
0.096913 16254.154460 
0.097987 15946.959374 
0.099060 15645.159009 
0.100134 15349.562253 
0.101208 15061.954864 
0.102282 14783.984116 
0.103356 14517.372573 
0.104430 14263.635476 
0.105503 14024.136966 
0.106577 13799.173096 
0.107651 13589.175214 
0.108725 13393.648624 
0.109799 13211.668922 
0.110872 13041.975886 
0.111946 12882.442791 
0.113020 12731.322203 
0.114094 12586.669211 
0.115168 12446.601569 
0.116242 12309.489220 
0.117315 12174.314463 
0.118389 12039.930788 
0.119463 11905.929773 
0.120537 11772.270842 
0.121611 11638.976763 
0.122685 11506.408192 
0.123758 11375.042363 
0.124832 11245.016622 
0.125906 11116.761163 
0.126980 10990.496342 
0.128054 10866.364962 
0.129128 10744.303234 
0.130201 10624.347636 
0.131275 10506.103790 
0.132349 10389.474045 
0.133423 10274.332567 
0.134497 10160.441376 
0.135570 10047.881459 
0.136644 9936.395322 
0.137718 9826.134441 
0.138792 9717.223829 
0.139866 9609.849508 
0.140940 9504.187949 
0.142013 9400.583319 
0.143087 9299.025184 
0.144161 9199.880288 
0.145235 9103.307472 
0.146309 9009.412353 
0.147383 8918.309109 
0.148456 8830.069094 
0.149530 8744.574653 
0.150604 8661.767515 
0.151678 8581.564122 
0.152752 8503.771836 
0.153826 8428.257158 
0.154899 8354.796858 
0.155973 8283.112152 
0.157047 8213.044084 
0.158121 8144.341400 
0.159195 8076.844119 
0.160268 8010.447021 
0.161342 7944.885554 
0.162416 7880.085880 
0.163490 7815.999661 
0.164564 7752.528882 
0.165638 7689.679424 
0.166711 7627.480503 
0.167785 7565.839065 
0.168859 7504.831399 
0.169933 7444.514911 
0.171007 7384.920913 
0.172081 7326.093080 
0.173154 7268.112592 
0.174228 7210.954814 
0.175302 7154.687719 
0.176376 7099.343948 
0.177450 7044.930756 
0.178523 6991.499071 
0.179597 6938.976667 
0.180671 6887.375401 
0.181745 6836.707620 
0.182819 6786.948491 
0.183893 6738.048862 
0.184966 6690.057518 
0.186040 6642.812917 
0.187114 6596.362815 
0.188188 6550.652279 
0.189262 6505.637191 
0.190336 6461.267767 
0.191409 6417.590548 
0.192483 6374.471486 
0.193557 6331.921117 
0.194631 6289.917999 
0.195705 6248.408793 
0.196779 6207.413691 
0.197852 6166.919225 
0.198926 6126.863539 
0.200000 6087.244873 
0.201000 6050.743180 
0.205353 5896.142936 
0.209800 5745.233646 
0.214344 5598.490296 
0.218986 5456.561588 
0.223729 5320.048327 
0.228574 5189.341774 
0.233524 5064.514420 
0.238582 4945.378092 
0.243749 4831.469943 
0.249028 4722.166505 
0.254421 4616.840558 
0.259931 4514.900880 
0.265560 4415.896443 
0.271312 4319.480558 
0.277187 4225.452388 
0.283190 4133.598478 
0.289324 4043.832696 
0.295589 3956.116191 
0.301991 3870.392385 
0.308531 3786.704266 
0.315213 3705.068179 
0.322040 3625.489925 
0.329014 3547.986183 
0.336140 3472.501609 
0.343420 3399.000925 
0.350857 3327.403864 
0.358456 3257.673693 
0.366219 3189.746983 
0.374150 3123.543007 
0.382253 3058.994570 
0.390531 2996.019610 
0.398989 2934.550255 
0.407630 2874.513187 
0.416458 2815.840789 
0.425478 2758.451510 
0.434692 2702.302663 
0.444106 2647.307577 
0.453724 2593.412830 
0.463551 2540.546309 
0.473590 2488.653965 
0.483846 2437.688988 
0.494325 2387.580665 
0.505031 2338.291131 
0.515968 2289.769002 
0.527143 2241.977399 
0.538559 2194.878423 
0.550223 2147.873249 
0.562139 2102.231103 
0.574313 2057.083581 
0.586751 2012.515652 
0.599459 1968.165124 
0.612441 1924.068713 
0.625705 1880.245221 
0.639256 1838.036823 
0.653100 1796.193344 
0.667244 1754.859824 
0.681695 1714.050092 
0.696459 1673.638686 
0.711542 1633.865965 
0.726952 1594.590660 
0.742696 1555.835543 
0.758780 1517.570805 
0.775213 1479.811441 
0.792002 1442.587495 
0.809154 1405.830107 
0.826678 1369.610700 
0.844582 1333.920267 
0.862873 1298.760100 
0.881560 1264.128979 
0.900652 1230.030697 
0.920158 1196.468837 
0.940086 1163.455773 
0.960445 1130.988224 
0.981246 1099.074909 
1.002497 1067.715311 
1.024208 1036.914127 
1.046389 1006.681762 
1.069051 977.014861 
1.092204 947.918570 
1.115858 919.394858 
1.140024 891.451281 
1.164714 864.085724 
1.189938 837.301103 
1.215709 811.099257 
1.242037 785.482524 
1.268936 760.446308 
1.296418 735.997073 
1.324494 712.127749 
1.353179 688.841509 
1.382485 666.132368 
1.412426 643.999525 
1.443015 622.439228 
1.474266 601.447569 
1.506195 581.018076 
1.538814 561.147667 
1.572141 541.827063 
1.606189 523.051313 
1.640974 504.812745 
1.676513 487.103679 
1.712821 469.916768 
1.749916 453.241675 
1.787814 437.070216 
1.826533 421.394015 
1.866090 406.202896 
1.906504 391.485754 
1.947794 377.231739 
1.989977 363.433566 
2.033075 350.079035 
2.077105 337.158015 
2.122089 324.658877 
2.168047 312.573320 
2.215001 300.888088 
2.262972 289.594607 
2.311981 278.681557 
2.362052 268.138831 
2.413207 257.955710 
2.465470 248.122143 
2.518865 238.628352 
2.573416 229.464024 
2.629149 220.620166 
2.686089 212.086417 
2.744262 203.853797 
2.803695 195.913188 
2.864414 188.255286 
2.926449 180.871821 
2.989828 173.753095 
3.054579 166.892057 
3.120732 160.280115 
3.188318 153.908950 
3.257368 147.771209 
3.327913 141.859134 
3.399986 136.165354 
3.473620 130.682674 
3.548848 125.404184 
3.625706 120.322693 
3.704229 115.431864 
3.784451 110.725308 
3.866412 106.196305 
3.950147 101.839255 
4.035696 97.647681 
4.123097 93.615812 
4.212391 89.738399 
4.303620 86.009901 
4.396824 82.424995 
4.492046 78.978792 
4.589331 75.666326 
4.688722 72.483267 
4.790267 69.425179 
4.894010 66.487841 
5.000000 63.667342 
