0.001000 26264.029127 
0.001077 28034.274009 
0.001159 29902.562245 
0.001248 31870.979358 
0.001343 33940.591084 
0.001446 36112.035803 
0.001557 38384.933240 
0.001676 40758.419776 
0.001804 43230.095626 
0.001943 45795.770156 
0.002091 48451.188570 
0.002251 51189.418128 
0.002424 54002.233621 
0.002609 56879.604265 
0.002809 59810.144810 
0.003024 62779.580985 
0.003256 65772.871545 
0.003505 68771.341505 
0.003773 71756.467666 
0.004062 74707.469091 
0.004373 77595.515104 
0.004708 80399.925829 
0.005069 83091.802705 
0.005457 85636.450467 
0.005875 88004.272181 
0.006325 90154.867621 
0.006809 92051.366184 
0.007330 93648.797428 
0.007891 94906.192522 
0.008496 95777.131460 
0.009146 96226.647375 
0.009846 96207.279941 
0.010600 95694.868233 
0.011412 94661.815018 
0.012286 93062.001045 
0.013226 90965.588749 
0.014239 88205.737823 
0.015329 84908.413024 
0.016503 81003.542534 
0.017767 76739.648718 
0.019127 72128.345644 
0.020592 67372.159872 
0.022168 62490.295128 
0.023866 57652.159320 
0.025693 53007.801742 
0.027660 48745.292118 
0.029778 44945.059790 
0.032058 41708.168324 
0.034513 39011.245175 
0.037155 36682.275173 
0.040000 34554.573763 
0.041074 33813.665234 
0.042148 33093.887619 
0.043221 32388.479142 
0.044295 31688.777789 
0.045369 30989.180777 
0.046443 30284.988951 
0.047517 29571.589108 
0.048591 28846.230636 
0.049664 28108.399180 
0.050738 27356.605946 
0.051812 26592.677468 
0.052886 25819.173162 
0.053960 25039.692286 
0.055034 24258.534135 
0.056107 23481.531593 
0.057181 22712.561807 
0.058255 21958.098323 
0.059329 21223.852412 
0.060403 20515.131533 
0.061477 19836.763890 
0.062550 19193.559243 
0.063624 18587.937726 
0.064698 18022.966371 
0.065772 17500.202878 
0.066846 17020.241591 
0.067919 16583.076785 
0.068993 16186.599934 
0.070067 15828.931036 
0.071141 15507.079999 
0.072215 15217.365724 
0.073289 14955.589675 
0.074362 14717.567427 
0.075436 14498.193686 
0.076510 14293.261097 
0.077584 14098.624765 
0.078658 13910.500843 
0.079732 13725.615163 
0.080805 13541.705604 
0.081879 13356.590126 
0.082953 13169.202555 
0.084027 12978.943731 
0.085101 12785.660199 
0.086174 12589.721665 
0.087248 12391.146387 
0.088322 12190.580093 
0.089396 11988.469562 
0.090470 11785.233398 
0.091544 11581.109760 
0.092617 11376.577649 
0.093691 11171.410439 
0.094765 10966.115199 
0.095839 10761.063109 
0.096913 10556.817686 
0.097987 10354.095125 
0.099060 10154.049818 
0.100134 9957.417628 
0.101208 9765.652433 
0.102282 9580.026317 
0.103356 9401.726248 
0.104430 9231.789691 
0.105503 9071.107990 
0.106577 8919.828524 
0.107651 8778.177012 
0.108725 8645.794613 
0.109799 8522.049647 
0.110872 8406.092639 
0.111946 8296.556942 
0.113020 8192.357397 
0.114094 8092.305686 
0.115168 7995.292525 
0.116242 7900.419919 
0.117315 7807.208273 
0.118389 7715.042982 
0.119463 7623.902717 
0.120537 7533.858035 
0.121611 7445.126111 
0.122685 7357.984597 
0.123758 7272.785725 
0.124832 7189.590101 
0.125906 7108.591372 
0.126980 7029.819079 
0.128054 6953.156920 
0.129128 6878.331415 
0.130201 6805.115421 
0.131275 6733.017903 
0.132349 6661.685378 
0.133423 6590.792076 
0.134497 6519.955532 
0.135570 6449.050756 
0.136644 6377.763346 
0.137718 6306.107119 
0.138792 6234.084836 
0.139866 6161.850964 
0.140940 6089.578658 
0.142013 6017.575139 
0.143087 5945.985441 
0.144161 5875.192494 
0.145235 5805.483197 
0.146309 5737.132105 
0.147383 5670.411945 
0.148456 5605.572581 
0.149530 5542.683421 
0.150604 5481.909593 
0.151678 5423.320879 
0.152752 5366.916579 
0.153826 5312.662749 
0.154899 5260.514837 
0.155973 5210.269740 
0.157047 5161.836364 
0.158121 5115.025902 
0.159195 5069.687549 
0.160268 5025.655399 
0.161342 4982.687372 
0.162416 4940.632870 
0.163490 4899.336243 
0.164564 4858.664396 
0.165638 4818.485288 
0.166711 4778.751752 
0.167785 4739.315090 
0.168859 4700.131208 
0.169933 4661.184363 
0.171007 4622.454598 
0.172081 4583.953106 
0.173154 4545.708776 
0.174228 4507.689756 
0.175302 4469.962290 
0.176376 4432.574381 
0.177450 4395.550805 
0.178523 4358.961258 
0.179597 4322.789452 
0.180671 4287.105600 
0.181745 4251.932399 
0.182819 4217.317475 
0.183893 4183.254054 
0.184966 4149.797164 
0.186040 4116.896825 
0.187114 4084.598248 
0.188188 4052.877372 
0.189262 4021.740541 
0.190336 3991.162225 
0.191409 3961.172993 
0.192483 3931.691389 
0.193557 3902.715522 
0.194631 3874.242231 
0.195705 3846.230615 
0.196779 3818.668650 
0.197852 3791.558810 
0.198926 3764.826710 
0.200000 3738.465236 
0.201000 3714.250041 
0.205353 3612.159143 
0.209800 3512.798471 
0.214344 3415.976784 
0.218986 3321.884958 
0.223729 3230.921059 
0.228574 3143.511247 
0.233524 3059.955372 
0.238582 2980.342241 
0.243749 2904.580906 
0.249028 2832.334807 
0.254421 2763.222380 
0.259931 2696.764773 
0.265560 2632.547502 
0.271312 2570.212024 
0.277187 2509.517639 
0.283190 2450.266205 
0.289324 2392.383549 
0.295589 2335.851143 
0.301991 2280.647821 
0.308531 2226.809394 
0.315213 2174.344379 
0.322040 2123.278722 
0.329014 2073.639973 
0.336140 2025.404405 
0.343420 1978.578298 
0.350857 1933.124367 
0.358456 1889.006137 
0.366219 1846.185967 
0.374150 1804.622929 
0.382253 1764.272975 
0.390531 1725.081298 
0.398989 1687.011529 
0.407630 1650.015933 
0.416458 1614.046371 
0.425478 1579.060965 
0.434692 1545.025401 
0.444106 1511.889762 
0.453724 1479.621088 
0.463551 1448.167699 
0.473590 1417.499948 
0.483846 1387.583422 
0.494325 1358.373551 
0.505031 1329.835874 
0.515968 1301.939303 
0.527143 1274.654063 
0.538559 1247.944489 
0.550223 1221.672435 
0.562139 1196.089160 
0.574313 1170.930194 
0.586751 1146.236606 
0.599459 1121.656084 
0.612441 1097.730461 
0.625705 1074.475744 
0.639256 1051.514143 
0.653100 1028.972091 
0.667244 1006.746938 
0.681695 984.582638 
0.696459 963.201788 
0.711542 941.980698 
0.726952 921.081382 
0.742696 900.499250 
0.758780 880.204232 
0.775213 860.199258 
0.792002 840.451891 
0.809154 821.049436 
0.826678 801.906264 
0.844582 782.991651 
0.862873 764.342249 
0.881560 745.949557 
0.900652 727.810981 
0.920158 709.922883 
0.940086 692.286873 
0.960445 674.897843 
0.981246 657.756910 
1.002497 640.859413 
1.024208 624.206945 
1.046389 607.800419 
1.069051 591.637019 
1.092204 575.720583 
1.115858 560.049264 
1.140024 544.626784 
1.164714 529.452481 
1.189938 514.527441 
1.215709 499.856233 
1.242037 485.438225 
1.268936 471.276184 
1.296418 457.371965 
1.324494 443.728083 
1.353179 430.345665 
1.382485 417.226930 
1.412426 404.372365 
1.443015 391.785409 
1.474266 379.466241 
1.506195 367.416278 
1.538814 355.635682 
1.572141 344.123949 
1.606189 332.882999 
1.640974 321.911384 
1.676513 311.209243 
1.712821 300.775248 
1.749916 290.608037 
1.787814 280.706341 
1.826533 271.068019 
1.866090 261.691350 
1.906504 252.573423 
1.947794 243.710710 
1.989977 235.101480 
2.033075 226.741435 
2.077105 218.627581 
2.122089 210.755751 
2.168047 203.122176 
2.215001 195.722753 
2.262972 188.552849 
2.311981 181.608863 
2.362052 174.885040 
2.413207 168.377776 
2.465470 162.081795 
2.518865 155.992438 
2.573416 150.104759 
2.629149 144.414205 
2.686089 138.915431 
2.744262 133.603743 
2.803695 128.474374 
2.864414 123.521887 
2.926449 118.742050 
2.989828 114.129278 
3.054579 109.679392 
3.120732 105.387250 
3.188318 101.248432 
3.257368 97.258003 
3.327913 93.411668 
3.399986 89.704749 
3.473620 86.132815 
3.548848 82.691944 
3.625706 79.377523 
3.704229 76.185610 
3.784451 73.112206 
3.866412 70.153360 
3.950147 67.305467 
4.035696 64.564611 
4.123097 61.927241 
4.212391 59.390156 
4.303620 56.949777 
4.396824 54.602907 
4.492046 52.346314 
4.589331 50.177288 
4.688722 48.092586 
4.790267 46.089701 
4.894010 44.165725 
5.000000 42.318424 
