1.000000000230258569e-04 1.752062984870513174e+04 7.051693442527604930e+03 3.854628507533141146e+03
1.115486563971542785e-04 1.925651609285061568e+04 7.750996995721723579e+03 4.235897401250053917e+03
1.244310274114527074e-04 2.116532391431829819e+04 8.520255772462653113e+03 4.655054889539233955e+03
1.388011391866901154e-04 2.326423193907969107e+04 9.366546855322569172e+03 5.115894470167399049e+03
1.548308057910457113e-04 2.557185008013225888e+04 1.029759277680220657e+04 5.622571516201245686e+03
1.727116835090306587e-04 2.810789331996354667e+04 1.132168429910873965e+04 6.179601098515015110e+03
1.926575623508681512e-04 3.089362374033799642e+04 1.244784601205159015e+04 6.791923733590487245e+03
2.149069222004190347e-04 3.395150074841976311e+04 1.368571565943668065e+04 7.464879589098630277e+03
2.397257841638464457e-04 3.730410706686053891e+04 1.504514561548066195e+04 8.204089217541144535e+03
2.674108912107391479e-04 4.097482112049778516e+04 1.653649846598271688e+04 9.015579715746305737e+03
2.982932561365508645e-04 4.498772526222126180e+04 1.817052207829244435e+04 9.905716483459284063e+03
3.327421192670277522e-04 4.936704585735955334e+04 1.995783112314832397e+04 1.088091407377699215e+04
3.711693632243215748e-04 5.413712287743589695e+04 2.190908803944870670e+04 1.194779027084693189e+04
4.140344375392690035e-04 5.932326784831068653e+04 2.403518491503517726e+04 1.311316585503135866e+04
4.618498519902246974e-04 6.495498178296446713e+04 2.634784123303301749e+04 1.438396943676570118e+04
5.151873043487156757e-04 7.106394732812777511e+04 2.885908155547454953e+04 1.576719072338340993e+04
5.746845157973842983e-04 7.768407413828764402e+04 3.158141023559943278e+04 1.726995836354493440e+04
6.410528557468661917e-04 8.485447343540536531e+04 3.452938994526957686e+04 1.890003484283394573e+04
7.150858472165629249e-04 9.261822142723151774e+04 3.771880546165326814e+04 2.066546960718187620e+04
7.976686544726134401e-04 1.010204922481959366e+05 4.116604495318722184e+04 2.257439629822066127e+04
8.897886663605780169e-04 1.101020900310360303e+05 4.488695890884891560e+04 2.463492071935890999e+04
9.925473018708411317e-04 1.199022285670533165e+05 4.889729672163149371e+04 2.685505580368965093e+04
1.107173179088194286e-03 1.304574146672670759e+05 5.321189814931040019e+04 2.924220468675733719e+04
1.235036804978161722e-03 1.417875372458495258e+05 5.783918141376590211e+04 3.180073425596999732e+04
1.377666961646263968e-03 1.538994889375872153e+05 6.278265232134074904e+04 3.453256016482243285e+04
1.536768984990051967e-03 1.667868724831117142e+05 6.804069509644086065e+04 3.743683045639242482e+04
1.714245154289869167e-03 1.804127507932349690e+05 7.359871979318454396e+04 4.050545046683267719e+04
1.912217436523370962e-03 1.947117798982062668e+05 7.943037065063184127e+04 4.372381643706211617e+04
2.133052857342773462e-03 2.095897480713342957e+05 8.549767517970383051e+04 4.707102154028038058e+04
2.379391802059096454e-03 2.249004678865258466e+05 9.174163064314542862e+04 5.051505798522380792e+04
2.654179585009814029e-03 2.404490175557097537e+05 9.808354664497591148e+04 5.401347689835559868e+04
2.960701664764286197e-03 2.559968207659586042e+05 1.044266037399969500e+05 5.751352020909827843e+04
3.302622926212283368e-03 2.712520165437052492e+05 1.106508276228962495e+05 6.094777488485640060e+04
3.684031499205906151e-03 2.858731237036246457e+05 1.166176446180393395e+05 6.424028400360594969e+04
4.109487637665882979e-03 2.994783136377099436e+05 1.221716685631114815e+05 6.730582444084153394e+04
4.584078243567925488e-03 3.116569387169162510e+05 1.271459063342619047e+05 7.005264693042004365e+04
5.113477687716873853e-03 3.219834477333362447e+05 1.313670782472108840e+05 7.238554879103074200e+04
5.704015654503047893e-03 3.300332481985862833e+05 1.346623130251096445e+05 7.420943566282598476e+04
6.362752821816417166e-03 3.353985901146454853e+05 1.368654004933456308e+05 7.543288988930691266e+04
7.097565280973966440e-03 3.377056622666862677e+05 1.378240291453447426e+05 7.597200095577108732e+04
7.917238706014356406e-03 3.366355805412157206e+05 1.374078989781485870e+05 7.575496643726337061e+04
8.831573398280912271e-03 3.319273916385237826e+05 1.355103141452109558e+05 7.472280205523925542e+04
9.851501462242475554e-03 3.233657635663281544e+05 1.320427054632511863e+05 7.282644802268189960e+04
1.098921751354712747e-02 3.107314999604403274e+05 1.269145556337590824e+05 7.001549015287372458e+04
1.225832448210000328e-02 2.944625492245791247e+05 1.203032870826257567e+05 6.638716394805691380e+04
1.367399625343743499e-02 2.738979271836772677e+05 1.119362784025730216e+05 6.178988366516886890e+04
1.525315909299450497e-02 2.498168177363670547e+05 1.021291813299883361e+05 5.639669253588651918e+04
1.701469402243795462e-02 2.234306886447835714e+05 9.137407270495122066e+04 5.047791358677566313e+04
1.897966256774625410e-02 1.958561196803696512e+05 8.012483273343369365e+04 4.428320063935732469e+04
2.117155857815964867e-02 1.684402601623036899e+05 6.892944560981393442e+04 3.811416205765172344e+04
2.361658912683562567e-02 1.428974785061807779e+05 5.848802538877767802e+04 3.235731227089397362e+04
2.634398785175567220e-02 1.206894688133087620e+05 4.939923657338977500e+04 2.734395265798601031e+04
2.938636448329653983e-02 1.028272999084290204e+05 4.207903989742715930e+04 2.330532521792015177e+04
3.278009473753994152e-02 8.956812442453313270e+04 3.663523881210098625e+04 2.030241352082870435e+04
3.656575523702054742e-02 8.018715544189987122e+04 3.277306483164371457e+04 1.817339988089514372e+04
4.078860865897657173e-02 7.296956908427647431e+04 2.978959397037894087e+04 1.652952476888150704e+04
4.549914491170512637e-02 6.539848142095017101e+04 2.664879356326754714e+04 1.479568157970089669e+04
5.075368480951484434e-02 5.558255767535896302e+04 2.256855684297113839e+04 1.253586802136213919e+04
5.661505346402430361e-02 4.408645990467308002e+04 1.777782410927159435e+04 9.875536840987206233e+03
6.315333144310807112e-02 3.390759889697359176e+04 1.351517509914229959e+04 7.503601642897939200e+03
7.044669267860774464e-02 2.773746996876304547e+04 1.089947808980071204e+04 6.045097293071674358e+03
7.858233914112514040e-02 2.509064622915540167e+04 9.738352036467993457e+03 5.395246057206851219e+03
8.765754345719625751e-02 2.245196832285591881e+04 8.579089229918679848e+03 4.743993093537234927e+03
9.778081193473929511e-02 1.782657646323877634e+04 6.595032733099959842e+03 3.628570978713349177e+03
1.090731819023149224e-01 1.410577989287071796e+04 4.991869205672676799e+03 2.723511685835575918e+03
1.216696688736408766e-01 1.277438626709780692e+04 4.391226225646405510e+03 2.378309299409284449e+03
1.357208808401622890e-01 1.102831929656280408e+04 3.629357802343545700e+03 1.941794043270859902e+03
1.513948189927238619e-01 9.053129176458640359e+03 2.783953391802938313e+03 1.457951240850134354e+03
1.688788864024014236e-01 8.197783713097411237e+03 2.415228147503987657e+03 1.241844942805796563e+03
1.883821286769788717e-01 7.020847816489103934e+03 1.925545819473026086e+03 9.589253658129684936e+02
2.101377333831422056e-01 6.300220137849873026e+03 1.634583142648826652e+03 7.888536078061578110e+02
2.344058181183555356e-01 5.570330756764221405e+03 1.350004101905906055e+03 6.241437995197978807e+02
2.614765405675759102e-01 5.042224788764836376e+03 1.155835915025995746e+03 5.117433832966701743e+02
2.916735677297306317e-01 4.553900132874958217e+03 9.868666294675341533e+02 4.153885177511352254e+02
3.253579457932418983e-01 4.136488245017108966e+03 8.541888921053434842e+02 3.410227050762097747e+02
3.629324169301749725e-01 3.769585888238500502e+03 7.489327103524503855e+02 2.835213811471187455e+02
4.048462346221089470e-01 3.434621912418308057e+03 6.632413379535366857e+02 2.383656801419789701e+02
4.516005350914485406e-01 3.122136978587909198e+03 5.926708234834528639e+02 2.029287827783290368e+02
5.037543290608768043e-01 2.824497959017190624e+03 5.333095382771391542e+02 1.749305453305389335e+02
5.619311854805180140e-01 2.537787508726108172e+03 4.823359515646924365e+02 1.526951651532814083e+02
6.268266871357865977e-01 2.260477168977338351e+03 4.374486052965482941e+02 1.348364166661102104e+02
6.992167472777639503e-01 1.992741544634635147e+03 3.968043477075505621e+02 1.202445999582458995e+02
7.799668867126374749e-01 1.736876372956301566e+03 3.590967551056514253e+02 1.080607639370925881e+02
8.700425822703268253e-01 1.495984673154530356e+03 3.234365385637091208e+02 9.762418808731841580e+01
9.705208103821856280e-01 1.273538877182886154e+03 2.893246177753774759e+02 8.843052107465182132e+01
1.082602923786821769e+00 1.072337754179135118e+03 2.565502165742202578e+02 8.009913477401353532e+01
1.207629015322442267e+00 8.940517387298085623e+02 2.251795579155891289e+02 7.236542715640050005e+01
1.347093940544190405e+00 7.390801813086645780e+02 1.954312330975916154e+02 6.505356218159889181e+01
1.502665190738521561e+00 6.065131691796771065e+02 1.676321843425229474e+02 5.807296702690625523e+01
1.676202830030598223e+00 4.946256938006662836e+02 1.421012277246536257e+02 5.139241429041747011e+01
1.869781734959676811e+00 4.012083889342349607e+02 1.190935826031298888e+02 4.503213204391251168e+01
2.085716402426663674e+00 3.238999547216614019e+02 9.875176783817114767e+01 3.903834410242703257e+01
2.326588622626292402e+00 2.603604308891414689e+02 8.108925454519183518e+01 3.347184354245828075e+01
2.595278347831105226e+00 2.084276628358275332e+02 6.600803544706667481e+01 2.838786626437565630e+01
2.894998126105261083e+00 1.662096033151401571e+02 5.332218476142231367e+01 2.382321131363526945e+01
3.229331511649635278e+00 1.320646240021569895e+02 4.279146458977489687e+01 1.979289593502829447e+01
3.602275911025628830e+00 1.045651620053830158e+02 3.414147717005462113e+01 1.628990802016921080e+01
4.018290377542188097e+00 8.249876534587801302e+01 2.709704698548290835e+01 1.328953777465532937e+01
4.482348925252354732e+00 6.486265168796478520e+01 2.140127921872657524e+01 1.075385030892176097e+01
5.000000000000000888e+00 5.082585572085482539e+01 1.682448535765063724e+01 8.636901012624790042e+00
