1.000000000230258569e-04 7.092460254967174933e+02 3.276342698815180370e+02 1.881794683868691607e+02
1.115026695290953366e-04 7.855917883956685728e+02 3.627416242250280334e+02 2.083115805826460871e+02
1.243284530925187648e-04 8.702696403663899218e+02 4.016303564621869100e+02 2.306013423862309253e+02
1.386295441504667143e-04 9.642169188788390102e+02 4.447129655528212879e+02 2.552810167241732131e+02
1.545756424481938766e-04 1.068479210903712101e+03 4.924476484483773788e+02 2.826079916148748907e+02
1.723559677317991945e-04 1.184210922387863320e+03 5.453422052882892785e+02 3.128671759251105300e+02
1.921815050694108094e-04 1.312691778228991325e+03 6.039600105731040003e+02 3.463740924648330406e+02
2.142875084442451923e-04 1.455338942130677196e+03 6.689255518974053984e+02 3.834780137939393398e+02
2.389362923277018713e-04 1.613661911840463745e+03 7.409210137320542344e+02 4.245628998573832860e+02
2.664203443578849946e-04 1.789280491039631670e+03 8.206940712325173308e+02 4.700514988549169288e+02
2.970657960592480913e-04 1.983945706338977061e+03 9.090657538808731033e+02 5.204095290149786024e+02
3.312362927876497001e-04 2.199427040606304217e+03 1.006906721913064757e+03 5.761402621606126786e+02
3.693373088223966556e-04 2.437506684356178994e+03 1.115141830913832109e+03 6.377883284007920111e+02
4.118209588090659132e-04 2.700015889328052708e+03 1.234763850173276069e+03 7.059461471362307066e+02
4.591913626466918256e-04 2.988805748336494617e+03 1.366801249357391953e+03 7.812393904795180788e+02
5.120106274801957584e-04 3.305717458799023461e+03 1.512311732579392583e+03 8.643265322609588566e+02
5.709055177816341068e-04 3.652569407557477007e+03 1.672395467116178452e+03 9.559077931777173944e+02
6.365748926688486646e-04 4.031449146416289750e+03 1.848223894176310978e+03 1.056718602450442859e+03
7.097979987143026312e-04 4.444774922467917349e+03 2.041041236079528971e+03 1.167525964908758169e+03
7.914437166483044659e-04 4.895107091098227102e+03 2.252138872691534289e+03 1.289129213036705096e+03
8.824808716799498404e-04 5.385435509385648402e+03 2.482931055497601847e+03 1.422374195312976099e+03
9.839897297802024153e-04 5.919317830882753697e+03 2.734985337418273502e+03 1.568156287366065044e+03
1.097174816344422205e-03 6.500710597364965906e+03 3.009963630479647236e+03 1.727402522162306923e+03
1.223379209343287413e-03 7.133633234371219260e+03 3.309557130009991852e+03 1.901049817999721881e+03
1.364100476567608111e-03 7.821985169682718151e+03 3.635445649006876010e+03 2.090027805738521238e+03
1.521008446081769522e-03 8.569838789883133359e+03 3.989332295369135409e+03 2.295257746798717108e+03
1.695965020753673102e-03 9.380711348967910453e+03 4.372694896211861305e+03 2.517537027614934232e+03
1.891046271984591709e-03 1.025693008614326027e+04 4.786566644005066337e+03 2.757435601083262100e+03
2.108567074807741158e-03 1.120018014399341155e+04 5.231690811512865366e+03 3.015353124169770581e+03
2.351108576680822643e-03 1.221090844464719703e+04 5.708244954531722215e+03 3.291375180716038813e+03
2.621548825923003187e-03 1.328761946778108904e+04 6.215523935131213875e+03 3.585109829642622117e+03
2.923096923239734257e-03 1.442716576091334355e+04 6.752072816936911295e+03 3.895746979360488240e+03
3.259331101584665453e-03 1.562456959176312921e+04 7.315598608282696659e+03 4.221971748902324180e+03
3.634241186222156913e-03 1.687280178260328466e+04 7.902859422722993259e+03 4.561854608243081202e+03
4.052275938830490927e-03 1.816255887212065136e+04 8.509582319521816316e+03 4.912848578633843317e+03
4.518395847440812539e-03 1.948102486287882130e+04 9.129782258135366646e+03 5.271787281343785253e+03
5.038131988628217865e-03 2.081361484533333351e+04 9.756553011673790024e+03 5.634612663631468422e+03
5.617651660426248826e-03 2.214307726129776711e+04 1.038191049493460559e+04 5.996650189785532348e+03
6.263831564778516575e-03 2.344884947896508311e+04 1.099627830421186445e+04 6.352412074738058436e+03
6.984339407925946493e-03 2.470700486791914591e+04 1.158847550872357897e+04 6.695467936774620284e+03
7.787724887016851671e-03 2.589111097354947560e+04 1.214615647330952379e+04 7.018706792303322800e+03
8.683521142606049834e-03 2.696969536421473458e+04 1.265459847406127119e+04 7.313641194263233956e+03
9.682357880899711625e-03 2.789594974997007375e+04 1.309181179325507583e+04 7.567536279436485529e+03
1.079608750807801998e-02 2.863051180369164649e+04 1.343932978082060254e+04 7.769725462411774970e+03
1.203792577343234388e-02 2.914105288319123792e+04 1.368197965289929925e+04 7.911447292176367228e+03
1.342260859021738965e-02 2.938398408715198821e+04 1.379921012933739621e+04 7.980776880648028964e+03
1.496656689508787767e-02 2.931173359609013642e+04 1.376859645591846311e+04 7.964713211846605191e+03
1.668812162103823840e-02 2.888859507399069844e+04 1.357328865801418578e+04 7.853475059760453405e+03
1.860770109743517184e-02 2.808758049000523897e+04 1.320050986013033980e+04 7.639635327062294891e+03
2.074808345685756270e-02 2.689718228915930740e+04 1.264457951805578523e+04 7.319768900011215919e+03
2.313466692519383291e-02 2.533378949359447870e+04 1.191309041163517031e+04 6.898149620191416034e+03
2.579577120231610690e-02 2.344688371303792883e+04 1.102910567206040650e+04 6.388080122915860557e+03
2.876297350957714855e-02 2.132528027128255417e+04 1.003415929124753711e+04 5.813482523398411104e+03
3.207148329174031032e-02 1.909589764275293419e+04 8.987743840265802646e+03 5.208724844470948483e+03
3.576056001963404812e-02 1.691281887557974187e+04 7.962319915295416649e+03 4.615786899142350194e+03
3.987397905126498221e-02 1.493204120627153134e+04 7.031302294550152510e+03 4.077233526471367895e+03
4.446055107939526907e-02 1.327574865337635492e+04 6.252307593851360252e+03 3.626513318634952157e+03
4.957470132945773766e-02 1.199144156664090588e+04 5.647848337825415911e+03 3.276762056636485795e+03
5.527711538069327024e-02 1.101681258108197653e+04 5.188674904930734556e+03 3.011086110067089521e+03
6.163545927395905344e-02 1.017631510112793330e+04 4.792037841147696781e+03 2.781507546507569259e+03
6.872518245115814828e-02 9.189477294354273909e+03 4.325512456496378036e+03 2.511142507301688511e+03
7.663041305413779980e-02 7.903425669314180595e+03 3.716730078365010741e+03 2.157915084924411076e+03
8.544495620686157200e-02 6.440839839183941876e+03 3.023453297980686784e+03 1.755327851268355744e+03
9.527340712667957401e-02 5.182204505812164825e+03 2.425416383124939330e+03 1.407812007196024524e+03
1.062323922731101822e-01 4.416344298763869119e+03 2.059295814532659278e+03 1.194866497376646976e+03
1.184519532618636822e-01 4.008134172970281270e+03 1.861397586909334905e+03 1.079540513584323890e+03
1.320770899659224340e-01 3.496185950341983698e+03 1.613629151308777864e+03 9.350573796578020165e+02
1.472694811144383831e-01 2.765131729583740253e+03 1.261486420890905947e+03 7.296998295134975479e+02
1.642094028064348954e-01 2.251745003729380187e+03 1.011841631337426065e+03 5.837840167683708614e+02
1.830978677048002712e-01 2.014189863571457863e+03 8.924314249199054530e+02 5.134651189314805606e+02
2.041590102946942431e-01 1.667798415242980354e+03 7.216854155615094442e+02 4.131521564473936792e+02
2.276427465103479653e-01 1.371222441352898159e+03 5.749524594940787665e+02 3.266922259096054972e+02
2.538277392899435103e-01 1.203629402340158322e+03 4.899172046352348389e+02 2.760354162642412916e+02
2.830247052484705095e-01 1.000738854432844505e+03 3.893401387247977823e+02 2.163155770275474197e+02
3.155801017062329072e-01 8.753398484949403837e+02 3.264253670459423233e+02 1.785072061794080298e+02
3.518802378240603601e-01 7.513041787779272909e+02 2.654096479795878167e+02 1.418867916802014975e+02
3.923558586288135031e-01 6.602409873093296255e+02 2.210348000569834710e+02 1.150648068005827156e+02
4.374872563241952172e-01 5.832400461833697136e+02 1.843513030607174699e+02 9.289082453509291781e+01
4.878099695387512202e-01 5.194240865834316310e+02 1.547957989460338410e+02 7.505911708511304425e+01
5.439211381395319123e-01 4.671166896007628679e+02 1.314396783180204125e+02 6.103462567519590465e+01
6.064865890189676811e-01 4.234074878084969669e+02 1.128165503968321559e+02 4.996032882092202243e+01
6.762487369363893164e-01 3.863445012268649634e+02 9.793343810918911174e+01 4.124363249780071072e+01
7.540353941672404137e-01 3.541567830100954666e+02 8.592185341078345573e+01 3.436779515707269894e+01
8.407695934971151086e-01 3.256535106728293840e+02 7.618690216905234536e+01 2.896436194339756653e+01
9.374805411223435803e-01 2.997709679399397942e+02 6.820243735240228489e+01 2.471049828312393615e+01
1.045315829426528564e+00 2.756309525561934493e+02 6.153881986263538550e+01 2.134583542327927930e+01
1.165555054552403824e+00 2.526004004132288117e+02 5.585747542207741390e+01 1.866354280713094482e+01
1.299625000357985227e+00 2.302489010144685722e+02 5.089469883114377069e+01 1.650382113561886044e+01
1.449116568932995452e+00 2.083515558737791480e+02 4.644290093990113633e+01 1.473787231747485826e+01
1.615803658576671964e+00 1.868436925055286508e+02 4.234293396116594721e+01 1.326528317735116858e+01
1.801664213246928048e+00 1.658416981734218894e+02 3.848207057020454158e+01 1.200749373714922896e+01
2.008903693258128342e+00 1.455566355433686851e+02 3.478471901387838017e+01 1.090395572810806080e+01
2.239981245735629400e+00 1.262855986179922212e+02 3.121261486966463750e+01 9.909172468074102014e+00
2.497638885371206374e+00 1.083162339581805185e+02 2.775425508561750121e+01 8.989589443024966542e+00
2.784934031744384253e+00 9.190411812115372925e+01 2.442468054737671679e+01 8.123014902525305558e+00
3.105275789304232426e+00 7.721619128828025680e+01 2.125223255869807915e+01 7.295706347909341360e+00
3.462465400517639402e+00 6.431676454725307224e+01 1.827608445722679775e+01 6.502155714111127693e+00
3.860741352209485999e+00 5.317793663188145104e+01 1.553295833432052575e+01 5.742104777456354725e+00
4.304829670336041580e+00 4.369358110041316223e+01 1.305335700875399851e+01 5.019954641164511955e+00
4.799999999999999822e+00 3.571224383434423544e+01 1.085488946684419176e+01 4.341846010189263971e+00
