1.000000000230258569e-04 3.684430024103439791e+02 1.531012142710204671e+02 8.354969480398338533e+01
1.115026695290953366e-04 4.077603973022155515e+02 1.694737398785766516e+02 9.248501934931306323e+01
1.243284530925187648e-04 4.512504304739921395e+02 1.875954354717932517e+02 1.023751668012131262e+02
1.386295441504667143e-04 4.993494716130182951e+02 2.076525937254052394e+02 1.133219019285881330e+02
1.545756424481938766e-04 5.525384292670554487e+02 2.298512106282884986e+02 1.254377700311191006e+02
1.723559677317991945e-04 6.113474123112213192e+02 2.544187403031576196e+02 1.388470651813255472e+02
1.921815050694108094e-04 6.763605208616413620e+02 2.816063699733794010e+02 1.536870791728887014e+02
2.142875084442451923e-04 7.482214279374802572e+02 3.116915676105887201e+02 1.701094991125470131e+02
2.389362923277018713e-04 8.276444755677096055e+02 3.449801305758203398e+02 1.882815332470665624e+02
2.664203443578849946e-04 9.154218092456932254e+02 3.818090672359493283e+02 2.083874962430112987e+02
2.970657960592480913e-04 1.012429316905774272e+03 4.225499725946652916e+02 2.306306635823256670e+02
3.312362927876497001e-04 1.119645177588708975e+03 4.676108191284820350e+02 2.552341971569206294e+02
3.693373088223966556e-04 1.238162364914980571e+03 5.174392589560249007e+02 2.824429477972133782e+02
4.118209588090659132e-04 1.369195415071186517e+03 5.725271701239552158e+02 3.125259796525019169e+02
4.591913626466918256e-04 1.514085024398341147e+03 6.334109856932642515e+02 3.457766578905412871e+02
5.120106274801957584e-04 1.674310041721332254e+03 7.006744834657411047e+02 3.825141370137027934e+02
5.709055177816341068e-04 1.851507558689376310e+03 7.749549535234382347e+02 4.230867778980751268e+02
6.365748926688486646e-04 2.047431416228223043e+03 8.569403484300503351e+02 4.678704523519309078e+02
7.097979987143026312e-04 2.263936084071370260e+03 9.473693692822348567e+02 5.172684926985240281e+02
7.914437166483044659e-04 2.503027408662578182e+03 1.047039400581545351e+03 5.717160619632500129e+02
8.824808716799498404e-04 2.766809654224920450e+03 1.156798021420954683e+03 6.316754246312798386e+02
9.839897297802024153e-04 3.057442101840337727e+03 1.277536367935053704e+03 6.976322148643126866e+02
1.097174816344422205e-03 3.377183590019365056e+03 1.410198231730944144e+03 7.701003465550628562e+02
1.223379209343287413e-03 3.728348775632280194e+03 1.555758162650555050e+03 8.496109204867451581e+02
1.364100476567608111e-03 4.113255089506095828e+03 1.715197280072554122e+03 9.366998851345582580e+02
1.521008446081769522e-03 4.534227268606697180e+03 1.889515176841832954e+03 1.031913666769079782e+03
1.695965020753673102e-03 4.993518876580102187e+03 2.079684376516463090e+03 1.135784204537239248e+03
1.891046271984591709e-03 5.493209809370458061e+03 2.286589551530184508e+03 1.248795743825789259e+03
2.108567074807741158e-03 6.035195586305135294e+03 2.511044314039588699e+03 1.371394208277769167e+03
2.351108576680822643e-03 6.621049915896654966e+03 2.753729652525719303e+03 1.503953733087168985e+03
2.621548825923003187e-03 7.251826922076887058e+03 3.015099700654327989e+03 1.646725369695327117e+03
2.923096923239734257e-03 7.928052878758926454e+03 3.295388689345245439e+03 1.799840975965516236e+03
3.259331101584665453e-03 8.649562182760182623e+03 3.594543633242831220e+03 1.963276194378061291e+03
3.634241186222156913e-03 9.415244031526444815e+03 3.912117670562462536e+03 2.136791557381643088e+03
4.052275938830490927e-03 1.022301610196329420e+04 4.247258622337524685e+03 2.319926826748584517e+03
4.518395847440812539e-03 1.106970982235776319e+04 4.598642350055792122e+03 2.511963267136570266e+03
5.038131988628217865e-03 1.195049922327485911e+04 4.964311598880766724e+03 2.711838823889617743e+03
5.617651660426248826e-03 1.285902669722146857e+04 5.341614140554524056e+03 2.918111740334141359e+03
6.263831564778516575e-03 1.378696558768569048e+04 5.727107249495898941e+03 3.128904252532504415e+03
6.984339407925946493e-03 1.472486502526014192e+04 6.116884910398101056e+03 3.342094590069516471e+03
7.787724887016851671e-03 1.565677217665590797e+04 6.504331877018393243e+03 3.554074442018273203e+03
8.683521142606049834e-03 1.656617641934141284e+04 6.882588392889317220e+03 3.761095975064730283e+03
9.682357880899711625e-03 1.743301931535912809e+04 7.243328488928355910e+03 3.958613138389172946e+03
1.079608750807801998e-02 1.823777189415442626e+04 7.578450666332495530e+03 4.142211590874578178e+03
1.203792577343234388e-02 1.895348523878687411e+04 7.876753981891603871e+03 4.305774281165940920e+03
1.342260859021738965e-02 1.955119206995940112e+04 8.126157931437236584e+03 4.442682355765875400e+03
1.496656689508787767e-02 2.000026945707932828e+04 8.313936377336131045e+03 4.545968643479975071e+03
1.668812162103823840e-02 2.026872395182662149e+04 8.426777094763063360e+03 4.608350265023866086e+03
1.860770109743517184e-02 2.032547486801708510e+04 8.451688989833923188e+03 4.622701599036353400e+03
2.074808345685756270e-02 2.014429692913142208e+04 8.377652466376692246e+03 4.582935803380542893e+03
2.313466692519383291e-02 1.970799730998347877e+04 8.197467197656926146e+03 4.485097140864158973e+03
2.579577120231610690e-02 1.901372862138553319e+04 7.909822626843974831e+03 4.328445436197353047e+03
2.876297350957714855e-02 1.807912835249429918e+04 7.521891450366849313e+03 4.116842562365587582e+03
3.207148329174031032e-02 1.694773687130521648e+04 7.051671835864569402e+03 3.860092725393523779e+03
3.576056001963404812e-02 1.568978936299552697e+04 6.528308954226994501e+03 3.574142420379132545e+03
3.987397905126498221e-02 1.439610962319842110e+04 5.989508666438992805e+03 3.279602188370522526e+03
4.446055107939526907e-02 1.316310512658018342e+04 5.475365336923102404e+03 2.998429314298627105e+03
4.957470132945773766e-02 1.206890653427393408e+04 5.018384820142832723e+03 2.748429777748035576e+03
5.527711538069327024e-02 1.114406876178455786e+04 4.631262232021071213e+03 2.536569756831142058e+03
6.163545927395905344e-02 1.035109413987420885e+04 4.298323842285704814e+03 2.354272340791086208e+03
6.872518245115814828e-02 9.559713533699676191e+03 3.965175250415794835e+03 2.171731999775809982e+03
7.663041305413779980e-02 8.630905035135992875e+03 3.573728151866480857e+03 1.957101373554761267e+03
8.544495620686157200e-02 7.514436131616875173e+03 3.102907387570629908e+03 1.698806591549461473e+03
9.527340712667957401e-02 6.349665403628860076e+03 2.610779550939093951e+03 1.428663572782165602e+03
1.062323922731101822e-01 5.393232997525328756e+03 2.204453653999882590e+03 1.205392213719149822e+03
1.184519532618636822e-01 4.770545517660410042e+03 1.936351795367796512e+03 1.057743374113633536e+03
1.320770899659224340e-01 4.300869984234895128e+03 1.731204723888293529e+03 9.444493728946277997e+02
1.472694811144383831e-01 3.701866010274939981e+03 1.471365094616935949e+03 8.009847268670355334e+02
1.642094028064348954e-01 3.055629213164543216e+03 1.191430704560198592e+03 6.463159160989093834e+02
1.830978677048002712e-01 2.646253436698760652e+03 1.010439618918183783e+03 5.457360863874723691e+02
2.041590102946942431e-01 2.347072815248995539e+03 8.759722947823264576e+02 4.705094371577395691e+02
2.276427465103479653e-01 1.973617788458260293e+03 7.116602757666437356e+02 3.787925613885567486e+02
2.538277392899435103e-01 1.718924450568775910e+03 5.983212873511912449e+02 3.149426853849198551e+02
2.830247052484705095e-01 1.502322048191570957e+03 5.026543541728752302e+02 2.607683154899440297e+02
3.155801017062329072e-01 1.304616604722738657e+03 4.167689808286532980e+02 2.120221740425055543e+02
3.518802378240603601e-01 1.151619117634352961e+03 3.513078607604569470e+02 1.746133038731666431e+02
3.923558586288135031e-01 1.018061471631089262e+03 2.956298193687482581e+02 1.427889470296876482e+02
4.374872563241952172e-01 9.054529780634662757e+02 2.501550214474023903e+02 1.168348542726486698e+02
4.878099695387512202e-01 8.119338092730255312e+02 2.138537989809003648e+02 9.620748641481172569e+01
5.439211381395319123e-01 7.314923575481213902e+02 1.840787101989280359e+02 7.946326422617522667e+01
6.064865890189676811e-01 6.620252799011421985e+02 1.598268031048535818e+02 6.603673222506103002e+01
6.762487369363893164e-01 6.012354903966897837e+02 1.400445044859759776e+02 5.532188578059914619e+01
7.540353941672404137e-01 5.470350525563861765e+02 1.237996539651448984e+02 4.677682512578710572e+01
8.407695934971151086e-01 4.977401333237231711e+02 1.103384162652457405e+02 3.996281254705777286e+01
9.374805411223435803e-01 4.519996052719723139e+02 9.903131813792890625e+01 3.451223464141065023e+01
1.045315829426528564e+00 4.088494841465700915e+02 8.936500925978467080e+01 3.012673863949923714e+01
1.165555054552403824e+00 3.676559892093056874e+02 8.092837659099015468e+01 2.657026425890892085e+01
1.299625000357985227e+00 3.281357512412438950e+02 7.339211507247115662e+01 2.365064316961191082e+01
1.449116568932995452e+00 2.902597762358768136e+02 6.649644599979940551e+01 2.121326135021604387e+01
1.615803658576671964e+00 2.542225062102868947e+02 6.005243015301357445e+01 1.913584509810813827e+01
1.801664213246928048e+00 2.203373512885412708e+02 5.393021724045472354e+01 1.732113863541630394e+01
2.008903693258128342e+00 1.889377611158255093e+02 4.806015086186027219e+01 1.569488710750456839e+01
2.239981245735629400e+00 1.603194230981803798e+02 4.242117455053723063e+01 1.420073991953536741e+01
2.497638885371206374e+00 1.346906993552554184e+02 3.703371438141515881e+01 1.279965532332552058e+01
2.784934031744384253e+00 1.121568854030878555e+02 3.194695494675886493e+01 1.146694140000474071e+01
3.105275789304232426e+00 9.267546353142111570e+01 2.722140182919289231e+01 1.019066155984177868e+01
3.462465400517639402e+00 7.609170500410054672e+01 2.291902936542692615e+01 8.969643281151459036e+00
3.860741352209485999e+00 6.214897259441396926e+01 1.908176309487951272e+01 7.809692470764512784e+00
4.304829670336041580e+00 5.053277248193060700e+01 1.573145008447965587e+01 6.721926830066282221e+00
4.799999999999999822e+00 4.092491311041005986e+01 1.286031553196926680e+01 5.717788231533884158e+00
