1.000000000230258569e-04 4.974368965527732485e+02 2.349817683216952560e+02 1.340190781721553890e+02
1.115026695290953366e-04 5.551503930668857265e+02 2.622234729069801347e+02 1.495522548171409483e+02
1.243284530925187648e-04 6.195642298417492384e+02 2.926210917767780870e+02 1.668836595743592000e+02
1.386295441504667143e-04 6.914563695938048795e+02 3.265392877959170619e+02 1.862207078092414747e+02
1.545756424481938766e-04 7.716943845633289811e+02 3.643844760090082673e+02 2.077944934380477378e+02
1.723559677317991945e-04 8.612420470317160834e+02 4.066085023637415361e+02 2.318619325429910702e+02
1.921815050694108094e-04 9.611715417731377329e+02 4.537141351047548596e+02 2.587088452381130423e+02
2.142875084442451923e-04 1.072674902017550039e+03 5.062605834868600709e+02 2.886531248311353579e+02
2.389362923277018713e-04 1.197064861095999959e+03 5.648664242766149073e+02 3.220468835284693796e+02
2.664203443578849946e-04 1.335790517299097019e+03 6.302167924723017904e+02 3.592804831738280313e+02
2.970657960592480913e-04 1.490452264020384973e+03 7.030704741510058966e+02 4.007865995737945468e+02
3.312362927876497001e-04 1.662792038094607960e+03 7.842590258343748246e+02 4.470408163766672374e+02
3.693373088223966556e-04 1.854708626880285237e+03 8.746948897043644138e+02 4.985663890491521215e+02
4.118209588090659132e-04 2.068277223357094954e+03 9.753805875469403190e+02 5.559394404738492312e+02
4.591913626466918256e-04 2.305745709903232182e+03 1.087403104199035170e+03 6.197859119454731172e+02
5.120106274801957584e-04 2.569544574742556961e+03 1.211940237852643577e+03 6.907856760665855518e+02
5.709055177816341068e-04 2.862302827250174232e+03 1.350270925798257622e+03 7.696787654149860600e+02
6.365748926688486646e-04 3.186866766865482987e+03 1.503768111279176537e+03 8.572572167990532535e+02
7.097979987143026312e-04 3.546308344129743091e+03 1.673900603372995874e+03 9.543657907340076463e+02
7.914437166483044659e-04 3.943922991865190397e+03 1.862239447049513274e+03 1.061907687962958335e+03
8.824808716799498404e-04 4.383188080859738875e+03 2.070433972019471184e+03 1.180827544705609398e+03
9.839897297802024153e-04 4.867748601134772798e+03 2.300201749035400098e+03 1.312104282546435343e+03
1.097174816344422205e-03 5.401425427019590643e+03 2.553331492284423348e+03 1.456753867935248991e+03
1.223379209343287413e-03 5.988019084040352027e+03 2.831604736595290888e+03 1.615789463855626536e+03
1.364100476567608111e-03 6.631197952228885697e+03 3.136747353738467609e+03 1.790195313260205467e+03
1.521008446081769522e-03 7.334548620800697790e+03 3.470439706431425293e+03 1.980928184590229193e+03
1.695965020753673102e-03 8.101292248268498042e+03 3.834193929975113406e+03 2.188850104307007769e+03
1.891046271984591709e-03 8.934055539808545291e+03 4.229252578410378192e+03 2.414672212630360718e+03
2.108567074807741158e-03 9.834890950274084389e+03 4.656587790353304626e+03 2.658951672289592352e+03
2.351108576680822643e-03 1.080499600278360049e+04 5.116772401777119740e+03 2.922018823025254278e+03
2.621548825923003187e-03 1.184443150466963198e+04 5.609850596533745374e+03 3.203904100468921570e+03
2.923096923239734257e-03 1.295203956086793914e+04 6.135296534703206817e+03 3.504313898180396791e+03
3.259331101584665453e-03 1.412503059782878518e+04 6.691811187925273771e+03 3.822516332782082827e+03
3.634241186222156913e-03 1.535855479069950707e+04 7.277111603851661130e+03 4.157222759280812170e+03
4.052275938830490927e-03 1.664570139191792987e+04 7.887939620291628671e+03 4.506591369422110802e+03
4.518395847440812539e-03 1.797695401321972167e+04 8.519804188083895497e+03 4.868057589965201259e+03
5.038131988628217865e-03 1.933994753754430712e+04 9.166900741581797774e+03 5.238321776599555960e+03
5.617651660426248826e-03 2.071483672513347483e+04 9.819810453831403720e+03 5.611991942744334665e+03
6.263831564778516575e-03 2.207998009588052446e+04 1.046827871305017470e+04 5.983220717531193259e+03
6.984339407925946493e-03 2.341459480893609725e+04 1.110249289655669054e+04 6.346416125863262096e+03
7.787724887016851671e-03 2.468853670077934657e+04 1.170819281854000837e+04 6.693461382935362053e+03
8.683521142606049834e-03 2.586589450034701804e+04 1.226831269967232947e+04 7.014574038918774932e+03
9.682357880899711625e-03 2.690801893790696704e+04 1.276451516268947853e+04 7.299245448585214945e+03
1.079608750807801998e-02 2.777054101588370395e+04 1.317577157920185164e+04 7.535441308882368503e+03
1.203792577343234388e-02 2.840501646664248256e+04 1.347909602010200433e+04 7.710018980825358085e+03
1.342260859021738965e-02 2.876043967282965605e+04 1.365011881910705961e+04 7.808983731167391852e+03
1.496656689508787767e-02 2.878666929758688639e+04 1.366493839092998132e+04 7.818575203359078841e+03
1.668812162103823840e-02 2.843779176301566258e+04 1.350176463608038284e+04 7.726340540704411069e+03
1.860770109743517184e-02 2.767877671075667604e+04 1.314373934800821917e+04 7.522582552381119967e+03
2.074808345685756270e-02 2.649561495007486883e+04 1.258398618569503742e+04 7.203223744555972189e+03
2.313466692519383291e-02 2.490610583982167736e+04 1.183091203046714872e+04 6.773068587332600146e+03
2.579577120231610690e-02 2.296910785633354681e+04 1.091230873460364273e+04 6.247987139662137452e+03
2.876297350957714855e-02 2.079100914390322214e+04 9.878627351777928197e+03 5.656820043516531769e+03
3.207148329174031032e-02 1.852233555164883001e+04 8.801329727003490916e+03 5.040475570250624514e+03
3.576056001963404812e-02 1.634077868317642424e+04 7.764863810988584191e+03 4.447322630730106539e+03
3.987397905126498221e-02 1.441927470214308232e+04 6.851463876136617728e+03 3.924485630795928500e+03
4.446055107939526907e-02 1.288305399705465970e+04 6.120727073895767717e+03 3.506141868735538992e+03
4.957470132945773766e-02 1.176348791046631231e+04 5.587630736518686717e+03 3.200905784070636855e+03
5.527711538069327024e-02 1.095804640271714743e+04 5.203446526044609527e+03 2.980893245554635087e+03
6.163545927395905344e-02 1.023179303981796693e+04 4.856412558566686130e+03 2.782078131186467544e+03
6.872518245115814828e-02 9.243790153766532967e+03 4.384261303096170195e+03 2.511472014939699875e+03
7.663041305413779980e-02 7.858073085620560960e+03 3.722200259628744789e+03 2.131925001745290047e+03
8.544495620686157200e-02 6.304543623465503515e+03 2.979544676515505671e+03 1.706071558900376658e+03
9.527340712667957401e-02 5.070716369346711872e+03 2.388267363858803037e+03 1.366865403914883473e+03
1.062323922731101822e-01 4.428312199405084357e+03 2.077724938649798787e+03 1.188462859404230130e+03
1.184519532618636822e-01 4.101560118089130810e+03 1.916689011565992359e+03 1.095649735196172742e+03
1.320770899659224340e-01 3.526021130115569576e+03 1.636543096207676399e+03 9.344442923131379075e+02
1.472694811144383831e-01 2.734784021995628791e+03 1.253185038821565286e+03 7.139506018928085496e+02
1.642094028064348954e-01 2.287678748175063902e+03 1.033260675264545171e+03 5.870154142734342031e+02
1.830978677048002712e-01 2.075316195608909311e+03 9.248748085518318476e+02 5.238859136566582038e+02
2.041590102946942431e-01 1.677549263098671645e+03 7.285229616195030076e+02 4.102196917920300621e+02
2.276427465103479653e-01 1.413211416748195461e+03 5.961727560796679199e+02 3.331391546699699688e+02
2.538277392899435103e-01 1.235792063749252293e+03 5.059826047223057230e+02 2.801530481531629562e+02
2.830247052484705095e-01 1.032047893877614797e+03 4.044149388969373717e+02 2.206300501274722023e+02
3.155801017062329072e-01 9.054509671447324308e+02 3.406360687147340514e+02 1.827830926434467642e+02
3.518802378240603601e-01 7.812987412312621700e+02 2.793582418134808449e+02 1.464753143432445484e+02
3.923558586288135031e-01 6.855393903155680846e+02 2.327099731768444997e+02 1.186927382556439454e+02
4.374872563241952172e-01 6.078993239677965903e+02 1.956924217905890941e+02 9.661279554869516062e+01
4.878099695387512202e-01 5.421113346943341185e+02 1.652505013558877351e+02 7.851924162972011345e+01
5.439211381395319123e-01 4.875568221476578969e+02 1.409388425551585158e+02 6.416045566352509866e+01
6.064865890189676811e-01 4.417670356811242414e+02 1.214761998388804756e+02 5.279500201067676102e+01
6.762487369363893164e-01 4.026528562742705617e+02 1.058069517772551933e+02 4.380371647148786707e+01
7.540353941672404137e-01 3.685689327928827765e+02 9.309502987537381102e+01 3.668894014924659785e+01
8.407695934971151086e-01 3.382051554541358769e+02 8.270098052222034823e+01 3.106547058384112603e+01
9.374805411223435803e-01 3.104822518313513342e+02 7.409033332235370040e+01 2.660966356797699817e+01
1.045315829426528564e+00 2.845472209195155529e+02 6.683263206689855451e+01 2.306247037191289806e+01
1.165555054552403824e+00 2.597779168879818030e+02 6.058375283869251859e+01 2.021561077975345100e+01
1.299625000357985227e+00 2.357551245789964867e+02 5.507231738125708631e+01 1.790588807415684158e+01
1.449116568932995452e+00 2.122808082475359015e+02 5.008690815056701950e+01 1.600222412525304705e+01
1.615803658576671964e+00 1.893270914267251612e+02 4.546704684516091532e+01 1.440156193895889380e+01
1.801664213246928048e+00 1.670520321414742568e+02 4.110198044622764968e+01 1.302311557119201524e+01
2.008903693258128342e+00 1.457061682077780631e+02 3.692107756465299673e+01 1.180432203490369325e+01
2.239981245735629400e+00 1.256122626751136693e+02 3.289440304857357944e+01 1.069845664321503520e+01
2.497638885371206374e+00 1.070672540211506458e+02 2.902029969600033965e+01 9.671420440463503354e+00
2.784934031744384253e+00 9.030645456551002326e+01 2.532346290673395828e+01 8.701235402700215005e+00
3.105275789304232426e+00 7.546188477075760659e+01 2.183994180241364091e+01 7.775054492962564012e+00
3.462465400517639402e+00 6.254891763991936671e+01 1.861299722898155906e+01 6.888952470238634440e+00
3.860741352209485999e+00 5.149212475748515772e+01 1.567937801614864313e+01 6.044517721135467703e+00
4.304829670336041580e+00 4.214621637532939502e+01 1.306449141086848442e+01 5.247906285813637162e+00
4.799999999999999822e+00 3.433024014113422595e+01 1.077798131389642045e+01 4.506536797704164599e+00
