1.000000000230258569e-04 6.255572697106823625e+02 2.888755399838207722e+02 1.604343777021129540e+02
1.115026695290953366e-04 6.947035852328521059e+02 3.209832940971288053e+02 1.782882105901349803e+02
1.243284530925187648e-04 7.713755638077116146e+02 3.566424749032855175e+02 1.981242533456380386e+02
1.386295441504667143e-04 8.563633630700628601e+02 3.962410005639217729e+02 2.201611273235989188e+02
1.545756424481938766e-04 9.505382186974020442e+02 4.402074876643160906e+02 2.446408338902641333e+02
1.723559677317991945e-04 1.054858358181469612e+03 4.890157959658798745e+02 2.718314569108759997e+02
1.921815050694108094e-04 1.170383411350248480e+03 5.431900856806736329e+02 3.020298728511821196e+02
2.142875084442451923e-04 1.298312558866473410e+03 6.033112067910718679e+02 3.355642659235566043e+02
2.389362923277018713e-04 1.439985493018723901e+03 6.700218736015174272e+02 3.727976146016147254e+02
2.664203443578849946e-04 1.596905089938780748e+03 7.440339660736430005e+02 4.141313036581320830e+02
2.970657960592480913e-04 1.770825341561613868e+03 8.261420688226882021e+02 4.600086264645801748e+02
3.312362927876497001e-04 1.963756571478061005e+03 9.172297789935196306e+02 5.109191694218117163e+02
3.693373088223966556e-04 2.177982728768056404e+03 1.018278077586920176e+03 5.674032720721060059e+02
4.118209588090659132e-04 2.416100175229754313e+03 1.130378633013052649e+03 6.300553242394045128e+02
4.591913626466918256e-04 2.681067634982696291e+03 1.254745498892580372e+03 6.995295013211023161e+02
5.120106274801957584e-04 2.976226709706658312e+03 1.392722810190558448e+03 7.765444665222008780e+02
5.709055177816341068e-04 3.305071530143969539e+03 1.545757742851537159e+03 8.618777168022588739e+02
6.365748926688486646e-04 3.671337834211892641e+03 1.715419597096545431e+03 9.563727005345249381e+02
7.097979987143026312e-04 4.079096182727144424e+03 1.903416352822912131e+03 1.060944606897620361e+03
7.914437166483044659e-04 4.532374982605741025e+03 2.111513618024854168e+03 1.176553749941742126e+03
8.824808716799498404e-04 5.035165777043205708e+03 2.341541602584281463e+03 1.304208938979418235e+03
9.839897297802024153e-04 5.591536218500985342e+03 2.595421346156795607e+03 1.444975873244482273e+03
1.097174816344422205e-03 6.205538264160512881e+03 2.875081111410272115e+03 1.599931918693215721e+03
1.223379209343287413e-03 6.881118674820826527e+03 3.182432431697064203e+03 1.770155900106373110e+03
1.364100476567608111e-03 7.622032697494897548e+03 3.519371909358420453e+03 1.956731809214394616e+03
1.521008446081769522e-03 8.431874943691265798e+03 3.887684932071468211e+03 2.160675239260332546e+03
1.695965020753673102e-03 9.313972462687284860e+03 4.288986372003438191e+03 2.382898971544524102e+03
1.891046271984591709e-03 1.027115052567535713e+04 4.724688955199156226e+03 2.624209739590069148e+03
2.108567074807741158e-03 1.130552012357761123e+04 5.195847170744967116e+03 2.885213680965396634e+03
2.351108576680822643e-03 1.241828257441265487e+04 5.703047613734016522e+03 3.166253190290154635e+03
2.621548825923003187e-03 1.360955682546379830e+04 6.246368617036428986e+03 3.467390077683152413e+03
2.923096923239734257e-03 1.487796747636327382e+04 6.825221480709744355e+03 3.788303554431614884e+03
3.259331101584665453e-03 1.622032949273523627e+04 7.438216924484878291e+03 4.128208644582833585e+03
3.634241186222156913e-03 1.763155454839579397e+04 8.083002199076885518e+03 4.485826357849502529e+03
4.052275938830490927e-03 1.910416043122917472e+04 8.756081764348920842e+03 4.859229487487858023e+03
4.518395847440812539e-03 2.062746085646723077e+04 9.452812622506102343e+03 5.245843811333213125e+03
5.038131988628217865e-03 2.218786841377003293e+04 1.016684207657728075e+04 5.642188281168617323e+03
5.617651660426248826e-03 2.376789355853887173e+04 1.089017658949214092e+04 6.043823003597625757e+03
6.263831564778516575e-03 2.534841080473258626e+04 1.161410011219201988e+04 6.445926074246726785e+03
6.984339407925946493e-03 2.689587036491772596e+04 1.232326407596852550e+04 6.839993399611270434e+03
7.787724887016851671e-03 2.837748894938289232e+04 1.300264231299046878e+04 7.217686138400730670e+03
8.683521142606049834e-03 2.975051215203924221e+04 1.363266584872769272e+04 7.568142585073403097e+03
9.682357880899711625e-03 3.097661436853494524e+04 1.419578339521951966e+04 7.881645144226860793e+03
1.079608750807801998e-02 3.200435933243465115e+04 1.466840320497117318e+04 8.145090409217687920e+03
1.203792577343234388e-02 3.277308917837190529e+04 1.502265644279922890e+04 8.342981890207182005e+03
1.342260859021738965e-02 3.322421265170992410e+04 1.523168666778250918e+04 8.460384588987864845e+03
1.496656689508787767e-02 3.329715734134289960e+04 1.526765239335198385e+04 8.481811945986179126e+03
1.668812162103823840e-02 3.293614664062944212e+04 1.510483738276234362e+04 8.392902225851114054e+03
1.860770109743517184e-02 3.210020440173328097e+04 1.472423991008444136e+04 8.182969176760693699e+03
2.074808345685756270e-02 3.077251235538915716e+04 1.411803764673936894e+04 7.847620461972661360e+03
2.313466692519383291e-02 2.897300144136918971e+04 1.329509511091253808e+04 7.391695869300987397e+03
2.579577120231610690e-02 2.677046155631492002e+04 1.228668524174738741e+04 6.832448702274013158e+03
2.876297350957714855e-02 2.429045914600324977e+04 1.115024666069541672e+04 6.201736819028650643e+03
3.207148329174031032e-02 2.171034150430806039e+04 9.967062040572302067e+03 5.544744257858893434e+03
3.576056001963404812e-02 1.923748243403264860e+04 8.832260814445866345e+03 4.914354311259873612e+03
3.987397905126498221e-02 1.706967075121710150e+04 7.836719667471794310e+03 4.361166011672657078e+03
4.446055107939526907e-02 1.534354548690823140e+04 7.043283896867478688e+03 3.920204387321944978e+03
4.957470132945773766e-02 1.407862744242545523e+04 6.461021367912302594e+03 3.596581663830560501e+03
5.527711538069327024e-02 1.314397170982767238e+04 6.029777669188199070e+03 3.356862142545351617e+03
6.163545927395905344e-02 1.221299967843675222e+04 5.599321579624524020e+03 3.117406631552464205e+03
6.872518245115814828e-02 1.094556966191365791e+04 5.013016148520912793e+03 2.790946354867129685e+03
7.663041305413779980e-02 9.233412107205178472e+03 4.220839461916512846e+03 2.349563419134069591e+03
8.544495620686157200e-02 7.420848373161747986e+03 3.381130426473438092e+03 1.881445123309777046e+03
9.527340712667957401e-02 6.075279549778155342e+03 2.755122967878509371e+03 1.532174227459314807e+03
1.062323922731101822e-01 5.416054046516804192e+03 2.444007420982058193e+03 1.358198639614953890e+03
1.184519532618636822e-01 5.002097068931778267e+03 2.244795634966503258e+03 1.246409373155690901e+03
1.320770899659224340e-01 4.210770853926361269e+03 1.870869009944011623e+03 1.037025452059257987e+03
1.472694811144383831e-01 3.287542362476427570e+03 1.435557735380135682e+03 7.932067472021728918e+02
1.642094028064348954e-01 2.854149698627099042e+03 1.225617269595203879e+03 6.748309477538247165e+02
1.830978677048002712e-01 2.567391086087343410e+03 1.083411462502539734e+03 5.940327346732706246e+02
2.041590102946942431e-01 2.057842920070046603e+03 8.394654891818764781e+02 4.563647999811175850e+02
2.276427465103479653e-01 1.799758517989265101e+03 7.123234960813373391e+02 3.836861874475114291e+02
2.538277392899435103e-01 1.552407942645655339e+03 5.917568224351221033e+02 3.146304918945044165e+02
2.830247052484705095e-01 1.329035963418952633e+03 4.839943891235142246e+02 2.527410997286999645e+02
3.155801017062329072e-01 1.164268757336675890e+03 4.049726434656473089e+02 2.069829543635266305e+02
3.518802378240603601e-01 1.023372407675234967e+03 3.386308974719157163e+02 1.684879865471521612e+02
3.923558586288135031e-01 9.009691310491500644e+02 2.824005300230614353e+02 1.359026973830281975e+02
4.374872563241952172e-01 8.058290189123988512e+02 2.399764897242829988e+02 1.113055363097719948e+02
4.878099695387512202e-01 7.244957221150546047e+02 2.050507380431304512e+02 9.120520748027679758e+01
5.439211381395319123e-01 6.551718799039006171e+02 1.766758084591972136e+02 7.507195069678424204e+01
6.064865890189676811e-01 5.955986589526858097e+02 1.536902911436301054e+02 6.223517473753999241e+01
6.762487369363893164e-01 5.440067141138789566e+02 1.351790560025824561e+02 5.214935164305868653e+01
7.540353941672404137e-01 4.979172160474937527e+02 1.199909074858712046e+02 4.414934461725874115e+01
8.407695934971151086e-01 4.557002369894769913e+02 1.073441633119951462e+02 3.777851515658812076e+01
9.374805411223435803e-01 4.162595321626890268e+02 9.668021107533525083e+01 3.270250382623029850e+01
1.045315829426528564e+00 3.787083828919263624e+02 8.750517012522408322e+01 2.862940768951157366e+01
1.165555054552403824e+00 3.424200941550016637e+02 7.941464210284934211e+01 2.532442898356589112e+01
1.299625000357985227e+00 3.071340921437596307e+02 7.209895944074030183e+01 2.260100721082168462e+01
1.449116568932995452e+00 2.728430014879176611e+02 6.532679499109266885e+01 2.031433308258002057e+01
1.615803658576671964e+00 2.398017688307217838e+02 5.893621224926388180e+01 1.834905207156129237e+01
1.801664213246928048e+00 2.083715924211741140e+02 5.282318705722382646e+01 1.661572391297524831e+01
2.008903693258128342e+00 1.789990754089131144e+02 4.694452812525330643e+01 1.504691217474279341e+01
2.239981245735629400e+00 1.520676583071841321e+02 4.129810852451724656e+01 1.359321851925975011e+01
2.497638885371206374e+00 1.278665703762121382e+02 3.592257581150257550e+01 1.222249309950343310e+01
2.784934031744384253e+00 1.065328243072840024e+02 3.087164897791213392e+01 1.091550392047511231e+01
3.105275789304232426e+00 8.805487473235253049e+01 2.621063156750966883e+01 9.665989666362088784e+00
3.462465400517639402e+00 7.229735922112084268e+01 2.199218571449325310e+01 8.475404343210316327e+00
3.860741352209485999e+00 5.902572040457037161e+01 1.825203228710317305e+01 7.352200883002159237e+00
4.304829670336041580e+00 4.796118093887317713e+01 1.500039934571375611e+01 6.306561863044258587e+00
4.799999999999999822e+00 3.880487674826247257e+01 1.222363023503803703e+01 5.349325301185463566e+00
