1.000000000230258569e-04 3.684430030142967212e+02 1.531012144228883471e+02 8.354969486704118253e+01
1.115026695290953366e-04 4.077603980171460876e+02 1.694737399725008515e+02 9.248501939284862772e+01
1.243284530925187648e-04 4.512504313487764307e+02 1.875954355205670652e+02 1.023751668368314824e+02
1.386295441504667143e-04 4.993494726827000250e+02 2.076525937418728631e+02 1.133219019615596892e+02
1.545756424481938766e-04 5.525384305476353575e+02 2.298512106243539392e+02 1.254377700577786641e+02
1.723559677317991945e-04 6.113474138271258198e+02 2.544187402900186328e+02 1.388470651953841468e+02
1.921815050694108094e-04 6.763605226717352252e+02 2.816063699613122253e+02 1.536870791709603452e+02
2.142875084442451923e-04 7.482214301469140310e+02 3.116915676077530861e+02 1.701094990954944990e+02
2.389362923277018713e-04 8.276444783151029014e+02 3.449801305873925799e+02 1.882815332172612557e+02
2.664203443578849946e-04 9.154218126902878794e+02 3.818090672628533184e+02 2.083874962014474477e+02
2.970657960592480913e-04 1.012429321228658068e+03 4.225499726318961393e+02 2.306306635278174326e+02
3.312362927876497001e-04 1.119645183003150123e+03 4.676108191696699237e+02 2.552341970864851248e+02
3.693373088223966556e-04 1.238162371678911768e+03 5.174392589992634157e+02 2.824429477065438618e+02
4.118209588090659132e-04 1.369195423496366175e+03 5.725271701740502976e+02 3.125259795356359973e+02
4.591913626466918256e-04 1.514085034872581673e+03 6.334109857583251824e+02 3.457766577403548922e+02
5.120106274801957584e-04 1.674310054737496102e+03 7.006744835519031085e+02 3.825141368227178305e+02
5.709055177816341068e-04 1.851507574871205179e+03 7.749549536333794322e+02 4.230867776586550804e+02
6.365748926688486646e-04 2.047431436357214352e+03 8.569403485651203027e+02 4.678704520549309791e+02
7.097979987143026312e-04 2.263936109117271826e+03 9.473693694463823931e+02 5.172684923310754357e+02
7.914437166483044659e-04 2.503027439823217719e+03 1.047039400782622579e+03 5.717160615075325723e+02
8.824808716799498404e-04 2.766809692985528727e+03 1.156798021670333583e+03 6.316754240642334253e+02
9.839897297802024153e-04 3.057442150050183500e+03 1.277536368246122947e+03 6.976322141579431673e+02
1.097174816344422205e-03 3.377183649969631460e+03 1.410198232119182649e+03 7.701003456756695869e+02
1.223379209343287413e-03 3.728348850169737489e+03 1.555758163134347797e+03 8.496109193930521997e+02
1.364100476567608111e-03 4.113255182184905607e+03 1.715197280674695321e+03 9.366998837747859170e+02
1.521008446081769522e-03 4.534227383837544039e+03 1.889515177590493295e+03 1.031913665078579925e+03
1.695965020753673102e-03 4.993519019844096874e+03 2.079684377446744747e+03 1.135784202435432917e+03
1.891046271984591709e-03 5.493209987513644592e+03 2.286589552686452862e+03 1.248795741212187750e+03
2.108567074807741158e-03 6.035195807815543048e+03 2.511044315477481177e+03 1.371394205028016358e+03
2.351108576680822643e-03 6.621050191309202091e+03 2.753729654314679919e+03 1.503953729047115303e+03
2.621548825923003187e-03 7.251827264570809348e+03 3.015099702880794212e+03 1.646725364672239493e+03
2.923096923239734257e-03 7.928053304671535443e+03 3.295388692115772301e+03 1.799840969720566363e+03
3.259331101584665453e-03 8.649562712349281355e+03 3.594543636689526011e+03 1.963276186615285042e+03
3.634241186222156913e-03 9.415244690213281501e+03 3.912117674853061089e+03 2.136791547730009370e+03
4.052275938830490927e-03 1.022301692128604554e+04 4.247258627682484985e+03 2.319926814748219385e+03
4.518395847440812539e-03 1.106971084149594571e+04 4.598642356713944537e+03 2.511963252217535228e+03
5.038131988628217865e-03 1.195050049111738736e+04 4.964311607176859980e+03 2.711838805342628348e+03
5.617651660426248826e-03 1.285902827466464441e+04 5.341614150899816195e+03 2.918111717276715808e+03
6.263831564778516575e-03 1.378696755070322433e+04 5.727107262406322661e+03 3.128904223868860299e+03
6.984339407925946493e-03 1.472486746866889371e+04 6.116884926520622685e+03 3.342094554437240731e+03
7.787724887016851671e-03 1.565677521876968058e+04 6.504331897181107706e+03 3.554074397726023562e+03
8.683521142606049834e-03 1.656618020821789469e+04 6.882588418129143975e+03 3.761095920007445784e+03
9.682357880899711625e-03 1.743302403625402440e+04 7.243328520577966628e+03 3.958613069957477819e+03
1.079608750807801998e-02 1.823777777935027552e+04 7.578450706100242314e+03 4.142211505823867810e+03
1.203792577343234388e-02 1.895349258028281474e+04 7.876754031967797346e+03 4.305774175466536690e+03
1.342260859021738965e-02 1.955120123522969152e+04 8.126157994694318404e+03 4.442682224421606406e+03
1.496656689508787767e-02 2.000028091034396130e+04 8.313936457523628633e+03 4.545968480286554041e+03
1.668812162103823840e-02 2.026873828089715607e+04 8.426777196839671888e+03 4.608350062296013675e+03
1.860770109743517184e-02 2.032549282180509181e+04 8.451689120398019440e+03 4.622701347238576091e+03
2.074808345685756270e-02 2.014431946330388018e+04 8.377652634354095426e+03 4.582935490727380056e+03
2.313466692519383291e-02 1.970802565308474732e+04 8.197467415200108007e+03 4.485096752763401128e+03
2.579577120231610690e-02 1.901376436396421559e+04 7.909822910788454465e+03 4.328444954592241629e+03
2.876297350957714855e-02 1.807917355854433481e+04 7.521891824115759846e+03 4.116841965079363035e+03
3.207148329174031032e-02 1.694779425740566876e+04 7.051672332480824480e+03 3.860091985030080195e+03
3.576056001963404812e-02 1.568986251000011362e+04 6.528309620771961818e+03 3.574141503385995293e+03
3.987397905126498221e-02 1.439620330742462102e+04 5.989509570719567819e+03 3.279601053663181119e+03
4.446055107939526907e-02 1.316322575945559765e+04 5.475366577302610494e+03 2.998427911828654487e+03
4.957470132945773766e-02 1.206906279389651354e+04 5.018386539952359271e+03 2.748428046789430937e+03
5.527711538069327024e-02 1.114427247076196545e+04 4.631264642340702267e+03 2.536567624325346515e+03
6.163545927395905344e-02 1.035136146514708162e+04 4.298327254362456188e+03 2.354269719489076124e+03
6.872518245115814828e-02 9.560066691443249510e+03 3.965180124647571120e+03 2.171728786528108685e+03
7.663041305413779980e-02 8.631374419089372168e+03 3.573735169738982222e+03 1.957097449151336832e+03
8.544495620686157200e-02 7.515063251965226300e+03 3.102917555968116176e+03 1.698801820835197987e+03
9.527340712667957401e-02 6.350506404603634110e+03 2.610794354024644235e+03 1.428657807497723297e+03
1.062323922731101822e-01 5.394362922262374923e+03 2.204475269860495246e+03 1.205385298596533403e+03
1.184519532618636822e-01 4.772063386767042175e+03 1.936383412689414854e+03 1.057735155525212349e+03
1.320770899659224340e-01 4.302901449546666299e+03 1.731250935553031923e+03 9.444397265909060479e+02
1.472694811144383831e-01 3.704564279576786248e+03 1.471432420134167842e+03 8.009735948404484134e+02
1.642094028064348954e-01 3.059172259665215279e+03 1.191528254102024675e+03 6.463033584382902745e+02
1.830978677048002712e-01 2.650836906258780800e+03 1.010579932443606594e+03 5.457223538750290572e+02
2.041590102946942431e-01 2.352891576123261075e+03 8.761721059929134299e+02 4.704950930270271670e+02
2.276427465103479653e-01 1.980828302033547970e+03 7.119406026849933369e+02 3.787786668289523959e+02
2.538277392899435103e-01 1.727645873594185559e+03 5.987083633102613476e+02 3.149309327818636461e+02
2.830247052484705095e-01 1.512600063571204373e+03 5.031780839044907907e+02 2.607613016443671086e+02
3.155801017062329072e-01 1.316430288130835834e+03 4.174609696970099435e+02 2.120235959821611971e+02
3.518802378240603601e-01 1.164909021656891582e+03 3.521988756232352671e+02 1.746281142643499322e+02
3.923558586288135031e-01 1.032733704498509724e+03 2.967449753666793413e+02 1.428233447546478487e+02
4.374872563241952172e-01 9.213995983913546297e+02 2.515109522886526179e+02 1.168960242611611022e+02
4.878099695387512202e-01 8.290464205455410820e+02 2.154578999868085987e+02 9.630305385024354337e+01
5.439211381395319123e-01 7.496550564068670610e+02 1.859293524074097377e+02 7.960042884230581706e+01
6.064865890189676811e-01 6.811169298973720743e+02 1.619158581542443471e+02 6.622140329361904776e+01
6.762487369363893164e-01 6.211286206202905760e+02 1.423595406711160649e+02 5.555810935134484652e+01
7.540353941672404137e-01 5.675906637114543400e+02 1.263253583394383668e+02 4.706676248001134155e+01
8.407695934971151086e-01 5.188000536744249303e+02 1.130573010087128836e+02 4.030682973850261419e+01
9.374805411223435803e-01 4.733814781460601466e+02 1.019241852713736591e+02 3.490955702035407882e+01
1.045315829426528564e+00 4.303375082643752876e+02 9.241079752344683129e+01 3.057563210390150843e+01
1.165555054552403824e+00 3.889990658942906521e+02 8.410324535132947688e+01 2.706831354402706680e+01
1.299625000357985227e+00 3.490427959652045615e+02 7.666858968109110606e+01 2.419499623711518765e+01
1.449116568932995452e+00 3.104092898190818914e+02 6.984238006578716806e+01 2.180054231045530955e+01
1.615803658576671964e+00 2.732783700421172739e+02 6.342965454343781317e+01 1.976213470947951834e+01
1.801664213246928048e+00 2.379742050476619966e+02 5.729420637168362873e+01 1.798173486668573062e+01
2.008903693258128342e+00 2.048799247851511609e+02 5.135999129964906018e+01 1.638400202981579312e+01
2.239981245735629400e+00 1.743701630315881062e+02 4.560123503371571019e+01 1.491123438716636862e+01
2.497638885371206374e+00 1.467638354675935659e+02 4.003726322062838250e+01 1.352268529596729785e+01
2.784934031744384253e+00 1.222859106967018761e+02 3.472065318442212600e+01 1.219185827269342326e+01
3.105275789304232426e+00 1.009972340653961282e+02 2.972153029534021940e+01 1.090518435079585480e+01
3.462465400517639402e+00 8.282256521555194695e+01 2.511636979951839166e+01 9.660331410373865779e+00
3.860741352209485999e+00 6.753373731792319745e+01 2.096531800484611097e+01 8.463040332336387195e+00
4.304829670336041580e+00 5.480850483652519500e+01 1.730963897980651822e+01 7.325537302153231067e+00
4.799999999999999822e+00 4.430268594457707820e+01 1.415649330295204145e+01 6.261818881669303671e+00
