1.000000000230258569e-04 5.039112026563642530e+02 2.280553832225157294e+02 1.321560995839093664e+02
1.122634227564673579e-04 5.630026601221943565e+02 2.545749281100667645e+02 1.474764113024377536e+02
1.260307608609534901e-04 6.292257624427583096e+02 2.842199356410043265e+02 1.645850578071279813e+02
1.414864458359461712e-04 7.034969203170038554e+02 3.173715732170455794e+02 1.836947604651050483e+02
1.588375267953347550e-04 7.868581086454875049e+02 3.544597580728373032e+02 2.050443023010343211e+02
1.783164441611049004e-04 8.804749588811434933e+02 3.959687181876182649e+02 2.289019504660391817e+02
2.001841435067871621e-04 9.856569182400411364e+02 4.424444746039463894e+02 2.555692127699042828e+02
2.247335712646909519e-04 1.103868640269563002e+03 4.945007757773360026e+02 2.853843472918857174e+02
2.522935991264941354e-04 1.236634606966139245e+03 5.528093981915280892e+02 3.187225029014297775e+02
2.832334297096662638e-04 1.385573528244122599e+03 6.181125938113443681e+02 3.560015935288215587e+02
3.179675425093897337e-04 1.552378422022977475e+03 6.912220044272385167e+02 3.976840590685159782e+02
3.569612463934728852e-04 1.738559786335372337e+03 7.729608888669581575e+02 4.442612281256396614e+02
4.007369130231864672e-04 1.945494552821158322e+03 8.641877129157053332e+02 4.962643649458395316e+02
4.498809747048478080e-04 2.174407199730313550e+03 9.657786497735310149e+02 5.542574094753261988e+02
5.050517804175268938e-04 2.426260142285249003e+03 1.078539846824832466e+03 6.187969169270187422e+02
5.669884152586394726e-04 2.701677772293418002e+03 1.203224477004153641e+03 6.904475650189733642e+02
6.365206014554368984e-04 3.001219178598636972e+03 1.340562440636320616e+03 7.697783720863301369e+02
7.145798135793877959e-04 3.325970109720390610e+03 1.491314640977722547e+03 8.573477439962431390e+02
8.022117568662883325e-04 3.677063183171558649e+03 1.656191594402421970e+03 9.536929170397158941e+02
9.005903758055168549e-04 4.056192466758932824e+03 1.836019623437116934e+03 1.059383233732676899e+03
1.011033580661806338e-03 4.466328453125360284e+03 2.031958127119582286e+03 1.175085769065900877e+03
1.135020902606864940e-03 4.911181452118198649e+03 2.245306130612094421e+03 1.301492885025435271e+03
1.274213313974418031e-03 5.394872957699641120e+03 2.477552162408952427e+03 1.439382433008873477e+03
1.430475479156914512e-03 5.921826894840110072e+03 2.730434288420288340e+03 1.589665146887853780e+03
1.605900734223756829e-03 6.497127026896795542e+03 3.005903991523063269e+03 1.753326587620070995e+03
1.802839129895710598e-03 7.125185327883833452e+03 3.305745915771063210e+03 1.931298455066694942e+03
2.023928913547812410e-03 7.809393135933262784e+03 3.631474138216196025e+03 2.124420227434768549e+03
2.272131871983379750e-03 8.552926828432842740e+03 3.984533746742707081e+03 2.333489826165851355e+03
2.550773008441800313e-03 9.357680045765224349e+03 4.365794688728556139e+03 2.558990583270859133e+03
2.863585085365514225e-03 1.022410909952511065e+04 4.775490046269302184e+03 2.801056861198943807e+03
3.214758629634808552e-03 1.115142855899409005e+04 5.213320030912193943e+03 3.059526035795750431e+03
3.608998070155939632e-03 1.213670878785783862e+04 5.677989984933655251e+03 3.333668894225727399e+03
4.051584759838999447e-03 1.317475175111190765e+04 6.167178740062650832e+03 3.622176659674697476e+03
4.548447726227339283e-03 1.425964888184466326e+04 6.678034476599397749e+03 3.923138215930415754e+03
5.106243098575769836e-03 1.537925206185737443e+04 7.205132014989452728e+03 4.233929870191512236e+03
5.732443275407110572e-03 1.652166442881538387e+04 7.742638558735744482e+03 4.550681968174455506e+03
6.435437027063155117e-03 1.766841339570691707e+04 8.282021866360362765e+03 4.868462103351087535e+03
7.224641874254610074e-03 1.879796009440038324e+04 8.813227806360682735e+03 5.181398799671644156e+03
8.110630248067678127e-03 1.988513191354581431e+04 9.324488047881559396e+03 5.482583929451140648e+03
9.105271121505569346e-03 2.089913709146100518e+04 9.801377921933475591e+03 5.763555420549572773e+03
1.022188900990466699e-02 2.180341380165314695e+04 1.022675122527713938e+04 6.014224710916733784e+03
1.147544247024383408e-02 2.255719855354654646e+04 1.058148515900389248e+04 6.223343819525129220e+03
1.288272449057868002e-02 2.311505777100391788e+04 1.084426353403290341e+04 6.378372707742145394e+03
1.446258745407916733e-02 2.342858037955722830e+04 1.099237752132753485e+04 6.465952641780496378e+03
1.623619569135818438e-02 2.344924773848754558e+04 1.100300591752151195e+04 6.472641225576188845e+03
1.822730900435978393e-02 2.313325128028769905e+04 1.085556558357712493e+04 6.386307205870823054e+03
2.046260095998037737e-02 2.244816115495493432e+04 1.053481439339288772e+04 6.197990880653738714e+03
2.297201621738221775e-02 2.138262666721076675e+04 1.003534479805422416e+04 5.904478847628175572e+03
2.578917167586586637e-02 1.995803037790718736e+04 9.367142180010434458e+03 5.511615922010834765e+03
2.895180681720203528e-02 1.823857967725854542e+04 8.560307466346235742e+03 5.037119147555513337e+03
3.250228927534733192e-02 1.633589694505071930e+04 7.667189579585210595e+03 4.511771841911372576e+03
3.648818240631140908e-02 1.440211734300229182e+04 6.759189746017142170e+03 3.977590589232775983e+03
4.096288246151627566e-02 1.260672559367868416e+04 5.915861533190885893e+03 3.481397937114838442e+03
4.598633390041809155e-02 1.109743317600347655e+04 5.206555759289736670e+03 3.064014996276308921e+03
5.162583242493973962e-02 9.952124175326765908e+03 4.667843514309386592e+03 2.746978050803235874e+03
5.795692649341043640e-02 9.131699670287020126e+03 4.281349906330943668e+03 2.519483138558378869e+03
6.506442939097074885e-02 8.462941400654568497e+03 3.965694244134059772e+03 2.333634281060563808e+03
7.304355541444980393e-02 7.646948718632351301e+03 3.580435883242277214e+03 2.106764543516166214e+03
8.200119539239680844e-02 6.503768916142178568e+03 3.040980114050390512e+03 1.789068294203517780e+03
9.205734862752627812e-02 5.182960971883881939e+03 2.417502589463767436e+03 1.421843719813712141e+03
1.033467304443183715e-01 4.114614489811362546e+03 1.911987587944255665e+03 1.123984075893005411e+03
1.160205768769771578e-01 3.557158336623148898e+03 1.645817543284748126e+03 9.669422847602756974e+02
1.302486706739022226e-01 3.248615684571439033e+03 1.495919067698901017e+03 8.782612480181575165e+02
1.462216157596530064e-01 2.703178172195551269e+03 1.234175839496085928e+03 7.236452605737980548e+02
1.641533906237988560e-01 2.066882322825595566e+03 9.293252546128888980e+02 5.435512701735868859e+02
1.842842148426375448e-01 1.776731072719103395e+03 7.867596789035375195e+02 4.588817221117826080e+02
2.068837671345900298e-01 1.545184866258525744e+03 6.717203344489645360e+02 3.903090743884485505e+02
2.322547980593316352e-01 1.213250371197631921e+03 5.099714774398124746e+02 2.941530307672085200e+02
2.607371857574901086e-01 1.061479665428810222e+03 4.333567038616739069e+02 2.480260994678339159e+02
2.927124890628471365e-01 8.741834173334279967e+02 3.410445178330921863e+02 1.926256227248722439e+02
3.286090589819373742e-01 7.563576699227618292e+02 2.823071471782739081e+02 1.569807697520597003e+02
3.689077770159973624e-01 6.408166814710031076e+02 2.259303606209972770e+02 1.228059198182737930e+02
4.141484971975938345e-01 5.594411481867823568e+02 1.865256468339088940e+02 9.871445689951599434e+01
4.649372781414354283e-01 4.899792215314724899e+02 1.537315399828474085e+02 7.867538327225882711e+01
5.219545019921476570e-01 4.331186380045569422e+02 1.276983444259563925e+02 6.279567509291493366e+01
5.859639890329354506e-01 3.869353211138270581e+02 1.074018845447598949e+02 5.048010274914903306e+01
6.578232300572349756e-01 3.486008579472193105e+02 9.142162950171919533e+01 4.088728999815625542e+01
7.384948735793578356e-01 3.162528680341691256e+02 7.881449975122930596e+01 3.344845740608234053e+01
8.290596217703356530e-01 2.883093524966785708e+02 6.880127606693710618e+01 2.768879075654620436e+01
9.307307078768926045e-01 2.634547950768833857e+02 6.074133628210368130e+01 2.321299855751864882e+01
1.044870149067508081e+00 2.407237746959218327e+02 5.416236142087760896e+01 1.973001490838197469e+01
1.173006992433692330e+00 2.193799349765077693e+02 4.868854125774780073e+01 1.700620634123817965e+01
1.316857798575541416e+00 1.988782136060435448e+02 4.401202666851869338e+01 1.485333197836601293e+01
1.478349637175967013e+00 1.789073138553681588e+02 3.989763147411157718e+01 1.312585407872980880e+01
1.659645902619409696e+00 1.593537193792223263e+02 3.616681738254308698e+01 1.171120104228230829e+01
1.863175295489004624e+00 1.403012886755357158e+02 3.269127709120641612e+01 1.052239892060512716e+01
2.091664358187257822e+00 1.219541044282974838e+02 2.938406533692402434e+01 9.492761285768427371e+00
2.348174000537423645e+00 1.046177132627860544e+02 2.619989123259358976e+01 8.572777856304972133e+00
2.636140504673786467e+00 8.858760119021886226e+01 2.312402161613280782e+01 7.726618301628998431e+00
2.959421558534973240e+00 7.412213008574597950e+01 2.017137681577099428e+01 6.931032857368003341e+00
3.322347934639153344e+00 6.136605514101234604e+01 1.737103737726802066e+01 6.172298935657049235e+00
3.729781506445900785e+00 5.034741781406390970e+01 1.476343049398420426e+01 5.445972979345731879e+00
4.187180379509764627e+00 4.099603445728568119e+01 1.238397162919631711e+01 4.753183123774854302e+00
4.700672009942531204e+00 3.317144828964664782e+01 1.026065304738972195e+01 4.099939939401330058e+00
5.277135289701610610e+00 2.669770515468615457e+01 8.405480181379667570e+00 3.493365202922123824e+00
5.924292698344328478e+00 2.138403624281023951e+01 6.816302749869136868e+00 2.940778724096862362e+00
6.650813755741415534e+00 1.705200063508840458e+01 5.478795366798082433e+00 2.446844550160409248e+00
7.466431161634059954e+00 1.354095373306999228e+01 4.370567363326147259e+00 2.013464844678457322e+00
8.382071177875818790e+00 1.071061000233363103e+01 3.463780433596670427e+00 1.639781709439829704e+00
9.410000000000001918e+00 8.440262379886460664e+00 2.729028596699619946e+00 1.322768246001156500e+00
