1.000000000230258569e-04 3.921421723765819252e+02 1.769160985507022303e+02 1.035023559045058335e+02
1.122634227564673579e-04 4.379271324807406813e+02 1.973334210380935474e+02 1.153925456250467079e+02
1.260307608609534901e-04 4.893008550702550110e+02 2.201638957723151009e+02 1.286683975494928234e+02
1.414864458359461712e-04 5.470126353166975832e+02 2.457099868808035126e+02 1.434975989642109084e+02
1.588375267953347550e-04 6.119177989882584825e+02 2.743153807968528213e+02 1.600696259388281248e+02
1.783164441611049004e-04 6.849807019883702424e+02 3.063715117699322832e+02 1.785995497328608508e+02
2.001841435067871621e-04 7.673014998810900806e+02 3.423243232682096391e+02 1.993310328551208102e+02
2.247335712646909519e-04 8.600838833678244555e+02 3.826737259328272103e+02 2.225382753695941744e+02
2.522935991264941354e-04 9.645656897874152946e+02 4.279686570579029876e+02 2.485274120885607090e+02
2.832334297096662638e-04 1.082082813996884397e+03 4.788236919068929751e+02 2.776431014674638504e+02
3.179675425093897337e-04 1.213906190649408700e+03 5.358844240042844831e+02 3.102596451871433487e+02
3.569612463934728852e-04 1.361050213504631984e+03 5.997886083774184272e+02 3.467714202283121381e+02
4.007369130231864672e-04 1.524361353577174214e+03 6.711978204045476559e+02 3.876061784912507733e+02
4.498809747048478080e-04 1.704338439487195956e+03 7.507046508785658716e+02 4.331845706711525850e+02
5.050517804175268938e-04 1.900968722453185364e+03 8.387645784832387790e+02 4.838932508782100399e+02
5.669884152586394726e-04 2.113730283098605923e+03 9.357258282493640991e+02 5.401028064425752291e+02
6.365206014554368984e-04 2.342134704685717679e+03 1.041844338540367289e+03 6.021308637581742005e+02
7.145798135793877959e-04 2.585781739040473894e+03 1.157253237946914396e+03 6.702178031748117064e+02
8.022117568662883325e-04 2.844092993341187139e+03 1.281936094918674598e+03 7.445310482583220164e+02
9.005903758055168549e-04 3.117673465413293798e+03 1.416123257377966866e+03 8.252851890754733404e+02
1.011033580661806338e-03 3.408250782503227128e+03 1.560258285584947316e+03 9.127200948084911261e+02
1.135020902606864940e-03 3.718157373143746554e+03 1.714870171329653431e+03 1.007065701523688404e+03
1.274213313974418031e-03 4.050472711796624026e+03 1.880929911329317292e+03 1.108772312565954508e+03
1.430475479156914512e-03 4.409139695128614221e+03 2.059792413702386511e+03 1.218457754133160961e+03
1.605900734223756829e-03 4.798671058861624260e+03 2.253030086340860635e+03 1.336826639610515485e+03
1.802839129895710598e-03 5.222467537708822420e+03 2.462050685656804035e+03 1.464605460223916452e+03
2.023928913547812410e-03 5.683761027264858058e+03 2.688325569118353997e+03 1.602593888274790743e+03
2.272131871983379750e-03 6.185598827072605673e+03 2.933278428591605916e+03 1.751572311656432021e+03
2.550773008441800313e-03 6.729398620913850209e+03 3.197614182384952073e+03 1.911954480283615567e+03
2.863585085365514225e-03 7.315744734174800215e+03 3.481702698034807781e+03 2.083986103900549551e+03
3.214758629634808552e-03 7.944237665760986602e+03 3.785467246974348200e+03 2.267654840613779470e+03
3.608998070155939632e-03 8.612825068297162943e+03 4.107983540926928072e+03 2.462422566091631779e+03
4.051584759838999447e-03 9.318009382171274410e+03 4.447659034834181512e+03 2.667362212106629613e+03
4.548447726227339283e-03 1.005561831402557982e+04 4.802282802595244902e+03 2.881044836406294053e+03
5.106243098575769836e-03 1.081615792160460114e+04 5.168235526168811703e+03 3.101614732728798117e+03
5.732443275407110572e-03 1.159141495719022350e+04 5.540769957598124165e+03 3.326108099469670378e+03
6.435437027063155117e-03 1.236963462440981857e+04 5.914517825590434768e+03 3.551213879692093087e+03
7.224641874254610074e-03 1.313628174411116743e+04 6.282602039633436107e+03 3.772858676848593859e+03
8.110630248067678127e-03 1.387391573251397858e+04 6.636717550087728341e+03 3.986077565693842189e+03
9.105271121505569346e-03 1.456191177540952413e+04 6.967018296024457413e+03 4.184973045281474697e+03
1.022188900990466699e-02 1.517769906201120466e+04 7.262723723229860298e+03 4.363076281836718408e+03
1.147544247024383408e-02 1.569058014180963437e+04 7.509156071655690539e+03 4.511574036281750523e+03
1.288272449057868002e-02 1.607062086254086898e+04 7.691987894585242429e+03 4.621858212541714238e+03
1.446258745407916733e-02 1.628792490740929861e+04 7.796911299236743616e+03 4.685334384827275244e+03
1.623619569135818438e-02 1.631186260362533721e+04 7.809255793524241199e+03 4.693178869953813773e+03
1.822730900435978393e-02 1.611379356301879307e+04 7.715281589175498993e+03 4.637127771709243461e+03
2.046260095998037737e-02 1.567419785484034401e+04 7.505627074198441733e+03 4.511543103958137181e+03
2.297201621738221775e-02 1.498833520509867594e+04 7.177986945671168542e+03 4.315028614225332603e+03
2.578917167586586637e-02 1.407192226233704423e+04 6.739829319419810417e+03 4.052043936822004980e+03
2.895180681720203528e-02 1.296851112172459034e+04 6.211979432126285246e+03 3.735090007149713074e+03
3.250228927534733192e-02 1.175072055735220601e+04 5.629187724055090257e+03 3.385044357387881519e+03
3.648818240631140908e-02 1.051484592747848365e+04 5.037544648065784713e+03 3.029603856285072197e+03
4.096288246151627566e-02 9.364753789929418417e+03 4.486799652062662062e+03 2.698679992803035020e+03
4.598633390041809155e-02 8.385753393615070308e+03 4.017844514134317706e+03 2.416878929533877908e+03
5.162583242493973962e-02 7.612356503339909068e+03 3.647225320820641173e+03 2.194166705415371325e+03
5.795692649341043640e-02 7.002669132729581179e+03 3.354871928272518744e+03 2.018484911748241529e+03
6.506442939097074885e-02 6.419278147653901215e+03 3.074883259697070116e+03 1.850186885578696319e+03
7.304355541444980393e-02 5.699877034696137343e+03 2.729369516783656763e+03 1.642390905652279798e+03
8.200119539239680844e-02 4.795701118384828078e+03 2.294858320339032161e+03 1.380949549872371790e+03
9.205734862752627812e-02 3.873823206497493629e+03 1.851437263557940241e+03 1.114055581373142104e+03
1.033467304443183715e-01 3.195920922549179522e+03 1.524660988684516497e+03 9.172986680978910954e+02
1.160205768769771578e-01 2.821153269623174310e+03 1.342955129104523621e+03 8.078164500278581954e+02
1.302486706739022226e-01 2.491846853109943368e+03 1.182650290842042750e+03 7.111569806129522249e+02
1.462216157596530064e-01 2.002540844358495178e+03 9.451024743693719756e+02 5.679108825035397103e+02
1.641533906237988560e-01 1.589346608438052044e+03 7.436929426701381090e+02 4.463527536447950865e+02
1.842842148426375448e-01 1.386945043026955318e+03 6.431495441843277376e+02 3.854715901202531541e+02
2.068837671345900298e-01 1.138799930996261537e+03 5.204212917236791327e+02 3.111559870136927657e+02
2.322547980593316352e-01 9.188068770483157550e+02 4.111437774084353691e+02 2.448717044638754317e+02
2.607371857574901086e-01 7.844017985950654293e+02 3.430293337148576143e+02 2.033145249568527788e+02
2.927124890628471365e-01 6.387275878632375452e+02 2.698550161730052537e+02 1.586612302670199881e+02
3.286090589819373742e-01 5.424610852895823427e+02 2.208272670513105425e+02 1.285149127319715490e+02
3.689077770159973624e-01 4.559093165344557406e+02 1.770519116407769218e+02 1.015240717139065509e+02
4.141484971975938345e-01 3.882057017976759994e+02 1.429777799565973169e+02 8.040117076686578912e+01
4.649372781414354283e-01 3.350026760083276258e+02 1.164697680729104121e+02 6.388640018885917726e+01
5.219545019921476570e-01 2.918062725764353900e+02 9.535757573449242841e+01 5.070417274493819093e+01
5.859639890329354506e-01 2.569444666963480017e+02 7.876190276764580744e+01 4.034168748089437173e+01
6.578232300572349756e-01 2.286985569968888967e+02 6.578532301713532604e+01 3.226513754696387082e+01
7.384948735793578356e-01 2.055145037154199485e+02 5.562452782069684787e+01 2.599057007947388698e+01
8.290596217703356530e-01 1.861532922489886346e+02 4.764350891582429171e+01 2.113046540144963359e+01
9.307307078768926045e-01 1.696777205878418897e+02 4.135736640658520002e+01 1.738057940038527249e+01
1.044870149067508081e+00 1.552600030289708002e+02 3.635618499422362504e+01 1.448538994778273725e+01
1.173006992433692330e+00 1.422572617097008276e+02 3.232171595971996680e+01 1.224401315878871799e+01
1.316857798575541416e+00 1.301777771492111242e+02 2.900663648214674950e+01 1.050112757195751101e+01
1.478349637175967013e+00 1.186618355557432238e+02 2.621599325097250244e+01 9.133660021910738891e+00
1.659645902619409696e+00 1.074670286948483948e+02 2.379745502280183445e+01 8.046588516578975003e+00
1.863175295489004624e+00 9.647832910687711205e+01 2.163461706235460724e+01 7.165525663139852952e+00
2.091664358187257822e+00 8.568093428051805915e+01 1.964083499105902320e+01 6.433778861799240190e+00
2.348174000537423645e+00 7.516581331165863844e+01 1.775650988229024207e+01 5.807634374153543000e+00
2.636140504673786467e+00 6.507573058864110749e+01 1.594431783449638651e+01 5.254409856299957937e+00
2.959421558534973240e+00 5.559796050512459686e+01 1.418900391493539281e+01 4.750376437903824467e+00
3.322347934639153344e+00 4.689744363097342728e+01 1.249072768151988022e+01 4.279153487089311980e+00
3.729781506445900785e+00 3.910700916136023864e+01 1.086352037339076482e+01 3.830926914333898203e+00
4.187180379509764627e+00 3.228611470993838850e+01 9.327546222189777581e+00 3.400994719334062832e+00
4.700672009942531204e+00 2.643063101628433387e+01 7.905913894939838649e+00 2.989079509633314924e+00
5.277135289701610610e+00 2.148474249689074256e+01 6.617336519087793079e+00 2.597663000799460331e+00
5.924292698344328478e+00 1.736104033853771256e+01 5.474172784884464349e+00 2.230883706673869149e+00
6.650813755741415534e+00 1.395652891806685858e+01 4.479950238716135402e+00 1.893082883038041286e+00
7.466431161634059954e+00 1.116665710872694284e+01 3.630837445886854642e+00 1.587818552278738693e+00
8.382071177875818790e+00 8.894988715258334011e+00 2.917534633554680568e+00 1.317016669460152389e+00
9.410000000000001918e+00 7.055778466925789694e+00 2.327035120449690631e+00 1.080978153186539670e+00
