1.000000000230258569e-04 4.205325457192068370e+02 1.793142249347731649e+02 9.807009965300032661e+01
1.122634227564673579e-04 4.697170401575478991e+02 2.003302569325032891e+02 1.095705524072673569e+02
1.260307608609534901e-04 5.246124188507537838e+02 2.238020470792028505e+02 1.224172464377734997e+02
1.414864458359461712e-04 5.858688609912953780e+02 2.500139027866607648e+02 1.367668493226610735e+02
1.588375267953347550e-04 6.542081036459367169e+02 2.792825180975669355e+02 1.527940732325149042e+02
1.783164441611049004e-04 7.304320099726653552e+02 3.119601696548811560e+02 1.706934664228007250e+02
2.001841435067871621e-04 8.154322141708524896e+02 3.484381659075654056e+02 1.906813475815854986e+02
2.247335712646909519e-04 9.101986391420273321e+02 3.891515371300947095e+02 2.129984895229383142e+02
2.522935991264941354e-04 1.015840545643632140e+03 4.345839140776986369e+02 2.379123508574393782e+02
2.832334297096662638e-04 1.133606883930123558e+03 4.852728133727458157e+02 2.657196400058115842e+02
3.179675425093897337e-04 1.264894240897092459e+03 5.418153436888298984e+02 2.967497965349862739e+02
3.569612463934728852e-04 1.411285622739910195e+03 6.048756944179880293e+02 3.313673906859665976e+02
4.007369130231864672e-04 1.574580532946631365e+03 6.751926468546255364e+02 3.699753913233444678e+02
4.498809747048478080e-04 1.756806176052717547e+03 7.535863830957919163e+02 4.130194321459873095e+02
5.050517804175268938e-04 1.960210300959352026e+03 8.409620785579033964e+02 4.609886955999136831e+02
5.669884152586394726e-04 2.187289982692720969e+03 9.383184972532984602e+02 5.144197615227412825e+02
6.365206014554368984e-04 2.440820369599377500e+03 1.046755778149154139e+03 5.739008911380233258e+02
7.145798135793877959e-04 2.723705462058750982e+03 1.167452094122161270e+03 6.400646311966902431e+02
8.022117568662883325e-04 3.039019376685825591e+03 1.301674759456901029e+03 7.135923840346529232e+02
9.005903758055168549e-04 3.390043736324733800e+03 1.450786413422223632e+03 7.952166456609451188e+02
1.011033580661806338e-03 3.780076307869006087e+03 1.616190907585562854e+03 8.856997596542045130e+02
1.135020902606864940e-03 4.212461422497523927e+03 1.799346572247296990e+03 9.858392998018573508e+02
1.274213313974418031e-03 4.690597094141226080e+03 2.001758125096335334e+03 1.096462008486344530e+03
1.430475479156914512e-03 5.217879889163573353e+03 2.224911231503474482e+03 1.218387378410776364e+03
1.605900734223756829e-03 5.797633502906500325e+03 2.470272987497650774e+03 1.352430549683253730e+03
1.802839129895710598e-03 6.433010500605343623e+03 2.739246393524569612e+03 1.499374328699295575e+03
2.023928913547812410e-03 7.126861265575881589e+03 3.033072509636021096e+03 1.659905020160495496e+03
2.272131871983379750e-03 7.881632326245168770e+03 3.352816695659571451e+03 1.834612986656972907e+03
2.550773008441800313e-03 8.699123905038719386e+03 3.699265891443137207e+03 2.023936825387030922e+03
2.863585085365514225e-03 9.580170664493933145e+03 4.072782360367233650e+03 2.228080853532921992e+03
3.214758629634808552e-03 1.052458072996200281e+04 4.473283026541730578e+03 2.447005785699586340e+03
3.608998070155939632e-03 1.153066420327943160e+04 4.900051443345633743e+03 2.680323328645239144e+03
4.051584759838999447e-03 1.259476923950882883e+04 5.351550269653084797e+03 2.927190927191357787e+03
4.548447726227339283e-03 1.371130262475730160e+04 5.825416760723689549e+03 3.186302814415067587e+03
5.106243098575769836e-03 1.487199986633630033e+04 6.318126639603885451e+03 3.455744783554177502e+03
5.732443275407110572e-03 1.606538258222969307e+04 6.824820953137275865e+03 3.732880144172708697e+03
6.435437027063155117e-03 1.727662005347036757e+04 7.339194666667306592e+03 4.014252866679444651e+03
7.224641874254610074e-03 1.848707054138150488e+04 7.853334928518032029e+03 4.295541044601566682e+03
8.110630248067678127e-03 1.967161106327670132e+04 8.356563946891277737e+03 4.570899946750663730e+03
9.105271121505569346e-03 2.080172985352683827e+04 8.836770820571091463e+03 4.833707628474254307e+03
1.022188900990466699e-02 2.184551631258184352e+04 9.280404356057531913e+03 5.076557919344199036e+03
1.147544247024383408e-02 2.276340126502296698e+04 9.670641447873727884e+03 5.290247855192786119e+03
1.288272449057868002e-02 2.351153867640680619e+04 9.988835805417851589e+03 5.464572500332407799e+03
1.446258745407916733e-02 2.404243369370610526e+04 1.021480389426670445e+04 5.588482411493418113e+03
1.623619569135818438e-02 2.430638184548836580e+04 1.032740268334342909e+04 5.650409794591815626e+03
1.822730900435978393e-02 2.425546703747885476e+04 1.030622355906074154e+04 5.639160097945440612e+03
2.046260095998037737e-02 2.384947826063069806e+04 1.013410969252594987e+04 5.545322546016686829e+03
2.297201621738221775e-02 2.306388863214407320e+04 9.800601510416887322e+03 5.363162846325350984e+03
2.578917167586586637e-02 2.190024307345280249e+04 9.306244392527556556e+03 5.092953312494790225e+03
2.895180681720203528e-02 2.039743573437599480e+04 8.667466201119046673e+03 4.743643599402000291e+03
3.250228927534733192e-02 1.864004461374004313e+04 7.920148014481989776e+03 4.334864925553528337e+03
3.648818240631140908e-02 1.675780585575055375e+04 7.119355737634454272e+03 3.896736957848842394e+03
4.096288246151627566e-02 1.491116319130389275e+04 6.333239044696271776e+03 3.466557078696426743e+03
4.598633390041809155e-02 1.325971470159553792e+04 5.629603061909432654e+03 3.081443220160372675e+03
5.162583242493973962e-02 1.191641307276810949e+04 5.056434247364671137e+03 2.767671822942781546e+03
5.795692649341043640e-02 1.089655017222380411e+04 4.620183442373532671e+03 2.528782534985297389e+03
6.506442939097074885e-02 1.008732219243079453e+04 4.272801189808908020e+03 2.338473104123000212e+03
7.304355541444980393e-02 9.222865776327302228e+03 3.901103783823660251e+03 2.134763183483198191e+03
8.200119539239680844e-02 8.077763823775309902e+03 3.409079250680807945e+03 1.865063898566538455e+03
9.205734862752627812e-02 6.675417237354807185e+03 2.806585993358141423e+03 1.534754647296053918e+03
1.033467304443183715e-01 5.378813534711728607e+03 2.248019588752549680e+03 1.228374071271690127e+03
1.160205768769771578e-01 4.555563844171972050e+03 1.889821429923626738e+03 1.031590001595067406e+03
1.302486706739022226e-01 4.125877024173964855e+03 1.698130637158355739e+03 9.258514522980913171e+02
1.462216157596530064e-01 3.597984419562481889e+03 1.463920976867901118e+03 7.966712370717893918e+02
1.641533906237988560e-01 2.857642223201377419e+03 1.138962470299777351e+03 6.176285874362755521e+02
1.842842148426375448e-01 2.383433781079890650e+03 9.272777504359256682e+02 5.004608223359215913e+02
2.068837671345900298e-01 2.131953173274031542e+03 8.108370640997055716e+02 4.352990075386809394e+02
2.322547980593316352e-01 1.745520419913060323e+03 6.381727467223341819e+02 3.392298341844071956e+02
2.607371857574901086e-01 1.500739401512412996e+03 5.272324136056986390e+02 2.768852452012843059e+02
2.927124890628471365e-01 1.296094247348363524e+03 4.351536421109029789e+02 2.248596254152345466e+02
3.286090589819373742e-01 1.115389379319939508e+03 3.551685084248476301e+02 1.795313735877521424e+02
3.689077770159973624e-01 9.728466060016412484e+02 2.932181893029099911e+02 1.442326599746596116e+02
4.141484971975938345e-01 8.580123288604628442e+02 2.446317750460878813e+02 1.164707040618932581e+02
4.649372781414354283e-01 7.584272342448739437e+02 2.039936532634864079e+02 9.334290182955224680e+01
5.219545019921476570e-01 6.772774291666563613e+02 1.723917364175590308e+02 7.545669271417263246e+01
5.859639890329354506e-01 6.089645652781186982e+02 1.472753364020419440e+02 6.141042326607834667e+01
6.578232300572349756e-01 5.501475272989123368e+02 1.271441695637000606e+02 5.036794999219833358e+01
7.384948735793578356e-01 4.985907048501299528e+02 1.109673698658738630e+02 4.173486417422167705e+01
8.290596217703356530e-01 4.521710871833030296e+02 9.779723454518592973e+01 3.496810169470497698e+01
9.307307078768926045e-01 4.094480597978255787e+02 8.695743089208477272e+01 2.967005679652096362e+01
1.044870149067508081e+00 3.692823590648178538e+02 7.786530611646318789e+01 2.550159856914613599e+01
1.173006992433692330e+00 3.308789032876168221e+02 7.005059856963048048e+01 2.219298596382819255e+01
1.316857798575541416e+00 2.938868097278909772e+02 6.314881197748559316e+01 1.953100700259800604e+01
1.478349637175967013e+00 2.582695195244253910e+02 5.688652775853682897e+01 1.735242652357170456e+01
1.659645902619409696e+00 2.242968916059465414e+02 5.106361649259723379e+01 1.552645928921762319e+01
1.863175295489004624e+00 1.923560372907216163e+02 4.554872185590213718e+01 1.395381993615550797e+01
2.091664358187257822e+00 1.629110674642299443e+02 4.027496755777944060e+01 1.255850972396139476e+01
2.348174000537423645e+00 1.363238484171899358e+02 3.522601970706995900e+01 1.128554335373175732e+01
2.636140504673786467e+00 1.128314195127418316e+02 3.042837171666368334e+01 1.009717749489899319e+01
2.959421558534973240e+00 9.248878798609808882e+01 2.593258111946059685e+01 8.970988543494186729e+00
3.322347934639153344e+00 7.519982130141296750e+01 2.179990707991315446e+01 7.897331943636618057e+00
3.729781506445900785e+00 6.073071541754551106e+01 1.808358877089235150e+01 6.876556810792739505e+00
4.187180379509764627e+00 4.877107603786061674e+01 1.481846365130846266e+01 5.915516476119208278e+00
4.700672009942531204e+00 3.897605931031909421e+01 1.201240219220585104e+01 5.024594131014891829e+00
5.277135289701610610e+00 3.100937680634094562e+01 9.649019669199990545e+00 4.213838841446843730e+00
5.924292698344328478e+00 2.456801293744645776e+01 7.691233225925885542e+00 3.490674564811778957e+00
6.650813755741415534e+00 1.938688163364891892e+01 6.091333050778025893e+00 2.858281064129398974e+00
7.466431161634059954e+00 1.523677837599888463e+01 4.796426964856435049e+00 2.315505093298470207e+00
8.382071177875818790e+00 1.192588323502613257e+01 3.756516208712484151e+00 1.857585139868670465e+00
9.410000000000001918e+00 9.297043875981266581e+00 2.927246327453956631e+00 1.477280659094003079e+00
