1.000000000230258569e-04 2.126928462707935807e+02 8.640416028592498776e+01 4.685174492783384181e+01
1.115026695290953366e-04 2.355085230821871960e+02 9.569152730341133406e+01 5.188848768312393389e+01
1.243284530925187648e-04 2.607582989715092481e+02 1.059760374401816421e+02 5.746627320905513159e+01
1.386295441504667143e-04 2.886981900255099163e+02 1.173644019139722445e+02 6.364308577026306324e+01
1.545756424481938766e-04 3.196104236109038652e+02 1.299746060994862091e+02 7.048305871890073604e+01
1.723559677317991945e-04 3.538059503542175435e+02 1.439370104222580267e+02 7.805708328153042430e+01
1.921815050694108094e-04 3.916273609984968971e+02 1.593957341322017385e+02 8.644356371930882688e+01
2.142875084442451923e-04 4.334533852058607408e+02 1.765099831829908794e+02 9.572913351804760396e+01
2.389362923277018713e-04 4.797043597813416227e+02 1.954554574172699404e+02 1.060094099179508618e+02
2.664203443578849946e-04 5.308447663742171017e+02 2.164261842698097951e+02 1.173900151578534121e+02
2.970657960592480913e-04 5.873912212809833591e+02 2.396362247394804967e+02 1.299874509435407219e+02
3.312362927876497001e-04 6.499243681886050581e+02 2.653213830229778409e+02 1.439299170228506171e+02
3.693373088223966556e-04 7.190910256078534530e+02 2.937416330912425337e+02 1.593587038982795434e+02
4.118209588090659132e-04 7.956117721076967655e+02 3.251831018556111417e+02 1.764291742700430063e+02
4.591913626466918256e-04 8.802913359304742471e+02 3.599596212125618422e+02 1.953113584180183295e+02
5.120106274801957584e-04 9.740277332764367202e+02 3.984160591774037812e+02 2.161918455379222337e+02
5.709055177816341068e-04 1.077811911323368122e+03 4.409299946183786005e+02 2.392747023774852266e+02
6.365748926688486646e-04 1.192707029511911287e+03 4.879108518322458394e+02 2.647810569576808462e+02
7.097979987143026312e-04 1.319876276434939882e+03 5.398048387950784672e+02 2.929516131600519770e+02
7.914437166483044659e-04 1.460578398476942311e+03 5.970956893662523726e+02 3.240471811458364186e+02
8.824808716799498404e-04 1.616106141657312264e+03 6.602975932893054960e+02 3.583456333125000697e+02
9.839897297802024153e-04 1.787821308205786863e+03 7.299616618537759223e+02 3.961449642191968223e+02
1.097174816344422205e-03 1.977161687676655220e+03 8.066756341827747292e+02 4.377631100456169406e+02
1.223379209343287413e-03 2.185612312429640497e+03 8.910488565193264776e+02 4.835305032281428907e+02
1.364100476567608111e-03 2.414706550202412927e+03 9.837175357108255866e+02 5.337927480912154579e+02
1.521008446081769522e-03 2.666015182439135515e+03 1.085341073729935260e+03 5.889085429354034886e+02
1.695965020753673102e-03 2.941107377451228786e+03 1.196571290091975925e+03 6.492327666176288403e+02
1.891046271984591709e-03 3.241535973124472093e+03 1.318054186393699865e+03 7.151177313292671442e+02
2.108567074807741158e-03 3.568809903991934789e+03 1.450422914383646003e+03 7.869093782116518696e+02
2.351108576680822643e-03 3.924318317147424750e+03 1.594253318345125990e+03 8.649215231759169455e+02
2.621548825923003187e-03 4.309300503489795119e+03 1.750055889832680805e+03 9.494320139631851134e+02
2.923096923239734257e-03 4.724798422792406200e+03 1.918261233518886229e+03 1.040675613016818488e+03
3.259331101584665453e-03 5.171489280384224003e+03 2.099151798108295225e+03 1.138808349208721665e+03
3.634241186222156913e-03 5.649639221699613699e+03 2.292842622397242394e+03 1.243896903371804228e+03
4.052275938830490927e-03 6.159089385589707490e+03 2.499273084314289463e+03 1.355910403229170242e+03
4.518395847440812539e-03 6.699011800256032075e+03 2.718108483850791799e+03 1.474669954269415712e+03
5.038131988628217865e-03 7.267770015458580019e+03 2.948697892139357009e+03 1.599818534764706556e+03
5.617651660426248826e-03 7.862725518088297576e+03 3.189970096759907847e+03 1.730785841201207177e+03
6.263831564778516575e-03 8.480282885052920392e+03 3.440478748319395436e+03 1.866787475389261772e+03
6.984339407925946493e-03 9.114915395583560894e+03 3.697985230198468344e+03 2.006614942335091428e+03
7.787724887016851671e-03 9.759082666248546957e+03 3.959434185477726260e+03 2.148611929421487275e+03
8.683521142606049834e-03 1.040353949472683780e+04 4.221073128034479851e+03 2.290742992072989182e+03
9.682357880899711625e-03 1.103868647769410563e+04 4.479021711370494813e+03 2.430908475932541933e+03
1.079608750807801998e-02 1.165097798992929711e+04 4.727785216799553382e+03 2.566132578415919852e+03
1.203792577343234388e-02 1.222441810524887842e+04 4.960869446750564748e+03 2.692883459013606625e+03
1.342260859021738965e-02 1.274108631830226841e+04 5.170994604976047412e+03 2.807207647885562437e+03
1.496656689508787767e-02 1.318053546867991099e+04 5.349864395730365686e+03 2.904597953918552776e+03
1.668812162103823840e-02 1.352069326646744048e+04 5.488504956139129717e+03 2.980184488782102562e+03
1.860770109743517184e-02 1.373894264423153254e+04 5.577681326346916649e+03 3.028932462940690584e+03
2.074808345685756270e-02 1.381409717070449551e+04 5.608754315759322708e+03 3.046133193405681595e+03
2.313466692519383291e-02 1.372882978590210587e+04 5.574667567787129883e+03 3.027956310351628872e+03
2.579577120231610690e-02 1.347325245126322261e+04 5.471320761791153018e+03 2.972151618885644439e+03
2.876297350957714855e-02 1.304939732999536500e+04 5.299461468472175511e+03 2.879092782738268852e+03
3.207148329174031032e-02 1.247516561488500520e+04 5.066321025112141797e+03 2.752702446203179534e+03
3.576056001963404812e-02 1.178610180651150768e+04 4.786260499047701160e+03 2.600768643097459062e+03
3.987397905126498221e-02 1.103361917924910267e+04 4.480121230436885526e+03 2.434604754519124072e+03
4.446055107939526907e-02 1.027729018478107719e+04 4.172061513118786934e+03 2.267333694948201355e+03
4.957470132945773766e-02 9.570397969607904088e+03 3.883697106595938749e+03 2.110702793284751806e+03
5.527711538069327024e-02 8.942068218252998122e+03 3.626824283386673414e+03 1.971125964777503896e+03
6.163545927395905344e-02 8.373492681492884003e+03 3.393743922818931878e+03 1.844416627135359477e+03
6.872518245115814828e-02 7.795765648512887310e+03 3.156360236553318373e+03 1.715297895900069989e+03
7.663041305413779980e-02 7.121323735592884987e+03 2.878970974464073151e+03 1.564348315246885477e+03
8.544495620686157200e-02 6.313371421953706886e+03 2.546510106456192261e+03 1.383364279826627580e+03
9.527340712667957401e-02 5.454725124707076247e+03 2.192610495108036048e+03 1.190624051694643185e+03
1.062323922731101822e-01 4.715530973929592619e+03 1.886470067225419598e+03 1.023756184771357766e+03
1.184519532618636822e-01 4.194575418701634590e+03 1.668299768431850453e+03 9.046265975986872263e+02
1.320770899659224340e-01 3.785609545406412963e+03 1.494893358020395908e+03 8.097294369576670761e+02
1.472694811144383831e-01 3.295734375288539923e+03 1.287849544091601047e+03 6.964106937172978178e+02
1.642094028064348954e-01 2.767819452174110211e+03 1.064792405830618691e+03 5.742466629288816193e+02
1.830978677048002712e-01 2.405174611934107816e+03 9.087441318812801683e+02 4.883933671355761135e+02
2.041590102946942431e-01 2.133550383636810238e+03 7.898293755296861036e+02 4.226014471032306119e+02
2.276427465103479653e-01 1.812327378004569027e+03 6.512792697684523091e+02 3.460057763146600678e+02
2.538277392899435103e-01 1.579405438525297768e+03 5.495388772754439515e+02 2.893268572013621451e+02
2.830247052484705095e-01 1.383587045454230065e+03 4.641486491633754667e+02 2.414754452986749982e+02
3.155801017062329072e-01 1.203150522383854423e+03 3.865283362163248739e+02 1.978405967388677027e+02
3.518802378240603601e-01 1.062344095454276157e+03 3.265463316386998258e+02 1.638439927411059216e+02
3.923558586288135031e-01 9.385269747871328718e+02 2.750027052881153509e+02 1.345566115347792504e+02
4.374872563241952172e-01 8.342509039224702292e+02 2.327800775871075984e+02 1.105181057746402047e+02
4.878099695387512202e-01 7.472884175942770071e+02 1.987569010395025089e+02 9.115957318735979698e+01
5.439211381395319123e-01 6.725634080642957997e+02 1.707420470434265951e+02 7.532089928967830872e+01
6.064865890189676811e-01 6.083831729784703839e+02 1.478828332373990690e+02 6.253771399497301076e+01
6.762487369363893164e-01 5.526751864374907655e+02 1.292354923013649852e+02 5.228299869972242675e+01
7.540353941672404137e-01 5.035540119710780118e+02 1.139639333356976465e+02 4.407832706493056918e+01
8.407695934971151086e-01 4.593626167341718087e+02 1.013506539345048907e+02 3.751165918772558427e+01
9.374805411223435803e-01 4.188992576098564768e+02 9.085443237408016159e+01 3.226232889630088607e+01
1.045315829426528564e+00 3.811356757451007411e+02 8.199042870719334530e+01 2.805084215313069151e+01
1.165555054552403824e+00 3.453261462908438375e+02 7.437022558988236653e+01 2.465434762616300901e+01
1.299625000357985227e+00 3.110243458475206353e+02 6.767143318508317407e+01 2.188867166582907231e+01
1.449116568932995452e+00 2.780103697386854265e+02 6.164130599691717549e+01 1.960964673595636043e+01
1.615803658576671964e+00 2.462998667516577882e+02 5.607796098409072272e+01 1.769731241147125900e+01
1.801664213246928048e+00 2.160288907417637461e+02 5.083248847014466065e+01 1.605793245536270319e+01
2.008903693258128342e+00 1.874465172943019695e+02 4.580636593285066738e+01 1.461592605824118429e+01
2.239981245735629400e+00 1.608154551425889736e+02 4.094400024139739713e+01 1.331307158949185165e+01
2.497638885371206374e+00 1.364187509268884355e+02 3.623601123959676329e+01 1.210557068398524905e+01
2.784934031744384253e+00 1.144642134833890310e+02 3.170172122053142516e+01 1.096208909170169576e+01
3.105275789304232426e+00 9.511332697765958244e+01 2.739150479545525130e+01 9.863639926239207156e+00
3.462465400517639402e+00 7.839087763961792632e+01 2.336176007765296703e+01 8.800579118033450499e+00
3.860741352209485999e+00 6.418203165913071473e+01 1.967441765137169796e+01 7.773054959474879233e+00
4.304829670336041580e+00 5.227861689938023204e+01 1.637417218266024221e+01 6.786848637783563731e+00
4.799999999999999822e+00 4.240030329210919291e+01 1.348575023155872543e+01 5.853177819065766840e+00
