1.000000000230258569e-04 8.865774011625285311e+02 4.138714564874690609e+02 2.321740714207763290e+02
1.115026695290953366e-04 9.835591960514555012e+02 4.592815047317299673e+02 2.576689597979293467e+02
1.243284530925187648e-04 1.091047029581546440e+03 5.096545200448840092e+02 2.859572258760976524e+02
1.386295441504667143e-04 1.210152599248332535e+03 5.655273521724080865e+02 3.173430502683917211e+02
1.545756424481938766e-04 1.342103043178709186e+03 6.274930651330716955e+02 3.521628167631832298e+02
1.723559677317991945e-04 1.488252562077478387e+03 6.962065528550282352e+02 3.907883908845565202e+02
1.921815050694108094e-04 1.650094131072722575e+03 7.723913928579761432e+02 4.336311436069937031e+02
2.142875084442451923e-04 1.829293252861044948e+03 8.568475297045289381e+02 4.811453563227548216e+02
2.389362923277018713e-04 2.027713093506467658e+03 9.504592554935687758e+02 5.338323545781356643e+02
2.664203443578849946e-04 2.247422348937147490e+03 1.054203318805956769e+03 5.922457288216164670e+02
2.970657960592480913e-04 2.490755779969696960e+03 1.169161741325106732e+03 6.569955746789172508e+02
3.312362927876497001e-04 2.760366731854878708e+03 1.296534517183255957e+03 7.287534964302440130e+02
3.693373088223966556e-04 3.059235220714876050e+03 1.437648887969844282e+03 8.082593183885591088e+02
4.118209588090659132e-04 3.390686002607216778e+03 1.593969317541983855e+03 8.963246764523649972e+02
4.591913626466918256e-04 3.758416875478466864e+03 1.767109273226705682e+03 9.938373448312781875e+02
5.120106274801957584e-04 4.166568181732997800e+03 1.958848879673109423e+03 1.101770542238414464e+03
5.709055177816341068e-04 4.619602421649327880e+03 2.171117191340201316e+03 1.221178715156701173e+03
6.365748926688486646e-04 5.122157250482607196e+03 2.405969628226861914e+03 1.353191478206492320e+03
7.097979987143026312e-04 5.679244688573606254e+03 2.665632310619692817e+03 1.499030037057701747e+03
7.914437166483044659e-04 6.296089674950404515e+03 2.952455331295845099e+03 1.659988517078580344e+03
8.824808716799498404e-04 6.977848130071891319e+03 3.268832586796135729e+03 1.837401815360600040e+03
9.839897297802024153e-04 7.729782061282999166e+03 3.617259954462473615e+03 2.032669733607100625e+03
1.097174816344422205e-03 8.557167954229291354e+03 4.000273186628770873e+03 2.247221673731848568e+03
1.223379209343287413e-03 9.465106798475297182e+03 4.420322527507898485e+03 2.482446721621289271e+03
1.364100476567608111e-03 1.045847535663189774e+04 4.879803166587807027e+03 2.739715659146011603e+03
1.521008446081769522e-03 1.154175869511069322e+04 5.380947382851400107e+03 3.020313753615958831e+03
1.695965020753673102e-03 1.271879918414456188e+04 5.925605392213332379e+03 3.325297751466217051e+03
1.891046271984591709e-03 1.399264798305394288e+04 6.515253844031798508e+03 3.655517200666655754e+03
2.108567074807741158e-03 1.536516120429406692e+04 7.150821919835469089e+03 4.011514296274116987e+03
2.351108576680822643e-03 1.683621796018689201e+04 7.832314898780823569e+03 4.393293476391843797e+03
2.621548825923003187e-03 1.840372193218200118e+04 8.558821262312934778e+03 4.800336106662552083e+03
2.923096923239734257e-03 2.006320805422036574e+04 9.328307271671803392e+03 5.231504452537167708e+03
3.259331101584665453e-03 2.180695572664400970e+04 1.013712506960536484e+04 5.684822508594168539e+03
3.634241186222156913e-03 2.362396844418500768e+04 1.098003618008577541e+04 6.157459683345453413e+03
4.052275938830490927e-03 2.549993410720282191e+04 1.185060443095036862e+04 6.645651222191770103e+03
4.518395847440812539e-03 2.741621921996365563e+04 1.274036495259214644e+04 7.144682735356263038e+03
5.038131988628217865e-03 2.935029882745225768e+04 1.363871901852423252e+04 7.648703996002715030e+03
5.617651660426248826e-03 3.127524471082079617e+04 1.453320090840021840e+04 8.150727523774657129e+03
6.263831564778516575e-03 3.315949641302627424e+04 1.540919273952623917e+04 8.642572630618553376e+03
6.984339407925946493e-03 3.496649784598476981e+04 1.624974989158421886e+04 9.114758276223270514e+03
7.787724887016851671e-03 3.665372324635779660e+04 1.703516228932817830e+04 9.556251616934576305e+03
8.683521142606049834e-03 3.818413078767204570e+04 1.774826114628306459e+04 9.957452516142935565e+03
9.682357880899711625e-03 3.947316378230295959e+04 1.834974652105676796e+04 1.029629769215192027e+04
1.079608750807801998e-02 4.046656047407782899e+04 1.881436728571494314e+04 1.055860616078105886e+04
1.203792577343234388e-02 4.110175221782513108e+04 1.911302225021134655e+04 1.072804178499476802e+04
1.342260859021738965e-02 4.132224330355766870e+04 1.921932751243588791e+04 1.078976031632755985e+04
1.496656689508787767e-02 4.105664324536646018e+04 1.909992126116690997e+04 1.072495341059201382e+04
1.668812162103823840e-02 4.025017871770816419e+04 1.872914852702109783e+04 1.051915427104250011e+04
1.860770109743517184e-02 3.887066952327839681e+04 1.809182983607765345e+04 1.016376042532942120e+04
2.074808345685756270e-02 3.691398123472033330e+04 1.718570327661960982e+04 9.657368888202978269e+03
2.313466692519383291e-02 3.442301611794732162e+04 1.603037061563908537e+04 9.010763399801295236e+03
2.579577120231610690e-02 3.149876489827808473e+04 1.467269894403423132e+04 8.250178133961237108e+03
2.876297350957714855e-02 2.830402779929231110e+04 1.318810065208739979e+04 7.417834881444305211e+03
3.207148329174031032e-02 2.505519938968323549e+04 1.167716212309787079e+04 6.570169784494959458e+03
3.576056001963404812e-02 2.199513547213286438e+04 1.025294503434739636e+04 5.770743075302681063e+03
3.987397905126498221e-02 1.934719724405719535e+04 9.019640153018301135e+03 5.078257702277771386e+03
4.446055107939526907e-02 1.725700302201813247e+04 8.045296568900296734e+03 4.531110053255620187e+03
4.957470132945773766e-02 1.573238735885323695e+04 7.333783706601243466e+03 4.131624309355122932e+03
5.527711538069327024e-02 1.460969277954576864e+04 6.808826404510015891e+03 3.836939063648966112e+03
6.163545927395905344e-02 1.350421886564465240e+04 6.290633917967717025e+03 3.545752400435022537e+03
6.872518245115814828e-02 1.203281410480518207e+04 5.599793953221591437e+03 3.156831814863715863e+03
7.663041305413779980e-02 1.007886463524357168e+04 4.681350757586594227e+03 2.639044856217587949e+03
8.544495620686157200e-02 8.033827330715379503e+03 3.718233486609287866e+03 2.095524076769438125e+03
9.527340712667957401e-02 6.525850544598720262e+03 3.004692026606030140e+03 1.692420337525321656e+03
1.062323922731101822e-01 5.787503100686232756e+03 2.650144890294716788e+03 1.491675880957145864e+03
1.184519532618636822e-01 5.331017654295255852e+03 2.426348855256138904e+03 1.364484790445533690e+03
1.320770899659224340e-01 4.477043855002547389e+03 2.015065818655987187e+03 1.131039024921305099e+03
1.472694811144383831e-01 3.481831804133698824e+03 1.536786487323327265e+03 8.593877607700258068e+02
1.642094028064348954e-01 3.009487037553481514e+03 1.303450394309769990e+03 7.258810710937952990e+02
1.830978677048002712e-01 2.707083887527091520e+03 1.150138090031253796e+03 6.373589867248194878e+02
2.041590102946942431e-01 2.175813816390853844e+03 8.906186632093566686e+02 4.885980921880004644e+02
2.276427465103479653e-01 1.898477782492796905e+03 7.515303462262824041e+02 4.077809141245856495e+02
2.538277392899435103e-01 1.645267698539739968e+03 6.256464524313307720e+02 3.343889582547018335e+02
2.830247052484705095e-01 1.411629224912100881e+03 5.110405325565630505e+02 2.674450107209343628e+02
3.155801017062329072e-01 1.243098209042739200e+03 4.288982144483367733e+02 2.190148557889736196e+02
3.518802378240603601e-01 1.096890678518708228e+03 3.591273649943621535e+02 1.778502624525717977e+02
3.923558586288135031e-01 9.725119273705826117e+02 3.013112062248148391e+02 1.437884840788735232e+02
4.374872563241952172e-01 8.749499334780213076e+02 2.573705989608064897e+02 1.179205485794270913e+02
4.878099695387512202e-01 7.914384275129419848e+02 2.213157972612004016e+02 9.689720673138343443e+01
5.439211381395319123e-01 7.203186315307372070e+02 1.921630229822121123e+02 8.013538469413566645e+01
6.064865890189676811e-01 6.589297459594952215e+02 1.685757951106465953e+02 6.685213636975221618e+01
6.762487369363893164e-01 6.053055920362564848e+02 1.495500871268698120e+02 5.644025354716262655e+01
7.540353941672404137e-01 5.570005433417801441e+02 1.339200891603100274e+02 4.821050593193377409e+01
8.407695934971151086e-01 5.122299070404970962e+02 1.208268235881924255e+02 4.165588625496798159e+01
9.374805411223435803e-01 4.698575804387500625e+02 1.096825540761603293e+02 3.642445772833560369e+01
1.045315829426528564e+00 4.290267626448901979e+02 9.998923809746632685e+01 3.221778522825383106e+01
1.165555054552403824e+00 3.891378381717263437e+02 9.132207971109237121e+01 2.878570745789924601e+01
1.299625000357985227e+00 3.499643622562510927e+02 8.336102250713244644e+01 2.593403311346079221e+01
1.449116568932995452e+00 3.115818949798904782e+02 7.587111343568020061e+01 2.351047962547380621e+01
1.615803658576671964e+00 2.743183576019164320e+02 6.869382790190182675e+01 2.139660370529407984e+01
1.801664213246928048e+00 2.386521431999262575e+02 6.173543124848368535e+01 1.949960751573470219e+01
2.008903693258128342e+00 2.051229599000492669e+02 5.496642005203633374e+01 1.775115200770756019e+01
2.239981245735629400e+00 1.742359810877138386e+02 4.840733471775370589e+01 1.610250307735903164e+01
2.497638885371206374e+00 1.463725508866586722e+02 4.211820834705880401e+01 1.452313794936920388e+01
2.784934031744384253e+00 1.217572372330390209e+02 3.618033942423392801e+01 1.299748281309162401e+01
3.105275789304232426e+00 1.004245282942747366e+02 3.068083444193032250e+01 1.152299185989781982e+01
3.462465400517639402e+00 8.225544951456726039e+01 2.569610048139408676e+01 1.010676013405506346e+01
3.860741352209485999e+00 6.698925423107689880e+01 2.127510411063270723e+01 8.762334880323637165e+00
4.304829670336041580e+00 5.429253800989683043e+01 1.743694689803753306e+01 7.506089959283223756e+00
4.799999999999999822e+00 4.381579064788087408e+01 1.416700951137381637e+01 6.353273084025256701e+00
