1.000000000230258569e-04 8.865773974595529126e+02 4.138714561827704870e+02 2.321740713565348813e+02
1.115026695290953366e-04 9.835591913250981406e+02 4.592815042943470303e+02 2.576689597478581959e+02
1.243284530925187648e-04 1.091047023612267822e+03 5.096545194389880749e+02 2.859572258335355173e+02
1.386295441504667143e-04 1.210152591759576808e+03 5.655273513768910334e+02 3.173430502181446968e+02
1.545756424481938766e-04 1.342103033815313438e+03 6.274930641281843009e+02 3.521628166869726329e+02
1.723559677317991945e-04 1.488252550378478645e+03 6.962065516038882151e+02 3.907883907686622251e+02
1.921815050694108094e-04 1.650094116444378415e+03 7.723913912993870099e+02 4.336311434454402161e+02
2.142875084442451923e-04 1.829293234565191142e+03 8.568475277550944611e+02 4.811453561129803234e+02
2.389362923277018713e-04 2.027713070652534725e+03 9.504592530530729846e+02 5.338323543135318232e+02
2.664203443578849946e-04 2.247422320454703367e+03 1.054203315754973801e+03 5.922457284894034046e+02
2.970657960592480913e-04 2.490755744537579176e+03 1.169161737517483289e+03 6.569955742608085529e+02
3.312362927876497001e-04 2.760366687797985378e+03 1.296534512435038550e+03 7.287534959046184895e+02
3.693373088223966556e-04 3.059235165914755271e+03 1.437648882050097427e+03 8.082593177302042022e+02
4.118209588090659132e-04 3.390685934406154047e+03 1.593969310161908197e+03 8.963246756306415364e+02
4.591913626466918256e-04 3.758416790570472585e+03 1.767109264026516257e+03 9.938373438069705799e+02
5.120106274801957584e-04 4.166568076020372246e+03 1.958848868206335283e+03 1.101770540961429106e+03
5.709055177816341068e-04 4.619602290041231754e+03 2.171117177052314673e+03 1.221178713564026566e+03
6.365748926688486646e-04 5.122157086629530568e+03 2.405969610427388488e+03 1.353191476220355980e+03
7.097979987143026312e-04 5.679244484585808095e+03 2.665632288452262856e+03 1.499030034582644248e+03
7.914437166483044659e-04 6.296089421036936983e+03 2.952455303698808621e+03 1.659988513996900338e+03
8.824808716799498404e-04 6.977847814080524586e+03 3.268832552450989169e+03 1.837401811525712446e+03
9.839897297802024153e-04 7.729781668208776864e+03 3.617259911739478866e+03 2.032669728837156072e+03
1.097174816344422205e-03 8.557167465496911973e+03 4.000273133508741466e+03 2.247221667801044987e+03
1.223379209343287413e-03 9.465106190854552551e+03 4.420322461465966626e+03 2.482446714247427735e+03
1.364100476567608111e-03 1.045847460122773373e+04 4.879803084483490238e+03 2.739715649978378224e+03
1.521008446081769522e-03 1.154175775603572947e+04 5.380947280783724636e+03 3.020313742219125288e+03
1.695965020753673102e-03 1.271879801655538722e+04 5.925605265308076014e+03 3.325297737296064497e+03
1.891046271984591709e-03 1.399264653132302010e+04 6.515253686242998810e+03 3.655517183048171773e+03
2.108567074807741158e-03 1.536515939955614886e+04 7.150821723678394847e+03 4.011514274371510510e+03
2.351108576680822643e-03 1.683621571628664969e+04 7.832314654890201382e+03 4.393293449159244119e+03
2.621548825923003187e-03 1.840371914230000402e+04 8.558820959075617793e+03 4.800336072803027491e+03
2.923096923239734257e-03 2.006320458639991193e+04 9.328306894740360804e+03 5.231504410448501403e+03
3.259331101584665453e-03 2.180695141509531459e+04 1.013712460095634742e+04 5.684822456263907043e+03
3.634241186222156913e-03 2.362396308295732524e+04 1.098003559733721886e+04 6.157459618274448985e+03
4.052275938830490927e-03 2.549992744201270034e+04 1.185060370645300281e+04 6.645651141291965359e+03
4.518395847440812539e-03 2.741621093355210178e+04 1.274036405184952309e+04 7.144682634774796497e+03
5.038131988628217865e-03 2.935028852578460646e+04 1.363871789868066844e+04 7.648703870953236219e+03
5.617651660426248826e-03 3.127523190385031921e+04 1.453319951616483013e+04 8.150727368304792435e+03
6.263831564778516575e-03 3.315948049197083310e+04 1.540919100867919587e+04 8.642572437330913090e+03
6.984339407925946493e-03 3.496647805402881932e+04 1.624974773978055418e+04 9.114758035918022870e+03
7.787724887016851671e-03 3.665369864280670299e+04 1.703515961420123494e+04 9.556251318174419794e+03
8.683521142606049834e-03 3.818410020462567627e+04 1.774825782069927300e+04 9.957452144719904027e+03
9.682357880899711625e-03 3.947312576699921192e+04 1.834974238680704366e+04 1.029629723038231896e+04
1.079608750807801998e-02 4.046651322426976549e+04 1.881436214645263317e+04 1.055860558671344552e+04
1.203792577343234388e-02 4.110169349372655415e+04 1.911301586174162730e+04 1.072804107131672208e+04
1.342260859021738965e-02 4.132217032591397583e+04 1.921931957161588070e+04 1.078975942912122991e+04
1.496656689508787767e-02 4.105655256333253055e+04 1.909991139116129125e+04 1.072495230767356952e+04
1.668812162103823840e-02 4.025006605159669562e+04 1.872913625996639166e+04 1.051915290000705681e+04
1.860770109743517184e-02 3.887052957574812899e+04 1.809181459204589191e+04 1.016375872116856226e+04
2.074808345685756270e-02 3.691380741477765696e+04 1.718568433289034510e+04 9.657366769818743705e+03
2.313466692519383291e-02 3.442280030645905208e+04 1.603034707975760830e+04 9.010760766941004476e+03
2.579577120231610690e-02 3.149849702840459577e+04 1.467266970656412013e+04 8.250174861801830048e+03
2.876297350957714855e-02 2.830369546168193847e+04 1.318806434063928100e+04 7.417830815297917979e+03
3.207148329174031032e-02 2.505478727154570879e+04 1.167711703669843519e+04 6.570164732188015478e+03
3.576056001963404812e-02 2.199462476691426127e+04 1.025288907290298994e+04 5.770736798907787488e+03
3.987397905126498221e-02 1.934656482018555835e+04 9.019570715981823014e+03 5.078249906082122834e+03
4.446055107939526907e-02 1.725622073564861421e+04 8.045210463750599047e+03 4.531100372663453527e+03
4.957470132945773766e-02 1.573142068801331334e+04 7.333676977389376589e+03 4.131612290038695392e+03
5.527711538069327024e-02 1.460850006445809049e+04 6.808694208753274324e+03 3.836924145626641348e+03
6.163545927395905344e-02 1.350274987255212363e+04 6.290470315262162330e+03 3.545733890917502777e+03
6.872518245115814828e-02 1.203100914086263401e+04 5.599591723095240923e+03 3.156808862486942417e+03
7.663041305413779980e-02 1.007665404269726059e+04 4.681101219783610759e+03 2.639016423288474471e+03
8.544495620686157200e-02 8.031129506826578108e+03 3.717926090681189180e+03 2.095488880989797963e+03
9.527340712667957401e-02 6.522572377684996354e+03 3.004314132006310956e+03 1.692376810159791830e+03
1.062323922731101822e-01 5.783541911415211871e+03 2.649681596734621507e+03 1.491622121971656043e+03
1.184519532618636822e-01 5.326259018027776619e+03 2.425782202874636823e+03 1.364418439216285833e+03
1.320770899659224340e-01 4.471377621015268232e+03 2.014375951567137236e+03 1.130957343304100050e+03
1.472694811144383831e-01 3.475159179509170372e+03 1.535951690154207199e+03 8.592875691441666959e+02
1.642094028064348954e-01 3.001707440508884247e+03 1.302444467200495637e+03 7.257583329573859601e+02
1.830978677048002712e-01 2.698125824452677534e+03 1.148933236031644128e+03 6.372090193898321786e+02
2.041590102946942431e-01 2.165680875893978737e+03 8.891915220977381296e+02 4.884161653745737226e+02
2.276427465103479653e-01 1.887172541675520733e+03 7.498524408379307715e+02 4.075608782794239460e+02
2.538277392899435103e-01 1.632863586178992364e+03 6.236961505665177583e+02 3.341245664378371316e+02
2.830247052484705095e-01 1.398240151167661452e+03 5.088032095609852377e+02 2.671298842316650735e+02
3.155801017062329072e-01 1.228841514548969371e+03 4.263642678074178320e+02 2.186421883803002970e+02
3.518802378240603601e-01 1.081906710218277112e+03 3.562994127097753676e+02 1.774140973063313709e+02
3.923558586288135031e-01 9.569460999165381736e+02 2.982021993022254946e+02 1.432839226199101859e+02
4.374872563241952172e-01 8.589261617370258364e+02 2.539983310663540692e+02 1.173436603308182242e+02
4.878099695387512202e-01 7.751004484112519322e+02 2.177087182192284729e+02 9.624673894230983251e+01
5.439211381395319123e-01 7.038063256608198799e+02 1.883528856080191360e+02 7.941216357569422257e+01
6.064865890189676811e-01 6.423887763042976076e+02 1.645976748477795581e+02 6.605924559102609805e+01
6.762487369363893164e-01 5.888867851924645720e+02 1.454405025556547173e+02 5.558266328006270385e+01
7.540353941672404137e-01 5.408661555654655331e+02 1.297176973316245210e+02 4.729455021801476988e+01
8.407695934971151086e-01 4.965557834429533273e+02 1.165729577289240240e+02 4.068941451393120445e+01
9.374805411223435803e-01 4.548295903409244261e+02 1.054207333679869834e+02 3.541615412283996989e+01
1.045315829426528564e+00 4.148388830246389034e+02 9.576511934201937493e+01 3.117677491134291756e+01
1.165555054552403824e+00 3.759858923837867337e+02 8.718404321447545158e+01 2.772197891769814859e+01
1.299625000357985227e+00 3.380354387534306966e+02 7.935972081720690596e+01 2.485819957750094744e+01
1.449116568932995452e+00 3.010404752143700762e+02 7.205817951518811526e+01 2.243387654357719185e+01
1.615803658576671964e+00 2.652868793434686836e+02 6.512016811168233232e+01 2.033121905920967620e+01
1.801664213246928048e+00 2.311962394948915858e+02 5.844865229168664911e+01 1.845802509996636687e+01
2.008903693258128342e+00 1.992348639050819372e+02 5.200733205642080037e+01 1.674636243240031419e+01
2.239981245735629400e+00 1.698323267042450482e+02 4.580653012288920678e+01 1.514750205611882450e+01
2.497638885371206374e+00 1.432986554129577996e+02 3.989233074882417185e+01 1.363039397607500902e+01
2.784934031744384253e+00 1.198046714535634720e+02 3.433014809847136206e+01 1.217823185444388123e+01
3.105275789304232426e+00 9.936105509845829431e+01 2.919032374785243178e+01 1.078635977611065222e+01
3.462465400517639402e+00 8.185057298792273173e+01 2.453433291182532727e+01 9.458999198064029557e+00
3.860741352209485999e+00 6.704116386043421016e+01 2.040014665742234712e+01 8.206113728434033305e+00
4.304829670336041580e+00 5.463979472873350574e+01 1.680073092103087973e+01 7.040241569221639573e+00
4.799999999999999822e+00 4.433721897631204456e+01 1.372137299994903614e+01 5.972925345131907982e+00
