1.000000000230258569e-04 2.350680482554183186e+02 9.757615510839922024e+01 5.317899461834142727e+01
1.115026695290953366e-04 2.611717612324811739e+02 1.084305943175440774e+02 5.909594255309674793e+01
1.243284530925187648e-04 2.901594328912212291e+02 1.204906308005595292e+02 6.567053849003131916e+01
1.386295441504667143e-04 3.223454081689972099e+02 1.338895591115896480e+02 7.297563348306020714e+01
1.545756424481938766e-04 3.580775287621032135e+02 1.487752694678787293e+02 8.109208881404657632e+01
1.723559677317991945e-04 3.977406389784523526e+02 1.653115935515776300e+02 9.010953418148889682e+01
1.921815050694108094e-04 4.417603707564634306e+02 1.836800622120358071e+02 1.001273396931259896e+02
2.142875084442451923e-04 4.906076121903284957e+02 2.040818608503360849e+02 1.112556879413806428e+02
2.389362923277018713e-04 5.448064700179373858e+02 2.267396246870111440e+02 1.236164889210099176e+02
2.664203443578849946e-04 6.049395923595010345e+02 2.518997162348497341e+02 1.373446404432659449e+02
2.970657960592480913e-04 6.716534926206765022e+02 2.798347973485451803e+02 1.525894600427390913e+02
3.312362927876497001e-04 7.456732246578922059e+02 3.108460897834661409e+02 1.695156508404808164e+02
3.693373088223966556e-04 8.278116170038945256e+02 3.452662734607255857e+02 1.883048398556519771e+02
4.118209588090659132e-04 9.189751935211228329e+02 3.834628088943424586e+02 2.091574706066696479e+02
4.591913626466918256e-04 1.020170330120614608e+03 4.258397491473718333e+02 2.322934391069819924e+02
5.120106274801957584e-04 1.132514396135780999e+03 4.728409802495007739e+02 2.579536916920578165e+02
5.709055177816341068e-04 1.257250246770418244e+03 5.249546866889070316e+02 2.864027100302957365e+02
6.365748926688486646e-04 1.395719892654638898e+03 5.827112066140405204e+02 3.179277403424788986e+02
7.097979987143026312e-04 1.549360936490772247e+03 6.466843570847976252e+02 3.528395782733956025e+02
7.914437166483044659e-04 1.719740848584435071e+03 7.174984094969082662e+02 3.914759072298587625e+02
8.824808716799498404e-04 1.908507907781103540e+03 7.958194676973768082e+02 4.341976662496994663e+02
9.839897297802024153e-04 2.117360722799367522e+03 8.823507371112930286e+02 4.813871176917277808e+02
1.097174816344422205e-03 2.348087239839439462e+03 9.778417084629240890e+02 5.334520304112935492e+02
1.223379209343287413e-03 2.602546296363066176e+03 1.083075359875537970e+03 5.908191767857900913e+02
1.364100476567608111e-03 2.882644756867735396e+03 1.198855820620028908e+03 6.539281163537127668e+02
1.521008446081769522e-03 3.190329820954287243e+03 1.326014321000641758e+03 7.232343629845273654e+02
1.695965020753673102e-03 3.527561265955733688e+03 1.465387986894177857e+03 7.991971443953567587e+02
1.891046271984591709e-03 3.896277001287652638e+03 1.617794483456283388e+03 8.822648888763671948e+02
2.108567074807741158e-03 4.298362249750232877e+03 1.784033142523866900e+03 9.728770238969025286e+02
2.351108576680822643e-03 4.735586347612297686e+03 1.964854332265290395e+03 1.071446471965826959e+03
2.621548825923003187e-03 5.209524498265278453e+03 2.160918765594796241e+03 1.178336154392952039e+03
2.923096923239734257e-03 5.721522036929182832e+03 2.372789596715306743e+03 1.293855980687498686e+03
3.259331101584665453e-03 6.272487431937512156e+03 2.600850330778747320e+03 1.418217538124773682e+03
3.634241186222156913e-03 6.862575728217650976e+03 2.845178639417596514e+03 1.551464045449753030e+03
4.052275938830490927e-03 7.491268360499278060e+03 3.105574017928881403e+03 1.693486329892069989e+03
4.518395847440812539e-03 8.157281738972988933e+03 3.381467340450121810e+03 1.843987232588973029e+03
5.038131988628217865e-03 8.857802274415425927e+03 3.671737767914558390e+03 2.002340414210969129e+03
5.617651660426248826e-03 9.589312035621687755e+03 3.974913274140834801e+03 2.167758050624587668e+03
6.263831564778516575e-03 1.034634885725646564e+04 4.288741456774550898e+03 2.339007245928157772e+03
6.984339407925946493e-03 1.112143840008751249e+04 4.610135421623497678e+03 2.514413499694452639e+03
7.787724887016851671e-03 1.190499467985416777e+04 4.935110761780501889e+03 2.691801692670811462e+03
8.683521142606049834e-03 1.268508338846176048e+04 5.258714588224873296e+03 2.868462711368327291e+03
9.682357880899711625e-03 1.344687270966311007e+04 5.574796677369889039e+03 3.041043831232603225e+03
1.079608750807801998e-02 1.417253493143936794e+04 5.875967724201595956e+03 3.205511066282384945e+03
1.203792577343234388e-02 1.484102249957788626e+04 6.153488531470439739e+03 3.357098038777983675e+03
1.342260859021738965e-02 1.542831588893957814e+04 6.397359655251692857e+03 3.490345280580486360e+03
1.496656689508787767e-02 1.590761501203197440e+04 6.596469917266897028e+03 3.599163409189046888e+03
1.668812162103823840e-02 1.625000808323436468e+04 6.738821235226776480e+03 3.677042074417928688e+03
1.860770109743517184e-02 1.642653154027218989e+04 6.812319681948991274e+03 3.717340888910502144e+03
2.074808345685756270e-02 1.641091315995178957e+04 6.806048649220034349e+03 3.714083628641893938e+03
2.313466692519383291e-02 1.618303718916389880e+04 6.711639226720194529e+03 3.662720594301090387e+03
2.579577120231610690e-02 1.573427616601213413e+04 6.525459067335680629e+03 3.561245354775064243e+03
2.876297350957714855e-02 1.507297572668581779e+04 6.250928717230973234e+03 3.411522419469341912e+03
3.207148329174031032e-02 1.422942383261605755e+04 5.900576291194733130e+03 3.220381752799742117e+03
3.576056001963404812e-02 1.325793394138968506e+04 5.496891125878958519e+03 3.000093047704650417e+03
3.987397905126498221e-02 1.223325778931799505e+04 5.070854332208621599e+03 2.767566019921614497e+03
4.446055107939526907e-02 1.123927648269645397e+04 4.657235287235070246e+03 2.541776949811768191e+03
4.957470132945773766e-02 1.034895110219603339e+04 4.286268277824425240e+03 2.339230180722378918e+03
5.527711538069327024e-02 9.598405749318057133e+03 3.972900375329104463e+03 2.168083459408762337e+03
6.163545927395905344e-02 8.965947745919453155e+03 3.708069681609090367e+03 2.023388628376141469e+03
6.872518245115814828e-02 8.345903478780775913e+03 3.447847852388301362e+03 1.881162655374838096e+03
7.663041305413779980e-02 7.608975925032463238e+03 3.138493577974508298e+03 1.712058431740814967e+03
8.544495620686157200e-02 6.687542335085877312e+03 2.751855550114913513e+03 1.500698964774291198e+03
9.527340712667957401e-02 5.680295390321613013e+03 2.328843833237189301e+03 1.269408384134041398e+03
1.062323922731101822e-01 4.818776236641373544e+03 1.965526970140400408e+03 1.070623118904888315e+03
1.184519532618636822e-01 4.253850106368248817e+03 1.724515241495253576e+03 9.385133171706117992e+02
1.320770899659224340e-01 3.861792600475071140e+03 1.554492601010892940e+03 8.450526329243842838e+02
1.472694811144383831e-01 3.365607577795736688e+03 1.340619337425167487e+03 7.275345194912753186e+02
1.642094028064348954e-01 2.778831297362959958e+03 1.088740093375898823e+03 5.891423158588810338e+02
1.830978677048002712e-01 2.386110096928445728e+03 9.172497857949147146e+02 4.945041719329501575e+02
2.041590102946942431e-01 2.133081103031785915e+03 8.039504343060231122e+02 4.315036358643327503e+02
2.276427465103479653e-01 1.798936408389557073e+03 6.576863604535551531e+02 3.503961318103317240e+02
2.538277392899435103e-01 1.552944923753611874e+03 5.490090523195244714e+02 2.897170863501378335e+02
2.830247052484705095e-01 1.365828968019055310e+03 4.660742167295879881e+02 2.430414470208583566e+02
3.155801017062329072e-01 1.177074380968181003e+03 3.840284345344233543e+02 1.968663344500509709e+02
3.518802378240603601e-01 1.040803409851630022e+03 3.252136030431880727e+02 1.634344374342329900e+02
3.923558586288135031e-01 9.149695558400513846e+02 2.722692177626401531e+02 1.333554791644303918e+02
4.374872563241952172e-01 8.121884283739581178e+02 2.301884223980651996e+02 1.094001852605317993e+02
4.878099695387512202e-01 7.262310897303382262e+02 1.961924401327841565e+02 9.008694428750841610e+01
5.439211381395319123e-01 6.521542568303487997e+02 1.681212462720048961e+02 7.426173200146304509e+01
6.064865890189676811e-01 5.887125546732489738e+02 1.453004012477296953e+02 6.154942755628428586e+01
6.762487369363893164e-01 5.336590809642739259e+02 1.267040031196841170e+02 5.137331211343011717e+01
7.540353941672404137e-01 4.850922790786214023e+02 1.114792369246175809e+02 4.324347458597642913e+01
8.407695934971151086e-01 4.413076425409886951e+02 9.888129492629484218e+01 3.673348148397985824e+01
9.374805411223435803e-01 4.011729690262653776e+02 8.838230516268950510e+01 3.152938111667403120e+01
1.045315829426528564e+00 3.636940292861738158e+02 7.949776202782744861e+01 2.735140587373946630e+01
1.165555054552403824e+00 3.281582518000282676e+02 7.183788986616907835e+01 2.397574586166937394e+01
1.299625000357985227e+00 2.941799897710029086e+02 6.508791249572234960e+01 2.122057454515894648e+01
1.449116568932995452e+00 2.616043675590764792e+02 5.900332946879967011e+01 1.894342878620697590e+01
1.615803658576671964e+00 2.305051113737050912e+02 5.339123066054104072e+01 1.702634656909196309e+01
1.801664213246928048e+00 2.010639907548702752e+02 4.811345328397646881e+01 1.537757986688298395e+01
2.008903693258128342e+00 1.735613832805694869e+02 4.308320533352113557e+01 1.392397017429848916e+01
2.239981245735629400e+00 1.482502490480036386e+02 3.825657319346288432e+01 1.261004609292641021e+01
2.497638885371206374e+00 1.253463261558348734e+02 3.363129939328300821e+01 1.139448882603890922e+01
2.784934031744384253e+00 1.049729681223461455e+02 2.923118476480907546e+01 1.024894591651213460e+01
3.105275789304232426e+00 8.717917208290045039e+01 2.510385141397712516e+01 9.157104210780747877e+00
3.462465400517639402e+00 7.188997299126378948e+01 2.129819419908389833e+01 8.111777320561831317e+00
3.860741352209485999e+00 5.893482925999698807e+01 1.786171275421341775e+01 7.114293618390538754e+00
4.304829670336041580e+00 4.808070707870671612e+01 1.482156500253022102e+01 6.170609334155840564e+00
4.799999999999999822e+00 3.906008763586363131e+01 1.218638310809007486e+01 5.290425988812029523e+00
