1.000000000230258569e-04 5.526975609559555096e+02 2.367727088591647657e+02 1.288957295134193259e+02
1.122634227564673579e-04 6.156464846127674946e+02 2.638307075375748809e+02 1.436405929958962133e+02
1.260307608609534901e-04 6.856827330967405487e+02 2.939669092010514078e+02 1.600683728958824190e+02
1.414864458359461712e-04 7.635796070536065372e+02 3.275265678680301562e+02 1.783696570047256671e+02
1.588375267953347550e-04 8.501901587140488346e+02 3.648927089861546733e+02 1.987563237573484969e+02
1.783164441611049004e-04 9.464569771127715967e+02 4.064898714213215953e+02 2.214636619441348842e+02
2.001841435067871621e-04 1.053427733794836968e+03 4.527877175725557208e+02 2.467522648591157406e+02
2.247335712646909519e-04 1.172261459093330359e+03 5.043060844083586858e+02 2.749110988337568529e+02
2.522935991264941354e-04 1.304255059027090738e+03 5.616212300763133953e+02 3.062602816130928431e+02
2.832334297096662638e-04 1.450891360335838954e+03 6.253735687068394782e+02 3.411536453272092331e+02
3.179675425093897337e-04 1.613837092907746410e+03 6.962728900246191870e+02 3.799826490442072213e+02
3.569612463934728852e-04 1.794992406157079358e+03 7.751088785141796507e+02 4.231795428065124156e+02
4.007369130231864672e-04 1.996560651708277192e+03 8.627640642656350565e+02 4.712204921610409087e+02
4.498809747048478080e-04 2.221054449710254175e+03 9.602197219381703235e+02 5.246305007371474858e+02
5.050517804175268938e-04 2.471272367662510078e+03 1.068559705877102942e+03 5.839847639047384291e+02
5.669884152586394726e-04 2.750296524723041330e+03 1.188976897384575750e+03 6.499106914984686227e+02
6.365206014554368984e-04 3.061580863404269621e+03 1.322788218657568905e+03 7.230943695594007750e+02
7.145798135793877959e-04 3.408697166158744039e+03 1.471394600016011054e+03 8.042701034154320041e+02
8.022117568662883325e-04 3.795237461868056016e+03 1.636268466946367198e+03 8.942175508454274677e+02
9.005903758055168549e-04 4.224988080815997819e+03 1.818985011457598830e+03 9.937705889760027276e+02
1.011033580661806338e-03 4.701686799161237104e+03 2.021143338285909067e+03 1.103787646799300092e+03
1.135020902606864940e-03 5.228943469490580355e+03 2.244348792913879151e+03 1.225145093428824794e+03
1.274213313974418031e-03 5.810282588194114396e+03 2.490228375889323161e+03 1.358740642514935189e+03
1.430475479156914512e-03 6.449148746862837470e+03 2.760347862479813557e+03 1.505442424833924406e+03
1.605900734223756829e-03 7.148780634365579317e+03 3.056183908874770168e+03 1.666078195482967203e+03
1.802839129895710598e-03 7.912055727882995598e+03 3.379089957581555609e+03 1.841418299408426947e+03
2.023928913547812410e-03 8.741418798128575872e+03 3.730173262093756421e+03 2.032082345619846365e+03
2.272131871983379750e-03 9.638703390392991423e+03 4.110251288786113946e+03 2.238525810855835971e+03
2.550773008441800313e-03 1.060485751204326152e+04 4.519758589887350354e+03 2.460997818028109123e+03
2.863585085365514225e-03 1.163944658156507830e+04 4.958519563109892260e+03 2.699416304903815671e+03
3.214758629634808552e-03 1.274058653515390324e+04 5.425721030284236804e+03 2.953353536368698769e+03
3.608998070155939632e-03 1.390457655490519392e+04 5.919775919076486389e+03 3.221953821939464888e+03
4.051584759838999447e-03 1.512517298596109322e+04 6.438063780619133468e+03 3.503772592302235353e+03
4.548447726227339283e-03 1.639369583978007722e+04 6.976934967340490402e+03 3.796791058465121296e+03
5.106243098575769836e-03 1.769848139648769939e+04 7.531373865371196189e+03 4.098338216616112732e+03
5.732443275407110572e-03 1.902415303296987622e+04 8.094853662965992044e+03 4.404875173928270669e+03
6.435437027063155117e-03 2.035171997382152040e+04 8.659286609060927731e+03 4.711986129205326506e+03
7.224641874254610074e-03 2.165783326729615874e+04 9.214749780506313982e+03 5.014277349190336281e+03
8.110630248067678127e-03 2.291614393761403699e+04 9.750039116238247516e+03 5.305658579978431590e+03
9.105271121505569346e-03 2.408916400130225156e+04 1.024919873164717501e+04 5.577444326176168943e+03
1.022188900990466699e-02 2.513926038794242777e+04 1.069621567881064220e+04 5.820918477309417540e+03
1.147544247024383408e-02 2.602565380770002957e+04 1.107373574395747528e+04 6.026637483502212490e+03
1.288272449057868002e-02 2.670095873295305864e+04 1.136157273563902345e+04 6.183619882425808100e+03
1.446258745407916733e-02 2.711443717501458377e+04 1.153810326033391721e+04 6.280076873185202203e+03
1.623619569135818438e-02 2.721591658828416621e+04 1.158193736896817791e+04 6.304365663802948802e+03
1.822730900435978393e-02 2.695942986075744193e+04 1.147347346366550846e+04 6.245804793852395960e+03
2.046260095998037737e-02 2.630870854849588068e+04 1.119720361747350398e+04 6.095921366658814804e+03
2.297201621738221775e-02 2.524733045059051801e+04 1.074604684232959517e+04 5.850809176316417506e+03
2.578917167586586637e-02 2.378871606014962163e+04 1.012564276573187999e+04 5.513522531033425366e+03
2.895180681720203528e-02 2.198683439703758631e+04 9.358848353945701092e+03 5.096459897222530344e+03
3.250228927534733192e-02 1.994313781708388706e+04 8.488718058802118321e+03 4.623026523216914939e+03
3.648818240631140908e-02 1.780407082743704450e+04 7.577530083263161941e+03 4.127121275665190296e+03
4.096288246151627566e-02 1.574292500679869590e+04 6.698998163566478979e+03 3.648883719102679152e+03
4.598633390041809155e-02 1.392440109168700110e+04 5.923222618913385304e+03 3.226502077394538901e+03
5.162583242493973962e-02 1.245604759196249142e+04 5.295987921498748619e+03 2.884932540812237676e+03
5.795692649341043640e-02 1.133734455728512148e+04 4.817040283860008458e+03 2.624054769327074609e+03
6.506442939097074885e-02 1.042928108897670245e+04 4.427087098601742582e+03 2.411571675462786061e+03
7.304355541444980393e-02 9.463456779488000393e+03 4.011632224076597595e+03 2.185084517231434802e+03
8.200119539239680844e-02 8.206322526202831796e+03 3.470987673477911358e+03 1.890244875782083454e+03
9.205734862752627812e-02 6.721230867252041207e+03 2.832053757620901706e+03 1.541690050038068193e+03
1.033467304443183715e-01 5.394991852877290512e+03 2.259717517764127024e+03 1.229287768434977806e+03
1.160205768769771578e-01 4.571468000275342092e+03 1.900680146014353568e+03 1.033014906327090557e+03
1.302486706739022226e-01 4.120670458576244528e+03 1.699638642086233858e+03 9.227286748995342123e+02
1.462216157596530064e-01 3.547384655563269462e+03 1.445608380168229814e+03 7.833941512795513518e+02
1.641533906237988560e-01 2.799576519383154846e+03 1.116775511253243849e+03 6.031104144242606253e+02
1.842842148426375448e-01 2.343454819260367003e+03 9.124171412933923193e+02 4.905317383287378448e+02
2.068837671345900298e-01 2.076389267813045535e+03 7.892094337949506553e+02 4.220458011120486503e+02
2.322547980593316352e-01 1.690571445944767220e+03 6.165467027165058198e+02 3.264781500283038440e+02
2.607371857574901086e-01 1.455904735346914094e+03 5.097641879017530755e+02 2.667465095589008115e+02
2.927124890628471365e-01 1.247387795612687341e+03 4.159462995639077008e+02 2.140737415199901648e+02
3.286090589819373742e-01 1.075459901615692843e+03 3.395366951101462405e+02 1.709512057092657642e+02
3.689077770159973624e-01 9.345411892960428304e+02 2.781884241287758641e+02 1.361923747623287682e+02
4.141484971975938345e-01 8.237792399355136013e+02 2.311791579981116342e+02 1.094493241608441281e+02
4.649372781414354283e-01 7.284561706946710729e+02 1.922098546735558671e+02 8.735771005315113769e+01
5.219545019921476570e-01 6.505130344884781834e+02 1.618167111866916343e+02 7.021574146689106044e+01
5.859639890329354506e-01 5.851172584254162530e+02 1.378101577813717995e+02 5.683006134428106293e+01
6.578232300572349756e-01 5.289841533897578074e+02 1.186927238333818764e+02 4.636821686143535715e+01
7.384948735793578356e-01 4.797365548806806146e+02 1.033848679900506227e+02 3.821723297348791704e+01
8.290596217703356530e-01 4.354517973126222614e+02 9.101685020124037351e+01 3.187675234766800969e+01
9.307307078768926045e-01 3.946071874597435567e+02 8.087858609128508647e+01 2.693745905938305540e+01
1.044870149067508081e+00 3.560409798808154278e+02 7.239416576569568917e+01 2.306755101403673791e+01
1.173006992433692330e+00 3.190400665772056641e+02 6.511810503650676196e+01 2.001120808681446306e+01
1.316857798575541416e+00 2.832806248119775319e+02 5.870599926020612713e+01 1.756778448924232805e+01
1.478349637175967013e+00 2.487565048891496531e+02 5.289090773299775350e+01 1.557812289215801194e+01
1.659645902619409696e+00 2.157508593665626790e+02 4.748385838582902352e+01 1.391958658002719673e+01
1.863175295489004624e+00 1.846901946501349983e+02 4.236013356562703080e+01 1.249771583977729605e+01
2.091664358187257822e+00 1.560612059069664497e+02 3.745816225697087987e+01 1.124164157620397475e+01
2.348174000537423645e+00 1.302553507880344625e+02 3.276247582420335647e+01 1.009936241575656091e+01
2.636140504673786467e+00 1.075166765912691034e+02 2.830066953881220115e+01 9.036103048008648386e+00
2.959421558534973240e+00 8.789616018307478384e+01 2.411876613327645558e+01 8.030324565353888389e+00
3.322347934639153344e+00 7.127317004364351760e+01 2.027563438760707015e+01 7.073112390610502231e+00
3.729781506445900785e+00 5.740488807810190508e+01 1.681842603932546609e+01 6.163563984525578299e+00
4.187180379509764627e+00 4.597139517948313170e+01 1.377954712027608331e+01 5.307828930627303876e+00
4.700672009942531204e+00 3.663376743765228838e+01 1.116537984145532292e+01 4.514177192855458820e+00
5.277135289701610610e+00 2.905974010546124475e+01 8.960639787411068369e+00 3.791659189011317377e+00
5.924292698344328478e+00 2.295323502526429138e+01 7.132698049899810044e+00 3.146365660611614157e+00
6.650813755741415534e+00 1.805692725922499875e+01 5.638845795459952903e+00 2.581063843900138544e+00
7.466431161634059954e+00 1.414896057253128347e+01 4.431378273885096419e+00 2.094761110763089462e+00
8.382071177875818790e+00 1.104185316025675867e+01 3.463267870989440667e+00 1.683455831416881709e+00
9.410000000000001918e+00 8.582560254212950213e+00 2.692651101830544125e+00 1.340816908792180628e+00
