1.000000000230258569e-04 5.853853884458484345e+02 2.595451604242207964e+02 1.422258666945121774e+02
1.122634227564673579e-04 6.529029671971819653e+02 2.896136418075222991e+02 1.587247372428128358e+02
1.260307608609534901e-04 7.280967108797500487e+02 3.231467666008058472e+02 1.771327391236799258e+02
1.414864458359461712e-04 8.118078349558979880e+02 3.605378721387114638e+02 1.976691830449584302e+02
1.588375267953347550e-04 9.049659218897027131e+02 4.022235040584382091e+02 2.205780261028195923e+02
1.783164441611049004e-04 1.008601546307217177e+03 4.486872989478500244e+02 2.461300967745502817e+02
2.001841435067871621e-04 1.123853028921817440e+03 5.004653955921122019e+02 2.746263806837229140e+02
2.247335712646909519e-04 1.251996916072330123e+03 5.581533148963177382e+02 3.064010374560608057e+02
2.522935991264941354e-04 1.394490322172782044e+03 6.224139292156720558e+02 3.418245129487631857e+02
2.832334297096662638e-04 1.552968557860273222e+03 6.939831015774208254e+02 3.813077376877621418e+02
3.179675425093897337e-04 1.729317724254377708e+03 7.736835053986280855e+02 4.253060593165972136e+02
3.569612463934728852e-04 1.925750810782939197e+03 8.624391452571911714e+02 4.743235463479788336e+02
4.007369130231864672e-04 2.144804402280091381e+03 9.612811426879744658e+02 5.289181696278517393e+02
4.498809747048478080e-04 2.389350985132264668e+03 1.071359886721620342e+03 5.897052823321027972e+02
5.050517804175268938e-04 2.662640877130288573e+03 1.193959210502311862e+03 6.573624253984426105e+02
5.669884152586394726e-04 2.968366544704731950e+03 1.330508448569818938e+03 7.326355958123098162e+02
6.365206014554368984e-04 3.310388769773881904e+03 1.482544576101477105e+03 8.163315444079566987e+02
7.145798135793877959e-04 3.692727188192357971e+03 1.651717209212759826e+03 9.093208099559586799e+02
8.022117568662883325e-04 4.119712311272714942e+03 1.839815499157083650e+03 1.012545416355328825e+03
9.005903758055168549e-04 4.595582422639175093e+03 2.048671274929455194e+03 1.126988490182901842e+03
1.011033580661806338e-03 5.124469555490165476e+03 2.280163515277552960e+03 1.253676472538195640e+03
1.135020902606864940e-03 5.710498061126928405e+03 2.536236429580119420e+03 1.393681904747292720e+03
1.274213313974418031e-03 6.357802149151170852e+03 2.818815541940213734e+03 1.548074598992655183e+03
1.430475479156914512e-03 7.070378170060532284e+03 3.129793921219520143e+03 1.717920392085100275e+03
1.605900734223756829e-03 7.851971044465634805e+03 3.470998471327159677e+03 1.904260719381524268e+03
1.802839129895710598e-03 8.706148681323520577e+03 3.844090599569859478e+03 2.108027400492977449e+03
2.023928913547812410e-03 9.636053280457988876e+03 4.250524512288243386e+03 2.330037180282367899e+03
2.272131871983379750e-03 1.064410472321640191e+04 4.691436224822230542e+03 2.570935116378450857e+03
2.550773008441800313e-03 1.173160351157601508e+04 5.167431679751424781e+03 2.831066498385768227e+03
2.863585085365514225e-03 1.289862881679167731e+04 5.678557768306676735e+03 3.110468247252049423e+03
3.214758629634808552e-03 1.414358050691095195e+04 6.224105065840863972e+03 3.408761170144157404e+03
3.608998070155939632e-03 1.546250627719045406e+04 6.802312824185488353e+03 3.724985563707392885e+03
4.051584759838999447e-03 1.684911613562943603e+04 7.410378424428152357e+03 4.057597375600383202e+03
4.548447726227339283e-03 1.829362546232298700e+04 8.044184808760760461e+03 4.404275914319386175e+03
5.106243098575769836e-03 1.978277516297555485e+04 8.697781782205796844e+03 4.761891781007854661e+03
5.732443275407110572e-03 2.129918487464183272e+04 9.363529621265413880e+03 5.126227038403944789e+03
6.435437027063155117e-03 2.282075120317324036e+04 1.003171276935704009e+04 5.491959334190608388e+03
7.224641874254610074e-03 2.431995409353511786e+04 1.069023883504480727e+04 5.852472331554071388e+03
8.110630248067678127e-03 2.576511215560679557e+04 1.132519231172612854e+04 6.200155924013734875e+03
9.105271121505569346e-03 2.711128225113676672e+04 1.191682615806196918e+04 6.524198168786758288e+03
1.022188900990466699e-02 2.831313825010457003e+04 1.244520081478648535e+04 6.813682781064984738e+03
1.147544247024383408e-02 2.931492376147940013e+04 1.288580985934392265e+04 7.055194742932721965e+03
1.288272449057868002e-02 3.006166283603490592e+04 1.321446451516160960e+04 7.235487117789959484e+03
1.446258745407916733e-02 3.048840731076045995e+04 1.340256629298905318e+04 7.338891030434911954e+03
1.623619569135818438e-02 3.053209366091557604e+04 1.342236535726456896e+04 7.350195299739126312e+03
1.822730900435978393e-02 3.013740886653304551e+04 1.324947629574207167e+04 7.256039984671829188e+03
2.046260095998037737e-02 2.926429749684225681e+04 1.286621419351774057e+04 7.046702130273677540e+03
2.297201621738221775e-02 2.790236690612900929e+04 1.226787765142214266e+04 6.719548279358637956e+03
2.578917167586586637e-02 2.608465748660645113e+04 1.146893053070249334e+04 6.282475572277549873e+03
2.895180681720203528e-02 2.390018212821795896e+04 1.050836284146873004e+04 5.756791688050541779e+03
3.250228927534733192e-02 2.149818485741840414e+04 9.451680017057165969e+03 5.178333402419608319e+03
3.648818240631140908e-02 1.907688398610023796e+04 8.385967722093646444e+03 4.594796704707474419e+03
4.096288246151627566e-02 1.685025985159981792e+04 7.405282115268439156e+03 4.057711291220522980e+03
4.598633390041809155e-02 1.499463497264858233e+04 6.587150791740662498e+03 3.609571476848645943e+03
5.162583242493973962e-02 1.358408490927405182e+04 5.964136226653082304e+03 3.268242411644959702e+03
5.795692649341043640e-02 1.253895614051711345e+04 5.501130163091704162e+03 3.014501663477244165e+03
6.506442939097074885e-02 1.157759150549096921e+04 5.074054091615108518e+03 2.780333029039632038e+03
7.304355541444980393e-02 1.034892311754287402e+04 4.528193486145990391e+03 2.480897265052293278e+03
8.200119539239680844e-02 8.710002876203152482e+03 3.800431851981461932e+03 2.081550979065235879e+03
9.205734862752627812e-02 6.975663758790979045e+03 3.029301331705320536e+03 1.658227443584299863e+03
1.033467304443183715e-01 5.703037069584043820e+03 2.460196564621658126e+03 1.345496427827851448e+03
1.160205768769771578e-01 5.070140197204406832e+03 2.171699193342240051e+03 1.186471189510492422e+03
1.302486706739022226e-01 4.578186497709657488e+03 1.944256713002283959e+03 1.060736284293371000e+03
1.462216157596530064e-01 3.727250873768026850e+03 1.557918050056852280e+03 8.476293200031461765e+02
1.641533906237988560e-01 2.956726420870839320e+03 1.206818608766796842e+03 6.536406883761495692e+02
1.842842148426375448e-01 2.637021013932867390e+03 1.054536438234677007e+03 5.685009204996496237e+02
2.068837671345900298e-01 2.236122037859058764e+03 8.674817088519804429e+02 4.641150977788302043e+02
2.322547980593316352e-01 1.832520065890516662e+03 6.809289143126281942e+02 3.598964303641913602e+02
2.607371857574901086e-01 1.624100124722966484e+03 5.820137548743508660e+02 3.036716397627648689e+02
2.927124890628471365e-01 1.361292788520753675e+03 4.615810173704807085e+02 2.357182003620776243e+02
3.286090589819373742e-01 1.200688055198176471e+03 3.880971716004758605e+02 1.936376416879143960e+02
3.689077770159973624e-01 1.042239018454767802e+03 3.177148806637393932e+02 1.535217311301719008e+02
4.141484971975938345e-01 9.198646280158159243e+02 2.649124004015946525e+02 1.233547780520484878e+02
4.649372781414354283e-01 8.198745353112669818e+02 2.234290078714666947e+02 9.974226962917016692e+01
5.219545019921476570e-01 7.348248829893847187e+02 1.898102204025931030e+02 8.080189790559602159e+01
5.859639890329354506e-01 6.625963296048739721e+02 1.629985448526666403e+02 6.594169975213945634e+01
6.578232300572349756e-01 6.001710330505601405e+02 1.415408604422235328e+02 5.432982916761850589e+01
7.384948735793578356e-01 5.450421479960232318e+02 1.242628058074561466e+02 4.528684067183537820e+01
8.290596217703356530e-01 4.949626094430524859e+02 1.101317589663421330e+02 3.821636544850029082e+01
9.307307078768926045e-01 4.483583699724650273e+02 9.837253357799060893e+01 3.266533320783279493e+01
1.044870149067508081e+00 4.040805471354206588e+02 8.836986026618551193e+01 2.827971026917970576e+01
1.173006992433692330e+00 3.614597960227144426e+02 7.963622226384663350e+01 2.477528740744222802e+01
1.316857798575541416e+00 3.202193346664216165e+02 7.179346976759872234e+01 2.192978125553916158e+01
1.478349637175967013e+00 2.804967907864344170e+02 6.456367754000753223e+01 1.956836398310702663e+01
1.659645902619409696e+00 2.426533275722692622e+02 5.775484827181098524e+01 1.755707018965231470e+01
1.863175295489004624e+00 2.072404551836176552e+02 5.125873148895652065e+01 1.579303800624905030e+01
2.091664358187257822e+00 1.747640450394316360e+02 4.503127812733848856e+01 1.420030682288348522e+01
2.348174000537423645e+00 1.456431720750777856e+02 3.909043624297206065e+01 1.272589163710248883e+01
2.636140504673786467e+00 1.200850176228193220e+02 3.348666054708031936e+01 1.133577479367235696e+01
2.959421558534973240e+00 9.810540367063913436e+01 2.829501041096660785e+01 1.001331992595238063e+01
3.322347934639153344e+00 7.953231273049438244e+01 2.358406567362321482e+01 8.754328267510187445e+00
3.729781506445900785e+00 6.406562118980937726e+01 1.940832493001492765e+01 7.564852384798305351e+00
4.187180379509764627e+00 5.133061561937509509e+01 1.578898642645672190e+01 6.455753815837834253e+00
4.700672009942531204e+00 4.092998154280518008e+01 1.271746394819901838e+01 5.439672260844568896e+00
5.277135289701610610e+00 3.249412329785481290e+01 1.015763822880522227e+01 4.526598872158473341e+00
5.924292698344328478e+00 2.569206371426397340e+01 8.056602997373149222e+00 3.722297772756457679e+00
6.650813755741415534e+00 2.023317389170774661e+01 6.351430198426522900e+00 3.027188739598028366e+00
7.466431161634059954e+00 1.586998426178944221e+01 4.979332635439878807e+00 2.437049127948337279e+00
8.382071177875818790e+00 1.239785617808342089e+01 3.883406818892645163e+00 1.944053983767227711e+00
9.410000000000001918e+00 9.647235974702255135e+00 3.013902883499362417e+00 1.538131951859759594e+00
