1.000000000230258569e-04 1.000619763925715961e+04 4.227664627065030800e+03 2.397883264346665328e+03
1.115486563971542785e-04 1.107422844932834960e+04 4.669559895948746998e+03 2.645600052106049588e+03
1.244310274114527074e-04 1.226707054857026196e+04 5.161249008263724136e+03 2.920483452042692079e+03
1.388011391866901154e-04 1.360074141726548078e+04 5.709137258301533620e+03 3.225916711702768225e+03
1.548308057910457113e-04 1.509232803958722434e+04 6.320356746184448639e+03 3.565713987037942388e+03
1.727116835090306587e-04 1.675801048257334332e+04 7.002500514297025802e+03 3.944096292876816733e+03
1.926575623508681512e-04 1.861448871364783190e+04 7.763998354454827677e+03 4.365829946321773605e+03
2.149069222004190347e-04 2.067664523513309177e+04 8.613532169125173823e+03 4.836050695044490567e+03
2.397257841638464457e-04 2.295147592790264389e+04 9.558398073612526787e+03 5.359723079810210947e+03
2.674108912107391479e-04 2.544027626045006400e+04 1.060535883886238480e+04 5.942014856837857224e+03
2.982932561365508645e-04 2.813659429545353123e+04 1.175952671452454160e+04 6.587763956925600723e+03
3.327421192670277522e-04 3.102080207069978860e+04 1.302095622502231527e+04 7.299761908809938177e+03
3.711693632243215748e-04 3.406021476939273271e+04 1.438551628509524744e+04 8.079352454035924893e+03
4.140344375392690035e-04 3.721232952098676469e+04 1.584472406692854202e+04 8.925964685103430384e+03
4.618498519902246974e-04 4.043747124606090802e+04 1.738558452751142613e+04 9.835518345359176237e+03
5.151873043487156757e-04 4.369090048263482458e+04 1.898946794729312023e+04 1.080045765187124925e+04
5.746845157973842983e-04 4.692828907946735853e+04 2.063419105369894896e+04 1.181040349716501623e+04
6.410528557468661917e-04 5.013573009868344525e+04 2.230416647246094362e+04 1.285538706133402593e+04
7.150858472165629249e-04 5.331373721926204598e+04 2.398516419462939666e+04 1.392389567519409684e+04
7.976686544726134401e-04 5.647158595904618414e+04 2.566451040851077414e+04 1.500371065636995263e+04
8.897886663605780169e-04 5.963287130095699104e+04 2.734186829100261457e+04 1.608951094008002838e+04
9.925473018708411317e-04 6.283270625419538555e+04 2.902403511254154364e+04 1.717937993576148801e+04
1.107173179088194286e-03 6.611128671466599917e+04 3.072104768671730926e+04 1.827303556939628834e+04
1.235036804978161722e-03 6.948849649509634764e+04 3.244087912126754600e+04 1.937277750427589126e+04
1.377666961646263968e-03 7.297779357378985151e+04 3.419229362827185105e+04 2.048319922890856833e+04
1.536768984990051967e-03 7.659189648816233966e+04 3.598484153360925848e+04 2.160987797907439381e+04
1.714245154289869167e-03 8.032280371510807890e+04 3.781715620233833761e+04 2.275265088469159309e+04
1.912217436523370962e-03 8.415097995732493291e+04 3.968229788707556145e+04 2.390863724247233768e+04
2.133052857342773462e-03 8.805144997536861047e+04 4.157143707982385968e+04 2.507418228041052134e+04
2.379391802059096454e-03 9.198287133210169850e+04 4.346773829452721839e+04 2.624003737914139856e+04
2.654179585009814029e-03 9.589163241594725696e+04 4.534873374464703375e+04 2.739324541349787614e+04
2.960701664764286197e-03 9.973471500392768939e+04 4.718892186080405372e+04 2.851904236659762682e+04
3.302622926212283368e-03 1.034287179141599045e+05 4.896230999308418541e+04 2.960020615295604512e+04
3.684031499205906151e-03 1.069014491269683786e+05 5.062643418070467305e+04 3.061822726656929444e+04
4.109487637665882979e-03 1.100798808560231701e+05 5.214817849868937628e+04 3.154795099419835969e+04
4.584078243567925488e-03 1.128834707535136840e+05 5.349066983240265836e+04 3.236804934825623059e+04
5.113477687716873853e-03 1.152288200133602077e+05 5.461506982019444695e+04 3.305552733052803524e+04
5.704015654503047893e-03 1.170304936476998555e+05 5.548132389592250547e+04 3.358643177404442395e+04
6.362752821816417166e-03 1.182010926720241114e+05 5.604832090806330234e+04 3.393607671201418270e+04
7.097565280973966440e-03 1.186487770878086594e+05 5.627271873514102481e+04 3.407833904484242521e+04
7.917238706014356406e-03 1.182676394085614302e+05 5.610443560773310310e+04 3.398295990312394861e+04
8.831573398280912271e-03 1.170332199260000925e+05 5.553190005675007706e+04 3.364296497290863044e+04
9.851501462242475554e-03 1.146661030735204404e+05 5.442225670490318589e+04 3.297767624225175678e+04
1.098921751354712747e-02 1.111220128129594232e+05 5.275433030464624608e+04 3.197420661380521778e+04
1.225832448210000328e-02 1.064356491580733127e+05 5.054415003208399139e+04 3.064209313226326049e+04
1.367399625343743499e-02 1.005856818543151312e+05 4.778089523672383075e+04 2.897443417690068964e+04
1.525315909299450497e-02 9.360454236396393389e+04 4.447938016667195916e+04 2.697995129754930895e+04
1.701469402243795462e-02 8.567386255878496740e+04 4.072517080074328987e+04 2.471025267795789841e+04
1.897966256774625410e-02 7.707607621518598171e+04 3.665163314189624361e+04 2.224593320939271507e+04
2.117155857815964867e-02 6.820322855790004542e+04 3.244438075802110689e+04 1.969913777662572465e+04
2.361658912683562567e-02 5.954795212252690544e+04 2.833769215124074981e+04 1.721210493304166448e+04
2.634398785175567220e-02 5.162035126883089106e+04 2.457391715013188877e+04 1.493186194690888078e+04
2.938636448329653983e-02 4.485648230621500988e+04 2.136098503516043274e+04 1.298483766050615122e+04
3.278009473753994152e-02 3.949902199112850940e+04 1.881505108314453901e+04 1.144190295421355586e+04
3.656575523702054742e-02 3.548782836748902628e+04 1.690820221576351105e+04 1.028656228594225468e+04
4.078860865897657173e-02 3.241197467422855334e+04 1.544495481046929672e+04 9.400202966553539227e+03
4.549914491170512637e-02 2.944942670929017549e+04 1.403307274145777956e+04 8.544258065140438703e+03
5.075368480951484434e-02 2.581994503086248005e+04 1.229923442288988372e+04 7.491209205288460907e+03
5.661505346402430361e-02 2.135431058756001221e+04 1.016146710457492009e+04 6.190743304568144595e+03
6.315333144310807112e-02 1.687857754953129552e+04 8.014135582758991404e+03 4.882995841225864751e+03
7.044669267860774464e-02 1.360549900249776874e+04 6.438149601947983683e+03 3.922423453002587394e+03
7.858233914112514040e-02 1.189695827064381956e+04 5.608076309865594339e+03 3.416051992331025303e+03
8.765754345719625751e-02 1.072676281172447852e+04 5.033259771570842531e+03 3.064813037131839792e+03
9.778081193473929511e-02 8.843423113614688191e+03 4.113636480930096695e+03 2.502261088032095813e+03
1.090731819023149224e-01 6.819898978430943316e+03 3.124368473675155201e+03 1.896341844973716434e+03
1.216696688736408766e-01 5.819153323733051366e+03 2.624888735432325575e+03 1.589070192030998896e+03
1.357208808401622890e-01 5.103396814421521412e+03 2.262013873392086680e+03 1.364772568894305550e+03
1.513948189927238619e-01 4.047112404059419077e+03 1.736545405174428652e+03 1.040596024420303820e+03
1.688788864024014236e-01 3.479330597559078342e+03 1.447357514644780849e+03 8.605544808426833470e+02
1.883821286769788717e-01 2.948117735706837266e+03 1.178435292352994338e+03 6.927233725303487972e+02
2.101377333831422056e-01 2.500689098387740160e+03 9.528774680743755425e+02 5.513988430577234112e+02
2.344058181183555356e-01 2.159770230780876318e+03 7.817109864674379196e+02 4.435014020454295292e+02
2.614765405675759102e-01 1.882080702098054417e+03 6.440421270388576431e+02 3.564145734588578875e+02
2.916735677297306317e-01 1.648108729035122451e+03 5.303404117447348654e+02 2.844487880076812871e+02
3.253579457932418983e-01 1.465560530009802278e+03 4.437881629903723137e+02 2.296022470420042509e+02
3.629324169301749725e-01 1.314436265381449857e+03 3.746005270049040519e+02 1.859369926516382634e+02
4.048462346221089470e-01 1.188778655332113431e+03 3.196181693021327419e+02 1.515070778016753650e+02
4.516005350914485406e-01 1.083343771019788619e+03 2.760987964214887711e+02 1.245977882169453750e+02
5.037543290608768043e-01 9.930379994347347292e+02 2.414720543736007698e+02 1.035909036985865441e+02
5.619311854805180140e-01 9.136221781566174514e+02 2.136371585366860586e+02 8.716080086609048294e+01
6.268266871357865977e-01 8.421175833332316643e+02 1.910949571812330419e+02 7.432999503971711874e+01
6.992167472777639503e-01 7.758470148107688829e+02 1.725113185521198034e+02 6.425425043203011910e+01
7.799668867126374749e-01 7.128129947401113213e+02 1.568562522746097443e+02 5.628111142506030973e+01
8.700425822703268253e-01 6.516720777664897923e+02 1.433244531851817953e+02 4.989803059126248996e+01
9.705208103821856280e-01 5.916395877054679886e+02 1.312954256288090562e+02 4.471055760490926190e+01
1.082602923786821769e+00 5.324567217761510847e+02 1.202849228480455679e+02 4.040166434792602956e+01
1.207629015322442267e+00 4.743164551622234626e+02 1.099398048015392959e+02 3.672980347789988542e+01
1.347093940544190405e+00 4.178157713569005409e+02 1.000212300857049286e+02 3.350682484997416566e+01
1.502665190738521561e+00 3.637507427258346979e+02 9.039022115391999534e+01 3.059243303473342124e+01
1.676202830030598223e+00 3.130334088445232510e+02 8.099938165511410659e+01 2.788432214293068867e+01
1.869781734959676811e+00 2.664370761210199134e+02 7.187055405287615883e+01 2.531338043945474325e+01
2.085716402426663674e+00 2.245551358586298250e+02 6.308379269558020752e+01 2.283977560577515931e+01
2.326588622626292402e+00 1.876325561941451099e+02 5.474440121175309315e+01 2.044659028810775325e+01
2.595278347831105226e+00 1.556264898959810239e+02 4.696959691406603099e+01 1.813687064595936960e+01
2.894998126105261083e+00 1.282705171379311651e+02 3.985446491617419440e+01 1.592572021078689914e+01
3.229331511649635278e+00 1.051544319969998753e+02 3.346678392729510421e+01 1.383682367689840298e+01
3.602275911025628830e+00 8.579752819986637746e+01 2.783298574847475848e+01 1.189383681452854091e+01
4.018290377542188097e+00 6.969733010226211434e+01 2.294471324109886368e+01 1.011791372466552019e+01
4.482348925252354732e+00 5.638504840268812757e+01 1.876565694594799538e+01 8.521721828563808998e+00
5.000000000000000888e+00 4.543555026592405710e+01 1.524045515429267361e+01 7.109914907972817666e+00
