1.000000000230258569e-04 3.836848023142202351e+02 1.603873884829692145e+02 8.692904648595772699e+01
1.122634227564673579e-04 4.272017083102577431e+02 1.786454131338350066e+02 9.683187417933726238e+01
1.260307608609534901e-04 4.755992459931026133e+02 1.989749031800487273e+02 1.078608723388904593e+02
1.414864458359461712e-04 5.294085356052083853e+02 2.216085492002932256e+02 1.201434068128503156e+02
1.588375267953347550e-04 5.892156804814201223e+02 2.468046896256022364e+02 1.338210854470445383e+02
1.783164441611049004e-04 6.556692542361487313e+02 2.748495499785856282e+02 1.490510429020374943e+02
2.001841435067871621e-04 7.294861470273866644e+02 3.060602316863783017e+02 1.660076519163051501e+02
2.247335712646909519e-04 8.114600186563000079e+02 3.407882552807424190e+02 1.848844560014294984e+02
2.522935991264941354e-04 9.024895204216572893e+02 3.794235649571128306e+02 2.058957624675624629e+02
2.832334297096662638e-04 1.003584448078119863e+03 4.223984241239438688e+02 2.292789520492348174e+02
3.179675425093897337e-04 1.115880608359019561e+03 4.701922312836245510e+02 2.552968887643158951e+02
3.569612463934728852e-04 1.240697946032720665e+03 5.233390396742786379e+02 2.842398081611308385e+02
4.007369130231864672e-04 1.379547072976041591e+03 5.824322838040530996e+02 3.164283804768147093e+02
4.498809747048478080e-04 1.534139943319908525e+03 6.481302207596442031e+02 3.522163095992660260e+02
5.050517804175268938e-04 1.706402336312359921e+03 7.211620699753875670e+02 3.919916895602554519e+02
5.669884152586394726e-04 1.898517576632116516e+03 8.023361191461915496e+02 4.361811991399465569e+02
6.365206014554368984e-04 2.112876628500572224e+03 8.925375117361156754e+02 4.852506278672060489e+02
7.145798135793877959e-04 2.351927998613098680e+03 9.927147706201956225e+02 5.397016868258044724e+02
8.022117568662883325e-04 2.618312222911854406e+03 1.103899675088023059e+03 6.000787946071867509e+02
9.005903758055168549e-04 2.914777140501332724e+03 1.227188318306262772e+03 6.669629567934345005e+02
1.011033580661806338e-03 3.244020021794738113e+03 1.363708989549374337e+03 7.409611765027538013e+02
1.135020902606864940e-03 3.608781984574150556e+03 1.514647569155354404e+03 8.227153530806901927e+02
1.274213313974418031e-03 4.011833789899325438e+03 1.681217148686810333e+03 9.128858803638726158e+02
1.430475479156914512e-03 4.455931476637219930e+03 1.864626198806242655e+03 1.012135588096544552e+03
1.605900734223756829e-03 4.943743222160063851e+03 2.066083724417449957e+03 1.121134162706714505e+03
1.802839129895710598e-03 5.477844803624177075e+03 2.286738663490609270e+03 1.240517016255183307e+03
2.023928913547812410e-03 6.060662599379966196e+03 2.527635853215358111e+03 1.370859075625584410e+03
2.272131871983379750e-03 6.694321176705905600e+03 2.789699171857289457e+03 1.512672418356110938e+03
2.550773008441800313e-03 7.380364705830023013e+03 3.073602327011033594e+03 1.666328375238464332e+03
2.863585085365514225e-03 8.119616439044395520e+03 3.379708116569398044e+03 1.832024012989952780e+03
3.214758629634808552e-03 8.912072650550930121e+03 3.708027507540191436e+03 2.009765300837025507e+03
3.608998070155939632e-03 9.756351082889861573e+03 4.057968782184535485e+03 2.199241689557294194e+03
4.051584759838999447e-03 1.064957445004268629e+04 4.428287725452823906e+03 2.399797413103928648e+03
4.548447726227339283e-03 1.158720276076648770e+04 4.817136185114030923e+03 2.610400828094097506e+03
5.106243098575769836e-03 1.256234614848981801e+04 5.221707995939064858e+03 2.829527343646732334e+03
5.732443275407110572e-03 1.356578403703724143e+04 5.638129733073034913e+03 3.055112124463033069e+03
6.435437027063155117e-03 1.458559799018939702e+04 6.061446989283408584e+03 3.284464228169015769e+03
7.224641874254610074e-03 1.560683323412671234e+04 6.485446749812941562e+03 3.514218445018462717e+03
8.110630248067678127e-03 1.661118892273657912e+04 6.902528764911128746e+03 3.740258469809743474e+03
9.105271121505569346e-03 1.757673037139885491e+04 7.303578621644463055e+03 3.957651924187339773e+03
1.022188900990466699e-02 1.847736284348495610e+04 7.677763438562936244e+03 4.160530192823349353e+03
1.147544247024383408e-02 1.928517897173585152e+04 8.013484282669290224e+03 4.342611731487153520e+03
1.288272449057868002e-02 1.996147134328967149e+04 8.294650717658514623e+03 4.495175573687660290e+03
1.446258745407916733e-02 2.047011032500602960e+04 8.506238764507244923e+03 4.610078881525902034e+03
1.623619569135818438e-02 2.077600576560008267e+04 8.633649920861162173e+03 4.679405407748193284e+03
1.822730900435978393e-02 2.084239950051790947e+04 8.661564230241741825e+03 4.694843883908821226e+03
2.046260095998037737e-02 2.063692575565979132e+04 8.576491967875912451e+03 4.649070130574151335e+03
2.297201621738221775e-02 2.014073296311209197e+04 8.370539491515610280e+03 4.537792130424055358e+03
2.578917167586586637e-02 1.935300957523472971e+04 8.043290367300151956e+03 4.360767815266601247e+03
2.895180681720203528e-02 1.829938788017139450e+04 7.605319627825564567e+03 4.123691950508309674e+03
3.250228927534733192e-02 1.703779735056764912e+04 7.080627783602433738e+03 3.839561173030268037e+03
3.648818240631140908e-02 1.565739490429053149e+04 6.506195068249687210e+03 3.528398129969354613e+03
4.096288246151627566e-02 1.426827788641344341e+04 5.927714556796746365e+03 3.214959073067993359e+03
4.598633390041809155e-02 1.297829661845641385e+04 5.389965352549608724e+03 2.923524535635540815e+03
5.162583242493973962e-02 1.185873643039939634e+04 4.922522386428572645e+03 2.670137542958031645e+03
5.795692649341043640e-02 1.090648627218920592e+04 4.524010123869655217e+03 2.454051361348435421e+03
6.506442939097074885e-02 1.003218514323597992e+04 4.157136829072272121e+03 2.255028796679664538e+03
7.304355541444980393e-02 9.060206226328065895e+03 3.748666311228254017e+03 2.033307080528832330e+03
8.200119539239680844e-02 7.895910039742637309e+03 3.259036381778812938e+03 1.767383111200140092e+03
9.205734862752627812e-02 6.641341756811863888e+03 2.730615033748769747e+03 1.480228734653470156e+03
1.033467304443183715e-01 5.572046618312208921e+03 2.278133465036632970e+03 1.234124281938210061e+03
1.160205768769771578e-01 4.858302404309619305e+03 1.972587318522372470e+03 1.067627838208153889e+03
1.302486706739022226e-01 4.323322911897144877e+03 1.740467020884020258e+03 9.408246982138531394e+02
1.462216157596530064e-01 3.666581903145579872e+03 1.456778069789588017e+03 7.858165196906153369e+02
1.641533906237988560e-01 3.001158282831765518e+03 1.169028013216249519e+03 6.283996600776146124e+02
1.842842148426375448e-01 2.593638732171598804e+03 9.887532229285914127e+02 5.291670890970247001e+02
2.068837671345900298e-01 2.243517487038607214e+03 8.330114646317312008e+02 4.430853419057573888e+02
2.322547980593316352e-01 1.868585593863900613e+03 6.681960521097212222e+02 3.519383710180966318e+02
2.607371857574901086e-01 1.628508117253353703e+03 5.610785490903955406e+02 2.920365162686470626e+02
2.927124890628471365e-01 1.390229093011634404e+03 4.567578913607386539e+02 2.336530204727081923e+02
3.286090589819373742e-01 1.213051691576828034e+03 3.798743073961255163e+02 1.902488238166272083e+02
3.689077770159973624e-01 1.055272231078510913e+03 3.130696416485119471e+02 1.524991800117716423e+02
4.141484971975938345e-01 9.303758812576508035e+02 2.616267412151074154e+02 1.233361438528195322e+02
4.649372781414354283e-01 8.248998834082653957e+02 2.197798612700279648e+02 9.969112746742497677e+01
5.219545019921476570e-01 7.362172839382359371e+02 1.862024139319266283e+02 8.086295804554902134e+01
5.859639890329354506e-01 6.611485054188992763e+02 1.593870862409742699e+02 6.602484048915026449e+01
6.578232300572349756e-01 5.964297063028425328e+02 1.378651466028073287e+02 5.435608334912542006e+01
7.384948735793578356e-01 5.394761842976328126e+02 1.204841171813225600e+02 4.519836558621494049e+01
8.290596217703356530e-01 4.882299197289278823e+02 1.063185935390295924e+02 3.801711978224530952e+01
9.307307078768926045e-01 4.410202910983707625e+02 9.460616808553190538e+01 3.237191135457811697e+01
1.044870149067508081e+00 3.966531553674539055e+02 8.473210280733677280e+01 2.790877502999017423e+01
1.173006992433692330e+00 3.543632222495181168e+02 7.621387499005548705e+01 2.435188776163905899e+01
1.316857798575541416e+00 3.138236682900589472e+02 6.866644936029047130e+01 2.147774587504476784e+01
1.478349637175967013e+00 2.750186771739012102e+02 6.179742729165466386e+01 1.911309386285344303e+01
1.659645902619409696e+00 2.382357394487327440e+02 5.539522123190663194e+01 1.711990443368465975e+01
1.863175295489004624e+00 2.038593683109428127e+02 4.932290270634977247e+01 1.539316362322918330e+01
2.091664358187257822e+00 1.723229600920242035e+02 4.351401372310883175e+01 1.385256242217185552e+01
2.348174000537423645e+00 1.439553365829269183e+02 3.795727639783173402e+01 1.244021875987838577e+01
2.636140504673786467e+00 1.189609431588232127e+02 3.268748381391858260e+01 1.111687859363642694e+01
2.959421558534973240e+00 9.737248711592475559e+01 2.776507129627599468e+01 9.860003242899781029e+00
3.322347934639153344e+00 7.907443147374617354e+01 2.325952502581155201e+01 8.660819831881992670e+00
3.729781506445900785e+00 6.379814915878361603e+01 1.922928480273121110e+01 7.521403876096348640e+00
4.187180379509764627e+00 5.119538869050005303e+01 1.570899827663518167e+01 6.450414218714337622e+00
4.700672009942531204e+00 4.088868620047620794e+01 1.270143209563797448e+01 5.460272361263511343e+00
5.277135289701610610e+00 3.251599292562368504e+01 1.018188517058742804e+01 4.562332976577190280e+00
5.924292698344328478e+00 2.575026678297625438e+01 8.103450458372488896e+00 3.764838965313097585e+00
6.650813755741415534e+00 2.030830344523460340e+01 6.409879007522792271e+00 3.070819192563474243e+00
7.466431161634059954e+00 1.594954262619892305e+01 5.041825877969491110e+00 2.478372283460965608e+00
8.382071177875818790e+00 1.247350367705297813e+01 3.944856181185376620e+00 1.981394237052565677e+00
9.410000000000001918e+00 9.714881291077110959e+00 3.071352654736519305e+00 1.570966570091551162e+00
