1.000000000230258569e-04 2.877300765662429285e+02 1.268398492037503900e+02 7.092317988590659184e+01
1.115026695290953366e-04 3.201653719596636734e+02 1.411305750942717339e+02 7.891009356329270474e+01
1.243284530925187648e-04 3.562644292491211218e+02 1.570330620503581258e+02 8.779648033177542743e+01
1.386295441504667143e-04 3.964427317343496497e+02 1.747294799168915915e+02 9.768361145880261631e+01
1.545756424481938766e-04 4.411625850017953780e+02 1.944225538532675444e+02 1.086840962645579509e+02
1.723559677317991945e-04 4.909387698980347636e+02 2.163379531880719640e+02 1.209231842654158129e+02
1.921815050694108094e-04 5.463434668948043509e+02 2.407266419463119007e+02 1.345400986688215141e+02
2.142875084442451923e-04 6.080094403875104945e+02 2.678669589454365791e+02 1.496893345559375064e+02
2.389362923277018713e-04 6.766386717513529447e+02 2.980681322951383549e+02 1.665425036531317176e+02
2.664203443578849946e-04 7.530072425297684049e+02 3.316729390613041915e+02 1.852899772156191034e+02
2.970657960592480913e-04 8.379613711791236028e+02 3.690580798521823453e+02 2.061418795443827037e+02
3.312362927876497001e-04 9.324300101387923405e+02 4.106393403530126989e+02 2.293307095984705484e+02
3.693373088223966556e-04 1.037430801411385573e+03 4.568745152331335930e+02 2.551132232953144694e+02
4.118209588090659132e-04 1.154059611820565578e+03 5.082598506156456324e+02 2.837698928687080979e+02
4.591913626466918256e-04 1.283502908125155500e+03 5.653363772827474349e+02 3.156083803282292024e+02
5.120106274801957584e-04 1.427048435880879424e+03 6.286942297543422455e+02 3.509658539612582899e+02
5.709055177816341068e-04 1.586097886635079249e+03 6.989710143026028391e+02 3.902068507176782077e+02
6.365748926688486646e-04 1.762169606075134880e+03 7.768560223311370692e+02 4.337266933592567852e+02
7.097979987143026312e-04 1.956908203941435204e+03 8.630950946205960008e+02 4.819542920456760271e+02
7.914437166483044659e-04 2.172138053186321031e+03 9.585002429452134720e+02 5.353512516809639692e+02
8.824808716799498404e-04 2.409862491214531019e+03 1.063950778936019333e+03 5.944138174352516444e+02
9.839897297802024153e-04 2.672254653965576381e+03 1.180393013619273461e+03 6.596743400645108295e+02
1.097174816344422205e-03 2.961627652396116446e+03 1.308837601811278319e+03 7.316978913553421080e+02
1.223379209343287413e-03 3.280447707171751517e+03 1.450361611115511323e+03 8.110826717835856243e+02
1.364100476567608111e-03 3.631340528897313561e+03 1.606105709767794679e+03 8.984585338210952159e+02
1.521008446081769522e-03 4.016929186186502193e+03 1.777215727870939418e+03 9.944610457455437427e+02
1.695965020753673102e-03 4.439823135207382620e+03 1.964836507520818486e+03 1.099727109106461057e+03
1.891046271984591709e-03 4.902650854312886622e+03 2.170119949583333437e+03 1.214895716961142853e+03
2.108567074807741158e-03 5.407826966931087554e+03 2.394132591182674332e+03 1.340560666216518712e+03
2.351108576680822643e-03 5.957474661857460887e+03 2.637823121279572206e+03 1.477252711935023399e+03
2.621548825923003187e-03 6.553443395207184039e+03 2.902025331985793400e+03 1.625438854557832201e+03
2.923096923239734257e-03 7.197091191820935819e+03 3.187348916734402792e+03 1.785462719946967127e+03
3.259331101584665453e-03 7.889147345899700667e+03 3.494116450636729951e+03 1.957509922581902401e+03
3.634241186222156913e-03 8.629648971137126864e+03 3.822356024400924980e+03 2.141603032154443554e+03
4.052275938830490927e-03 9.417686366400108454e+03 4.171681209377168670e+03 2.337524983036656067e+03
4.518395847440812539e-03 1.025107035316149995e+04 4.541170536644948697e+03 2.544759758039770077e+03
5.038131988628217865e-03 1.112616789323441662e+04 4.929175137176144744e+03 2.762416790102213326e+03
5.617651660426248826e-03 1.203756825931706953e+04 5.333321186660104104e+03 2.989142193864173805e+03
6.263831564778516575e-03 1.297871845853856939e+04 5.750728368251775464e+03 3.223341714967596545e+03
6.984339407925946493e-03 1.393685325703682247e+04 6.175749206970723208e+03 3.461852000715432496e+03
7.787724887016851671e-03 1.489868117318086479e+04 6.602505071461364423e+03 3.701384043479462889e+03
8.683521142606049834e-03 1.584959725833856828e+04 7.024527559649966861e+03 3.938317023630560470e+03
9.682357880899711625e-03 1.676919632268337955e+04 7.432793210741566327e+03 4.167605854801149690e+03
1.079608750807801998e-02 1.763284234838433258e+04 7.816375618986678091e+03 4.383120560098492206e+03
1.203792577343234388e-02 1.841242920779887572e+04 8.162805034202453498e+03 4.577859296983295280e+03
1.342260859021738965e-02 1.907641648234585955e+04 8.458098289822602965e+03 4.743976095695421463e+03
1.496656689508787767e-02 1.958976725507083756e+04 8.686705431792499439e+03 4.872751789717341126e+03
1.668812162103823840e-02 1.991637927325724013e+04 8.832547572025388945e+03 4.955141133658282342e+03
1.860770109743517184e-02 2.002208521041510539e+04 8.880393432497427057e+03 4.982559984035621710e+03
2.074808345685756270e-02 1.987864681705281691e+04 8.817685305246519420e+03 4.947958313572654333e+03
2.313466692519383291e-02 1.946940472986349778e+04 8.636912737596301668e+03 4.847096710205105410e+03
2.579577120231610690e-02 1.879658488760845285e+04 8.338930251069152291e+03 4.680391521275821106e+03
2.876297350957714855e-02 1.788842541234089731e+04 7.936184808469990458e+03 4.454806781745563967e+03
3.207148329174031032e-02 1.680249646832884537e+04 7.454124672863900742e+03 4.184610184329206277e+03
3.576056001963404812e-02 1.562348373703328980e+04 6.930252251535134747e+03 3.890825576077657843e+03
3.987397905126498221e-02 1.445143365686464676e+04 6.408904564542061962e+03 3.598342226427073456e+03
4.446055107939526907e-02 1.337914459798742064e+04 5.931236319235025803e+03 3.330267801955111736e+03
4.957470132945773766e-02 1.246069974959896354e+04 5.521210423143201297e+03 3.100063185883932874e+03
5.527711538069327024e-02 1.168236891752868723e+04 5.172658931006611965e+03 2.904269214909309085e+03
6.163545927395905344e-02 1.092919958185158066e+04 4.834417441566951311e+03 2.714139777231977405e+03
6.872518245115814828e-02 1.004299519635584329e+04 4.436056913421928584e+03 2.490096140479376118e+03
7.663041305413779980e-02 8.922061850330323068e+03 3.932228297816977829e+03 2.206631595180554541e+03
8.544495620686157200e-02 7.659707722437727170e+03 3.364306300522674064e+03 1.886973828351267002e+03
9.527340712667957401e-02 6.535854157779996967e+03 2.856678964090415775e+03 1.601004544196809093e+03
1.062323922731101822e-01 5.771799211059327718e+03 2.507778563954271704e+03 1.404036421754606636e+03
1.184519532618636822e-01 5.257840416703603296e+03 2.268901516532775986e+03 1.268690159878746954e+03
1.320770899659224340e-01 4.638945160815836971e+03 1.982339230832418480e+03 1.106315559769170704e+03
1.472694811144383831e-01 3.869218869465843909e+03 1.627998648096946908e+03 9.056068107393692799e+02
1.642094028064348954e-01 3.317521698857754018e+03 1.370343091047529242e+03 7.590001283992495473e+02
1.830978677048002712e-01 2.983391697365493656e+03 1.209610003359216762e+03 6.666322018130634888e+02
2.041590102946942431e-01 2.544937205355804963e+03 1.003473430325354570e+03 5.485580968255850394e+02
2.276427465103479653e-01 2.194524681618272098e+03 8.378851823554392695e+02 4.531246697069755669e+02
2.538277392899435103e-01 1.948516040497649101e+03 7.205511675357366812e+02 3.847360401547070410e+02
2.830247052484705095e-01 1.682905885528698946e+03 5.969050406625974574e+02 3.128656494740393441e+02
3.155801017062329072e-01 1.497924676682608833e+03 5.112176828500292913e+02 2.624623186347870387e+02
3.518802378240603601e-01 1.320227207647471459e+03 4.310132992164777761e+02 2.154265091987534788e+02
3.923558586288135031e-01 1.178395171845211280e+03 3.686032148879305623e+02 1.787468173086007539e+02
4.374872563241952172e-01 1.057719115328133512e+03 3.172097251118734107e+02 1.486786628106805210e+02
4.878099695387512202e-01 9.534051244662962290e+02 2.744650850377378219e+02 1.239121856091024938e+02
5.439211381395319123e-01 8.642097521237868705e+02 2.395886091478289188e+02 1.039862699756271951e+02
6.064865890189676811e-01 7.868043702503608756e+02 2.109639056693113730e+02 8.795415172721818919e+01
6.762487369363893164e-01 7.185541981090581203e+02 1.873319537521745417e+02 7.506225398583717379e+01
7.540353941672404137e-01 6.572938984546848360e+02 1.676749625784651130e+02 6.469799268972619188e+01
8.407695934971151086e-01 6.012039109611934009e+02 1.511202394131773872e+02 5.633386544574221944e+01
9.374805411223435803e-01 5.488883770015934260e+02 1.369582056465526989e+02 4.954940909853277020e+01
1.045315829426528564e+00 4.993312164231771817e+02 1.246231001353261689e+02 4.401136709332025987e+01
1.165555054552403824e+00 4.518662332616645472e+02 1.136279721827934139e+02 3.943398058354340918e+01
1.299625000357985227e+00 4.061224586776125420e+02 1.035898961397358988e+02 3.559169451313087507e+01
1.449116568932995452e+00 3.620504276453845023e+02 9.421255868963912405e+01 3.229882243463450209e+01
1.615803658576671964e+00 3.197744142487179033e+02 8.528382046179783060e+01 2.940987703417766497e+01
1.801664213246928048e+00 2.795722851984259592e+02 7.667463859349959421e+01 2.680837790141808341e+01
2.008903693258128342e+00 2.417730719043622400e+02 6.832392431262528021e+01 2.440539281792037585e+01
2.239981245735629400e+00 2.067770242488143424e+02 6.024683535687506009e+01 2.213691877355696391e+01
2.497638885371206374e+00 1.749186086448728474e+02 5.250007026518303377e+01 1.996006004926645971e+01
2.784934031744384253e+00 1.465046987709010011e+02 4.518450272639577747e+01 1.785390424834580614e+01
3.105275789304232426e+00 1.216688404841128204e+02 3.840171957924819424e+01 1.581327506952005990e+01
3.462465400517639402e+00 1.003434469178589268e+02 3.224947056920557742e+01 1.384924798335143059e+01
3.860741352209485999e+00 8.230986055469921325e+01 2.679113107228418045e+01 1.198079308646265773e+01
4.304829670336041580e+00 6.722145641167539054e+01 2.204736338129996298e+01 1.023357515370347492e+01
4.799999999999999822e+00 5.469315598423401781e+01 1.800053655619651494e+01 8.631466718460451659e+00
