1.000000000230258569e-04 4.061127849780246379e+03 1.774956016504443369e+03 9.903010923136951078e+02
1.115486563971542785e-04 4.470251817667579417e+03 1.954402579953449049e+03 1.090003428447213764e+03
1.244310274114527074e-04 4.921261619217685620e+03 2.152447033412594010e+03 1.199927278693240851e+03
1.388011391866901154e-04 5.418553414565270032e+03 2.371117516165134020e+03 1.321167328209600328e+03
1.548308057910457113e-04 5.966918929604149525e+03 2.612650102050193254e+03 1.454935960396456267e+03
1.727116835090306587e-04 6.571444368468885841e+03 2.879463619963556539e+03 1.602565183084866703e+03
1.926575623508681512e-04 7.237650704645454425e+03 3.174221268351780509e+03 1.765530609716462322e+03
2.149069222004190347e-04 7.971308911656662531e+03 3.499761309555455227e+03 1.945434534628091342e+03
2.397257841638464457e-04 8.777924504622680615e+03 3.858888629344984111e+03 2.143943187599760677e+03
2.674108912107391479e-04 9.663036356446986247e+03 4.254516253699320259e+03 2.362845419610661793e+03
2.982932561365508645e-04 1.063196187425661446e+04 4.689526955208328218e+03 2.603990822897208091e+03
3.327421192670277522e-04 1.168897590754990597e+04 5.166313554427064446e+03 2.869073835599614085e+03
3.711693632243215748e-04 1.283753726480572186e+04 5.686942645549690496e+03 3.159733645804119078e+03
4.140344375392690035e-04 1.408047829435870335e+04 6.253146943158581962e+03 3.477503296836080608e+03
4.618498519902246974e-04 1.542071461081193593e+04 6.866287176349187575e+03 3.823595620752329069e+03
5.151873043487156757e-04 1.686052774469443102e+04 7.527176727566408772e+03 4.198920621716338246e+03
5.746845157973842983e-04 1.840207333030701557e+04 8.236307779580210990e+03 4.604156018685873278e+03
6.410528557468661917e-04 2.005059774133761675e+04 8.995172503237976343e+03 5.040121132826585381e+03
7.150858472165629249e-04 2.181278310320574019e+04 9.805510627228535668e+03 5.507497593178585703e+03
7.976686544726134401e-04 2.369615962650621805e+04 1.066922229628809146e+04 6.006867489079299958e+03
8.897886663605780169e-04 2.570964737888366653e+04 1.158953983840470937e+04 6.539545324484031880e+03
9.925473018708411317e-04 2.786352859048667597e+04 1.257056201206553851e+04 7.107194534710378321e+03
1.107173179088194286e-03 3.016869682555113104e+04 1.361674676199434725e+04 7.711568608075399425e+03
1.235036804978161722e-03 3.263245785536125186e+04 1.473149726030979946e+04 8.354282760003319709e+03
1.377666961646263968e-03 3.526024986434850143e+04 1.591778538215251319e+04 9.036921858161515047e+03
1.536768984990051967e-03 3.805620749038340000e+04 1.717821908678147884e+04 9.760907140550179975e+03
1.714245154289869167e-03 4.101895390476741886e+04 1.851259637493449554e+04 1.052614834419435465e+04
1.912217436523370962e-03 4.414261688595420856e+04 1.991860614818424074e+04 1.133144108236254397e+04
2.133052857342773462e-03 4.741746072893540986e+04 2.139231952411949169e+04 1.217473303701262193e+04
2.379391802059096454e-03 5.082693628870661632e+04 2.292665390210096666e+04 1.305214067962193076e+04
2.654179585009814029e-03 5.434791551406690996e+04 2.451155743899560184e+04 1.395810061188210420e+04
2.960701664764286197e-03 5.795495980750401213e+04 2.613518601206586027e+04 1.488557205868599158e+04
3.302622926212283368e-03 6.160984674719798932e+04 2.778144249866643440e+04 1.582605899301071076e+04
3.684031499205906151e-03 6.526952686094980163e+04 2.943035297152059866e+04 1.676840512743803993e+04
4.109487637665882979e-03 6.888594557258745772e+04 3.106027793093610671e+04 1.769978548503059938e+04
4.584078243567925488e-03 7.240170218077383470e+04 3.264557615420922593e+04 1.860577022513622796e+04
5.113477687716873853e-03 7.575121332478758995e+04 3.415678001251939713e+04 1.946967346240576444e+04
5.704015654503047893e-03 7.885925703866624099e+04 3.556010289519821526e+04 2.027232272315433875e+04
6.362752821816417166e-03 8.166424454713774321e+04 3.682781847134455893e+04 2.099796086743251726e+04
7.097565280973966440e-03 8.400881730229788809e+04 3.788900918512095814e+04 2.160617583641195233e+04
7.917238706014356406e-03 8.581484387191232236e+04 3.870834955137478391e+04 2.207679848026634136e+04
8.831573398280912271e-03 8.694624082971803728e+04 3.922442993160650803e+04 2.237480749950951576e+04
9.851501462242475554e-03 8.732639893664086412e+04 3.940258419306326687e+04 2.248041368521924960e+04
1.098921751354712747e-02 8.682958190962663502e+04 3.918573720429387322e+04 2.236093677622434188e+04
1.225832448210000328e-02 8.534859134060901124e+04 3.852526853073650273e+04 2.198851839064633896e+04
1.367399625343743499e-02 8.282031563215273491e+04 3.739235402347554918e+04 2.134660555537393157e+04
1.525315909299450497e-02 7.922199219654666376e+04 3.577634199577981781e+04 2.042896366279505310e+04
1.701469402243795462e-02 7.460500898649031296e+04 3.369955142821824847e+04 1.924790491639863103e+04
1.897966256774625410e-02 6.911600168976375426e+04 3.122793989541972041e+04 1.784091547419144990e+04
2.117155857815964867e-02 6.300753434838678368e+04 2.847504675605300508e+04 1.627264662719155422e+04
2.361658912683562567e-02 5.663304251502105035e+04 2.559999777823417389e+04 1.463376789386714881e+04
2.634398785175567220e-02 5.041200792726156942e+04 2.279202779186321641e+04 1.303227761981722688e+04
2.938636448329653983e-02 4.476092233156412112e+04 2.023945130364931174e+04 1.157594340937448032e+04
3.278009473753994152e-02 3.999184668193716061e+04 1.808347618071678880e+04 1.034559366722882442e+04
3.656575523702054742e-02 3.619918712224310730e+04 1.636705353238249882e+04 9.365979981087346459e+03
4.078860865897657173e-02 3.319081833317509154e+04 1.500336559171503723e+04 8.587589878157323255e+03
4.549914491170512637e-02 3.038029873840736400e+04 1.372666314893455274e+04 7.858363549706974482e+03
5.075368480951484434e-02 2.712876803351300623e+04 1.224697565492787908e+04 7.012191020975637912e+03
5.661505346402430361e-02 2.313575602681925375e+04 1.042743689610311048e+04 5.970514409248975426e+03
6.315333144310807112e-02 1.889981645355921864e+04 8.493762624568991669e+03 4.862540700914819354e+03
7.044669267860774464e-02 1.545903378196626545e+04 6.917231959807265412e+03 3.958438939047528038e+03
7.858233914112514040e-02 1.338778802775086297e+04 5.959284804557541065e+03 3.408301970383862226e+03
8.765754345719625751e-02 1.205806337155712572e+04 5.335260927326916317e+03 3.049072547814736026e+03
9.778081193473929511e-02 1.027603872398894782e+04 4.503302361223182743e+03 2.569980063946433802e+03
1.090731819023149224e-01 8.161311002094560536e+03 3.518230047205307983e+03 2.002408957151690856e+03
1.216696688736408766e-01 6.868300704928396954e+03 2.905920376022534583e+03 1.648152692153423232e+03
1.357208808401622890e-01 6.089758796729145615e+03 2.527919407879655409e+03 1.427866539793326865e+03
1.513948189927238619e-01 4.984187814780630106e+03 2.002982072408683280e+03 1.122830402221914255e+03
1.688788864024014236e-01 4.238300184219435323e+03 1.644373967731257608e+03 9.129603298378145837e+02
1.883821286769788717e-01 3.676699821778371643e+03 1.373113187660998392e+03 7.530707009622051373e+02
2.101377333831422056e-01 3.117810510728361351e+03 1.107540020265924340e+03 5.965255168057007040e+02
2.344058181183555356e-01 2.730562680470065061e+03 9.239946193929747551e+02 4.872874390394587181e+02
2.614765405675759102e-01 2.380867598392188484e+03 7.616673489179546550e+02 3.906857496678591701e+02
2.916735677297306317e-01 2.099958398113765725e+03 6.342777661506451068e+02 3.147376712320521506e+02
3.253579457932418983e-01 1.873012365246152967e+03 5.344841252811172581e+02 2.552958609400239141e+02
3.629324169301749725e-01 1.681387520262191856e+03 4.535049109133455545e+02 2.073661085286202024e+02
4.048462346221089470e-01 1.520332605220201231e+03 3.888757352569966201e+02 1.695215479043130244e+02
4.516005350914485406e-01 1.383069989818310660e+03 3.372429628136220003e+02 1.397828995167666619e+02
5.037543290608768043e-01 1.263692218485326066e+03 2.957594129675661634e+02 1.164488184048280601e+02
5.619311854805180140e-01 1.157111262167382165e+03 2.620529419130184010e+02 9.810843776455752163e+01
6.268266871357865977e-01 1.059704971816220905e+03 2.343756738596914317e+02 8.368952587776776397e+01
6.992167472777639503e-01 9.684472971728828270e+02 2.112341501893606903e+02 7.229756016419747766e+01
7.799668867126374749e-01 8.811686846881108295e+02 1.914625315914801718e+02 6.323349984875971330e+01
8.700425822703268253e-01 7.965337981372658760e+02 1.741282304677776835e+02 5.593408713692328149e+01
9.705208103821856280e-01 7.139434216143702088e+02 1.585178850460666240e+02 4.996534365971289304e+01
1.082602923786821769e+00 6.335116841723237258e+02 1.440872757014114995e+02 4.497765030638632311e+01
1.207629015322442267e+00 5.558429742493729009e+02 1.304539616971360090e+02 4.070438149239755177e+01
1.347093940544190405e+00 4.819729478122553132e+02 1.173812671456387591e+02 3.693767249269211561e+01
1.502665190738521561e+00 4.129763511714252786e+02 1.047538176350473407e+02 3.352335839786874772e+01
1.676202830030598223e+00 3.498935159180398387e+02 9.256826220977916364e+01 3.035059531187832249e+01
1.869781734959676811e+00 2.933973422136798490e+02 8.089383197260448810e+01 2.734613632309271836e+01
2.085716402426663674e+00 2.438128470432426127e+02 6.985861904206123540e+01 2.447052043497545526e+01
2.326588622626292402e+00 2.010520070147639160e+02 5.959964706372913668e+01 2.170943588315336115e+01
2.595278347831105226e+00 1.647201219035649160e+02 5.024979435282285323e+01 1.907070435341160675e+01
2.894998126105261083e+00 1.342207520686771716e+02 4.189456916631082350e+01 1.657336831870929217e+01
3.229331511649635278e+00 1.088493691101047460e+02 3.457305472443700722e+01 1.424418781438351544e+01
3.602275911025628830e+00 8.789840067921737443e+01 2.827121214896303059e+01 1.210710393999138113e+01
4.018290377542188097e+00 7.069424248044803960e+01 2.293499717846311370e+01 1.018128872520988892e+01
4.482348925252354732e+00 5.664062200922675316e+01 1.847868396416444980e+01 8.475319206020785145e+00
5.000000000000000888e+00 4.521824541905832007e+01 1.479920362454144467e+01 6.988393908990194525e+00
