1.000000000230258569e-04 8.222596208300905118e+02 3.723237540264542531e+02 2.105671002623217021e+02
1.115026695290953366e-04 9.106382495619135398e+02 4.122882608591809230e+02 2.331486176709809968e+02
1.243284530925187648e-04 1.008562447597522009e+03 4.565527964536629497e+02 2.581530081040583582e+02
1.386295441504667143e-04 1.117073870056198984e+03 5.055826077460711190e+02 2.858404285167492844e+02
1.545756424481938766e-04 1.237329296507796698e+03 5.598936577577159142e+02 3.164989795598507953e+02
1.723559677317991945e-04 1.370606476748043406e+03 6.200568594264070725e+02 3.504472474263585013e+02
1.921815050694108094e-04 1.518314728700360320e+03 6.867035565934382930e+02 3.880373821891102466e+02
2.142875084442451923e-04 1.682013664140460605e+03 7.605328897862621034e+02 4.296589480829793501e+02
2.389362923277018713e-04 1.863401700362092924e+03 8.423124689606265747e+02 4.757408627689356422e+02
2.664203443578849946e-04 2.064313206933004949e+03 9.328815319555918677e+02 5.267542693326596464e+02
2.970657960592480913e-04 2.286752032021685409e+03 1.033163191429061271e+03 5.832183511102497278e+02
3.312362927876497001e-04 2.532853993258248920e+03 1.144155309395495351e+03 6.456990744580132287e+02
3.693373088223966556e-04 2.804850267156004520e+03 1.266922299900743155e+03 7.148084863770579886e+02
4.118209588090659132e-04 3.105114259762719939e+03 1.402615099311877657e+03 7.912140451288281611e+02
4.591913626466918256e-04 3.436154505645866266e+03 1.552459231330731654e+03 8.756329785898492446e+02
5.120106274801957584e-04 3.800598484018965792e+03 1.717737141334136822e+03 9.688239815059723696e+02
5.709055177816341068e-04 4.201191180476396767e+03 1.899804688580605443e+03 1.071599113253227415e+03
6.365748926688486646e-04 4.640884894058747705e+03 2.100102707776539773e+03 1.184820538846887757e+03
7.097979987143026312e-04 5.122978398955752709e+03 2.320171440833983070e+03 1.309392538991847914e+03
7.914437166483044659e-04 5.650998981453280066e+03 2.561632315087178540e+03 1.446265686119993688e+03
8.824808716799498404e-04 6.228738629704004779e+03 2.826200541266135588e+03 1.596435742302225663e+03
9.839897297802024153e-04 6.860353569791827795e+03 3.115716120234061691e+03 1.760941411622431815e+03
1.097174816344422205e-03 7.550311092309425476e+03 3.432114109054284199e+03 1.940856992958076034e+03
1.223379209343287413e-03 8.303194540690925351e+03 3.777362505680022878e+03 2.137265396752656216e+03
1.364100476567608111e-03 9.123252143418503692e+03 4.153331900108329137e+03 2.351203158356481254e+03
1.521008446081769522e-03 1.001464689813518453e+04 4.561848267400002442e+03 2.583671909798616070e+03
1.695965020753673102e-03 1.098116641014253219e+04 5.004564475879271413e+03 2.835569829166702220e+03
1.891046271984591709e-03 1.202526608959046098e+04 5.482582673385543785e+03 3.107506883656802984e+03
2.108567074807741158e-03 1.314840294979560531e+04 5.996572883609502242e+03 3.399852844988696688e+03
2.351108576680822643e-03 1.435080492388957282e+04 6.546655794533898188e+03 3.712667487672310472e+03
2.621548825923003187e-03 1.563056475342546037e+04 7.131977676679867727e+03 4.045468756369761650e+03
2.923096923239734257e-03 1.698372499958494882e+04 7.750761220153506656e+03 4.397258071169323557e+03
3.259331101584665453e-03 1.840410566940817444e+04 8.400230020957247689e+03 4.766473316132990476e+03
3.634241186222156913e-03 1.988284272211269854e+04 9.076383260705195426e+03 5.150846611327104256e+03
4.052275938830490927e-03 2.140825328379092389e+04 9.773945258054971418e+03 5.547383676969790940e+03
4.518395847440812539e-03 2.296562562934984089e+04 1.048620966028111980e+04 5.952406681545210631e+03
5.038131988628217865e-03 2.453712004811898441e+04 1.120507251709253069e+04 6.361256192924925017e+03
5.617651660426248826e-03 2.610177224850789207e+04 1.192100033741889456e+04 6.768517933514002834e+03
6.263831564778516575e-03 2.763485135235933558e+04 1.262276212152131484e+04 7.167850855680517270e+03
6.984339407925946493e-03 2.910767872675692342e+04 1.329730238715015366e+04 7.551867488849803522e+03
7.787724887016851671e-03 3.048627673786306332e+04 1.392915270493235585e+04 7.911801945718008028e+03
8.683521142606049834e-03 3.174043497480920996e+04 1.450456229869395793e+04 8.239874251996418025e+03
9.682357880899711625e-03 3.280648021559676272e+04 1.499439465165098409e+04 8.519506141150279291e+03
1.079608750807801998e-02 3.363875895061140909e+04 1.537778423115797523e+04 8.738832815216657764e+03
1.203792577343234388e-02 3.419796623333929165e+04 1.563675870689260955e+04 8.887651906261138720e+03
1.342260859021738965e-02 3.443089781720174506e+04 1.574687783738671533e+04 8.952032362740843382e+03
1.496656689508787767e-02 3.427959679338582646e+04 1.568152036670410780e+04 8.916785957597800007e+03
1.668812162103823840e-02 3.369876368612030637e+04 1.541984940127996924e+04 8.770025019235617947e+03
1.860770109743517184e-02 3.265358138876506564e+04 1.494579617037320895e+04 8.502566315998617938e+03
2.074808345685756270e-02 3.112743955125758293e+04 1.425144416403106516e+04 8.109752427234398965e+03
2.313466692519383291e-02 2.913723810597496777e+04 1.334431089811754100e+04 7.595693503506564412e+03
2.579577120231610690e-02 2.674098037114883846e+04 1.225080128351242274e+04 6.975344221124546493e+03
2.876297350957714855e-02 2.404680274316956638e+04 1.102006955171524896e+04 6.276532681602021512e+03
3.207148329174031032e-02 2.121270731810597499e+04 9.724261981122475845e+03 5.540220083995851382e+03
3.576056001963404812e-02 1.843485125373842311e+04 8.453197544148721136e+03 4.817552505032708723e+03
3.987397905126498221e-02 1.591785863827425419e+04 7.300682161387538144e+03 4.162005181543633626e+03
4.446055107939526907e-02 1.383224114638988067e+04 6.345050090532507056e+03 3.618286459258655668e+03
4.957470132945773766e-02 1.226659649134943538e+04 5.627172916526124936e+03 3.209820330418798221e+03
5.527711538069327024e-02 1.118525624857376170e+04 5.130899675787099113e+03 2.927510851437813017e+03
6.163545927395905344e-02 1.040602516446584559e+04 4.772677948812282921e+03 2.723776704311992944e+03
6.872518245115814828e-02 9.589332985714287133e+03 4.396411791510030525e+03 2.509547648622236011e+03
7.663041305413779980e-02 8.416930578731815331e+03 3.855552335836024213e+03 2.201103317137049999e+03
8.544495620686157200e-02 6.865348253555142946e+03 3.139039988829497361e+03 1.792047917553354637e+03
9.527340712667957401e-02 5.330756757685513548e+03 2.429099916970231789e+03 1.386449260338606109e+03
1.062323922731101822e-01 4.307911789196649806e+03 1.953693390477247931e+03 1.114627228805208233e+03
1.184519532618636822e-01 3.879981511068056989e+03 1.751400190832041972e+03 9.987338673181361628e+02
1.320770899659224340e-01 3.568078479870235697e+03 1.601808668650120808e+03 9.128233380973543944e+02
1.472694811144383831e-01 2.893746155144307068e+03 1.284484602515947472e+03 7.308337863346464474e+02
1.642094028064348954e-01 2.205584936545409164e+03 9.602914588175557355e+02 5.447386146837282013e+02
1.830978677048002712e-01 1.944673056248863077e+03 8.329429586002916039e+02 4.710864361299612142e+02
2.041590102946942431e-01 1.716488959369180748e+03 7.208524774071973980e+02 4.060321305566543515e+02
2.276427465103479653e-01 1.344744238667341506e+03 5.431568966392287621e+02 3.033381678737231368e+02
2.538277392899435103e-01 1.188939385611111902e+03 4.657800230083250312e+02 2.579531825929688580e+02
2.830247052484705095e-01 1.001609223575935857e+03 3.749876018505564730e+02 2.048622744726042697e+02
3.155801017062329072e-01 8.632922449843417780e+02 3.078932526045237523e+02 1.653373163115021498e+02
3.518802378240603601e-01 7.464194452121585073e+02 2.519341467902518161e+02 1.322596435787462212e+02
3.923558586288135031e-01 6.579093269990794397e+02 2.100986323317094104e+02 1.073731983918159898e+02
4.374872563241952172e-01 5.779537946248864273e+02 1.733359244121126608e+02 8.556447905124574049e+01
4.878099695387512202e-01 5.162050234681943266e+02 1.457887786275983331e+02 6.920171312576761125e+01
5.439211381395319123e-01 4.647295577277424741e+02 1.237486878747157562e+02 5.617938168044910441e+01
6.064865890189676811e-01 4.211028042098399169e+02 1.060313760590317145e+02 4.582017732387647158e+01
6.762487369363893164e-01 3.836502487639651804e+02 9.180621470290871855e+01 3.763889160555004310e+01
7.540353941672404137e-01 3.512674905226301121e+02 8.048737794859877681e+01 3.127945851012651701e+01
8.407695934971151086e-01 3.222999044339161969e+02 7.130441422184249234e+01 2.628682934540191951e+01
9.374805411223435803e-01 2.956425273908360509e+02 6.372990168281748424e+01 2.234783409663570097e+01
1.045315829426528564e+00 2.705816416364272641e+02 5.739764557410635604e+01 1.924017245173413571e+01
1.165555054552403824e+00 2.465625893618993700e+02 5.199341513371513912e+01 1.677289765395027032e+01
1.299625000357985227e+00 2.231942882442957341e+02 4.725589879405650606e+01 1.479065375211928135e+01
1.449116568932995452e+00 2.003252545536631430e+02 4.298908808742461929e+01 1.317282984654069367e+01
1.615803658576671964e+00 1.779822483227757175e+02 3.904774542217678146e+01 1.182610763597199721e+01
1.801664213246928048e+00 1.563540779791310911e+02 3.533067885409823106e+01 1.067777417646843752e+01
2.008903693258128342e+00 1.357127990225700955e+02 3.177247442965413526e+01 9.671215763524902087e+00
2.239981245735629400e+00 1.163817492333674579e+02 2.834402729276861876e+01 8.764522091160429795e+00
2.497638885371206374e+00 9.865551169817878474e+01 2.504277454837437134e+01 7.927132974914619545e+00
2.784934031744384253e+00 8.274634631565305654e+01 2.188825840345812068e+01 7.139058062636111757e+00
3.105275789304232426e+00 6.876265222597228899e+01 1.891155530313638522e+01 6.388468727728480623e+00
3.462465400517639402e+00 5.668961518263336075e+01 1.614854345010978776e+01 5.670868264379078205e+00
3.860741352209485999e+00 4.642468710669196952e+01 1.363129022029980675e+01 4.986874054700023429e+00
4.304829670336041580e+00 3.780371822913998159e+01 1.138072200686557522e+01 4.340698037856406621e+00
4.799999999999999822e+00 3.063400370466462519e+01 9.405403833572654193e+00 3.738170201469472431e+00
