1.000000000230258569e-04 3.316936505784918609e+03 1.549201194342334929e+03 8.579491229239115455e+02
1.115486563971542785e-04 3.666090390556139937e+03 1.713204186509827196e+03 9.491181252522071645e+02
1.244310274114527074e-04 4.051242535452653556e+03 1.894363604279958963e+03 1.049927299765916814e+03
1.388011391866901154e-04 4.475962065845742472e+03 2.094423952422737784e+03 1.161381768810289941e+03
1.548308057910457113e-04 4.944207697885422931e+03 2.315306787439537402e+03 1.284588652787315596e+03
1.727116835090306587e-04 5.460467097012645354e+03 2.559141588562443303e+03 1.420766527268824348e+03
1.926575623508681512e-04 6.029730492854701879e+03 2.828274253010022221e+03 1.571256677168718852e+03
2.149069222004190347e-04 6.657656279435015676e+03 3.125311925277264891e+03 1.737536579734511179e+03
2.397257841638464457e-04 7.350922398962063198e+03 3.453206195871795444e+03 1.921236457941010713e+03
2.674108912107391479e-04 8.117165487856005711e+03 3.815251130936212576e+03 2.124151721510003426e+03
2.982932561365508645e-04 8.965075753208089736e+03 4.215128082590609665e+03 2.348259174946263101e+03
3.327421192670277522e-04 9.904552765485686905e+03 4.656988458583367901e+03 2.595736428455300029e+03
3.711693632243215748e-04 1.094690509234796264e+04 5.145490562520666572e+03 2.868980426705809805e+03
4.140344375392690035e-04 1.210467196739760766e+04 5.685777171224716767e+03 3.170612265975449191e+03
4.618498519902246974e-04 1.339053684344740213e+04 6.283277760859351474e+03 3.503446653984597560e+03
5.151873043487156757e-04 1.481811670966388738e+04 6.943894437158462097e+03 3.870537170594854160e+03
5.746845157973842983e-04 1.640185334801965291e+04 7.673959128115626299e+03 4.275164706944413410e+03
6.410528557468661917e-04 1.815531280439792681e+04 8.479727389098816275e+03 4.720699934890941222e+03
7.150858472165629249e-04 2.009180552566051119e+04 9.367603965639333182e+03 5.210671924196968575e+03
7.976686544726134401e-04 2.222454471506382833e+04 1.034415631044714610e+04 5.748752334039301786e+03
8.897886663605780169e-04 2.456649657494295388e+04 1.141577563208090032e+04 6.338550789690524653e+03
9.925473018708411317e-04 2.712994023896337603e+04 1.258867253932774656e+04 6.983649613738462904e+03
1.107173179088194286e-03 2.992615166894523645e+04 1.386876608463776756e+04 7.687544327560357488e+03
1.235036804978161722e-03 3.296579362833420601e+04 1.526131367608165965e+04 8.453291589281552660e+03
1.377666961646263968e-03 3.625813926259743312e+04 1.677076463455554767e+04 9.283500719424902854e+03
1.536768984990051967e-03 3.981004489779013966e+04 1.840046002158042029e+04 1.018019630315330141e+04
1.714245154289869167e-03 4.362371007665379148e+04 2.015164434350358351e+04 1.114408222383924112e+04
1.912217436523370962e-03 4.769640500456793234e+04 2.202331522996310741e+04 1.217450935311026478e+04
2.133052857342773462e-03 5.201959500676929019e+04 2.401170835870744122e+04 1.326930445246530508e+04
2.379391802059096454e-03 5.657344173830495856e+04 2.610713429829465531e+04 1.442346230978607127e+04
2.654179585009814029e-03 6.132685446017065988e+04 2.829409434117830460e+04 1.562911958933242931e+04
2.960701664764286197e-03 6.623857372621017566e+04 3.055391346869242261e+04 1.687550926888206232e+04
3.302622926212283368e-03 7.124956112183046935e+04 3.286172080665518297e+04 1.814781153886517131e+04
3.684031499205906151e-03 7.628558146222792857e+04 3.518169060741889552e+04 1.942744680786596655e+04
4.109487637665882979e-03 8.125740649110729282e+04 3.747275036447685852e+04 2.069154588959940520e+04
4.584078243567925488e-03 8.606154004534202977e+04 3.968721339235318010e+04 2.191377548506182575e+04
5.113477687716873853e-03 9.058140607841333258e+04 4.177140834650021861e+04 2.306455811044241636e+04
5.704015654503047893e-03 9.469030880635604262e+04 4.366699949350582756e+04 2.411175140544984606e+04
6.362752821816417166e-03 9.825438330492896785e+04 4.531239218283517403e+04 2.502138013649466666e+04
7.097565280973966440e-03 1.011359774862817285e+05 4.664416576384132350e+04 2.575849497941500522e+04
7.917238706014356406e-03 1.031984288224281045e+05 4.759939596664908458e+04 2.628837022895809787e+04
8.831573398280912271e-03 1.043103093251962564e+05 4.811746961435439152e+04 2.657755261622166290e+04
9.851501462242475554e-03 1.043463998087403452e+05 4.814062286330886855e+04 2.659411118587857345e+04
1.098921751354712747e-02 1.031869049878386868e+05 4.761351465273842769e+04 2.630742222972993477e+04
1.225832448210000328e-02 1.008124208736906730e+05 4.652695755066525453e+04 2.571230372712226745e+04
1.367399625343743499e-02 9.697139335495507112e+04 4.476442949339751067e+04 2.474408447203612013e+04
1.525315909299450497e-02 9.174487754078734724e+04 4.236282594337831688e+04 2.342292519042460481e+04
1.701469402243795462e-02 8.535890681056908215e+04 3.942567563100833650e+04 2.180562163129632972e+04
1.897966256774625410e-02 7.803178985382989049e+04 3.605302510546149279e+04 1.994712608783380347e+04
2.117155857815964867e-02 7.010496073939408234e+04 3.240177626162783417e+04 1.793383785055586486e+04
2.361658912683562567e-02 6.206811838777664525e+04 2.869745813302523311e+04 1.589024716569365773e+04
2.634398785175567220e-02 5.446158697020461841e+04 2.518933719717565327e+04 1.395408946463599204e+04
2.938636448329653983e-02 4.776102169321999827e+04 2.209745746968555250e+04 1.224733702266228102e+04
3.278009473753994152e-02 4.228313943239223590e+04 1.956868408717020066e+04 1.085159863127669632e+04
3.656575523702054742e-02 3.804923450805166794e+04 1.761340348153626837e+04 9.772953809708626068e+03
4.078860865897657173e-02 3.473087053139110503e+04 1.607999205879856527e+04 8.927593883465100589e+03
4.549914491170512637e-02 3.157850559716743737e+04 1.462084060115745888e+04 8.122636175937903317e+03
5.075368480951484434e-02 2.783609267490990169e+04 1.288423424098388386e+04 7.162329483400352728e+03
5.661505346402430361e-02 2.328540912771128933e+04 1.076736487021600806e+04 5.988893520839754274e+03
6.315333144310807112e-02 1.866196995248124585e+04 8.611077062833059244e+03 4.791504163060158135e+03
7.044669267860774464e-02 1.515316259498682666e+04 6.968332154712848933e+03 3.878284761662199799e+03
7.858233914112514040e-02 1.319885392711088207e+04 6.045720319927823766e+03 3.365155375093776001e+03
8.765754345719625751e-02 1.186707899627680126e+04 5.410072912546412226e+03 3.011116810033006914e+03
9.778081193473929511e-02 9.893867583714403736e+03 4.471459795083392237e+03 2.486707771678848985e+03
1.090731819023149224e-01 7.736621761514586979e+03 3.443497867231445980e+03 1.910973562388438040e+03
1.216696688736408766e-01 6.585474066198821674e+03 2.884623119292540196e+03 1.596548044391347958e+03
1.357208808401622890e-01 5.792768054144936286e+03 2.493400142640883132e+03 1.375157838069761738e+03
1.513948189927238619e-01 4.655515199208816739e+03 1.941532870068480634e+03 1.062971735098912632e+03
1.688788864024014236e-01 3.999882148923386467e+03 1.617359242324657089e+03 8.778327059412903282e+02
1.883821286769788717e-01 3.418494121318595262e+03 1.331096959435462395e+03 7.136246233228936262e+02
2.101377333831422056e-01 2.907671353566399375e+03 1.081341097240208455e+03 5.697777009193966933e+02
2.344058181183555356e-01 2.525280406014419441e+03 8.954414699775246618e+02 4.619041877400049430e+02
2.614765405675759102e-01 2.204627709587414301e+03 7.419187607695879478e+02 3.725470829048283576e+02
2.916735677297306317e-01 1.935569829793143981e+03 6.159220700919172486e+02 2.991845488014804459e+02
3.253579457932418983e-01 1.722773261820485459e+03 5.189848240587680266e+02 2.427415116518676541e+02
3.629324169301749725e-01 1.544435327628483719e+03 4.406901518437093728e+02 1.974325195751247009e+02
4.048462346221089470e-01 1.394410702993665836e+03 3.778985192307682723e+02 1.614930917159755666e+02
4.516005350914485406e-01 1.266948211064806173e+03 3.276479347906455928e+02 1.332094350463930255e+02
5.037543290608768043e-01 1.156340228173591186e+03 2.871713602602642368e+02 1.109795965288861623e+02
5.619311854805180140e-01 1.057840029908286851e+03 2.541747616162431029e+02 9.346767334510656156e+01
6.268266871357865977e-01 9.681471376810904985e+02 2.270101743049447975e+02 7.968138537376297847e+01
6.992167472777639503e-01 8.843499924252773781e+02 2.042165365246944759e+02 6.876718155068913063e+01
7.799668867126374749e-01 8.043737394382628736e+02 1.846603959393915204e+02 6.005931268786273591e+01
8.700425822703268253e-01 7.269501690576522606e+02 1.674539327533231017e+02 5.303015707920683752e+01
9.705208103821856280e-01 6.515021711387013283e+02 1.519216471720122001e+02 4.727086693816239205e+01
1.082602923786821769e+00 5.780859682550848220e+02 1.375509636591948492e+02 4.245190576665945770e+01
1.207629015322442267e+00 5.072271445765500175e+02 1.239887925868504936e+02 3.832130294337884635e+01
1.347093940544190405e+00 4.398287849950437476e+02 1.110218933608945946e+02 3.468231239901168550e+01
1.502665190738521561e+00 3.768608958257485142e+02 9.855672157824400870e+01 3.138946940894586390e+01
1.676202830030598223e+00 3.192637827428915784e+02 8.660412118837582796e+01 2.833809107376830738e+01
1.869781734959676811e+00 2.676554563239051276e+02 7.524082427115990868e+01 2.545950012483986313e+01
2.085716402426663674e+00 2.223389105456681136e+02 6.459012620522868531e+01 2.271613791764143997e+01
2.326588622626292402e+00 1.832397882764119288e+02 5.477703878326075682e+01 2.009425305960676766e+01
2.595278347831105226e+00 1.500062792505293316e+02 4.591335947180441224e+01 1.759986066740485811e+01
2.894998126105261083e+00 1.221051996547708427e+02 3.806201713612762916e+01 1.524967819636536071e+01
3.229331511649635278e+00 9.890901821087194890e+01 3.123957467054184178e+01 1.306698140984453538e+01
3.602275911025628830e+00 7.977374498688996596e+01 2.541415229174624457e+01 1.107233340457266202e+01
4.018290377542188097e+00 6.407954147820636592e+01 2.051883430202691727e+01 9.281464512387943344e+00
4.482348925252354732e+00 5.127768741899556915e+01 1.645920982971046342e+01 7.700603504867067350e+00
5.000000000000000888e+00 4.089011840395559005e+01 1.312791862071180127e+01 6.327592537753032431e+00
