1.000000000230258569e-04 2.126928436631161787e+02 8.640416023015664848e+01 4.685174491355244442e+01
1.115026695290953366e-04 2.355085197908801433e+02 9.569152715172124601e+01 5.188848766158709935e+01
1.243284530925187648e-04 2.607582948096709856e+02 1.059760371639779777e+02 5.746627318000447104e+01
1.386295441504667143e-04 2.886981847649523729e+02 1.173644015150945137e+02 6.364308573307642547e+01
1.545756424481938766e-04 3.196104169763871141e+02 1.299746055993335005e+02 7.048305867235110611e+01
1.723559677317991945e-04 3.538059420187489081e+02 1.439370098250111880e+02 7.805708322341598659e+01
1.921815050694108094e-04 3.916273505755494284e+02 1.593957334111777300e+02 8.644356364607303078e+01
2.142875084442451923e-04 4.334533722259502042e+02 1.765099822832000029e+02 9.572913342463853326e+01
2.389362923277018713e-04 4.797043436459081818e+02 1.954554562788271426e+02 1.060094097980534542e+02
2.664203443578849946e-04 5.308447463200482161e+02 2.164261828332025175e+02 1.173900150037123495e+02
2.970657960592480913e-04 5.873911963440380077e+02 2.396362229422325072e+02 1.299874507459282711e+02
3.312362927876497001e-04 6.499243371669806493e+02 2.653213807846962027e+02 1.439299167714287080e+02
3.693373088223966556e-04 7.190909870105131176e+02 2.937416303064630938e+02 1.593587035816946980e+02
4.118209588090659132e-04 7.956117240859640560e+02 3.251830983885591309e+02 1.764291738751963976e+02
4.591913626466918256e-04 8.802912761835721085e+02 3.599596168939744985e+02 1.953113579274896381e+02
5.120106274801957584e-04 9.740276589482360805e+02 3.984160537979999503e+02 2.161918449283143673e+02
5.709055177816341068e-04 1.077811818869449553e+03 4.409299879194659866e+02 2.392747016182669029e+02
6.365748926688486646e-04 1.192706914510655906e+03 4.879108434919173192e+02 2.647810560112077951e+02
7.097979987143026312e-04 1.319876133384538662e+03 5.398048284137677229e+02 2.929516119805346079e+02
7.914437166483044659e-04 1.460578220546073680e+03 5.970956764488618091e+02 3.240471796774081099e+02
8.824808716799498404e-04 1.616105920344965170e+03 6.602975772196725757e+02 3.583456314855746996e+02
9.839897297802024153e-04 1.787821032971371324e+03 7.299616418673763292e+02 3.961449619470633365e+02
1.097174816344422205e-03 1.977161345474137079e+03 8.066756093326790733e+02 4.377631072205111877e+02
1.223379209343287413e-03 2.185611886980413601e+03 8.910488256238052145e+02 4.835304997155650995e+02
1.364100476567608111e-03 2.414706021246907312e+03 9.837174972989452044e+02 5.337927437238654420e+02
1.521008446081769522e-03 2.666014524853856528e+03 1.085341025977085565e+03 5.889085375058687077e+02
1.695965020753673102e-03 2.941106559887306048e+03 1.196571230721426218e+03 6.492327598671159876e+02
1.891046271984591709e-03 3.241534956595144195e+03 1.318054112574128567e+03 7.151177229359025205e+02
2.108567074807741158e-03 3.568808640240154546e+03 1.450422822610278217e+03 7.869093677769454871e+02
2.351108576680822643e-03 3.924316745959518812e+03 1.594253204244700783e+03 8.649215102026078057e+02
2.621548825923003187e-03 4.309298549962537436e+03 1.750055747965147248e+03 9.494319978326873297e+02
2.923096923239734257e-03 4.724795994328959750e+03 1.918261057159158781e+03 1.040675592964409361e+03
3.259331101584665453e-03 5.171486261273877972e+03 2.099151578851724480e+03 1.138808324278714053e+03
3.634241186222156913e-03 5.649635467719154803e+03 2.292842349766852294e+03 1.243896872372888083e+03
4.052275938830490927e-03 6.159084718415480893e+03 2.499272745355487586e+03 1.355910364688315894e+03
4.518395847440812539e-03 6.699005997893661515e+03 2.718108062436117052e+03 1.474669906352519774e+03
5.038131988628217865e-03 7.267762801954517272e+03 2.948697368216292489e+03 1.599818475191332709e+03
5.617651660426248826e-03 7.862716550174477561e+03 3.189969445383417224e+03 1.730785767134589150e+03
6.263831564778516575e-03 8.480271736404734838e+03 3.440477938503630867e+03 1.866787383305173080e+03
6.984339407925946493e-03 9.114901536114275586e+03 3.697984223404080240e+03 2.006614827850110487e+03
7.787724887016851671e-03 9.759065437246645160e+03 3.959432933810541726e+03 2.148611787087080756e+03
8.683521142606049834e-03 1.040351807778306647e+04 4.221071571952371414e+03 2.290742815115626399e+03
9.682357880899711625e-03 1.103865985594416816e+04 4.479019776876127253e+03 2.430908255932673910e+03
1.079608750807801998e-02 1.165094490062115256e+04 4.727782811942079206e+03 2.566132304909608592e+03
1.203792577343234388e-02 1.222437697801791910e+04 4.960866457115194862e+03 2.692883118977130380e+03
1.342260859021738965e-02 1.274103520690871665e+04 5.170990888637299577e+03 2.807207225160092548e+03
1.496656689508787767e-02 1.318047195364884828e+04 5.349859776084747864e+03 2.904597428389587094e+03
1.668812162103823840e-02 1.352061434835927867e+04 5.488499213972100733e+03 2.980183835469538735e+03
1.860770109743517184e-02 1.373884460165038581e+04 5.577674189224533620e+03 3.028931650790200365e+03
2.074808345685756270e-02 1.381397539484960362e+04 5.608745445654975811e+03 3.046132183853748302e+03
2.313466692519383291e-02 1.372867856716899405e+04 5.574656544910403682e+03 3.027955055469636136e+03
2.579577120231610690e-02 1.347306471519925071e+04 5.471307064492734753e+03 2.972150059057523322e+03
2.876297350957714855e-02 1.304916436266643359e+04 5.299444451655867852e+03 2.879090844148960969e+03
3.207148329174031032e-02 1.247487662747360264e+04 5.066299886378240444e+03 2.752700036894844743e+03
3.576056001963404812e-02 1.178574354464584576e+04 4.786234246804250688e+03 2.600765649200096959e+03
3.987397905126498221e-02 1.103317534070213878e+04 4.480088636204496652e+03 2.434601034635907126e+03
4.446055107939526907e-02 1.027674080660192703e+04 4.172021058699879177e+03 2.267329073790252551e+03
4.957470132945773766e-02 9.569718667147559245e+03 3.883646916184372913e+03 2.110697053488491292e+03
5.527711538069327024e-02 8.941229349388977425e+03 3.626762044106926169e+03 1.971118837064931313e+03
6.163545927395905344e-02 8.372458437087754646e+03 3.393666789901209995e+03 1.844407778392103864e+03
6.872518245115814828e-02 7.794493009707004603e+03 3.156264715087978402e+03 1.715286913902673859e+03
7.663041305413779980e-02 7.119761839344292639e+03 2.878852811126421784e+03 1.564334693706732196e+03
8.544495620686157200e-02 6.311460138538358478e+03 2.546364092097934645e+03 1.383347391818440201e+03
9.527340712667957401e-02 5.452395449721281693e+03 2.192430364195824950e+03 1.190603132162025531e+03
1.062323922731101822e-01 4.712704267514914136e+03 1.886248252832088383e+03 1.023730293360106089e+03
1.184519532618636822e-01 4.191164083248002498e+03 1.668027191643767537e+03 9.045945812781935729e+02
1.320770899659224340e-01 3.781519369687677226e+03 1.494559248333018559e+03 8.096898897946343823e+02
1.472694811144383831e-01 3.290871563953077839e+03 1.287441550321808108e+03 6.963619420664526842e+02
1.642094028064348954e-01 2.762094092559888850e+03 1.064296313462035641e+03 5.741866936076870616e+02
1.830978677048002712e-01 2.398506371712535383e+03 9.081437057361207508e+02 4.883197522692104826e+02
2.041590102946942431e-01 2.125881065162525829e+03 7.891068266002639575e+02 4.225113261664146194e+02
2.276427465103479653e-01 1.803639841550340634e+03 6.504166873305604213e+02 3.458959389845387591e+02
2.538277392899435103e-01 1.569711402934842681e+03 5.485172750594338140e+02 2.891935079498680352e+02
2.830247052484705095e-01 1.372944711448719090e+03 4.629506841528206564e+02 2.413144157154753486e+02
3.155801017062329072e-01 1.191659071733434530e+03 3.851401154285263146e+02 1.976474731078690468e+02
3.518802378240603601e-01 1.050117512991806052e+03 3.249573701174190887e+02 1.636140316340583070e+02
3.923558586288135031e-01 9.256979423677551040e+02 2.732096904103973998e+02 1.342852965975399684e+02
4.374872563241952172e-01 8.209517300721494166e+02 2.307865748228158793e+02 1.102012988660342643e+02
4.878099695387512202e-01 7.336441659489332778e+02 1.965729700556837827e+02 9.079385406264685798e+01
5.439211381395319123e-01 6.587033055989975310e+02 1.683847724889262167e+02 7.490421250988811153e+01
6.064865890189676811e-01 5.944344660015445925e+02 1.453733192510636911e+02 6.206947563653753974e+01
6.762487369363893164e-01 5.387692831495430710e+02 1.265976156322945769e+02 5.176430145290539286e+01
7.540353941672404137e-01 4.898287487187319016e+02 1.112231010487439278e+02 4.351181193142847548e+01
8.407695934971151086e-01 4.459654355961089323e+02 9.853403687249415555e+01 3.690163456981077417e+01
9.374805411223435803e-01 4.059850023272225030e+02 8.798959830157855322e+01 3.161371257931608625e+01
1.045315829426528564e+00 3.688676210865093594e+02 7.910647539247005966e+01 2.736956859628291738e+01
1.165555054552403824e+00 3.338705575231478520e+02 7.149786233788839240e+01 2.394668196131174298e+01
1.299625000357985227e+00 3.005451669330242908e+02 6.484305886075699732e+01 2.116145080115078159e+01
1.449116568932995452e+00 2.686569918912977641e+02 5.889095656435402759e+01 1.887004488691640347e+01
1.615803658576671964e+00 2.381950332894015503e+02 5.344086442394394254e+01 1.695294260520905638e+01
1.801664213246928048e+00 2.092545731804748073e+02 4.834413440432747677e+01 1.531689796001406023e+01
2.008903693258128342e+00 1.820274848652181561e+02 4.350106261087576343e+01 1.388674458404011247e+01
2.239981245735629400e+00 1.567154002641160275e+02 3.885276384873723998e+01 1.260466317796262459e+01
2.497638885371206374e+00 1.335334604326549481e+02 3.438398769953222001e+01 1.142704268308071569e+01
2.784934031744384253e+00 1.126369463129707498e+02 3.010583501472169132e+01 1.032246340508054949e+01
3.105275789304232426e+00 9.414736163929580925e+01 2.605775405357574570e+01 9.271406181471467889e+00
3.462465400517639402e+00 7.807708244054731495e+01 2.228470951259009780e+01 8.263174124854581137e+00
3.860741352209485999e+00 6.432490799369672629e+01 1.883653958034977194e+01 7.296185894761895163e+00
4.304829670336041580e+00 5.271155531673076666e+01 1.574861936270533214e+01 6.374015366338976918e+00
4.799999999999999822e+00 4.299757148015332575e+01 1.303910156873658366e+01 5.505125680293753376e+00
