1.000000000230258569e-04 5.031431942794257566e+02 2.410265067513261101e+02 1.392001567981181438e+02
1.122634227564673579e-04 5.635692371138592307e+02 2.698150841216185540e+02 1.558221482960733510e+02
1.260307608609534901e-04 6.313144060594261191e+02 3.020362973261196089e+02 1.744244991754077603e+02
1.414864458359461712e-04 7.072777921715075991e+02 3.380966896457171060e+02 1.952412906963969874e+02
1.588375267953347550e-04 7.924710428420423796e+02 3.784503783985368273e+02 2.185338907965508213e+02
1.783164441611049004e-04 8.880272426053044228e+02 4.236039522125486769e+02 2.445937717149524815e+02
2.001841435067871621e-04 9.951957004115149630e+02 4.741203384532011569e+02 2.737448162246923857e+02
2.247335712646909519e-04 1.115365458364869482e+03 5.306261049365048166e+02 3.063474439889027394e+02
2.522935991264941354e-04 1.250063930710349268e+03 5.938170255026199129e+02 3.428020676071213870e+02
2.832334297096662638e-04 1.400919191757241833e+03 6.644609906268132136e+02 3.835515206220862297e+02
3.179675425093897337e-04 1.569696612864237068e+03 7.434080887467399634e+02 4.290865526236316896e+02
3.569612463934728852e-04 1.758284488914088342e+03 8.315942761361491193e+02 4.799485599534284006e+02
4.007369130231864672e-04 1.968650504067296424e+03 9.300414256449718096e+02 5.367307890012988310e+02
4.498809747048478080e-04 2.202865530982727705e+03 1.039870268556539941e+03 6.000855869766555770e+02
5.050517804175268938e-04 2.463146732761673775e+03 1.162298374319630966e+03 6.707228822327118678e+02
5.669884152586394726e-04 2.751894719145052022e+03 1.298636380248263094e+03 7.494078128972305421e+02
6.365206014554368984e-04 3.071642145836590771e+03 1.450301059912040728e+03 8.369693979102286221e+02
7.145798135793877959e-04 3.425174105944094663e+03 1.618798922277522934e+03 9.342865460062211014e+02
8.022117568662883325e-04 3.815599464095229450e+03 1.805715127430530174e+03 1.042278978557866139e+03
9.005903758055168549e-04 4.246257019428580861e+03 2.012721138954434082e+03 1.161914928219523745e+03
1.011033580661806338e-03 4.720642395045150806e+03 2.241516209945401897e+03 1.294177066815859462e+03
1.135020902606864940e-03 5.242392557764386765e+03 2.493800632155656331e+03 1.440046318621017235e+03
1.274213313974418031e-03 5.815276262843824043e+03 2.771269930839993776e+03 1.600498188157627510e+03
1.430475479156914512e-03 6.442722359473599681e+03 3.075470638640383186e+03 1.776425081469236147e+03
1.605900734223756829e-03 7.127776094462007677e+03 3.407757269341818301e+03 1.968610668221243259e+03
1.802839129895710598e-03 7.873115554393169987e+03 3.769258883641863576e+03 2.177707363931548116e+03
2.023928913547812410e-03 8.680370060406639823e+03 4.160659610642005646e+03 2.404108671759528079e+03
2.272131871983379750e-03 9.550085919685328918e+03 4.582146340418085856e+03 2.647918686549542599e+03
2.550773008441800313e-03 1.048160415373376418e+04 5.033322148444769482e+03 2.908903353182012779e+03
2.863585085365514225e-03 1.147238522436578569e+04 5.512941535371311147e+03 3.186343787466125832e+03
3.214758629634808552e-03 1.251795819011254935e+04 6.018865306601901466e+03 3.479007496449690279e+03
3.608998070155939632e-03 1.361169281677604886e+04 6.547914853981263150e+03 3.785061718500038751e+03
4.051584759838999447e-03 1.474430129126928841e+04 7.095559899491822762e+03 4.101890214004036352e+03
4.548447726227339283e-03 1.590383557064314664e+04 7.655971011094788082e+03 4.426125384351170396e+03
5.106243098575769836e-03 1.707472293745462594e+04 8.221816749560974131e+03 4.753532226733821517e+03
5.732443275407110572e-03 1.823798447448841762e+04 8.783938575025889804e+03 5.078826365936619368e+03
6.435437027063155117e-03 1.937216143416465638e+04 9.332022034511011952e+03 5.396052222904703740e+03
7.224641874254610074e-03 2.044654336211991904e+04 9.851275304736118414e+03 5.696653477090407250e+03
8.110630248067678127e-03 2.143009895869529282e+04 1.032675199440609867e+04 5.971985604709613654e+03
9.105271121505569346e-03 2.228915770623614662e+04 1.074223393899900839e+04 6.212670561742315840e+03
1.022188900990466699e-02 2.298419606138218296e+04 1.107867429444453228e+04 6.407700636246036083e+03
1.147544247024383408e-02 2.347163396993151400e+04 1.131503780476252359e+04 6.544892375358514073e+03
1.288272449057868002e-02 2.370652035943203373e+04 1.142964643941876238e+04 6.611703085985768666e+03
1.446258745407916733e-02 2.364438569354803985e+04 1.140105061102705804e+04 6.595717800666872790e+03
1.623619569135818438e-02 2.324389352556111407e+04 1.120927359941468058e+04 6.485360343766339611e+03
1.822730900435978393e-02 2.247396121754094202e+04 1.083926075593381756e+04 6.271857319538038610e+03
2.046260095998037737e-02 2.132123839622625019e+04 1.028454511226105024e+04 5.951451144134027345e+03
2.297201621738221775e-02 1.980010594525124907e+04 9.551974145320442403e+03 5.528071239469334614e+03
2.578917167586586637e-02 1.796334851126105059e+04 8.666905658360405141e+03 5.016338034034369230e+03
2.895180681720203528e-02 1.590987579431260747e+04 7.677008272293534901e+03 4.443816058796754987e+03
3.250228927534733192e-02 1.378306228657708198e+04 6.651417926831106342e+03 3.850516769595941696e+03
3.648818240631140908e-02 1.175492259447699325e+04 5.673134896387637127e+03 3.284480964402898280e+03
4.096288246151627566e-02 9.994175064700915755e+03 4.823618510370093645e+03 2.792884375929601902e+03
4.598633390041809155e-02 8.624098926858847335e+03 4.162432900278200577e+03 2.410241178491019127e+03
5.162583242493973962e-02 7.679872521692009286e+03 3.706624778332355618e+03 2.146454441681401931e+03
5.795692649341043640e-02 7.073053143601309785e+03 3.413545387461755126e+03 1.976854123258133995e+03
6.506442939097074885e-02 6.582524056647945145e+03 3.176436310328693708e+03 1.839629750262230345e+03
7.304355541444980393e-02 5.890043024227692513e+03 2.841574901062301706e+03 1.645744796002622934e+03
8.200119539239680844e-02 4.847347834628616511e+03 2.337290933440940989e+03 1.353674481814156934e+03
9.205734862752627812e-02 3.685329477509266326e+03 1.775066370027738230e+03 1.027985430920278532e+03
1.033467304443183715e-01 2.845996726316811873e+03 1.368435207869929172e+03 7.923822211167675960e+02
1.160205768769771578e-01 2.497128431283975260e+03 1.198474657874451395e+03 6.938508691960444139e+02
1.302486706739022226e-01 2.302409186551446510e+03 1.102704869127303937e+03 6.382701599331041962e+02
1.462216157596530064e-01 1.834262857031424574e+03 8.745125621852630502e+02 5.059309934653805954e+02
1.641533906237988560e-01 1.345508043275022601e+03 6.360775203921105003e+02 3.676169658714667889e+02
1.842842148426375448e-01 1.174946455503146581e+03 5.511390246165011604e+02 3.181977969408789590e+02
2.068837671345900298e-01 9.904696650089193781e+02 4.592967551214169930e+02 2.647368863687688645e+02
2.322547980593316352e-01 7.499195716557445621e+02 3.402862838085214889e+02 1.954913111932215486e+02
2.607371857574901086e-01 6.514927143901462614e+02 2.899529799793861571e+02 1.659940392770223809e+02
2.927124890628471365e-01 5.140551854595811392e+02 2.210103314768555549e+02 1.256810762578249694e+02
3.286090589819373742e-01 4.365331269333934188e+02 1.812323946544464661e+02 1.022298637956782557e+02
3.689077770159973624e-01 3.581572592000813984e+02 1.415005219113088799e+02 7.879460140093240739e+01
4.141484971975938345e-01 3.034087426408293027e+02 1.136221973146150219e+02 6.222762390955275436e+01
4.649372781414354283e-01 2.590717484247656444e+02 9.122094331242708165e+01 4.885374976019295445e+01
5.219545019921476570e-01 2.233343779674376890e+02 7.343991137548633219e+01 3.820022460813150644e+01
5.859639890329354506e-01 1.950882606449925731e+02 5.968498846417481474e+01 2.993614242195864605e+01
6.578232300572349756e-01 1.725238020398200831e+02 4.903460018444773283e+01 2.353668225047801954e+01
7.384948735793578356e-01 1.542888544478414588e+02 4.079329320558604621e+01 1.860158394969501927e+01
8.290596217703356530e-01 1.392274812210566211e+02 3.437608661872013016e+01 1.479539962604019010e+01
9.307307078768926045e-01 1.265848246637988836e+02 2.938485234475468033e+01 1.188006474393515965e+01
1.044870149067508081e+00 1.156689942609509956e+02 2.546875552049151281e+01 9.649410710703842042e+00
1.173006992433692330e+00 1.059383730932037651e+02 2.235867793831866024e+01 7.941307538946037248e+00
1.316857798575541416e+00 9.698757854239222809e+01 1.984617366258367710e+01 6.630690526972515819e+00
1.478349637175967013e+00 8.851920847369400747e+01 1.777283306181111300e+01 5.620943463909988225e+00
1.659645902619409696e+00 8.032730792152477761e+01 1.601313662188610820e+01 4.835989099295152194e+00
1.863175295489004624e+00 7.229771763682494168e+01 1.447315694119368956e+01 4.218087773400853280e+00
2.091664358187257822e+00 6.440042327024924873e+01 1.308265764152378985e+01 3.722381773470569755e+00
2.348174000537423645e+00 5.667660960689514837e+01 1.179256859641995270e+01 3.315147865969594321e+00
2.636140504673786467e+00 4.921972792232599403e+01 1.057097289463455247e+01 2.970537941127618708e+00
2.959421558534973240e+00 4.215439590498742461e+01 9.401496254805916664e+00 2.669599234407594501e+00
3.322347934639153344e+00 3.560748939510154543e+01 8.279619679503918306e+00 2.398513319287371104e+00
3.729781506445900785e+00 2.968598001228279415e+01 7.210369169102562203e+00 2.148082679460688649e+00
4.187180379509764627e+00 2.445768063168380024e+01 6.203713118418080263e+00 1.912571438363149134e+00
4.700672009942531204e+00 1.994232990478510814e+01 5.272097218339497182e+00 1.689394062753477144e+00
5.277135289701610610e+00 1.611845658746053900e+01 4.426152235707279559e+00 1.477964168016131064e+00
5.924292698344328478e+00 1.293182138004684489e+01 3.672710068813575202e+00 1.279327397922162213e+00
6.650813755741415534e+00 1.031122470340158692e+01 3.013981503152058039e+00 1.095046497536878549e+00
7.466431161634059954e+00 8.177099612100899861e+00 2.447989190050416042e+00 9.268866361678347321e-01
8.382071177875818790e+00 6.452992749500286784e+00 1.969397900954739544e+00 7.760351232464136606e-01
9.410000000000001918e+00 5.069499862190012252e+00 1.570585326658202385e+00 6.429188380861343699e-01
