1.000000000230258569e-04 3.829388161244692128e+02 1.638241441544581392e+02 8.918579880368183410e+01
1.122634227564673579e-04 4.291160974163984747e+02 1.836461665705003554e+02 9.998663662993617152e+01
1.260307608609534901e-04 4.808035558375649998e+02 2.058575603322113068e+02 1.120931184449130882e+02
1.414864458359461712e-04 5.386413248155450901e+02 2.307433673484283361e+02 1.256622310586912761e+02
1.588375267953347550e-04 6.033410137786150926e+02 2.586219109019093594e+02 1.408695886150922547e+02
1.783164441611049004e-04 6.756952462990586810e+02 2.898480207275967473e+02 1.579112797142374802e+02
2.001841435067871621e-04 7.565851645927723439e+02 3.248173851061742425e+02 1.770063899384404635e+02
2.247335712646909519e-04 8.469961018295900885e+02 3.639715311903844963e+02 1.983995854750441197e+02
2.522935991264941354e-04 9.480485492267746395e+02 4.078037366494893945e+02 2.223636208988330623e+02
2.832334297096662638e-04 1.061002736173509220e+03 4.568643336988193369e+02 2.492027407447737062e+02
3.179675425093897337e-04 1.187293522007682441e+03 5.117688723308138492e+02 2.792560195633715807e+02
3.569612463934728852e-04 1.328591682302442905e+03 5.732090281971846935e+02 3.129007550472786079e+02
4.007369130231864672e-04 1.486809305666410410e+03 6.419588805265694873e+02 3.505569413941599350e+02
4.498809747048478080e-04 1.664123596824337255e+03 7.188846622711091641e+02 3.926909547512545942e+02
5.050517804175268938e-04 1.863009754162915215e+03 8.049562924256298402e+02 4.398193416092615848e+02
5.669884152586394726e-04 2.086292658954147555e+03 9.012586194670290070e+02 4.925147755922459396e+02
6.365206014554368984e-04 2.337029936938341052e+03 1.008981686353016016e+03 5.514054699691865835e+02
7.145798135793877959e-04 2.618434990666807607e+03 1.129417108298743187e+03 6.171761263408963032e+02
8.022117568662883325e-04 2.934023016485193693e+03 1.263983852129570778e+03 6.905766116022094820e+02
9.005903758055168549e-04 3.287433601436455774e+03 1.414186243989176546e+03 7.724091586371071116e+02
1.011033580661806338e-03 3.682352452628249011e+03 1.581600126149124435e+03 8.635249605229964800e+02
1.135020902606864940e-03 4.122597549837244514e+03 1.767898806148935364e+03 9.648330333124688423e+02
1.274213313974418031e-03 4.612072178108121989e+03 1.974801482376804870e+03 1.077273521407285671e+03
1.430475479156914512e-03 5.154697362365543086e+03 2.204055830688861988e+03 1.201810776162644288e+03
1.605900734223756829e-03 5.754347021620691521e+03 2.457431877409704612e+03 1.339430776933470725e+03
1.802839129895710598e-03 6.414903843298993706e+03 2.736648607378272118e+03 1.491084827048774514e+03
2.023928913547812410e-03 7.140131376657141118e+03 3.043340814870803115e+03 1.657676376104095880e+03
2.272131871983379750e-03 7.933465370228577740e+03 3.379009207082111971e+03 1.840038598440182568e+03
2.550773008441800313e-03 8.797685513988559251e+03 3.744877024819413236e+03 2.038839553757957901e+03
2.863585085365514225e-03 9.734806878270510424e+03 4.141843700886601255e+03 2.254562287509199450e+03
3.214758629634808552e-03 1.074582775092517113e+04 4.570354374687270138e+03 2.487447989962064639e+03
3.608998070155939632e-03 1.183014578918643929e+04 5.030073120343450682e+03 2.737353577853198658e+03
4.051584759838999447e-03 1.298548811883996677e+04 5.519882895004360762e+03 3.003734286134186277e+03
4.548447726227339283e-03 1.420721039624605510e+04 6.038091544620700006e+03 3.285519456697102214e+03
5.106243098575769836e-03 1.548786906659902161e+04 6.581478213244167819e+03 3.581030934647193135e+03
5.732443275407110572e-03 1.681682442641531452e+04 7.145488064279129503e+03 3.887811569279608648e+03
6.435437027063155117e-03 1.817972604234305254e+04 7.724016098134677122e+03 4.202534803264112270e+03
7.224641874254610074e-03 1.955784622118087282e+04 8.309111763794340732e+03 4.520873306301503362e+03
8.110630248067678127e-03 2.092778011260908170e+04 8.890825730813414339e+03 4.837421240888585999e+03
9.105271121505569346e-03 2.225979485051969823e+04 9.456535191553473851e+03 5.145312447963091472e+03
1.022188900990466699e-02 2.351655041584854553e+04 9.990365178971260320e+03 5.435910455995815028e+03
1.147544247024383408e-02 2.465571020484621476e+04 1.047431977184792049e+04 5.699424036654629163e+03
1.288272449057868002e-02 2.563231035732283271e+04 1.088928035099790759e+04 5.925453328603860427e+03
1.446258745407916733e-02 2.639345070083506653e+04 1.121273171909420125e+04 6.101739837869074108e+03
1.623619569135818438e-02 2.688283281982671906e+04 1.142071104244717753e+04 6.215235096799318853e+03
1.822730900435978393e-02 2.704723076551242775e+04 1.149055617087009523e+04 6.253599033295346999e+03
2.046260095998037737e-02 2.684033455377666178e+04 1.140249743333221159e+04 6.206055029846453181e+03
2.297201621738221775e-02 2.623280933501138134e+04 1.114395827448411546e+04 6.065710926876231497e+03
2.578917167586586637e-02 2.522344914327670631e+04 1.071432909405346800e+04 5.832207903727296980e+03
2.895180681720203528e-02 2.385050092178100022e+04 1.012970889963721493e+04 5.514279804168875671e+03
3.250228927534733192e-02 2.219960620409081457e+04 9.426326464714518806e+03 5.131602618672927747e+03
3.648818240631140908e-02 2.040240668038379954e+04 8.659979059298131688e+03 4.714523124663342060e+03
4.096288246151627566e-02 1.861913712119535558e+04 7.898629627253993021e+03 4.300031357487724563e+03
4.598633390041809155e-02 1.700169410968709053e+04 7.206702589155875103e+03 3.923192019416456787e+03
5.162583242493973962e-02 1.564065780666276623e+04 6.622568823199752842e+03 3.604893059821134557e+03
5.795692649341043640e-02 1.451247759910265813e+04 6.136039734515959935e+03 3.339578709984345551e+03
6.506442939097074885e-02 1.344851442535757633e+04 5.675182922401749238e+03 3.088046757756297666e+03
7.304355541444980393e-02 1.218623879946325360e+04 5.128085617067096791e+03 2.789293938272178366e+03
8.200119539239680844e-02 1.060574731421945035e+04 4.443554784566117632e+03 2.415383489398047004e+03
9.205734862752627812e-02 8.913734437454630097e+03 3.709463385241011110e+03 2.014148617927070291e+03
1.033467304443183715e-01 7.547274928360839112e+03 3.111982974415385797e+03 1.687012288215910303e+03
1.160205768769771578e-01 6.706694295426391363e+03 2.736666440276298545e+03 1.480581229644931682e+03
1.302486706739022226e-01 6.041842908029270802e+03 2.435047284705679431e+03 1.313940505613421237e+03
1.462216157596530064e-01 5.127176483005903719e+03 2.026727487066834556e+03 1.088765009060578450e+03
1.641533906237988560e-01 4.254874459460219441e+03 1.637132538062264302e+03 8.734379358723740552e+02
1.842842148426375448e-01 3.774806340153875681e+03 1.416105476192224160e+03 7.496696730887631475e+02
2.068837671345900298e-01 3.288191385541619184e+03 1.195076104681646484e+03 6.257046186686916371e+02
2.322547980593316352e-01 2.789804635050852994e+03 9.725937839989957183e+02 5.009058765048058035e+02
2.607371857574901086e-01 2.479490466280324199e+03 8.336690049350672780e+02 4.217369111092216372e+02
2.927124890628471365e-01 2.144137942817717885e+03 6.881388005803710257e+02 3.393383096663072251e+02
3.286090589819373742e-01 1.903840117105691434e+03 5.862566457563203812e+02 2.812028181815277890e+02
3.689077770159973624e-01 1.679641431597971177e+03 4.942210805412536274e+02 2.290841485096206895e+02
4.141484971975938345e-01 1.497799173522847013e+03 4.225992299905094001e+02 1.887799472816251409e+02
4.649372781414354283e-01 1.342309900530018240e+03 3.641803925663591031e+02 1.563517224237268408e+02
5.219545019921476570e-01 1.207071541418024253e+03 3.161638827655980322e+02 1.302353994768447762e+02
5.859639890329354506e-01 1.088803265052255028e+03 2.769057894215058013e+02 1.094467988486924384e+02
6.578232300572349756e-01 9.834114561019976009e+02 2.445428439500054481e+02 9.289875696847212794e+01
7.384948735793578356e-01 8.876792714008004168e+02 2.175634896887744958e+02 7.970329483914737523e+01
8.290596217703356530e-01 7.990844473336786677e+02 1.946853347796302955e+02 6.911792618325065973e+01
9.307307078768926045e-01 7.159365665150058931e+02 1.749158895233174178e+02 6.056887963526905594e+01
1.044870149067508081e+00 6.372131385801505985e+02 1.574190656321706854e+02 5.357602125568501350e+01
1.173006992433692330e+00 5.624657297611556714e+02 1.415522579735634565e+02 4.776196189017016991e+01
1.316857798575541416e+00 4.917709326351733807e+02 1.268340753453439333e+02 4.282149048231119792e+01
1.478349637175967013e+00 4.254429992386096160e+02 1.129448576848903656e+02 3.851765653400305212e+01
1.659645902619409696e+00 3.639287105267570155e+02 9.970553690788736390e+01 3.466418007239932564e+01
1.863175295489004624e+00 3.077243133349611526e+02 8.707298770404784705e+01 3.112471469814456881e+01
2.091664358187257822e+00 2.572602029474776941e+02 7.510394300622292008e+01 2.780405267821114279e+01
2.348174000537423645e+00 2.128556440537052481e+02 6.392946214388665283e+01 2.464745358168345035e+01
2.636140504673786467e+00 1.745794787900621543e+02 5.369603548908827406e+01 2.163172429835235633e+01
2.959421558534973240e+00 1.421578328335053527e+02 4.453710599759307343e+01 1.876301309064877998e+01
3.322347934639153344e+00 1.150914982969395339e+02 3.652634430465444382e+01 1.606336483241311441e+01
3.729781506445900785e+00 9.273134677996129938e+01 2.966729561257793080e+01 1.356732836213320503e+01
4.187180379509764627e+00 7.440431716306191845e+01 2.390130658473004388e+01 1.130590910710729702e+01
4.700672009942531204e+00 5.945553599120904664e+01 1.912276970296995060e+01 9.303785614921817881e+00
5.277135289701610610e+00 4.731316326154457386e+01 1.520833696460059059e+01 7.569924634846260325e+00
5.924292698344328478e+00 3.749218965006933502e+01 1.203049151726457922e+01 6.099321146321291742e+00
6.650813755741415534e+00 2.958378519446379329e+01 9.470288591912028764e+00 4.874092538078897974e+00
7.466431161634059954e+00 2.324485829894520705e+01 7.420950021093097426e+00 3.868224439913377832e+00
8.382071177875818790e+00 1.818735516683107178e+01 5.789951542576990740e+00 3.051676808615572778e+00
9.410000000000001918e+00 1.417074351962386025e+01 4.498568404935041620e+00 2.394158184790216026e+00
