1.000000000230258569e-04 1.815657156626580218e+02 7.625798938442865449e+01 4.202421334875162273e+01
1.115026695290953366e-04 2.024553147138048530e+02 8.502826664240122057e+01 4.685597655129118522e+01
1.243284530925187648e-04 2.257511577206482798e+02 9.480765711663467243e+01 5.224320461352627376e+01
1.386295441504667143e-04 2.517310743715721344e+02 1.057123726885497916e+02 5.824971930154106303e+01
1.545756424481938766e-04 2.807048968223336942e+02 1.178719823788469228e+02 6.494663597588719028e+01
1.723559677317991945e-04 3.130182697139271681e+02 1.314309746568910668e+02 7.241321394431143688e+01
1.921815050694108094e-04 3.490564318707659481e+02 1.465503988211069100e+02 8.073776080721447101e+01
2.142875084442451923e-04 3.892474445698994145e+02 1.634094847265794215e+02 9.001856051531063940e+01
2.389362923277018713e-04 4.340677840341244291e+02 1.822078703513910227e+02 1.003650597941350071e+02
2.664203443578849946e-04 4.840468357308512282e+02 2.031676745040392689e+02 1.118990495007304560e+02
2.970657960592480913e-04 5.397676043436757709e+02 2.265347626548349638e+02 1.247556312658925748e+02
3.312362927876497001e-04 6.018746794970470546e+02 2.525819193330891892e+02 1.390848762460009027e+02
3.693373088223966556e-04 6.710799182277880846e+02 2.816114008273833065e+02 1.550533187523125207e+02
4.118209588090659132e-04 7.481598152908595694e+02 3.139547404410092213e+02 1.728444987329698961e+02
4.591913626466918256e-04 8.339644731289688480e+02 3.499768135247658734e+02 1.926611631846799071e+02
5.120106274801957584e-04 9.294260071357726929e+02 3.900792758724166447e+02 2.147271550955854593e+02
5.709055177816341068e-04 1.035564587010413788e+03 4.347002615659407638e+02 2.392871321570281680e+02
6.365748926688486646e-04 1.153494788144707400e+03 4.843182633203098817e+02 2.666090476685818089e+02
7.097979987143026312e-04 1.284434271798645113e+03 5.394563475160815642e+02 2.969865201092067650e+02
7.914437166483044659e-04 1.429728155789979610e+03 6.006861673233960346e+02 3.307384977043651588e+02
8.824808716799498404e-04 1.590855146931929767e+03 6.686310074137123820e+02 3.682113880972237325e+02
9.839897297802024153e-04 1.769429728477635763e+03 7.439683388318170500e+02 4.097812584422694044e+02
1.097174816344422205e-03 1.967199082851434923e+03 8.274296407360067178e+02 4.558522912870705568e+02
1.223379209343287413e-03 2.186052965218293593e+03 9.198032863723199171e+02 5.068580748375956091e+02
1.364100476567608111e-03 2.428031003054290977e+03 1.021936143829092316e+03 5.632627371628504989e+02
1.521008446081769522e-03 2.695244448199689032e+03 1.134708643689862583e+03 6.255494256779420539e+02
1.695965020753673102e-03 2.989868901062682653e+03 1.259031546570549381e+03 6.942182696165659763e+02
1.891046271984591709e-03 3.314168538456684928e+03 1.395851585311456574e+03 7.697879831394734538e+02
2.108567074807741158e-03 3.670350039309349086e+03 1.546095420641147257e+03 8.527678814613860823e+02
2.351108576680822643e-03 4.060506486351586773e+03 1.710647381799322602e+03 9.436461198335339304e+02
2.621548825923003187e-03 4.486641890856441933e+03 1.890357029780087032e+03 1.042892071327624535e+03
2.923096923239734257e-03 4.950531199656059471e+03 2.085976287459413925e+03 1.150921162015481059e+03
3.259331101584665453e-03 5.453621116692152100e+03 2.298116718358664002e+03 1.268071224322395892e+03
3.634241186222156913e-03 5.996979631948621318e+03 2.527234653883735064e+03 1.394595856255411945e+03
4.052275938830490927e-03 6.581069903691221043e+03 2.773538722654997400e+03 1.530614330796889590e+03
4.518395847440812539e-03 7.205696525188133819e+03 3.036949445606027894e+03 1.676078779150703895e+03
5.038131988628217865e-03 7.869650135311638223e+03 3.316972939488316570e+03 1.830741883664256648e+03
5.617651660426248826e-03 8.570718082720219172e+03 3.612670862616467730e+03 1.994072182279778190e+03
6.263831564778516575e-03 9.305203153931606721e+03 3.922497128393747516e+03 2.165220875781240011e+03
6.984339407925946493e-03 1.006850490138239365e+04 4.244527018548135857e+03 2.343135124608218575e+03
7.787724887016851671e-03 1.085074502214260428e+04 4.574607535716846542e+03 2.525525529496836498e+03
8.683521142606049834e-03 1.164265863110647479e+04 4.908836079759728818e+03 2.710243949037231687e+03
9.682357880899711625e-03 1.242965133641692410e+04 5.241064714463513155e+03 2.893897358540428741e+03
1.079608750807801998e-02 1.319713987744105907e+04 5.565160206008011301e+03 3.073108871053977509e+03
1.203792577343234388e-02 1.392463294339023560e+04 5.872478241053752754e+03 3.243109049766167573e+03
1.342260859021738965e-02 1.458737704035020033e+04 6.152569152116827354e+03 3.398122498806197655e+03
1.496656689508787767e-02 1.515800100039739846e+04 6.393891583663727033e+03 3.531769489907101615e+03
1.668812162103823840e-02 1.560564962890949755e+04 6.583413353937680768e+03 3.636850608368983558e+03
1.860770109743517184e-02 1.589793502217056266e+04 6.707439071086490912e+03 3.705793233533944658e+03
2.074808345685756270e-02 1.600372013719549614e+04 6.752758757724222960e+03 3.731267149671624793e+03
2.313466692519383291e-02 1.589719391467879177e+04 6.708436722408429887e+03 3.707211403701504878e+03
2.579577120231610690e-02 1.556306788077298188e+04 6.567943502460188029e+03 3.630011273688930487e+03
2.876297350957714855e-02 1.500319739240254785e+04 6.331952237686262379e+03 3.499993946292487635e+03
3.207148329174031032e-02 1.424313719719433720e+04 6.011156687956097812e+03 3.323034868194848059e+03
3.576056001963404812e-02 1.333564674099320109e+04 5.627755146495069312e+03 3.111399092449395084e+03
3.987397905126498221e-02 1.235795790212841894e+04 5.214275699422045363e+03 2.883043986005501210e+03
4.446055107939526907e-02 1.140047270270543959e+04 4.808846471046906117e+03 2.659048069409231630e+03
4.957470132945773766e-02 1.054556644592354132e+04 4.446214897971137361e+03 2.458626001393163733e+03
5.527711538069327024e-02 9.840013723385312915e+03 4.146100605685269329e+03 2.292688820221364040e+03
6.163545927395905344e-02 9.260169011565190885e+03 3.898453049877832200e+03 2.155679731321245526e+03
6.872518245115814828e-02 8.701184881185470658e+03 3.658862291929173807e+03 2.023027585708707193e+03
7.663041305413779980e-02 8.010904875539760724e+03 3.362870197981120327e+03 1.859049629304402970e+03
8.544495620686157200e-02 7.097838937513633937e+03 2.971659009713235264e+03 1.642242254436858502e+03
9.527340712667957401e-02 6.059010176577430684e+03 2.526181345991441503e+03 1.395247815666639781e+03
1.062323922731101822e-01 5.160292997895842745e+03 2.138892378040419317e+03 1.180297828998238629e+03
1.184519532618636822e-01 4.594484728800548510e+03 1.891438189649830292e+03 1.042585917511043590e+03
1.320770899659224340e-01 4.233551438956369566e+03 1.729743419180216506e+03 9.521751534585846457e+02
1.472694811144383831e-01 3.735956308304173490e+03 1.509474774632041090e+03 8.291538928658487748e+02
1.642094028064348954e-01 3.095677192050588928e+03 1.228371428998606007e+03 6.722585243960245407e+02
1.830978677048002712e-01 2.680108226386458682e+03 1.042341318777889683e+03 5.678106950146735699e+02
2.041590102946942431e-01 2.439628766845340124e+03 9.307922054715133982e+02 5.044189468877955846e+02
2.276427465103479653e-01 2.067003181458365816e+03 7.643797732780783463e+02 4.105177760143615160e+02
2.538277392899435103e-01 1.800979478262086104e+03 6.444279040884051710e+02 3.422396531144818823e+02
2.830247052484705095e-01 1.605976348049401167e+03 5.562444193209906871e+02 2.915225211231734193e+02
3.155801017062329072e-01 1.388629910350277441e+03 4.606027542667723083e+02 2.367516076457359020e+02
3.518802378240603601e-01 1.242961741322315220e+03 3.969998248900269573e+02 1.998477432204925037e+02
3.923558586288135031e-01 1.098164769738133600e+03 3.356375968667960592e+02 1.644458812227944691e+02
4.374872563241952172e-01 9.803661928961427066e+02 2.871890913258901605e+02 1.364952441691506237e+02
4.878099695387512202e-01 8.823725863716683762e+02 2.483154219486144711e+02 1.141714120371351271e+02
5.439211381395319123e-01 7.954060850378778014e+02 2.152484431079615490e+02 9.541786760702541415e+01
6.064865890189676811e-01 7.200426344817022937e+02 1.880259845058966448e+02 8.022608231621399000e+01
6.762487369363893164e-01 6.547542987299043489e+02 1.658452393279518446e+02 6.810381087169737668e+01
7.540353941672404137e-01 5.957864191292419491e+02 1.471058988298496786e+02 5.815031761320057768e+01
8.407695934971151086e-01 5.425909351693300096e+02 1.314843193080377546e+02 5.014078192512304355e+01
9.374805411223435803e-01 4.938296950924597013e+02 1.183229800170421413e+02 4.368219543252578063e+01
1.045315829426528564e+00 4.482285946491858795e+02 1.069965357094720986e+02 3.841641007169150157e+01
1.165555054552403824e+00 4.050949804170841730e+02 9.705580851965035549e+01 3.408291839669956147e+01
1.299625000357985227e+00 3.640610627436164464e+02 8.816460868890051472e+01 3.048430959432083753e+01
1.449116568932995452e+00 3.249650157019046901e+02 8.003867639612958840e+01 2.744956192173896525e+01
1.615803658576671964e+00 2.877844233995308514e+02 7.245572549930720641e+01 2.483941765319804063e+01
1.801664213246928048e+00 2.526204942697677325e+02 6.526659709994602565e+01 2.254296275873011268e+01
2.008903693258128342e+00 2.196353753521912040e+02 5.838095084696424664e+01 2.047356984961354698e+01
2.239981245735629400e+00 1.890556782356973997e+02 5.176976870977220102e+01 1.856548004370879568e+01
2.497638885371206374e+00 1.610940906184419248e+02 4.544478132785685176e+01 1.677064352895733279e+01
2.784934031744384253e+00 1.359647811948812262e+02 3.945670882009357427e+01 1.505913521055060400e+01
3.105275789304232426e+00 1.137940478408457921e+02 3.387005254977790258e+01 1.341526233562454706e+01
3.462465400517639402e+00 9.455906265779036346e+01 2.875156534279436116e+01 1.183715720945110306e+01
3.860741352209485999e+00 7.811917097552702671e+01 2.415343322472200072e+01 1.033215300008555104e+01
4.304829670336041580e+00 6.422792956963624533e+01 2.009998127504060861e+01 8.914544196855088032e+00
4.799999999999999822e+00 5.258956351220676595e+01 1.658957667140317227e+01 7.600908679749125874e+00
