1.000000000230258569e-04 3.265267924074863117e+02 1.395562897035100889e+02 7.640491624080279109e+01
1.122634227564673579e-04 3.660224138525507556e+02 1.564700114491756153e+02 8.566971380108664391e+01
1.260307608609534901e-04 4.102644161662059332e+02 1.754284083105909815e+02 9.605634102782543948e+01
1.414864458359461712e-04 4.598140253835845215e+02 1.966769843367413557e+02 1.077000837793197547e+02
1.588375267953347550e-04 5.152970643314047265e+02 2.204900633258980918e+02 1.207522734334124976e+02
1.783164441611049004e-04 5.774110965317419186e+02 2.471739448641656907e+02 1.353820883790583878e+02
2.001841435067871621e-04 6.469336229019473876e+02 2.770708379825386487e+02 1.517787541097571875e+02
2.247335712646909519e-04 7.247369072144938400e+02 3.105629341197360418e+02 1.701535895434920462e+02
2.522935991264941354e-04 8.118002221091602451e+02 3.480769409519107285e+02 1.907424793916504484e+02
2.832334297096662638e-04 9.092202806019815853e+02 3.900892464404597035e+02 2.138088156072289223e+02
3.179675425093897337e-04 1.018245500446960477e+03 4.371326381785737567e+02 2.396460618407728589e+02
3.569612463934728852e-04 1.140295050615031187e+03 4.898027014789351483e+02 2.685811104706594961e+02
4.007369130231864672e-04 1.276971674898038600e+03 5.487644849860835166e+02 3.009780523800167202e+02
4.498809747048478080e-04 1.430085548475934274e+03 6.147606749655792555e+02 3.372409247303476150e+02
5.050517804175268938e-04 1.601683605778291394e+03 6.886204061350711072e+02 3.778182042618793162e+02
5.669884152586394726e-04 1.794064142975415052e+03 7.712660301750474900e+02 4.232067893942203796e+02
6.365206014554368984e-04 2.009716837196497409e+03 8.637087606975574090e+02 4.739515413789873151e+02
7.145798135793877959e-04 2.251382327778203944e+03 9.670632835276205697e+02 5.306516400895568495e+02
8.022117568662883325e-04 2.522047898944574627e+03 1.082549640857331497e+03 5.939625064295196353e+02
9.005903758055168549e-04 2.824786253066956760e+03 1.211463529892997258e+03 6.645867021391981098e+02
1.011033580661806338e-03 3.162839123919498888e+03 1.355198881831975086e+03 7.432829553656624739e+02
1.135020902606864940e-03 3.539626593925378984e+03 1.515240305403809316e+03 8.308619998671841813e+02
1.274213313974418031e-03 3.958699409313500382e+03 1.693125306151205905e+03 9.281684964592645883e+02
1.430475479156914512e-03 4.423720373776642191e+03 1.890458635266166311e+03 1.036089244454679601e+03
1.605900734223756829e-03 4.938426981834367325e+03 2.108882571448946692e+03 1.155533292352406306e+03
1.802839129895710598e-03 5.506580237216891874e+03 2.350027403079877786e+03 1.287399429981665889e+03
2.023928913547812410e-03 6.131887135791543187e+03 2.615506783747825466e+03 1.432579828471994688e+03
2.272131871983379750e-03 6.817832210578424565e+03 2.906834154025191310e+03 1.591910779398026989e+03
2.550773008441800313e-03 7.567502711170065595e+03 3.225334602399047071e+03 1.766120788893628514e+03
2.863585085365514225e-03 8.383513118846760335e+03 3.572125942587930695e+03 1.955824508104972210e+03
3.214758629634808552e-03 9.267590147998069369e+03 3.947944371537162624e+03 2.161429038261121605e+03
3.608998070155939632e-03 1.022027593984204941e+04 4.353017038752261215e+03 2.383064662519086596e+03
4.051584759838999447e-03 1.124083165499884853e+04 4.787035349515875168e+03 2.620563500237252356e+03
4.548447726227339283e-03 1.232666767473198888e+04 5.248869303207635312e+03 2.873309663620409083e+03
5.106243098575769836e-03 1.347283726594883228e+04 5.736472849275520275e+03 3.140163334191723607e+03
5.732443275407110572e-03 1.467161891064128031e+04 6.246534411140253724e+03 3.419343586134080851e+03
6.435437027063155117e-03 1.591202339564285467e+04 6.774368654009315833e+03 3.708279251343721626e+03
7.224641874254610074e-03 1.717894544293441868e+04 7.313548052230152280e+03 4.003455679797178163e+03
8.110630248067678127e-03 1.845355935173451144e+04 7.856058571870786182e+03 4.300488961040497088e+03
9.105271121505569346e-03 1.970887282748760845e+04 8.390404268946060256e+03 4.593086351963999732e+03
1.022188900990466699e-02 2.091384442605754157e+04 8.903361040518797381e+03 4.874011924236645427e+03
1.147544247024383408e-02 2.203314462951290989e+04 9.379881473787558207e+03 5.135028896854647428e+03
1.288272449057868002e-02 2.302312056352410946e+04 9.801361547889042413e+03 5.365956447771881358e+03
1.446258745407916733e-02 2.383454909361890896e+04 1.014680554965642295e+04 5.555292428986297637e+03
1.623619569135818438e-02 2.441508706670269385e+04 1.039390058717723696e+04 5.690813613823026571e+03
1.822730900435978393e-02 2.471171008950581017e+04 1.052002808885666673e+04 5.760129592927271005e+03
2.046260095998037737e-02 2.467677164887693289e+04 1.050480440653632104e+04 5.752054514709418072e+03
2.297201621738221775e-02 2.427647598768269745e+04 1.033375540577367610e+04 5.658633791375026703e+03
2.578917167586586637e-02 2.350143215194047298e+04 1.000277369241109955e+04 5.477607437596174350e+03
2.895180681720203528e-02 2.237806085831811288e+04 9.522968417711694201e+03 5.215023388089064611e+03
3.250228927534733192e-02 2.097749469946794852e+04 8.924481656954938444e+03 4.887350491014587533e+03
3.648818240631140908e-02 1.941598355174038079e+04 8.256688908104699294e+03 4.521618949619477462e+03
4.096288246151627566e-02 1.784014899608510677e+04 7.581891205033342885e+03 4.151928463184955035e+03
4.598633390041809155e-02 1.639357216216390589e+04 6.961106333626369633e+03 3.811691343218676138e+03
5.162583242493973962e-02 1.516695884328865213e+04 6.432818069316214860e+03 3.521976576206930531e+03
5.795692649341043640e-02 1.414912542053211837e+04 5.992080093904889509e+03 3.280060632679594164e+03
6.506442939097074885e-02 1.317275888706362093e+04 5.567383561864925468e+03 3.046739149154189363e+03
7.304355541444980393e-02 1.200456618176353732e+04 5.059076166768197254e+03 2.767373938229712167e+03
8.200119539239680844e-02 1.051719155347548258e+04 4.412712106496535853e+03 2.412086130759483694e+03
9.205734862752627812e-02 8.900854716790587190e+03 3.709294038010822987e+03 2.025220330454967780e+03
1.033467304443183715e-01 7.580596157665901046e+03 3.130158283894087162e+03 1.706128081983042421e+03
1.160205768769771578e-01 6.765909536908789960e+03 2.764953716300779433e+03 1.503922053150896318e+03
1.302486706739022226e-01 6.123915207201686826e+03 2.472240250634543827e+03 1.341062171523007692e+03
1.462216157596530064e-01 5.225804950453663878e+03 2.069986608564958260e+03 1.117772993535157866e+03
1.641533906237988560e-01 4.356264567890913895e+03 1.680647219110878268e+03 9.011981197441026552e+02
1.842842148426375448e-01 3.880598915706273601e+03 1.460952706119933055e+03 7.772922838796878295e+02
2.068837671345900298e-01 3.393408647035490048e+03 1.239147647692412193e+03 6.520265175824540620e+02
2.322547980593316352e-01 2.885077148051148470e+03 1.012073845413760068e+03 5.238522069646005548e+02
2.607371857574901086e-01 2.573765160301898959e+03 8.725874704903524162e+02 4.437889752236065419e+02
2.927124890628471365e-01 2.227212632870059679e+03 7.221763859406279380e+02 3.581335612692369068e+02
3.286090589819373742e-01 1.982261662877772324e+03 6.184130103465363391e+02 2.985695544613244010e+02
3.689077770159973624e-01 1.748725848140634071e+03 5.226403821204482938e+02 2.440965767820964061e+02
4.141484971975938345e-01 1.559949467473694767e+03 4.483052040313732505e+02 2.020969323075432840e+02
4.649372781414354283e-01 1.397958057976617738e+03 3.873964527049960225e+02 1.681780464643027244e+02
5.219545019921476570e-01 1.256429862043951061e+03 3.369767038188162473e+02 1.406787543019828490e+02
5.859639890329354506e-01 1.132443580014988356e+03 2.955643025157689863e+02 1.186950581376580374e+02
6.578232300572349756e-01 1.021974535418669007e+03 2.612948690456996133e+02 1.011241364850856428e+02
7.384948735793578356e-01 9.217736639128298748e+02 2.326154915216006032e+02 8.704632044778416855e+01
8.290596217703356530e-01 8.292325398586167466e+02 2.082074232959856488e+02 7.569675404407168173e+01
9.307307078768926045e-01 7.427225779354681663e+02 1.870640779048049467e+02 6.648689124307205134e+01
1.044870149067508081e+00 6.611331993352625886e+02 1.683167166810307265e+02 5.891768309662661807e+01
1.173006992433692330e+00 5.839635971784250614e+02 1.512939930672873743e+02 5.259073128165383793e+01
1.316857798575541416e+00 5.111559796992242468e+02 1.354949940533928441e+02 4.718837249892401076e+01
1.478349637175967013e+00 4.429158087500872512e+02 1.205899664454427125e+02 4.245874708369301942e+01
1.659645902619409696e+00 3.795812379150615357e+02 1.063932478617439727e+02 3.820663852243725955e+01
1.863175295489004624e+00 3.216083272670746283e+02 9.286838366970616221e+01 3.428710954826143364e+01
2.091664358187257822e+00 2.694032042020139102e+02 8.007272107744033462e+01 3.060025158627560415e+01
2.348174000537423645e+00 2.233640853458389870e+02 6.815101625774410365e+01 2.709039407625681051e+01
2.636140504673786467e+00 1.835704964594162334e+02 5.725179439557459204e+01 2.373608193753469564e+01
2.959421558534973240e+00 1.497898899927677405e+02 4.751214069103849624e+01 2.054768358053144794e+01
3.322347934639153344e+00 1.215306744694207879e+02 3.899791968563674516e+01 1.755310509380909778e+01
3.729781506445900785e+00 9.814191862994736937e+01 3.170823985373040799e+01 1.479184602082838040e+01
4.187180379509764627e+00 7.892977773652458495e+01 2.557524594510523386e+01 1.229962239684222780e+01
4.700672009942531204e+00 6.322109384296753376e+01 2.048831353110841036e+01 1.010251953498759470e+01
5.277135289701610610e+00 5.043052131000629856e+01 1.631706246540721850e+01 8.208271671606027553e+00
5.924292698344328478e+00 4.005805696507496805e+01 1.292790303954734199e+01 6.608231221651137410e+00
6.650813755741415534e+00 3.168349548251403291e+01 1.019428070305825607e+01 5.279223788618907953e+00
7.466431161634059954e+00 2.495306757778495665e+01 8.002839900491506953e+00 4.190349020256229018e+00
8.382071177875818790e+00 1.956883167327711348e+01 6.255576599932695991e+00 3.306844182665197085e+00
9.410000000000001918e+00 1.528139188894588152e+01 4.869438632872349793e+00 2.595553185193237411e+00
