1.000000000230258569e-04 2.256970814786708672e+02 9.397721049590984421e+01 5.148270902165076990e+01
1.115026695290953366e-04 2.504773868172648008e+02 1.042889541674804548e+02 5.713252793278496711e+01
1.243284530925187648e-04 2.779784887927772843e+02 1.157306930553674391e+02 6.340176819408306130e+01
1.386295441504667143e-04 3.084990070049391306e+02 1.284258010161552193e+02 7.035815426794202665e+01
1.545756424481938766e-04 3.423700269821648021e+02 1.425109356035480914e+02 7.807672535333135500e+01
1.723559677317991945e-04 3.799583939857240011e+02 1.581373703647760181e+02 8.664057418434069291e+01
1.921815050694108094e-04 4.216708635387406616e+02 1.754726532299326607e+02 9.614176449926611667e+01
2.142875084442451923e-04 4.679576316531914131e+02 1.947022164098251551e+02 1.066822058319934001e+02
2.389362923277018713e-04 5.193160311049238089e+02 2.160311143096354556e+02 1.183745944423686751e+02
2.664203443578849946e-04 5.762964024106050829e+02 2.396862173608411126e+02 1.313436450782445490e+02
2.970657960592480913e-04 6.395060739330463093e+02 2.659183602571677056e+02 1.457271944353399533e+02
3.312362927876497001e-04 7.096126725794571257e+02 2.950046086498088584e+02 1.616773097225162132e+02
3.693373088223966556e-04 7.873521908125755999e+02 3.272511212242530974e+02 1.793619463194550008e+02
4.118209588090659132e-04 8.735345733912848800e+02 3.629958203110218733e+02 1.989662755358370987e+02
4.591913626466918256e-04 9.690480826159771368e+02 4.026109791872075334e+02 2.206938004825628354e+02
5.120106274801957584e-04 1.074868360279524040e+03 4.465070782927309097e+02 2.447685616958285948e+02
5.709055177816341068e-04 1.192064644185664065e+03 4.951349976231349501e+02 2.714363724846459718e+02
6.365748926688486646e-04 1.321803082205007286e+03 5.489858515193031963e+02 3.009648650825017739e+02
7.097979987143026312e-04 1.465357643013291636e+03 6.085971514751161067e+02 3.336466038251663235e+02
7.914437166483044659e-04 1.624112896440501800e+03 6.745533200143711383e+02 3.697995868286953964e+02
8.824808716799498404e-04 1.799552267374044732e+03 7.474767886802144403e+02 4.097634700938538117e+02
9.839897297802024153e-04 1.993274478231695184e+03 8.280370146510031191e+02 4.539038828051776591e+02
1.097174816344422205e-03 2.206989995750179332e+03 9.169494592766279766e+02 5.026118899199576617e+02
1.223379209343287413e-03 2.442475655101384746e+03 1.014955877437140771e+03 5.562940829436641934e+02
1.364100476567608111e-03 2.701594285558606316e+03 1.122832219112767234e+03 6.153767326036584109e+02
1.521008446081769522e-03 2.986283446020132942e+03 1.241383802662446442e+03 6.803030174131305330e+02
1.695965020753673102e-03 3.298467528033154395e+03 1.371409736550531761e+03 7.515128779805669410e+02
1.891046271984591709e-03 3.640066805365118398e+03 1.513705346868104925e+03 8.294449351479603365e+02
2.108567074807741158e-03 4.012973183337570390e+03 1.669051923397859355e+03 9.145308704394610686e+02
2.351108576680822643e-03 4.418915241116777906e+03 1.838165814870051008e+03 1.007164923208663026e+03
2.621548825923003187e-03 4.859440523854140338e+03 2.021688852350602701e+03 1.107699518212271414e+03
2.923096923239734257e-03 5.335869873771890525e+03 2.220168163737327177e+03 1.216435261079557904e+03
3.259331101584665453e-03 5.849098454686132754e+03 2.433979531334943204e+03 1.333580813871787086e+03
3.634241186222156913e-03 6.399543919447485678e+03 2.663304654841417687e+03 1.459240035723807978e+03
4.052275938830490927e-03 6.987096452303835576e+03 2.908100498533176051e+03 1.593392113638967430e+03
4.518395847440812539e-03 7.610819511928412794e+03 3.167987931172407116e+03 1.735834655635021363e+03
5.038131988628217865e-03 8.268956051606866822e+03 3.442218761381488093e+03 1.886149893497624817e+03
5.617651660426248826e-03 8.958428999487749024e+03 3.729543709970832879e+03 2.043664985148958976e+03
6.263831564778516575e-03 9.674734094696175816e+03 4.028091665614054818e+03 2.207358117498860338e+03
6.984339407925946493e-03 1.041242235569944205e+04 4.335604099488818974e+03 2.376000751413554099e+03
7.787724887016851671e-03 1.116140219908228937e+04 4.647886158331441948e+03 2.547293721371697302e+03
8.683521142606049834e-03 1.191099574807863974e+04 4.960490465074542954e+03 2.718800457505402392e+03
9.682357880899711625e-03 1.264921396075962184e+04 5.268437385186567553e+03 2.887799219551769966e+03
1.079608750807801998e-02 1.336005543615971328e+04 5.565070892375882067e+03 3.050649822939449223e+03
1.203792577343234388e-02 1.402352677971761841e+04 5.842059118637032043e+03 3.202781360396947093e+03
1.342260859021738965e-02 1.461746741532832493e+04 6.090163408037380577e+03 3.339121553672737718e+03
1.496656689508787767e-02 1.511640512718858554e+04 6.298767800546044782e+03 3.453846909966410749e+03
1.668812162103823840e-02 1.549248396166787097e+04 6.456258386341286496e+03 3.540591754159412631e+03
1.860770109743517184e-02 1.571700014556407586e+04 6.550610264557353730e+03 3.592740665241325132e+03
2.074808345685756270e-02 1.576286954318530661e+04 6.570484957018089517e+03 3.604047925795693573e+03
2.313466692519383291e-02 1.560789663061423562e+04 6.506597064246937407e+03 3.569419365452881266e+03
2.579577120231610690e-02 1.523944776124446616e+04 6.353587943415452173e+03 3.485890219179668748e+03
2.876297350957714855e-02 1.466034642279368200e+04 6.112534916346146929e+03 3.354011287543824437e+03
3.207148329174031032e-02 1.389454669668276256e+04 5.793371683547099565e+03 3.179217257030073142e+03
3.576056001963404812e-02 1.298982551385221814e+04 5.415942711369672907e+03 2.972384068832467165e+03
3.987397905126498221e-02 1.201588146454603338e+04 5.009261454000738922e+03 2.749417469204315694e+03
4.446055107939526907e-02 1.105480638272598480e+04 4.607527643740149870e+03 2.529084548807504234e+03
4.957470132945773766e-02 1.018288227215379447e+04 4.242538836937176711e+03 2.328842576195241691e+03
5.527711538069327024e-02 9.446926873899099519e+03 3.933801988389756843e+03 2.159405110779369807e+03
6.163545927395905344e-02 8.833602606443844707e+03 3.675704936467752304e+03 2.017696477047709550e+03
6.872518245115814828e-02 8.257058489191766057e+03 3.432332994090260854e+03 1.883993341182104132e+03
7.663041305413779980e-02 7.585810055127881242e+03 3.148683448209368180e+03 1.728080417439512303e+03
8.544495620686157200e-02 6.728878084067672717e+03 2.786649225107471011e+03 1.529012421258317318e+03
9.527340712667957401e-02 5.749379235161735778e+03 2.372514711588661612e+03 1.301211948067425965e+03
1.062323922731101822e-01 4.868276762141462314e+03 1.998579109957699757e+03 1.095373768980825389e+03
1.184519532618636822e-01 4.274089694256837902e+03 1.743641973951254840e+03 9.547866675076273850e+02
1.320770899659224340e-01 3.896370121324204320e+03 1.578331215101209636e+03 8.633119499238295020e+02
1.472694811144383831e-01 3.447770716010096749e+03 1.382686042814958455e+03 7.550309244943364320e+02
1.642094028064348954e-01 2.861558022249461828e+03 1.129030547905252206e+03 6.147274407250583863e+02
1.830978677048002712e-01 2.432619640543014611e+03 9.409550055756976690e+02 5.103090025370925105e+02
2.041590102946942431e-01 2.192753632919320808e+03 8.320718670729638688e+02 4.492563334716202803e+02
2.276427465103479653e-01 1.869433703210932208e+03 6.889717202466829349e+02 3.692749250985085041e+02
2.538277392899435103e-01 1.599209668185062583e+03 5.691534145042611499e+02 3.019923580233333951e+02
2.830247052484705095e-01 1.423822311221282462e+03 4.902524447520253830e+02 2.571309238830364734e+02
3.155801017062329072e-01 1.222188775176562558e+03 4.020575075377300891e+02 2.071839231757322182e+02
3.518802378240603601e-01 1.088351253960539452e+03 3.436683277603133888e+02 1.736772484896634694e+02
3.923558586288135031e-01 9.547148597570949278e+02 2.870386900795048177e+02 1.413090049064279299e+02
4.374872563241952172e-01 8.511845092465267726e+02 2.442580258514292950e+02 1.167491695632460988e+02
4.878099695387512202e-01 7.621461002503076543e+02 2.087069146729515978e+02 9.641418288538424974e+01
5.439211381395319123e-01 6.850493524661463880e+02 1.791761055706415391e+02 7.966080881001892067e+01
6.064865890189676811e-01 6.193542047569239912e+02 1.552585035903797461e+02 6.625320130269521712e+01
6.762487369363893164e-01 5.623013515225603669e+02 1.357174834810775224e+02 5.549451777844078038e+01
7.540353941672404137e-01 5.119681138511709833e+02 1.196707339251294542e+02 4.687104154288358160e+01
8.407695934971151086e-01 4.668005999594955142e+02 1.064219027520717731e+02 3.997326390622836811e+01
9.374805411223435803e-01 4.253493624316556634e+02 9.532669409516113035e+01 3.442736175392746389e+01
1.045315829426528564e+00 3.866778960308831756e+02 8.591496521008680531e+01 2.995794734708387708e+01
1.165555054552403824e+00 3.501200310311245971e+02 7.780264437640923347e+01 2.633974455879805987e+01
1.299625000357985227e+00 3.152239796132531069e+02 7.065279680156770326e+01 2.337943609723216909e+01
1.449116568932995452e+00 2.817744997836310858e+02 6.420307871879940365e+01 2.092513680939471143e+01
1.615803658576671964e+00 2.497922291045526322e+02 5.825001148338490253e+01 1.885295790831258245e+01
1.801664213246928048e+00 2.194028380805430629e+02 5.264726177471187896e+01 1.706650955800260760e+01
2.008903693258128342e+00 1.908204704474252367e+02 4.729908589028876520e+01 1.548775836246241155e+01
2.239981245735629400e+00 1.642656119035247855e+02 4.215477183564953378e+01 1.405743962884204379e+01
2.497638885371206374e+00 1.399666987454219793e+02 3.720976462854701339e+01 1.273147434780830167e+01
2.784934031744384253e+00 1.180869492109421657e+02 3.248617601485969431e+01 1.147919734566847083e+01
3.105275789304232426e+00 9.875169575519424825e+01 2.803430983798491383e+01 1.028282066962548669e+01
3.462465400517639402e+00 8.195855292833974204e+01 2.390576453518722388e+01 9.133923875728484632e+00
3.860741352209485999e+00 6.759136254181051129e+01 2.015480428238964450e+01 8.033856179960640276e+00
4.304829670336041580e+00 5.545471325802073181e+01 1.681491056549351271e+01 6.988713449875520567e+00
4.799999999999999822e+00 4.529443631669229120e+01 1.389949412286473596e+01 6.009496863950777978e+00
