1.000000000230258569e-04 3.226056107982956291e+02 1.316687886042045079e+02 7.198335506288431418e+01
1.115026695290953366e-04 3.582019384600069998e+02 1.461984671162520613e+02 7.992448626271277590e+01
1.243284530925187648e-04 3.977263446558438318e+02 1.623320477961305812e+02 8.874143665523119751e+01
1.386295441504667143e-04 4.416121030630118867e+02 1.802466658083224615e+02 9.853068207822826707e+01
1.545756424481938766e-04 4.903402311172343957e+02 2.001390309139631540e+02 1.093993026540857869e+02
1.723559677317991945e-04 5.444444471841294444e+02 2.222275020820347038e+02 1.214661028680465762e+02
1.921815050694108094e-04 6.045158342791324912e+02 2.467541366505691656e+02 1.348627353257682842e+02
2.142875084442451923e-04 6.712096430039962343e+02 2.739874621863954758e+02 1.497351772278857993e+02
2.389362923277018713e-04 7.452514799967165118e+02 3.042251167256080748e+02 1.662452014581764956e+02
2.664203443578849946e-04 8.274401492177687487e+02 3.377954659234728183e+02 1.845715364432583101e+02
2.970657960592480913e-04 9.186572025305224543e+02 3.750615030480824430e+02 2.049118877360466797e+02
3.312362927876497001e-04 1.019874460422756670e+03 4.164240099488096121e+02 2.274847573843129851e+02
3.693373088223966556e-04 1.132150805418857090e+03 4.623204943227190711e+02 2.525298040666530142e+02
4.118209588090659132e-04 1.256644040600266635e+03 5.132302827746162848e+02 2.803105173986746763e+02
4.591913626466918256e-04 1.394620419888568676e+03 5.696785828762904202e+02 3.111164602996062172e+02
5.120106274801957584e-04 1.547445051653644214e+03 6.322319700889008800e+02 3.452615890671268630e+02
5.709055177816341068e-04 1.716592547917074171e+03 7.015032232543135251e+02 3.830871847623064355e+02
6.365748926688486646e-04 1.903660080916121842e+03 7.781566040663428794e+02 4.249646876027019857e+02
7.097979987143026312e-04 2.110378737380874554e+03 8.629066407461605195e+02 4.712922981255659352e+02
7.914437166483044659e-04 2.338618960475422227e+03 9.565206275651931946e+02 5.224969673041144915e+02
8.824808716799498404e-04 2.590394717646057416e+03 1.059821815397425326e+03 5.790371655983606161e+02
9.839897297802024153e-04 2.867875431827941156e+03 1.173690902771899800e+03 6.413987253536793105e+02
1.097174816344422205e-03 3.173391013328854569e+03 1.299066695117831159e+03 7.100947827301433790e+02
1.223379209343287413e-03 3.509425319881929681e+03 1.436944010478898917e+03 7.856664782313092701e+02
1.364100476567608111e-03 3.878507069364058225e+03 1.588344561788877172e+03 8.686696387694271380e+02
1.521008446081769522e-03 4.283186488242985433e+03 1.754308889518096976e+03 9.596700363486858123e+02
1.695965020753673102e-03 4.726066174725011479e+03 1.935899998704376685e+03 1.059243105108124610e+03
1.891046271984591709e-03 5.209609135880117719e+03 2.134126202043629291e+03 1.167935882214519324e+03
2.108567074807741158e-03 5.736049451439643235e+03 2.349905511629160173e+03 1.286248357156052407e+03
2.351108576680822643e-03 6.307425049916264470e+03 2.584079038506918550e+03 1.414637756144267769e+03
2.621548825923003187e-03 6.925355364694956734e+03 2.837317400157008251e+03 1.553471416457250825e+03
2.923096923239734257e-03 7.590884489600640336e+03 3.110055906391360168e+03 1.702993277361567607e+03
3.259331101584665453e-03 8.304472832014991582e+03 3.402494434410678423e+03 1.863320947670897112e+03
3.634241186222156913e-03 9.065771400020395959e+03 3.714507840544210467e+03 2.034388166464101687e+03
4.052275938830490927e-03 9.873425700018749922e+03 4.045567646256631178e+03 2.215896803130470744e+03
4.518395847440812539e-03 1.072500120574036373e+04 4.394710274240701438e+03 2.407310968986726948e+03
5.038131988628217865e-03 1.161647708127194710e+04 4.760282457661269291e+03 2.607784713585406735e+03
5.617651660426248826e-03 1.254241145574772600e+04 5.140041042606188967e+03 2.816068190550943200e+03
6.263831564778516575e-03 1.349524518165671179e+04 5.530917932852803460e+03 3.030478919177607622e+03
6.984339407925946493e-03 1.446587491655396661e+04 5.929211169926796174e+03 3.249006575065969173e+03
7.787724887016851671e-03 1.543900738656923204e+04 6.328647251419794884e+03 3.468211671153496809e+03
8.683521142606049834e-03 1.639853961848999825e+04 6.722630482510445290e+03 3.684483975637945605e+03
9.682357880899711625e-03 1.732849916354584275e+04 7.104632953290931255e+03 3.894257370882214218e+03
1.079608750807801998e-02 1.820660648586522075e+04 7.465530727704416677e+03 4.092544213385401690e+03
1.203792577343234388e-02 1.900627334553940818e+04 7.794393652055753591e+03 4.273340689623983963e+03
1.342260859021738965e-02 1.969911926928024332e+04 8.079574698006878862e+03 4.430250399245581320e+03
1.496656689508787767e-02 2.025343807970314083e+04 8.308066225302642124e+03 4.556133822178626360e+03
1.668812162103823840e-02 2.063520068308673217e+04 8.465886714872634911e+03 4.643329049597331505e+03
1.860770109743517184e-02 2.081061357775793294e+04 8.539060294718463410e+03 4.684121042240971292e+03
2.074808345685756270e-02 2.074885579569976835e+04 8.514869801119761178e+03 4.671499203481942459e+03
2.313466692519383291e-02 2.042583817947641001e+04 8.383365403322934071e+03 4.600008593470496635e+03
2.579577120231610690e-02 1.982974651852576426e+04 8.139536590404891285e+03 4.466850854712525688e+03
2.876297350957714855e-02 1.896811762320006892e+04 7.786319522608204352e+03 4.273572444616691428e+03
3.207148329174031032e-02 1.787416984438887448e+04 7.337274691518749933e+03 4.027605884987668105e+03
3.576056001963404812e-02 1.660978761488867895e+04 6.817671576491465203e+03 3.742793803978076085e+03
3.987397905126498221e-02 1.526321673422347158e+04 6.263677010078663443e+03 3.438970457944039026e+03
4.446055107939526907e-02 1.393798198601260992e+04 5.717743904433053103e+03 3.139438144876665319e+03
4.957470132945773766e-02 1.273166593165021732e+04 5.219914904692787786e+03 2.866190223372872879e+03
5.527711538069327024e-02 1.170658113246206995e+04 4.795754252490900399e+03 2.633275479339663434e+03
6.163545927395905344e-02 1.085776396238694360e+04 4.443158740304063940e+03 2.439547412528836048e+03
6.872518245115814828e-02 1.010332297966148872e+04 4.128362147291428300e+03 2.266457881821406772e+03
7.663041305413779980e-02 9.271082585403211851e+03 3.780422290598160998e+03 2.075017256718867884e+03
8.544495620686157200e-02 8.238659175014581706e+03 3.348863712163302353e+03 1.837471226559490333e+03
9.527340712667957401e-02 7.043352110765488760e+03 2.848945417818557416e+03 1.562183049348694567e+03
1.062323922731101822e-01 5.923150660010262982e+03 2.378614783760887804e+03 1.302968770689617713e+03
1.184519532618636822e-01 5.126694021149329274e+03 2.040336025466691126e+03 1.116142381487686635e+03
1.320770899659224340e-01 4.636757469473593119e+03 1.827189684441113286e+03 9.978961281810395576e+02
1.472694811144383831e-01 4.143629214924412736e+03 1.611981638798329868e+03 8.783061157246725088e+02
1.642094028064348954e-01 3.479492440837380400e+03 1.326113892704087903e+03 7.196603769608848324e+02
1.830978677048002712e-01 2.925529167573058203e+03 1.085843687571559485e+03 5.858687125783094416e+02
2.041590102946942431e-01 2.623395611314234429e+03 9.500933621214818459e+02 5.093451620257267223e+02
2.276427465103479653e-01 2.286470247920934526e+03 8.015079098674075340e+02 4.256205588801726662e+02
2.538277392899435103e-01 1.949157582047600044e+03 6.547576069527002574e+02 3.428268584105298373e+02
2.830247052484705095e-01 1.744079980119581705e+03 5.645131499844832206e+02 2.910786858598564208e+02
3.155801017062329072e-01 1.516999021803324695e+03 4.677245562525926061e+02 2.358598520156646998e+02
3.518802378240603601e-01 1.354023969965258402e+03 3.993101290365112277e+02 1.964148450229304217e+02
3.923558586288135031e-01 1.200674095581066922e+03 3.369424023550886318e+02 1.606038377520516462e+02
4.374872563241952172e-01 1.079669398994384437e+03 2.894595626238701698e+02 1.333111994075049154e+02
4.878099695387512202e-01 9.723821811003773519e+02 2.491316611390987816e+02 1.103443733907018469e+02
5.439211381395319123e-01 8.806084719175629516e+02 2.164132646197805059e+02 9.193503260423577217e+01
6.064865890189676811e-01 8.010168009226974846e+02 1.897886699214340354e+02 7.722205663550602139e+01
6.762487369363893164e-01 7.304520055690962863e+02 1.678813502134147768e+02 6.541437456045045451e+01
7.540353941672404137e-01 6.667868763433008326e+02 1.497502131815005839e+02 5.595689440025147832e+01
8.407695934971151086e-01 6.082018312341353976e+02 1.345711826721932312e+02 4.836432772563334481e+01
9.374805411223435803e-01 5.533257410269296770e+02 1.216820007430988255e+02 4.225001448179936858e+01
1.045315829426528564e+00 5.012021345673402948e+02 1.105409741883139247e+02 3.729848165081273947e+01
1.165555054552403824e+00 4.512051243997493089e+02 1.006857248914547256e+02 3.324530753281587181e+01
1.299625000357985227e+00 4.030809360899254443e+02 9.175346086994473183e+01 2.988020406191820655e+01
1.449116568932995452e+00 3.568755486578842238e+02 8.346214860833374871e+01 2.703346111667794816e+01
1.615803658576671964e+00 3.128245047986558802e+02 7.560817254226957118e+01 2.457042332495937487e+01
1.801664213246928048e+00 2.712776696036403905e+02 6.805555966616076091e+01 2.238282627402847780e+01
2.008903693258128342e+00 2.326344456216121159e+02 6.074010486321724755e+01 2.038814440925458271e+01
2.239981245735629400e+00 1.972713606943693492e+02 5.365628871857008875e+01 1.852454927786443761e+01
2.497638885371206374e+00 1.655167366864376675e+02 4.684943623179190553e+01 1.674999029723552368e+01
2.784934031744384253e+00 1.375780109313480466e+02 4.039588671628020222e+01 1.503903585220601791e+01
3.105275789304232426e+00 1.134561909945600178e+02 3.438850477704924913e+01 1.338222099223023775e+01
3.462465400517639402e+00 9.298272467312489198e+01 2.891436407364336958e+01 1.178237894497671334e+01
3.860741352209485999e+00 7.582611833467915119e+01 2.403617044036644756e+01 1.025228592717902920e+01
4.304829670336041580e+00 6.158070374104163847e+01 1.978420321823285022e+01 8.809865297494892999e+00
4.799999999999999822e+00 4.982602626111692956e+01 1.614783670338251653e+01 7.474892978398333554e+00
