1.000000000230258569e-04 2.180185301483278181e+03 1.124624631667831181e+03 6.519627367787464891e+02
1.115486563971542785e-04 2.436881822014448517e+03 1.257487937572771671e+03 7.291691250914434477e+02
1.244310274114527074e-04 2.723407209657381827e+03 1.405909983233691491e+03 8.154720883502418474e+02
1.388011391866901154e-04 3.043148667973737247e+03 1.571676959867481401e+03 9.119290220382642929e+02
1.548308057910457113e-04 3.399892178251130190e+03 1.756778061203518973e+03 1.019717101216197761e+03
1.727116835090306587e-04 3.797916348052778176e+03 1.963435623369907034e+03 1.140145745837840423e+03
1.926575623508681512e-04 4.242012301380935241e+03 2.194124467439467026e+03 1.274671480179099262e+03
2.149069222004190347e-04 4.737589778186448711e+03 2.451611931547809036e+03 1.424914743432861769e+03
2.397257841638464457e-04 5.290870217143888112e+03 2.739020870622943676e+03 1.592679411139362628e+03
2.674108912107391479e-04 5.908918876908689526e+03 3.059851816344092185e+03 1.779971288849527355e+03
2.982932561365508645e-04 6.599719239194017064e+03 3.418022636616956333e+03 1.989017461386114064e+03
3.327421192670277522e-04 7.372230820767774276e+03 3.817915199746123108e+03 2.222284308516160763e+03
3.711693632243215748e-04 8.236578665731767614e+03 4.264436023075820231e+03 2.482505782049566278e+03
4.140344375392690035e-04 9.203998797042691876e+03 4.763013164360761039e+03 2.772691017020295476e+03
4.618498519902246974e-04 1.028622875410662164e+04 5.319434493273683074e+03 3.096083489602075133e+03
5.151873043487156757e-04 1.149596019194531254e+04 5.939999576241907562e+03 3.456214781626400054e+03
5.746845157973842983e-04 1.284678461797808450e+04 6.631494564960507887e+03 3.856894481303093926e+03
6.410528557468661917e-04 1.435219065410608891e+04 7.400801251804758977e+03 4.302058162968041870e+03
7.150858472165629249e-04 1.602587249080448237e+04 8.255043262076895189e+03 4.795830064961654898e+03
7.976686544726134401e-04 1.788171261753754879e+04 9.201554728768540372e+03 5.342493762202833750e+03
8.897886663605780169e-04 1.993333924375358765e+04 1.024750089851490520e+04 5.946245723065826496e+03
9.925473018708411317e-04 2.219385429896857750e+04 1.139984644900067360e+04 6.611208026133834210e+03
1.107173179088194286e-03 2.467544411009185569e+04 1.266518257428472498e+04 7.341334777759495410e+03
1.235036804978161722e-03 2.738877919395178469e+04 1.404914652317268701e+04 8.139981702877431417e+03
1.377666961646263968e-03 3.034247599877391622e+04 1.555624505781356675e+04 9.009846588711432560e+03
1.536768984990051967e-03 3.354226807211249252e+04 1.718951983832698170e+04 9.952793610210826955e+03
1.714245154289869167e-03 3.698889876641307637e+04 1.894952647711350073e+04 1.096914988514880679e+04
1.912217436523370962e-03 4.067760046025599149e+04 2.083404838773001029e+04 1.205756394984904364e+04
2.133052857342773462e-03 4.459742335130655556e+04 2.283766648397301833e+04 1.321483192596184381e+04
2.379391802059096454e-03 4.872891171751644288e+04 2.495009196280826654e+04 1.443528632421641487e+04
2.654179585009814029e-03 5.304347040122403268e+04 2.715590525665198220e+04 1.571057985463988371e+04
2.960701664764286197e-03 5.750335788507913094e+04 2.943626501631669453e+04 1.702932069572907858e+04
3.302622926212283368e-03 6.205967702970860410e+04 3.176768155878510152e+04 1.837762186225571349e+04
3.684031499205906151e-03 6.665348728212853894e+04 3.411909319180864259e+04 1.973802865486827068e+04
4.109487637665882979e-03 7.121516255817000638e+04 3.645493974934596190e+04 2.108996596969931124e+04
4.584078243567925488e-03 7.566393445068298024e+04 3.873401358574941696e+04 2.240966026739733206e+04
5.113477687716873853e-03 7.990794244335389521e+04 4.090941326991875394e+04 2.367003084675099308e+04
5.704015654503047893e-03 8.384283546739132726e+04 4.292785979996943206e+04 2.484032553379038654e+04
6.362752821816417166e-03 8.734484450044350524e+04 4.472611138367054082e+04 2.588402261045245541e+04
7.097565280973966440e-03 9.032305257608537795e+04 4.625767453352118901e+04 2.677423752590403456e+04
7.917238706014356406e-03 9.253158602675517614e+04 4.739656389167210727e+04 2.743797608043257424e+04
8.831573398280912271e-03 9.382755941488526878e+04 4.806956712011507625e+04 2.783283936421747421e+04
9.851501462242475554e-03 9.411395187400118448e+04 4.822667158560061944e+04 2.792972874005093036e+04
1.098921751354712747e-02 9.323652103440382052e+04 4.778841215556772659e+04 2.768238945928251997e+04
1.225832448210000328e-02 9.106521632824487460e+04 4.668762290120730177e+04 2.705167191092927169e+04
1.367399625343743499e-02 8.754094389144044544e+04 4.489339572103915998e+04 2.601938190035338630e+04
1.525315909299450497e-02 8.270033237023417314e+04 4.242370607972321886e+04 2.459563922993004962e+04
1.701469402243795462e-02 7.667840021533875552e+04 3.934671339648995490e+04 2.281927941721477691e+04
1.897966256774625410e-02 6.976179543686869147e+04 3.580897889623485389e+04 2.077500046141592247e+04
2.117155857815964867e-02 6.237615347721997387e+04 3.202822611714284722e+04 1.858865624784945612e+04
2.361658912683562567e-02 5.505652035912458086e+04 2.827867132674717141e+04 1.641897804911758067e+04
2.634398785175567220e-02 4.836587023264141317e+04 2.484913988868461092e+04 1.443350032486533746e+04
2.938636448329653983e-02 4.277549806525092572e+04 2.198217980014543718e+04 1.277336677537831383e+04
3.278009473753994152e-02 3.852477365512788674e+04 1.980126832291885876e+04 1.151063216429576278e+04
3.656575523702054742e-02 3.548551280556103302e+04 1.824109484147929106e+04 1.060776428679180208e+04
4.078860865897657173e-02 3.309226462274325604e+04 1.701094948017952993e+04 9.895979215463119544e+03
4.549914491170512637e-02 3.037387077212021904e+04 1.561039862305306997e+04 9.084094962588236740e+03
5.075368480951484434e-02 2.652366281426191927e+04 1.362278322998740623e+04 7.929211122409758900e+03
5.661505346402430361e-02 2.172223710374168513e+04 1.114001770843012491e+04 6.484384171042071102e+03
6.315333144310807112e-02 1.726788405534649792e+04 8.831539673311473962e+03 5.139526553647562650e+03
7.044669267860774464e-02 1.446717473629636515e+04 7.372527155983928424e+03 4.288556307052156626e+03
7.858233914112514040e-02 1.321819322473993270e+04 6.711603805955245662e+03 3.902076549906241326e+03
8.765754345719625751e-02 1.189199152177017822e+04 6.007771844030928150e+03 3.489721895039775063e+03
9.778081193473929511e-02 9.521033924981045857e+03 4.760977510801319113e+03 2.759516042942715103e+03
1.090731819023149224e-01 7.566147701634497025e+03 3.727292393069046284e+03 2.152753808110332102e+03
1.216696688736408766e-01 6.818185532906711160e+03 3.316827978080650610e+03 1.909114085498341410e+03
1.357208808401622890e-01 5.816201953211179898e+03 2.775429460965288854e+03 1.588375160658144750e+03
1.513948189927238619e-01 4.696852974725778040e+03 2.174898496794907260e+03 1.232570951857789396e+03
1.688788864024014236e-01 4.185005463022069307e+03 1.891283212967844747e+03 1.061596798393561357e+03
1.883821286769788717e-01 3.491974442960599390e+03 1.517876704651549744e+03 8.381600781940845764e+02
2.101377333831422056e-01 3.066373182547422402e+03 1.286323699573325030e+03 6.977400529637038744e+02
2.344058181183555356e-01 2.637780256095669301e+03 1.057658947294951076e+03 5.595556683428709448e+02
2.614765405675759102e-01 2.331853014062736747e+03 8.960585949779969042e+02 4.612324451172326008e+02
2.916735677297306317e-01 2.059628749669899662e+03 7.553808789472457192e+02 3.760183368644006805e+02
3.253579457932418983e-01 1.837195364159356359e+03 6.433230809252773952e+02 3.084515949608496612e+02
3.629324169301749725e-01 1.653951274881422250e+03 5.539608146496829022e+02 2.550641446908024363e+02
4.048462346221089470e-01 1.499534633657511222e+03 4.815890154956093738e+02 2.124655125084917984e+02
4.516005350914485406e-01 1.367875736170528626e+03 4.228545152991675877e+02 1.786128144645178395e+02
5.037543290608768043e-01 1.253079979685887565e+03 3.746284450166669444e+02 1.516066053295202209e+02
5.619311854805180140e-01 1.151134915107128791e+03 3.347417113126294339e+02 1.300930153053716936e+02
6.268266871357865977e-01 1.058583761500047331e+03 3.013346947027700935e+02 1.129107418142070003e+02
6.992167472777639503e-01 9.723306538298472788e+02 2.727711212295402561e+02 9.906912418626608030e+01
7.799668867126374749e-01 8.901527003859647493e+02 2.477818093208686321e+02 8.779253713301272910e+01
8.700425822703268253e-01 8.105659763403249372e+02 2.253835497305532840e+02 7.847487185791661091e+01
9.705208103821856280e-01 7.327817124726278735e+02 2.048175589341037153e+02 7.063151140963100261e+01
1.082602923786821769e+00 6.565826630150695564e+02 1.855135228490750308e+02 6.387486600370752399e+01
1.207629015322442267e+00 5.823506394611166570e+02 1.670993180769523860e+02 5.790556819422143775e+01
1.347093940544190405e+00 5.108418448462601873e+02 1.493655688701727229e+02 5.249353489229130787e+01
1.502665190738521561e+00 4.430440572662858472e+02 1.322619164211239422e+02 4.747306540924021334e+01
1.676202830030598223e+00 3.799478230770694722e+02 1.158510590856523663e+02 4.273023454163425328e+01
1.869781734959676811e+00 3.223745855125021080e+02 1.002869392908956030e+02 3.820115487670902610e+01
2.085716402426663674e+00 2.708734356994914947e+02 8.575893363593222318e+01 3.386030080863606173e+01
2.326588622626292402e+00 2.256554457554868236e+02 7.245646185876651657e+01 2.971511044815120073e+01
2.595278347831105226e+00 1.866304776455176579e+02 6.052688776751258359e+01 2.579322924170980968e+01
2.894998126105261083e+00 1.534222901306788458e+02 5.004455154701405917e+01 2.213388316429056957e+01
3.229331511649635278e+00 1.254872317222576328e+02 4.101076652661203781e+01 1.877637519301375590e+01
3.602275911025628830e+00 1.021902880538859364e+02 3.335355033236321276e+01 1.575067320112035496e+01
4.018290377542188097e+00 8.288622098181032527e+01 2.695405100060656878e+01 1.307340824946734514e+01
4.482348925252354732e+00 6.698320279033178792e+01 2.166271333604200677e+01 1.074541037659527376e+01
5.000000000000000888e+00 5.395039730999690164e+01 1.732293521830116489e+01 8.754032657674592599e+00
