1.000000000230258569e-04 2.563372729678131350e+02 1.067218610298743044e+02 5.900779562842780024e+01
1.115026695290953366e-04 2.839514100010274547e+02 1.181975513042354180e+02 6.534851786736413715e+01
1.243284530925187648e-04 3.145575440926265856e+02 1.309097078855916436e+02 7.237093877622041305e+01
1.386295441504667143e-04 3.484843099403565816e+02 1.449922275015827609e+02 8.014844004240012509e+01
1.545756424481938766e-04 3.860968766671755361e+02 1.605936457978274632e+02 8.876229873053054575e+01
1.723559677317991945e-04 4.278011699395361234e+02 1.778787509822489312e+02 9.830254208143726657e+01
1.921815050694108094e-04 4.740483052486954989e+02 1.970303210120419806e+02 1.088688876111201722e+02
2.142875084442451923e-04 5.253348183998162995e+02 2.182504767377454868e+02 1.205716177485649183e+02
2.389362923277018713e-04 5.822075562765888890e+02 2.417627815951078958e+02 1.335327080733662228e+02
2.664203443578849946e-04 6.452706663143953847e+02 2.678147279078080487e+02 1.478871168773279123e+02
2.970657960592480913e-04 7.151747939392340641e+02 2.966774137653468415e+02 1.637833685323237205e+02
3.312362927876497001e-04 7.926182197224646870e+02 3.286474648803244918e+02 1.813848237902050471e+02
3.693373088223966556e-04 8.783591989259326738e+02 3.640509413120645945e+02 2.008715511887869809e+02
4.118209588090659132e-04 9.731987278587544097e+02 4.032394133662052127e+02 2.224397074865186710e+02
4.591913626466918256e-04 1.077973942430968236e+03 4.465897267873401688e+02 2.463022612669534510e+02
5.120106274801957584e-04 1.193571086514920580e+03 4.945099465517282624e+02 2.726918452192972495e+02
5.709055177816341068e-04 1.320940127963195891e+03 5.474370194254653370e+02 3.018590611160961430e+02
6.365748926688486646e-04 1.461101491800002805e+03 6.058355792694942465e+02 3.340719393688615924e+02
7.097979987143026312e-04 1.615133423993110227e+03 6.702016453399261309e+02 3.696192822513561964e+02
7.914437166483044659e-04 1.784239245659357039e+03 7.410723110430261613e+02 4.088111927127351919e+02
8.824808716799498404e-04 1.969802775265485479e+03 8.190333440211920788e+02 4.519793826692580865e+02
9.839897297802024153e-04 2.173337580863936637e+03 9.047123953062475721e+02 4.994779411032886287e+02
1.097174816344422205e-03 2.396505278309868572e+03 9.987887153799746329e+02 5.516861054141292016e+02
1.223379209343287413e-03 2.641140802645198619e+03 1.102004035722854951e+03 6.090109688069654794e+02
1.364100476567608111e-03 2.909256477992794771e+03 1.215155906898588455e+03 6.718851349683468470e+02
1.521008446081769522e-03 3.202960502870761047e+03 1.339081513426601077e+03 7.407617035343185989e+02
1.695965020753673102e-03 3.524342741717545778e+03 1.474635780520911339e+03 8.161074575112701268e+02
1.891046271984591709e-03 3.875582658798023658e+03 1.622709158285367266e+03 8.984061618369490816e+02
2.108567074807741158e-03 4.258852628036761416e+03 1.784192265717616692e+03 9.881419758021585267e+02
2.351108576680822643e-03 4.676128818942494036e+03 1.959912014218007243e+03 1.085770983528064107e+03
2.621548825923003187e-03 5.129288872331770108e+03 2.150661577004821083e+03 1.191732063586505092e+03
2.923096923239734257e-03 5.619990486569583481e+03 2.357143901828326307e+03 1.306414564527615767e+03
3.259331101584665453e-03 6.149409104546512935e+03 2.579852546477039141e+03 1.430091988973239722e+03
3.634241186222156913e-03 6.718298082798961332e+03 2.819105647187049726e+03 1.562941462800725276e+03
4.052275938830490927e-03 7.326840058192389733e+03 3.075002270425260122e+03 1.705022035945161406e+03
4.518395847440812539e-03 7.974358208610171459e+03 3.347235270140995908e+03 1.856149353018749025e+03
5.038131988628217865e-03 8.659186048125586240e+03 3.635191419994099761e+03 2.016021496753942529e+03
5.617651660426248826e-03 9.378727959967092829e+03 3.937694430659920272e+03 2.183970735956054796e+03
6.263831564778516575e-03 1.012859922685652236e+04 4.252942846860629288e+03 2.358990307094928085e+03
6.984339407925946493e-03 1.090278384896702846e+04 4.578407135411248419e+03 2.539681770774456709e+03
7.787724887016851671e-03 1.169311494392593340e+04 4.910658632472326644e+03 2.724140399144884213e+03
8.683521142606049834e-03 1.248901081606844127e+04 5.245250481357443277e+03 2.909905926023454413e+03
9.682357880899711625e-03 1.327705454021814330e+04 5.576545657968055821e+03 3.093844631276769633e+03
1.079608750807801998e-02 1.404070073233155927e+04 5.897596493148756963e+03 3.272101886260174979e+03
1.203792577343234388e-02 1.476003353590309598e+04 6.200008231977998548e+03 3.440025657430324827e+03
1.342260859021738965e-02 1.541166140336029275e+04 6.473952377028942465e+03 3.592140606859448781e+03
1.496656689508787767e-02 1.596872362501036514e+04 6.708146179815655159e+03 3.722214367892258906e+03
1.668812162103823840e-02 1.640189360327181566e+04 6.890206969855740681e+03 3.823352517944330430e+03
1.860770109743517184e-02 1.668080820354785101e+04 7.007367643102141301e+03 3.888450670389150218e+03
2.074808345685756270e-02 1.677627225578408979e+04 7.047334675152254022e+03 3.910707666207489638e+03
2.313466692519383291e-02 1.666420686374547950e+04 6.999961758675336569e+03 3.884473325652890708e+03
2.579577120231610690e-02 1.633056547051237249e+04 6.859302631662365457e+03 3.806447337850067015e+03
2.876297350957714855e-02 1.577719776888504202e+04 6.626094931741062283e+03 3.677034422047731823e+03
3.207148329174031032e-02 1.502740238283328836e+04 6.310087810369784165e+03 3.501638937705693934e+03
3.576056001963404812e-02 1.412905640210331512e+04 5.931349439030452231e+03 3.291396471991314684e+03
3.987397905126498221e-02 1.315250013385307284e+04 5.519394953625223934e+03 3.062681281215198851e+03
4.446055107939526907e-02 1.218049811758212854e+04 5.108944655432949730e+03 2.834760986248591962e+03
4.957470132945773766e-02 1.128909292211940374e+04 4.731891080840488030e+03 2.625331255393194624e+03
5.527711538069327024e-02 1.052278104933932627e+04 4.406858906868167651e+03 2.444722933473884041e+03
6.163545927395905344e-02 9.861993157793984210e+03 4.125531103956969673e+03 2.288312635980985306e+03
6.872518245115814828e-02 9.215878640612711024e+03 3.849623834900488873e+03 2.134841623332946710e+03
7.663041305413779980e-02 8.453853510847104189e+03 3.524143370659204265e+03 1.953773349751172645e+03
8.544495620686157200e-02 7.500426310912231202e+03 3.117269530952330115e+03 1.727433193686806135e+03
9.527340712667957401e-02 6.444028733981388541e+03 2.666094468724707440e+03 1.476390775079351442e+03
1.062323922731101822e-01 5.518656662157085520e+03 2.268952655245308506e+03 1.255208905338077329e+03
1.184519532618636822e-01 4.894141952032525296e+03 1.997269013234202930e+03 1.103514755499911416e+03
1.320770899659224340e-01 4.460029564249805844e+03 1.804713767611986896e+03 9.955746854670398989e+02
1.472694811144383831e-01 3.924225076456829811e+03 1.568723522236033887e+03 8.633451745694168267e+02
1.642094028064348954e-01 3.279810020694938430e+03 1.286834202017320194e+03 7.054585427964898372e+02
1.830978677048002712e-01 2.835138987183510380e+03 1.089020012033455259e+03 5.940494152377456203e+02
2.041590102946942431e-01 2.552251385149596445e+03 9.598386547994815601e+02 5.205601771085019891e+02
2.276427465103479653e-01 2.175474129855213505e+03 7.924866904631767284e+02 4.257596372339779123e+02
2.538277392899435103e-01 1.891277944916017759e+03 6.656964956685014840e+02 3.533943006480805593e+02
2.830247052484705095e-01 1.678237469206467495e+03 5.707552203925453114e+02 2.987044057861509714e+02
3.155801017062329072e-01 1.455334759699534970e+03 4.738621279261469112e+02 2.430438664949438703e+02
3.518802378240603601e-01 1.296762541059452133e+03 4.058409426166414846e+02 2.035761842460101718e+02
3.923558586288135031e-01 1.145803936012280246e+03 3.429508117167007413e+02 1.672542411603576511e+02
4.374872563241952172e-01 1.022328898053542048e+03 2.931360204998953805e+02 1.385226323048634356e+02
4.878099695387512202e-01 9.181293905794285592e+02 2.526784694398058946e+02 1.153399839829757951e+02
5.439211381395319123e-01 8.267956658531405765e+02 2.187946770836083203e+02 9.617716858954807435e+01
6.064865890189676811e-01 7.476837141345979489e+02 1.910095504619382609e+02 8.073352895603719048e+01
6.762487369363893164e-01 6.782129186659057041e+02 1.681292197663225636e+02 6.830647621362484756e+01
7.540353941672404137e-01 6.162287023002307933e+02 1.491914449158674927e+02 5.832704485643817804e+01
8.407695934971151086e-01 5.598812837256268722e+02 1.333508027021115367e+02 5.029235503627430859e+01
9.374805411223435803e-01 5.077017571231974671e+02 1.198985731548838487e+02 4.378555969396138892e+01
1.045315829426528564e+00 4.587215007626135730e+02 1.082992667977111267e+02 3.849272580229110474e+01
1.165555054552403824e+00 4.123072650980162734e+02 9.810733946390531912e+01 3.415245486258816499e+01
1.299625000357985227e+00 3.681017895242286500e+02 8.894446774605944483e+01 3.054402295978795578e+01
1.449116568932995452e+00 3.260173362222661240e+02 8.052241653348107775e+01 2.749246048513011331e+01
1.615803658576671964e+00 2.861799648358295372e+02 7.262699535016966479e+01 2.485590489879276177e+01
1.801664213246928048e+00 2.487987355811446548e+02 6.511852653200196528e+01 2.252377586616658078e+01
2.008903693258128342e+00 2.141271182894992648e+02 5.792232913603086075e+01 2.040848973557400825e+01
2.239981245735629400e+00 1.824165732234361599e+02 5.102207117875644826e+01 1.844602281121353826e+01
2.497638885371206374e+00 1.538994612235972568e+02 4.445256452911719691e+01 1.659212061119222525e+01
2.784934031744384253e+00 1.286915389123728914e+02 3.827424541515073031e+01 1.482051051158398103e+01
3.105275789304232426e+00 1.068111722791836655e+02 3.256695049854262436e+01 1.312148334673164918e+01
3.462465400517639402e+00 8.811118967342252972e+01 2.739549332212525812e+01 1.149686782374735117e+01
3.860741352209485999e+00 7.232081886766223988e+01 2.280942041513116081e+01 9.959118775958536673e+00
4.304829670336041580e+00 5.911400997321732120e+01 1.882084141727606053e+01 8.523725902970491930e+00
4.799999999999999822e+00 4.813740842688527977e+01 1.541090917992492848e+01 7.208614870019089516e+00
