1.000000000230258569e-04 6.487119189059501423e+02 2.943260466901766108e+02 1.605580383711640309e+02
1.122634227564673579e-04 7.227839392596462176e+02 3.282263849182669446e+02 1.790923478855153803e+02
1.260307608609534901e-04 8.051012405866698600e+02 3.660000708970947016e+02 1.997591909939619370e+02
1.414864458359461712e-04 8.965242089656697999e+02 4.080800122431998602e+02 2.228014952838353508e+02
1.588375267953347550e-04 9.979959126668077261e+02 4.549456331505589901e+02 2.484892573924828127e+02
1.783164441611049004e-04 1.110568837200414919e+03 5.071273511857767176e+02 2.771217251703766919e+02
2.001841435067871621e-04 1.235407477815286029e+03 5.652117463906859030e+02 3.090307778587998655e+02
2.247335712646909519e-04 1.373816363433358447e+03 6.298490555974161680e+02 3.445844078168776150e+02
2.522935991264941354e-04 1.527346996217768265e+03 7.017667092658557522e+02 3.841897340991504848e+02
2.832334297096662638e-04 1.697782762140013347e+03 7.817739233297335204e+02 4.282973652295744955e+02
3.179675425093897337e-04 1.887198694770308975e+03 8.707749886912482680e+02 4.774057004623436455e+02
3.569612463934728852e-04 2.098124687745162646e+03 9.697951513536507946e+02 5.320650505322332720e+02
4.007369130231864672e-04 2.333542111383009342e+03 1.079985315902512866e+03 5.928830759707483367e+02
4.498809747048478080e-04 2.596848500428093303e+03 1.202627041454517439e+03 6.605274698801576960e+02
5.050517804175268938e-04 2.891786152822809981e+03 1.339136088445820405e+03 7.357268116714545840e+02
5.669884152586394726e-04 3.222634737124105868e+03 1.491088284545733131e+03 8.192791085482758717e+02
6.365206014554368984e-04 3.593867335152895521e+03 1.660168781330009551e+03 9.120416639268697736e+02
7.145798135793877959e-04 4.009741834363340331e+03 1.848113343549792717e+03 1.014918677115813352e+03
8.022117568662883325e-04 4.474697924544146190e+03 2.056774569674526447e+03 1.128876619758354764e+03
9.005903758055168549e-04 4.993035469017106152e+03 2.288031884426129636e+03 1.254913575115757794e+03
1.011033580661806338e-03 5.568631383930995071e+03 2.543723701018868269e+03 1.394036755723963552e+03
1.135020902606864940e-03 6.205037672375696275e+03 2.825687340434774342e+03 1.547274296070068203e+03
1.274213313974418031e-03 6.905677723489574419e+03 3.135687645693289596e+03 1.715620499407137004e+03
1.430475479156914512e-03 7.673748116750798545e+03 3.475359545465449628e+03 1.900005987282423121e+03
1.605900734223756829e-03 8.511850468675002048e+03 3.846166545947187387e+03 2.101289255928263628e+03
1.802839129895710598e-03 9.422167476450798858e+03 4.249287993196559000e+03 2.320152295869296267e+03
2.023928913547812410e-03 1.040625528982635660e+04 4.685538589100167883e+03 2.557060744203364720e+03
2.272131871983379750e-03 1.146463379325943788e+04 5.155271189670200329e+03 2.812232262441323655e+03
2.550773008441800313e-03 1.259632777572416489e+04 5.658103469053245135e+03 3.085479539724613460e+03
2.863585085365514225e-03 1.379869119113249326e+04 6.192844844401589398e+03 3.376171930936864101e+03
3.214758629634808552e-03 1.506709143235231022e+04 6.757391697383223800e+03 3.683176261481522488e+03
3.608998070155939632e-03 1.639394703751330599e+04 7.348408376201213287e+03 4.004664193308864469e+03
4.051584759838999447e-03 1.776881690649553275e+04 7.961306258851549501e+03 4.338105986786674293e+03
4.548447726227339283e-03 1.917789570346268738e+04 8.589925127139169490e+03 4.680182756692129260e+03
5.106243098575769836e-03 2.060355044227946200e+04 9.226248891896279019e+03 5.026562247459493847e+03
5.732443275407110572e-03 2.202393748383235652e+04 9.860507026922352452e+03 5.371905699186489983e+03
6.435437027063155117e-03 2.341254254501869218e+04 1.048083776322296217e+04 5.709751169585118078e+03
7.224641874254610074e-03 2.473736329060916978e+04 1.107292896952422780e+04 6.032304144069626091e+03
8.110630248067678127e-03 2.596384320871092859e+04 1.162131020455381076e+04 6.331149587926006461e+03
9.105271121505569346e-03 2.704257303603570836e+04 1.210386375088856403e+04 6.594227178887910668e+03
1.022188900990466699e-02 2.792592425969990654e+04 1.249926105147993258e+04 6.809914323794368102e+03
1.147544247024383408e-02 2.856399387952364123e+04 1.278515705983773478e+04 6.966038795382170065e+03
1.288272449057868002e-02 2.890066205563398398e+04 1.293638214997846990e+04 7.048870389563363460e+03
1.446258745407916733e-02 2.887766028140822891e+04 1.292681337496369088e+04 7.044158211775048585e+03
1.623619569135818438e-02 2.844426270933738488e+04 1.273368982060135750e+04 6.939486687760479072e+03
1.822730900435978393e-02 2.756100541791048818e+04 1.233927962775500600e+04 6.725172306171416494e+03
2.046260095998037737e-02 2.621140801577340244e+04 1.173608292927719958e+04 6.397059704062332457e+03
2.297201621738221775e-02 2.441508786299162966e+04 1.093282057578177955e+04 5.959866388404005193e+03
2.578917167586586637e-02 2.223987459267349914e+04 9.959770304347310230e+03 5.430046938636925006e+03
2.895180681720203528e-02 1.981014400853519328e+04 8.872488242744859235e+03 4.837834438947204944e+03
3.250228927534733192e-02 1.730313689808679919e+04 7.750267936408428795e+03 4.226428882743155555e+03
3.648818240631140908e-02 1.492728616899131157e+04 6.686436725309948997e+03 3.646722052810102468e+03
4.096288246151627566e-02 1.288075178387193773e+04 5.769761331145381519e+03 3.147130237418443357e+03
4.598633390041809155e-02 1.129723431365476790e+04 5.060194277095049074e+03 2.760388191093864407e+03
5.162583242493973962e-02 1.019148384476388492e+04 4.564404786065269036e+03 2.490173213529392342e+03
5.795692649341043640e-02 9.415223445465086115e+03 4.215964988235873534e+03 2.300275681810063816e+03
6.506442939097074885e-02 8.670018209125137219e+03 3.881064908159074548e+03 2.117695966112722999e+03
7.304355541444980393e-02 7.595110081731483660e+03 3.397851892704291458e+03 1.854095243795680517e+03
8.200119539239680844e-02 6.146418174634970455e+03 2.746432582651706525e+03 1.498587299459459246e+03
9.205734862752627812e-02 4.723399205818755945e+03 2.105917896940941318e+03 1.148923960799006863e+03
1.033467304443183715e-01 3.819877072361432056e+03 1.697859529126267034e+03 9.260661675547104323e+02
1.160205768769771578e-01 3.453171965462676781e+03 1.530079922771330075e+03 8.343158680274016206e+02
1.302486706739022226e-01 3.071988477568922917e+03 1.355254577879092722e+03 7.386511869895525706e+02
1.462216157596530064e-01 2.358749380996315267e+03 1.030872053030563393e+03 5.612454919672877622e+02
1.641533906237988560e-01 1.836402226922549971e+03 7.917321430314309509e+02 4.303053092375077426e+02
1.842842148426375448e-01 1.652016558711608695e+03 7.039455613406752263e+02 3.819352175169750012e+02
2.068837671345900298e-01 1.320489255134453515e+03 5.501090595684978553e+02 2.974203308610469207e+02
2.322547980593316352e-01 1.066714851981310176e+03 4.313409937035277153e+02 2.319815557181066197e+02
2.607371857574901086e-01 9.177815609030653832e+02 3.600059748923694656e+02 1.923790107927166559e+02
2.927124890628471365e-01 7.454378490765571996e+02 2.788604436134027083e+02 1.473740634184706835e+02
3.286090589819373742e-01 6.379907924220477753e+02 2.275961331086443806e+02 1.186620995194574988e+02
3.689077770159973624e-01 5.416802116401079275e+02 1.822187087244193719e+02 9.317595552731818032e+01
4.141484971975938345e-01 4.641164418100187845e+02 1.461700306490114656e+02 7.283450623724057493e+01
4.649372781414354283e-01 4.046716056310731915e+02 1.190180894653490640e+02 5.742487746185070563e+01
5.219545019921476570e-01 3.562134449695767557e+02 9.754189289048740363e+01 4.522049071420871513e+01
5.859639890329354506e-01 3.166586640010783071e+02 8.070958824991274128e+01 3.567165178068638909e+01
6.578232300572349756e-01 2.841340175813035671e+02 6.759569754242936312e+01 2.827615962633683466e+01
7.384948735793578356e-01 2.568368156730720102e+02 5.734818363777256423e+01 2.257088735880532226e+01
8.290596217703356530e-01 2.333869784780683858e+02 4.930058792619905006e+01 1.818186082436886863e+01
9.307307078768926045e-01 2.126920143524963578e+02 4.292849881542507973e+01 1.481302489278292533e+01
1.044870149067508081e+00 1.938538036181331847e+02 3.781422658033246620e+01 1.222751073177441938e+01
1.173006992433692330e+00 1.762140250012997171e+02 3.363070099961030479e+01 1.023781728936893742e+01
1.316857798575541416e+00 1.593156744659852393e+02 3.012727078928359958e+01 8.699912248820721672e+00
1.478349637175967013e+00 1.428941804442663681e+02 2.710857620662758904e+01 7.499777718410115313e+00
1.659645902619409696e+00 1.268458161312520645e+02 2.442759378288330652e+01 6.551141128187143003e+00
1.863175295489004624e+00 1.112371679507194955e+02 2.197770361730628252e+01 5.786261702167735166e+00
2.091664358187257822e+00 9.623185044459167159e+01 1.968578805562460943e+01 5.154399866944771702e+00
2.348174000537423645e+00 8.207923516726087598e+01 1.750963143964382240e+01 4.616565357289333704e+00
2.636140504673786467e+00 6.902221153792351060e+01 1.543016420739280825e+01 4.144168880812880928e+00
2.959421558534973240e+00 5.728048443226354891e+01 1.344949233980254810e+01 3.716712115534676730e+00
3.322347934639153344e+00 4.697558776775990452e+01 1.158107142887098640e+01 3.320458776729370509e+00
3.729781506445900785e+00 3.813790486182088557e+01 9.846045743562429564e+00 2.947419085222207524e+00
4.187180379509764627e+00 3.070339615354575713e+01 8.264268801244098128e+00 2.593971455581413732e+00
4.700672009942531204e+00 2.454620628898661749e+01 6.851345030549997439e+00 2.259938792124787543e+00
5.277135289701610610e+00 1.950818627311403830e+01 5.613776135551170832e+00 1.947150279968638431e+00
5.924292698344328478e+00 1.542334255175318170e+01 4.549797396778169301e+00 1.658391081918259014e+00
6.650813755741415534e+00 1.213582171471227333e+01 3.650837809875560502e+00 1.396273400948152110e+00
7.466431161634059954e+00 9.506412264783154598e+00 2.903368086205949883e+00 1.162576706548503536e+00
8.382071177875818790e+00 7.415804307265400297e+00 2.290388882832099515e+00 9.577231628111196882e-01
9.410000000000001918e+00 5.762814913867184252e+00 1.793757420100619226e+00 7.809972425532867302e-01
