1.000000000230258569e-04 4.136916782911951486e+03 1.620805413461530406e+03 8.767289294276406508e+02
1.115486563971542785e-04 4.561049410235242249e+03 1.787624376798121375e+03 9.668426234445015552e+02
1.244310274114527074e-04 5.028545631661790139e+03 1.971683462391266175e+03 1.066235336017102782e+03
1.388011391866901154e-04 5.543810432291128564e+03 2.174774999824203405e+03 1.175865031963943693e+03
1.548308057910457113e-04 6.111684386525728769e+03 2.398869697270108190e+03 1.296786231745519217e+03
1.727116835090306587e-04 6.737473545776605533e+03 2.646118391705314025e+03 1.430155170541266898e+03
1.926575623508681512e-04 7.427004745143040054e+03 2.918883244260874562e+03 1.577243836851151400e+03
2.149069222004190347e-04 8.186632826065096197e+03 3.219732397780943302e+03 1.739442726103578480e+03
2.397257841638464457e-04 9.023192371548537267e+03 3.551397106258807526e+03 1.918251660623598127e+03
2.674108912107391479e-04 9.944105315502451049e+03 3.916826047245311202e+03 2.115303669930664910e+03
2.982932561365508645e-04 1.095734983894800098e+04 4.319169509088366794e+03 2.332359841284081995e+03
3.327421192670277522e-04 1.207125675392769517e+04 4.761685855091181111e+03 2.571267985284142924e+03
3.711693632243215748e-04 1.329466405215781379e+04 5.247798512748757275e+03 2.833996540754319994e+03
4.140344375392690035e-04 1.463696450646158883e+04 5.781113678897579121e+03 3.122632595467215197e+03
4.618498519902246974e-04 1.610810947641690291e+04 6.365434604995628433e+03 3.439339705458831304e+03
5.151873043487156757e-04 1.771859230389535878e+04 7.004732339623368716e+03 3.786373683010459445e+03
5.746845157973842983e-04 1.947953840250096982e+04 7.703182563999675040e+03 4.166092929943024501e+03
6.410528557468661917e-04 2.140311335201642578e+04 8.465380983054727039e+03 4.580992151164304232e+03
7.150858472165629249e-04 2.350232176135972259e+04 9.296225717358180191e+03 5.033668502512384293e+03
7.976686544726134401e-04 2.579074942129940246e+04 1.020083452017231320e+04 5.526797571551891451e+03
8.897886663605780169e-04 2.828179236866798237e+04 1.118441906616269262e+04 6.063118893682250928e+03
9.925473018708411317e-04 3.098889357678521992e+04 1.225231293155521780e+04 6.645412907173025815e+03
1.107173179088194286e-03 3.392522011606759042e+04 1.340980482407081763e+04 7.276405814581720733e+03
1.235036804978161722e-03 3.710135327003172279e+04 1.466119374846758728e+04 7.958367729682945537e+03
1.377666961646263968e-03 4.052570536964493658e+04 1.600999328007055738e+04 8.693177747948973774e+03
1.536768984990051967e-03 4.420432968863429414e+04 1.745885713528295673e+04 9.482253234970223275e+03
1.714245154289869167e-03 4.813806164911052474e+04 1.900824337946056403e+04 1.032585150658744897e+04
1.912217436523370962e-03 5.232253677173928008e+04 2.065649896569310658e+04 1.122311178206325349e+04
2.133052857342773462e-03 5.674798647272953531e+04 2.239986977246606693e+04 1.217204771346741654e+04
2.379391802059096454e-03 6.139675516769726528e+04 2.423160714642497987e+04 1.316899637987429014e+04
2.654179585009814029e-03 6.624291673417871061e+04 2.614180034000820160e+04 1.420854642283489557e+04
2.960701664764286197e-03 7.125208951782525401e+04 2.811710475329521068e+04 1.528352137854097236e+04
3.302622926212283368e-03 7.638080044668531627e+04 3.014000941203500042e+04 1.638480247864200646e+04
3.684031499205906151e-03 8.157561215763926157e+04 3.218960018077785207e+04 1.750071298153706084e+04
4.109487637665882979e-03 8.677191544690688897e+04 3.424054759373536945e+04 1.861757594494448858e+04
4.584078243567925488e-03 9.189344679858932795e+04 3.626289818864507833e+04 1.971916869327260792e+04
5.113477687716873853e-03 9.685090381158757373e+04 3.822153099455369374e+04 2.078646685322904523e+04
5.704015654503047893e-03 1.015395762379429507e+05 4.007522477522140980e+04 2.179710492860576414e+04
6.362752821816417166e-03 1.058616459340992296e+05 4.178549421732761402e+04 2.273020922476079431e+04
7.097565280973966440e-03 1.096231238569742563e+05 4.327571860225243290e+04 2.354409738900762022e+04
7.917238706014356406e-03 1.126761377416059404e+05 4.448751410321969888e+04 2.420697227729709630e+04
8.831573398280912271e-03 1.148904075170163851e+05 4.536937894204651820e+04 2.469084056038079143e+04
9.851501462242475554e-03 1.160987839418106596e+05 4.585504953495805967e+04 2.495958309878433283e+04
1.098921751354712747e-02 1.161225469902252662e+05 4.587354391472407588e+04 2.497442603411698656e+04
1.225832448210000328e-02 1.148127146918680373e+05 4.536564453138161480e+04 2.470304398106590088e+04
1.367399625343743499e-02 1.120665156026532350e+05 4.429028173767800763e+04 2.412295358756839778e+04
1.525315909299450497e-02 1.078328103694718011e+05 4.262649512362756650e+04 2.322244510379431813e+04
1.701469402243795462e-02 1.021653262843888078e+05 4.039447936509808642e+04 2.201204038661062441e+04
1.897966256774625410e-02 9.524485370775539195e+04 3.766530231809467659e+04 2.053029862284976116e+04
2.117155857815964867e-02 8.740025955504621379e+04 3.456799288893522316e+04 1.884718163673361050e+04
2.361658912683562567e-02 7.910267914209469745e+04 3.128804680127384927e+04 1.706350516308396618e+04
2.634398785175567220e-02 7.092179840235886513e+04 2.805039398718450684e+04 1.530178748344367705e+04
2.938636448329653983e-02 6.342984730411631608e+04 2.508125633192543683e+04 1.368548015442287578e+04
3.278009473753994152e-02 5.706084826431894180e+04 2.255241753137680644e+04 1.230837061145908228e+04
3.656575523702054742e-02 5.194949599821973970e+04 2.051732129280140725e+04 1.119982198651018371e+04
4.078860865897657173e-02 4.783669623500517628e+04 1.887321365260225502e+04 1.030387858117241012e+04
4.549914491170512637e-02 4.391563929198978440e+04 1.729964213205769556e+04 9.445567261372130815e+03
5.075368480951484434e-02 3.933160284953232622e+04 1.545656057143962062e+04 8.438970193128576284e+03
5.661505346402430361e-02 3.372328289494125056e+04 1.319963631744445775e+04 7.204988784234034028e+03
6.315333144310807112e-02 2.783441433752767261e+04 1.082412459151261464e+04 5.904892475554363955e+03
7.044669267860774464e-02 2.310577085688039733e+04 8.903475700981332920e+03 4.852322764884311255e+03
7.858233914112514040e-02 2.026799583151649495e+04 7.729713612785632904e+03 4.207229096931267122e+03
8.765754345719625751e-02 1.836408938304476032e+04 6.924020302536405325e+03 3.762541391110091809e+03
9.778081193473929511e-02 1.577102383261477371e+04 5.841987226288993952e+03 3.165604479028313563e+03
1.090731819023149224e-01 1.280071503254716117e+04 4.610490453362871449e+03 2.485868609350974566e+03
1.216696688736408766e-01 1.102937569688557778e+04 3.859349175087857020e+03 2.068212468618454295e+03
1.357208808401622890e-01 9.879161446033662287e+03 3.360909171294556927e+03 1.788208472582832428e+03
1.513948189927238619e-01 8.271706956171616184e+03 2.688691888059719986e+03 1.412662117295466260e+03
1.688788864024014236e-01 7.216028111948868172e+03 2.244455587099012973e+03 1.161769942861572417e+03
1.883821286769788717e-01 6.354699506211303742e+03 1.886937315404047013e+03 9.586157274960736459e+02
2.101377333831422056e-01 5.531222997386952557e+03 1.553540946019219291e+03 7.693223681689577234e+02
2.344058181183555356e-01 4.921903827617817115e+03 1.313041009699258893e+03 6.318194753878672145e+02
2.614765405675759102e-01 4.377006456150123086e+03 1.105398208629262399e+03 5.135503065513756837e+02
2.916735677297306317e-01 3.918084024379278617e+03 9.382263216054243458e+02 4.188060747290512040e+02
3.253579457932418983e-01 3.535554870607527846e+03 8.064638057998359955e+02 3.447570537057170554e+02
3.629324169301749725e-01 3.200258666577039094e+03 6.984140937923706360e+02 2.849997256923512623e+02
4.048462346221089470e-01 2.904744431673502277e+03 6.106110611952987028e+02 2.375055029758935063e+02
4.516005350914485406e-01 2.639778279616301916e+03 5.390004247418845580e+02 1.999107113515765377e+02
5.037543290608768043e-01 2.396825137518624615e+03 4.799543680377981900e+02 1.701214702951942002e+02
5.619311854805180140e-01 2.169792373108900392e+03 4.305392858602290289e+02 1.464301661899291958e+02
6.268266871357865977e-01 1.954289830210389482e+03 3.884355938669582997e+02 1.275010852492979581e+02
6.992167472777639503e-01 1.747950512157083267e+03 3.517423062241192042e+02 1.122350604436750672e+02
7.799668867126374749e-01 1.549889455315118767e+03 3.189700470477301906e+02 9.977187784481579058e+01
8.700425822703268253e-01 1.360807594130315692e+03 2.889681150335118787e+02 8.941415708281643049e+01
9.705208103821856280e-01 1.182074764640931335e+03 2.608941053310548455e+02 8.062001140738567528e+01
1.082602923786821769e+00 1.015638611618218761e+03 2.341974975540795469e+02 7.295901745456475851e+01
1.207629015322442267e+00 8.631968335179901715e+02 2.085680905268086462e+02 6.610284985665757063e+01
1.347093940544190405e+00 7.261306757293342571e+02 1.839474614533509964e+02 5.980892276706997990e+01
1.502665190738521561e+00 6.050881158492139775e+02 1.604259024260807394e+02 5.390617457623324782e+01
1.676202830030598223e+00 5.000895893192798667e+02 1.382390629681078451e+02 4.829163681425846022e+01
1.869781734959676811e+00 4.104497357840969585e+02 1.176448406315894601e+02 4.291271232642041156e+01
2.085716402426663674e+00 3.349270450208203442e+02 9.891807407042117006e+01 3.776796240353527878e+01
2.326588622626292402e+00 2.719847774647874417e+02 8.223694520536760422e+01 3.288191326201258136e+01
2.595278347831105226e+00 2.199222873032627774e+02 6.768545809717525685e+01 2.830281386775731178e+01
2.894998126105261083e+00 1.771241439445013270e+02 5.522769541974047769e+01 2.407820859825863380e+01
3.229331511649635278e+00 1.421140117242523786e+02 4.473333718798394898e+01 2.025282350666597964e+01
3.602275911025628830e+00 1.135996508625552082e+02 3.601040805484223029e+01 1.685168879285068755e+01
4.018290377542188097e+00 9.046338418491521338e+01 2.883014991598984622e+01 1.388086286157430393e+01
4.482348925252354732e+00 7.176417534024791678e+01 2.296723489044979516e+01 1.132814154187875744e+01
5.000000000000000888e+00 5.671797752552759420e+01 1.821066848719872766e+01 9.168008789361385524e+00
