1.000000000230258569e-04 5.826161356133164873e+02 2.526250638215980189e+02 1.381432021043050327e+02
1.122634227564673579e-04 6.475990130161044362e+02 2.809797738803375751e+02 1.536579747029431360e+02
1.260307608609534901e-04 7.197111289823485549e+02 3.125065163236513968e+02 1.709118603389675286e+02
1.414864458359461712e-04 7.997016464851553792e+02 3.475565919874211431e+02 1.900985655348197838e+02
1.588375267953347550e-04 8.883931437637589852e+02 3.865194679160575220e+02 2.114330914320241845e+02
1.783164441611049004e-04 9.866965516408181429e+02 4.298259337205370230e+02 2.351534885092731031e+02
2.001841435067871621e-04 1.095619251465245043e+03 4.779523979850187061e+02 2.615233062901742755e+02
2.247335712646909519e-04 1.216275343653545406e+03 5.314260170708553233e+02 2.908344279020320187e+02
2.522935991264941354e-04 1.349943151584614952e+03 5.908296162511472858e+02 3.234088996869883772e+02
2.832334297096662638e-04 1.498074335699908943e+03 6.568073697337649719e+02 3.596022156995719570e+02
3.179675425093897337e-04 1.662309454225799300e+03 7.300710480092792523e+02 3.998066192787162549e+02
3.569612463934728852e-04 1.844570498564880609e+03 8.114066982826843741e+02 4.444521627984427710e+02
4.007369130231864672e-04 2.047075336039274362e+03 9.016819976623268076e+02 4.940111355551743486e+02
4.498809747048478080e-04 2.272335415733102764e+03 1.001851320944113240e+03 5.490008707547177664e+02
5.050517804175268938e-04 2.523104206287875058e+03 1.112953639596243647e+03 6.099815862332123970e+02
5.669884152586394726e-04 2.802471442886430850e+03 1.236125279013028830e+03 6.775625806051124300e+02
6.365206014554368984e-04 3.113782808119032779e+03 1.372594451400619164e+03 7.524010640590894354e+02
7.145798135793877959e-04 3.460328498576091079e+03 1.523651731690046063e+03 8.351916431644434624e+02
8.022117568662883325e-04 3.845558426352034076e+03 1.690674523232746651e+03 9.266752614773961341e+02
9.005903758055168549e-04 4.272983081062409838e+03 1.875103868999166707e+03 1.027629200211498528e+03
1.011033580661806338e-03 4.745928243103842760e+03 2.078397291984978438e+03 1.138847318121744820e+03
1.135020902606864940e-03 5.267625416684291849e+03 2.302051007668600960e+03 1.261148522273667368e+03
1.274213313974418031e-03 5.841212279981106803e+03 2.547546730870281408e+03 1.395348085254542639e+03
1.430475479156914512e-03 6.469688821638504123e+03 2.816290252681819311e+03 1.542225446362766434e+03
1.605900734223756829e-03 7.155743566056509735e+03 3.109615734971516758e+03 1.702527902019158773e+03
1.802839129895710598e-03 7.901712496801571433e+03 3.428679138686986335e+03 1.876901774988455372e+03
2.023928913547812410e-03 8.709484141897262816e+03 3.774374613264293203e+03 2.065842028120108807e+03
2.272131871983379750e-03 9.580271304102376234e+03 4.147316339063260784e+03 2.269691581636937372e+03
2.550773008441800313e-03 1.051427446669080746e+04 4.547652285822631711e+03 2.488539899777528717e+03
2.863585085365514225e-03 1.151047620000354618e+04 4.974966210984682220e+03 2.722169490607265288e+03
3.214758629634808552e-03 1.256649340084772848e+04 5.428238275267116478e+03 2.970032947244655134e+03
3.608998070155939632e-03 1.367787457663675013e+04 5.905572166604208178e+03 3.231088610192483884e+03
4.051584759838999447e-03 1.483795634906354280e+04 6.404124445492507220e+03 3.503762798963570731e+03
4.548447726227339283e-03 1.603764359634321045e+04 6.920015619832551238e+03 3.785939571275876915e+03
5.106243098575769836e-03 1.726481563228478626e+04 7.447943324692734677e+03 4.074756299481797669e+03
5.732443275407110572e-03 1.850385144700587625e+04 7.981188990345812272e+03 4.366525724538425493e+03
6.435437027063155117e-03 1.973635403002243402e+04 8.511826340891728250e+03 4.656914539816559227e+03
7.224641874254610074e-03 2.093598192075233601e+04 9.028488061730931804e+03 4.939703205594980318e+03
8.110630248067678127e-03 2.207476060359530311e+04 9.519107443572958800e+03 5.208288312054385642e+03
9.105271121505569346e-03 2.312113006007094373e+04 9.970068437043690210e+03 5.455225450792322590e+03
1.022188900990466699e-02 2.403729113593121292e+04 1.036506923198636468e+04 5.671599500372903094e+03
1.147544247024383408e-02 2.478082280790005461e+04 1.068579752696377727e+04 5.847382647453739992e+03
1.288272449057868002e-02 2.530632925463688662e+04 1.091265416438481225e+04 5.971846673977132923e+03
1.446258745407916733e-02 2.556667703087114933e+04 1.102530531579714079e+04 6.033855942214842798e+03
1.623619569135818438e-02 2.551565612008081735e+04 1.100379855100358509e+04 6.022481473892689792e+03
1.822730900435978393e-02 2.511349275521545133e+04 1.083089477446276214e+04 5.928249393848381260e+03
2.046260095998037737e-02 2.433368118257200331e+04 1.049512311981889434e+04 5.744864098699510578e+03
2.297201621738221775e-02 2.317196565036291213e+04 9.994576076289431512e+03 5.471268979413464876e+03
2.578917167586586637e-02 2.165680154596242937e+04 9.341421529704259228e+03 5.114082219110112419e+03
2.895180681720203528e-02 1.985861550962128240e+04 8.565954799294615441e+03 4.689861411395068899e+03
3.250228927534733192e-02 1.789253418907737796e+04 7.717780429388268203e+03 4.225761046635652747e+03
3.648818240631140908e-02 1.590944907626684108e+04 6.861945809876730891e+03 3.757377303737319380e+03
4.096288246151627566e-02 1.407139750418586300e+04 6.068335377348979819e+03 3.322982333606775683e+03
4.598633390041809155e-02 1.251194654245290440e+04 5.394568575079306356e+03 2.954138869535888261e+03
5.162583242493973962e-02 1.128807051776482331e+04 4.865224709231077213e+03 2.664319345317457646e+03
5.795692649341043640e-02 1.033657413916268888e+04 4.452999438120674313e+03 2.438582311325083538e+03
6.506442939097074885e-02 9.471082737685686880e+03 4.077386540082633019e+03 2.232836895411468504e+03
7.304355541444980393e-02 8.419056417152482027e+03 3.620640314843553824e+03 1.982580789437289241e+03
8.200119539239680844e-02 7.086664802459728890e+03 3.042152860249081641e+03 1.665557698072817402e+03
9.205734862752627812e-02 5.698704717194677869e+03 2.438920692601643168e+03 1.334893971316927264e+03
1.033467304443183715e-01 4.653470776980333540e+03 1.982906550985078184e+03 1.084796631092819780e+03
1.160205768769771578e-01 4.081218881091187995e+03 1.730378315317734405e+03 9.460960083420605997e+02
1.302486706739022226e-01 3.631207019733503330e+03 1.529890463044210037e+03 8.358156827249310936e+02
1.462216157596530064e-01 2.949993481030483508e+03 1.228911165318406802e+03 6.703751545045709008e+02
1.641533906237988560e-01 2.330645447608808809e+03 9.541975639802195701e+02 5.192162741877348253e+02
1.842842148426375448e-01 2.034147726273733952e+03 8.187235783515404819e+02 4.442367130662764794e+02
2.068837671345900298e-01 1.707568986377490091e+03 6.704301079509510828e+02 3.621231105611698808e+02
2.322547980593316352e-01 1.384236738010549061e+03 5.241330981432428189e+02 2.810070961779753134e+02
2.607371857574901086e-01 1.201441463909490039e+03 4.393463666721692675e+02 2.335090668291383622e+02
2.927124890628471365e-01 9.966879597020811161e+02 3.463451301615323246e+02 1.814758329180328360e+02
3.286090589819373742e-01 8.629606902101625110e+02 2.852075395534700988e+02 1.468938174196481725e+02
3.689077770159973624e-01 7.391561198589573678e+02 2.297945150104195022e+02 1.155190910619831328e+02
4.141484971975938345e-01 6.439996756505474877e+02 1.879563644810002074e+02 9.169045790511546556e+01
4.649372781414354283e-01 5.668632684292922477e+02 1.550047221854440238e+02 7.288637428605528612e+01
5.219545019921476570e-01 5.030084213420545893e+02 1.287730290174716856e+02 5.794996039942387256e+01
5.859639890329354506e-01 4.501832381221101400e+02 1.081611154361512916e+02 4.628783622016862864e+01
6.578232300572349756e-01 4.058124760053440241e+02 9.195231817860511114e+01 3.722843485304403544e+01
7.384948735793578356e-01 3.677656068234951476e+02 7.915827919876836916e+01 3.021636521615978310e+01
8.290596217703356530e-01 3.342344156212546977e+02 6.896054767033504618e+01 2.479117510001285396e+01
9.307307078768926045e-01 3.038965753600519974e+02 6.075567036093440265e+01 2.060178877815643617e+01
1.044870149067508081e+00 2.756803328631322643e+02 5.403691867070019583e+01 1.735771424464013535e+01
1.173006992433692330e+00 2.488310875435678042e+02 4.841358615411985511e+01 1.483282314064835816e+01
1.316857798575541416e+00 2.228902599396504343e+02 4.357864662292946178e+01 1.284960409418202154e+01
1.478349637175967013e+00 1.976768864879185230e+02 3.929941229008930748e+01 1.127128256909122861e+01
1.659645902619409696e+00 1.732461873774331025e+02 3.539973570773289424e+01 9.990231162761286754e+00
1.863175295489004624e+00 1.498484357293292533e+02 3.175831731344196029e+01 8.924594988008015761e+00
2.091664358187257822e+00 1.278362501445252377e+02 2.829866835984864792e+01 8.011505662644744064e+00
2.348174000537423645e+00 1.075897401168380014e+02 2.498654584752950925e+01 7.204511214109371231e+00
2.636140504673786467e+00 8.941291438335903763e+01 2.181815088492480115e+01 6.469815379259693522e+00
2.959421558534973240e+00 7.347907247498160643e+01 1.881566394187361979e+01 5.785229698436809009e+00
3.322347934639153344e+00 5.981259834364661288e+01 1.601165111057613188e+01 5.137315238986704280e+00
3.729781506445900785e+00 4.829923494898704206e+01 1.344430843474102133e+01 4.521005530092799596e+00
4.187180379509764627e+00 3.874274645500564418e+01 1.114254691543628262e+01 3.936256093740885476e+00
4.700672009942531204e+00 3.089992848505005796e+01 9.123259813448438393e+00 3.387382249306182480e+00
5.277135289701610610e+00 2.452196959425069167e+01 7.387486681103705877e+00 2.879680179138160767e+00
5.924292698344328478e+00 1.936999968066760047e+01 5.923240187672822010e+00 2.418752702839627844e+00
6.650813755741415534e+00 1.523355563625226772e+01 4.708469268289848131e+00 2.008042339744737781e+00
7.466431161634059954e+00 1.193202711200970434e+01 3.715176337745799806e+00 1.648706054124078779e+00
8.382071177875818790e+00 9.310097965489145366e+00 2.912670787966155750e+00 1.339665769705115528e+00
9.410000000000001918e+00 7.236076124241145102e+00 2.270387905259041439e+00 1.078129742819978754e+00
