1.000000000230258569e-04 1.339120535843919470e+03 6.510706367588660441e+02 3.578786539099833135e+02
1.115486563971542785e-04 1.493173619202092596e+03 7.272996456245937225e+02 3.999975290744339986e+02
1.244310274114527074e-04 1.664265955505895363e+03 8.123395530962244493e+02 4.470513464179969105e+02
1.388011391866901154e-04 1.854163580430302545e+03 9.071813933481457752e+02 4.996114944838012661e+02
1.548308057910457113e-04 2.064858144331754829e+03 1.012928642836903123e+03 5.583140833447329214e+02
1.727116835090306587e-04 2.298701101049157387e+03 1.130819708631066987e+03 6.238668322713861016e+02
1.926575623508681512e-04 2.558363444531286405e+03 1.262234676094929455e+03 6.970570738353716251e+02
2.149069222004190347e-04 2.846977447648118414e+03 1.408725452572087761e+03 7.787609735727484122e+02
2.397257841638464457e-04 3.168456738071682594e+03 1.572071290565004801e+03 8.699543584600435224e+02
2.674108912107391479e-04 3.527449292518542279e+03 1.754284053558251344e+03 9.717227737399608714e+02
2.982932561365508645e-04 3.929406717589668915e+03 1.957636663568908716e+03 1.085272457517176463e+03
3.327421192670277522e-04 4.380667550694530291e+03 2.184705973826517493e+03 1.211941294238257115e+03
3.711693632243215748e-04 4.888692420994073473e+03 2.438412421249326144e+03 1.353214121972214571e+03
4.140344375392690035e-04 5.461934614134126605e+03 2.722011439238386629e+03 1.510728720797227425e+03
4.618498519902246974e-04 6.108845470097674479e+03 3.038955942060268626e+03 1.686259255838589979e+03
5.151873043487156757e-04 6.838566545149095873e+03 3.393020480654898165e+03 1.881744989230747251e+03
5.746845157973842983e-04 7.660896216136648036e+03 3.788291265727317295e+03 2.099289226744592725e+03
6.410528557468661917e-04 8.584983846641503987e+03 4.228889987522094998e+03 2.341091916258425954e+03
7.150858472165629249e-04 9.619700901881484242e+03 4.719084205731422117e+03 2.609483741010261383e+03
7.976686544726134401e-04 1.077375660723456349e+04 5.263294590014273126e+03 2.906917721120285478e+03
8.897886663605780169e-04 1.205588682517126472e+04 5.865940137011381012e+03 3.235860614451349193e+03
9.925473018708411317e-04 1.347432108968194552e+04 6.531400412570278604e+03 3.598804046620594363e+03
1.107173179088194286e-03 1.503647524241401516e+04 7.263931459250026819e+03 3.998222224619716144e+03
1.235036804978161722e-03 1.674972181761645697e+04 8.067480077975095810e+03 4.436354034533074810e+03
1.377666961646263968e-03 1.862064322164284749e+04 8.945557430757147813e+03 4.915183550691073833e+03
1.536768984990051967e-03 2.065422754944599365e+04 9.901004836635282118e+03 5.436350023219835748e+03
1.714245154289869167e-03 2.285297144600426327e+04 1.093526518888078135e+04 6.000728863300583726e+03
1.912217436523370962e-03 2.521647250880152205e+04 1.204825519370111761e+04 6.608370090058512687e+03
2.133052857342773462e-03 2.774082603901498442e+04 1.323817271758801871e+04 7.258381130209823823e+03
2.379391802059096454e-03 3.041658168819774073e+04 1.450065412640523027e+04 7.948312641891685416e+03
2.654179585009814029e-03 3.322840273269700992e+04 1.582855819130356031e+04 8.674059655304037733e+03
2.960701664764286197e-03 3.615430334880232112e+04 1.721158021701642792e+04 9.429891248376621661e+03
3.302622926212283368e-03 3.916297956350249297e+04 1.863494780213873673e+04 1.020828375524976400e+04
3.684031499205906151e-03 4.221708553559501161e+04 2.008081884416448156e+04 1.099931642775773253e+04
4.109487637665882979e-03 4.527142765621062426e+04 2.152767000319962608e+04 1.179119482452580633e+04
4.584078243567925488e-03 4.827286786510563252e+04 2.295029101855966292e+04 1.257014940264307552e+04
5.113477687716873853e-03 5.116049777784193429e+04 2.431983432810993327e+04 1.332042202831613577e+04
5.704015654503047893e-03 5.386633732818891440e+04 2.560407200432214086e+04 1.402440571970964083e+04
6.362752821816417166e-03 5.631582908283586585e+04 2.676763242350330620e+04 1.466276570283055844e+04
7.097565280973966440e-03 5.842739835677290830e+04 2.777183845435555122e+04 1.521435834516893010e+04
7.917238706014356406e-03 6.011090643513551186e+04 2.857388523535072818e+04 1.565575955684595829e+04
8.831573398280912271e-03 6.129969571883329627e+04 2.914211521666304543e+04 1.596962924021438630e+04
9.851501462242475554e-03 6.181420397043492994e+04 2.939106875958175078e+04 1.610907753721236077e+04
1.098921751354712747e-02 6.157585586390300159e+04 2.928331315275425732e+04 1.605353044965456684e+04
1.225832448210000328e-02 6.053454655522949179e+04 2.879470359622976321e+04 1.578961553240238027e+04
1.367399625343743499e-02 5.864818508127728273e+04 2.790485591246316471e+04 1.530594429542825856e+04
1.525315909299450497e-02 5.589440753421810223e+04 2.660268383117124904e+04 1.459624161487381571e+04
1.701469402243795462e-02 5.233736163056228543e+04 2.491814912876944800e+04 1.367668929083283365e+04
1.897966256774625410e-02 4.813377685774802376e+04 2.292522873296073158e+04 1.258762061513921617e+04
2.117155857815964867e-02 4.351893367765180301e+04 2.073532331665598394e+04 1.138987469954271728e+04
2.361658912683562567e-02 3.881211602656306059e+04 1.850026863361992946e+04 1.016674646434869828e+04
2.634398785175567220e-02 3.436655567879676528e+04 1.638818061361346918e+04 9.010460365586810440e+03
2.938636448329653983e-02 3.050284844339843039e+04 1.455203254929086870e+04 8.005093556625697602e+03
3.278009473753994152e-02 2.742003295604028972e+04 1.308698350173284052e+04 7.203088891163324661e+03
3.656575523702054742e-02 2.510514489746367326e+04 1.198734576647436734e+04 6.601580755511321513e+03
4.078860865897657173e-02 2.328826590468254290e+04 1.112442187185460352e+04 6.129895947504141077e+03
4.549914491170512637e-02 2.139924235201378178e+04 1.022560674499000197e+04 5.637880794386416710e+03
5.075368480951484434e-02 1.891629127305668590e+04 9.040630787095022242e+03 4.987327663339623541e+03
5.661505346402430361e-02 1.579073873720533811e+04 7.545265316162206545e+03 4.164501084252454348e+03
6.315333144310807112e-02 1.269313879414628536e+04 6.060204684539728987e+03 3.346217897676111534e+03
7.044669267860774464e-02 1.050254159712063483e+04 5.007297457859086535e+03 2.765693357634174390e+03
7.858233914112514040e-02 9.386624466157916686e+03 4.467954147919405841e+03 2.468400873222133669e+03
8.765754345719625751e-02 8.479817229196318294e+03 4.027150119890405676e+03 2.225112231723463992e+03
9.778081193473929511e-02 6.951707545104219207e+03 3.285567888408543240e+03 1.814747277609813864e+03
1.090731819023149224e-01 5.455343161618391605e+03 2.557087050837148126e+03 1.410968702989269559e+03
1.216696688736408766e-01 4.763421894320375941e+03 2.214203793598496304e+03 1.220320165186650911e+03
1.357208808401622890e-01 4.123489664698252454e+03 1.895257515021237623e+03 1.042518283482449078e+03
1.513948189927238619e-01 3.275084114496633447e+03 1.475247462410010712e+03 8.082458367062273510e+02
1.688788864024014236e-01 2.846698616298148409e+03 1.257677323949117408e+03 6.859281372510780557e+02
1.883821286769788717e-01 2.369057654117750644e+03 1.017100129520296832e+03 5.505695184832069344e+02
2.101377333831422056e-01 2.018502263794835926e+03 8.389090191504435552e+02 4.496261526772418620e+02
2.344058181183555356e-01 1.713910032777820788e+03 6.846464679007302720e+02 3.618771060798737835e+02
2.614765405675759102e-01 1.482676197707366555e+03 5.675295384864315338e+02 2.947468660658124691e+02
2.916735677297306317e-01 1.280229374864868305e+03 4.663853803527406399e+02 2.366280114943948263e+02
3.253579457932418983e-01 1.120659957207699335e+03 3.877171353143989450e+02 1.912087183352496993e+02
3.629324169301749725e-01 9.901656862618166315e+02 3.247268210199455325e+02 1.547973456029117187e+02
4.048462346221089470e-01 8.821744997875056242e+02 2.740804987520614873e+02 1.255956945499164163e+02
4.516005350914485406e-01 7.925718048108718676e+02 2.335861409215937670e+02 1.023984163051731429e+02
5.037543290608768043e-01 7.172629533553030114e+02 2.011116144364050342e+02 8.401603310753546339e+01
5.619311854805180140e-01 6.529220479289241439e+02 1.749565681510650279e+02 6.948718654355533886e+01
6.268266871357865977e-01 5.970201148676088678e+02 1.538121654471283932e+02 5.804458923568621032e+01
6.992167472777639503e-01 5.472216807834431620e+02 1.365198412259839245e+02 4.901920163862895663e+01
7.799668867126374749e-01 5.017081896550123474e+02 1.221734326448831496e+02 4.187947150301611288e+01
8.700425822703268253e-01 4.590948937787193813e+02 1.100548821280611378e+02 3.620572515747141296e+01
9.705208103821856280e-01 4.183762573284445807e+02 9.959719430430588716e+01 3.166416693439214924e+01
1.082602923786821769e+00 3.788775474598767801e+02 9.034212942899627308e+01 2.798544729686926047e+01
1.207629015322442267e+00 3.402867544732414444e+02 8.194229766445469920e+01 2.495966004417470785e+01
1.347093940544190405e+00 3.026102618459256064e+02 7.413852487362653676e+01 2.241951587755410813e+01
1.502665190738521561e+00 2.661171347536908911e+02 6.675578368916316663e+01 2.023635670259577068e+01
1.676202830030598223e+00 2.312628491024083246e+02 5.969032961335175003e+01 1.830964498286007824e+01
1.869781734959676811e+00 1.985651324736963659e+02 5.290217215892725022e+01 1.656490333856933717e+01
2.085716402426663674e+00 1.685261456515490579e+02 4.640271311948337285e+01 1.494816566444796635e+01
2.326588622626292402e+00 1.415016548050673748e+02 4.023845531914195561e+01 1.342426515819598976e+01
2.595278347831105226e+00 1.176878285239797037e+02 3.447649772925637990e+01 1.197358809291852566e+01
2.894998126105261083e+00 9.708016172718355108e+01 2.918433227500780447e+01 1.058918367353166978e+01
3.229331511649635278e+00 7.952487258540577386e+01 2.441906126893873008e+01 9.273855257888119041e+00
3.602275911025628830e+00 6.476230432408237903e+01 2.021092949424669882e+01 8.036139541941327735e+00
4.018290377542188097e+00 5.247696784478215193e+01 1.656445480396357794e+01 6.887525328624177767e+00
4.482348925252354732e+00 4.233545445038107147e+01 1.345883232261586215e+01 5.838354446953368360e+00
5.000000000000000888e+00 3.401346586788988446e+01 1.085507046015790422e+01 4.896391769400497473e+00
