1.000000000230258569e-04 2.593544880330672981e+02 1.134484991726465637e+02 6.391610182594986611e+01
1.115026695290953366e-04 2.888472134380274383e+02 1.262977994540698035e+02 7.114888120539161775e+01
1.243284530925187648e-04 3.217279518055322569e+02 1.406059188015806001e+02 7.920056513286783684e+01
1.386295441504667143e-04 3.583948660769966068e+02 1.565394379832466143e+02 8.816397672575233457e+01
1.545756424481938766e-04 3.992935741006598960e+02 1.742841268944224566e+02 9.814245675851819328e+01
1.723559677317991945e-04 4.449230440401590840e+02 1.940471814619542101e+02 1.092510579855832447e+02
1.921815050694108094e-04 4.958422308186073906e+02 2.160596747150205204e+02 1.216178747852304980e+02
2.142875084442451923e-04 5.526679530315029751e+02 2.405784049690940947e+02 1.353852905051147104e+02
2.389362923277018713e-04 6.160795836828863230e+02 2.678886518506957373e+02 1.507115369289479645e+02
2.664203443578849946e-04 6.868308629008306525e+02 2.983078437308654429e+02 1.677725738447745982e+02
2.970657960592480913e-04 7.657306656035710830e+02 3.321853672551346222e+02 1.867630637102199955e+02
3.312362927876497001e-04 8.536363506177326599e+02 3.699044749351062933e+02 2.078980114941830379e+02
3.693373088223966556e-04 9.514736831878760768e+02 4.118881306458517315e+02 2.314155444697726978e+02
4.118209588090659132e-04 1.060215457074896221e+03 4.585953751636905622e+02 2.575767471821587833e+02
4.591913626466918256e-04 1.180864478185418875e+03 5.105198087322879132e+02 2.866663677847769236e+02
5.120106274801957584e-04 1.314466153110892037e+03 5.681976214952829878e+02 3.189968964384191850e+02
5.709055177816341068e-04 1.462150294171077121e+03 6.322084016401561257e+02 3.549079145741663979e+02
6.365748926688486646e-04 1.625166345541539840e+03 7.031754410902223071e+02 3.947655546808567237e+02
7.097979987143026312e-04 1.804839198315755993e+03 7.817686176960035027e+02 4.389667561261774154e+02
7.914437166483044659e-04 2.002662768046241581e+03 8.687176294010114361e+02 4.879409791224985611e+02
8.824808716799498404e-04 2.220415500992978650e+03 9.648270956004390655e+02 5.421515421717172103e+02
9.839897297802024153e-04 2.460080624484658983e+03 1.070967440055694397e+03 6.020967749945741616e+02
1.097174816344422205e-03 2.723843721985192133e+03 1.188078910659342000e+03 6.683104680743707604e+02
1.223379209343287413e-03 3.014097589181501462e+03 1.317178015549242900e+03 7.413617776426772252e+02
1.364100476567608111e-03 3.333486006856212043e+03 1.459358116342924177e+03 8.218557474308819337e+02
1.521008446081769522e-03 3.684775845382800981e+03 1.615756096045658751e+03 9.104192245206077132e+02
1.695965020753673102e-03 4.070591289379157843e+03 1.787487503198395416e+03 1.007674057807259487e+03
1.891046271984591709e-03 4.493607530282886728e+03 1.975683503566779336e+03 1.114248422012935180e+03
2.108567074807741158e-03 4.956412798762301463e+03 2.181435461474615295e+03 1.230747034516051826e+03
2.351108576680822643e-03 5.461120923735165889e+03 2.405659682403093939e+03 1.357683153597320370e+03
2.621548825923003187e-03 6.009516447128956315e+03 2.649138034349773989e+03 1.495495608740019406e+03
2.923096923239734257e-03 6.602926115466301781e+03 2.912454783853025219e+03 1.644512397664645050e+03
3.259331101584665453e-03 7.241865934390286384e+03 3.195835052906847523e+03 1.804861044446455480e+03
3.634241186222156913e-03 7.926037483649699425e+03 3.499150756885116607e+03 1.976471717031025491e+03
4.052275938830490927e-03 8.654126749347848090e+03 3.821850821367471781e+03 2.159041655440739760e+03
4.518395847440812539e-03 9.423767781175569326e+03 4.162906864687447523e+03 2.351958912996562958e+03
5.038131988628217865e-03 1.023078890735913046e+04 4.520480688802849727e+03 2.554290865871821097e+03
5.617651660426248826e-03 1.106995791440161520e+04 4.892250058509245719e+03 2.764645210682652760e+03
6.263831564778516575e-03 1.193392966632774915e+04 5.275005602794091828e+03 2.981229785258742595e+03
6.984339407925946493e-03 1.281323271664818822e+04 5.664580802311435036e+03 3.201705174544641977e+03
7.787724887016851671e-03 1.369591500935248951e+04 6.055714431030534797e+03 3.423106163879279848e+03
8.683521142606049834e-03 1.456693079321953155e+04 6.441774864701377737e+03 3.641693545286849258e+03
9.682357880899711625e-03 1.541085675278652343e+04 6.815955126742605898e+03 3.853629852256343838e+03
1.079608750807801998e-02 1.619866341871474833e+04 7.165433813804081183e+03 4.051670351592562838e+03
1.203792577343234388e-02 1.690473558651671192e+04 7.478877392654193500e+03 4.229408684813673062e+03
1.342260859021738965e-02 1.750384952162398622e+04 7.745137946660188391e+03 4.380545312810495489e+03
1.496656689508787767e-02 1.796382609609308565e+04 7.949957930257290172e+03 4.497016981000146188e+03
1.668812162103823840e-02 1.824936585765938071e+04 8.077692155259752326e+03 4.569961798131195792e+03
1.860770109743517184e-02 1.832745646327115173e+04 8.113676630324099278e+03 4.591069306671894083e+03
2.074808345685756270e-02 1.817059251348862017e+04 8.045700732900146249e+03 4.553411219041665390e+03
2.313466692519383291e-02 1.775943577558662582e+04 7.865103067447640569e+03 4.452053955804734869e+03
2.579577120231610690e-02 1.709158309772309076e+04 7.570702589956419615e+03 4.286254790299805791e+03
2.876297350957714855e-02 1.618764249912211926e+04 7.171549933627006794e+03 4.061108416540732833e+03
3.207148329174031032e-02 1.509599270728678857e+04 6.688936531782104794e+03 3.788624358175677571e+03
3.576056001963404812e-02 1.389324653045491868e+04 6.156690025740082092e+03 3.487905446844188191e+03
3.987397905126498221e-02 1.267719899400225950e+04 5.618069414413851518e+03 3.183427719131909726e+03
4.446055107939526907e-02 1.154967276589557696e+04 5.118184815243105731e+03 2.900755120431659634e+03
4.957470132945773766e-02 1.058966188266097924e+04 4.692045165191449087e+03 2.659731918365606361e+03
5.527711538069327024e-02 9.823945485927111804e+03 4.351543196702702517e+03 2.467125068142935561e+03
6.163545927395905344e-02 9.188661691781080663e+03 4.068303523404292264e+03 2.306860578345066642e+03
6.872518245115814828e-02 8.540948290227968755e+03 3.778802844812167677e+03 2.142903841457624367e+03
7.663041305413779980e-02 7.716236719349449231e+03 3.409779859766053505e+03 1.933659013731453115e+03
8.544495620686157200e-02 6.667017068536872102e+03 2.939932161483411164e+03 1.666989896909780782e+03
9.527340712667957401e-02 5.569367712046908309e+03 2.447432590681009515e+03 1.387237749628769279e+03
1.062323922731101822e-01 4.717042221049453474e+03 2.062947542364322089e+03 1.168599036726860959e+03
1.184519532618636822e-01 4.226134168760109787e+03 1.838245267407182155e+03 1.040510770678582730e+03
1.320770899659224340e-01 3.856549161360666858e+03 1.666614206283868270e+03 9.423850096627821813e+02
1.472694811144383831e-01 3.289811678112032041e+03 1.406403490187608440e+03 7.937355600288684627e+02
1.642094028064348954e-01 2.679191772643485365e+03 1.126091540981297385e+03 6.334571038592374634e+02
1.830978677048002712e-01 2.352291950408169669e+03 9.718516011500663581e+02 5.446242415155893468e+02
2.041590102946942431e-01 2.096960183255375341e+03 8.496698897719198840e+02 4.738364331198765171e+02
2.276427465103479653e-01 1.734655845702775423e+03 6.804857592552050392e+02 3.761831502642455121e+02
2.538277392899435103e-01 1.530634976303303347e+03 5.827679988088516438e+02 3.190381146982939526e+02
2.830247052484705095e-01 1.328218767188534457e+03 4.871546473871639478e+02 2.630439317404942017e+02
3.155801017062329072e-01 1.156842731083152557e+03 4.068909148484754610e+02 2.157983774722031569e+02
3.518802378240603601e-01 1.018288846651725180e+03 3.428258355130648738e+02 1.778671220624712248e+02
3.923558586288135031e-01 9.034067007621169978e+02 2.907465352999865900e+02 1.469268281967737266e+02
4.374872563241952172e-01 8.016513928399967881e+02 2.459041287853554252e+02 1.203567466069095104e+02
4.878099695387512202e-01 7.200934346905040684e+02 2.110997208235207836e+02 9.976000675656952410e+01
5.439211381395319123e-01 6.501963274143971603e+02 1.824567134407084552e+02 8.295940578562422729e+01
6.064865890189676811e-01 5.899756844005154335e+02 1.589542589470066218e+02 6.936266519151675425e+01
6.762487369363893164e-01 5.376423302980422250e+02 1.397205373063104048e+02 5.845290922070893203e+01
7.540353941672404137e-01 4.917827491664656350e+02 1.240079867155649254e+02 4.976298171985568786e+01
8.407695934971151086e-01 4.505003322754577084e+02 1.109813904136431120e+02 4.279892001073265106e+01
9.374805411223435803e-01 4.125360734885654210e+02 1.000398557721615589e+02 3.719840713325831416e+01
1.045315829426528564e+00 3.769950136855374012e+02 9.072410901833085006e+01 3.268166389850703979e+01
1.165555054552403824e+00 3.431689823113684383e+02 8.262784452734999263e+01 2.900678712524921110e+01
1.299625000357985227e+00 3.105787302112896100e+02 7.542246399569637560e+01 2.598105925231861235e+01
1.449116568932995452e+00 2.790271752246354708e+02 6.884695955857300476e+01 2.344732979549508300e+01
1.615803658576671964e+00 2.485008076264917918e+02 6.270355226613906297e+01 2.128241356286032016e+01
1.801664213246928048e+00 2.191674171518686478e+02 5.685021394099830161e+01 1.938630770182518503e+01
2.008903693258128342e+00 1.912663644039309361e+02 5.119624046113240468e+01 1.768139029756082792e+01
2.239981245735629400e+00 1.650939395411674866e+02 4.570405613201503314e+01 1.610809187884014548e+01
2.497638885371206374e+00 1.409252800000020613e+02 4.037541738967661331e+01 1.462322631826335595e+01
2.784934031744384253e+00 1.190271275797157955e+02 3.525342334877823447e+01 1.319918854050333223e+01
3.105275789304232426e+00 9.955987892989622878e+01 3.039749308538626593e+01 1.182081604203359859e+01
3.462465400517639402e+00 8.259568364089480497e+01 2.588231640091620278e+01 1.048542747551119092e+01
3.860741352209485999e+00 6.806819136295503370e+01 2.176991125275784711e+01 9.198412895990736970e+00
4.304829670336041580e+00 5.579510707225745136e+01 1.810957985203054221e+01 7.973080567060420343e+00
4.799999999999999822e+00 4.553661057488556452e+01 1.491965033394464690e+01 6.824540359312129212e+00
