1.000000000230258569e-04 3.473267798841112381e+03 1.666891906582371575e+03 9.568381132864219580e+02
1.115486563971542785e-04 3.816793584329645455e+03 1.831862502092765908e+03 1.051415028209788716e+03
1.244310274114527074e-04 4.194347607034774228e+03 2.013211416217260648e+03 1.155347339187651869e+03
1.388011391866901154e-04 4.609297269921808038e+03 2.212571667332736070e+03 1.269560333917701200e+03
1.548308057910457113e-04 5.065324003979784720e+03 2.431732500885528225e+03 1.395068329995972363e+03
1.727116835090306587e-04 5.566421499449861585e+03 2.672641693053354629e+03 1.532979148579270714e+03
1.926575623508681512e-04 6.116950007746737356e+03 2.937431417028990381e+03 1.684506474742103137e+03
2.149069222004190347e-04 6.721624663259218323e+03 3.228414802800618872e+03 1.850972677384977715e+03
2.397257841638464457e-04 7.385439177609143371e+03 3.548053067003781507e+03 2.033801938870657295e+03
2.674108912107391479e-04 8.113758059553069870e+03 3.899001094725235816e+03 2.234540822954676969e+03
2.982932561365508645e-04 8.912299844189181385e+03 4.284095180854154023e+03 2.454855094312962137e+03
3.327421192670277522e-04 9.787010989296015396e+03 4.706277063000299677e+03 2.696497686496116330e+03
3.711693632243215748e-04 1.074414791197084924e+04 5.168645470827275858e+03 2.961338086176877823e+03
4.140344375392690035e-04 1.179033024844229476e+04 5.674469088543874022e+03 3.251361397497116286e+03
4.618498519902246974e-04 1.293264871910556940e+04 6.227184589145726022e+03 3.568632792139822413e+03
5.151873043487156757e-04 1.417858970394345124e+04 6.830384095053381316e+03 3.915314746055238174e+03
5.746845157973842983e-04 1.553608850428406913e+04 7.487839992454260937e+03 4.293672207026831529e+03
6.410528557468661917e-04 1.701385990470661636e+04 8.203639569046750694e+03 4.706077684443908765e+03
7.150858472165629249e-04 1.862124008004408824e+04 8.982104783999548090e+03 5.154995319035522698e+03
7.976686544726134401e-04 2.036798797412829299e+04 9.827718952459284992e+03 5.642953589008457129e+03
8.897886663605780169e-04 2.226368380528409034e+04 1.074497082195169060e+04 6.172474421916232131e+03
9.925473018708411317e-04 2.431794228117821694e+04 1.173838908951097437e+04 6.746072664324707148e+03
1.107173179088194286e-03 2.654014149210182586e+04 1.281238939332539849e+04 7.366169757118202142e+03
1.235036804978161722e-03 2.893741434300740730e+04 1.397039930917040510e+04 8.034676315351833182e+03
1.377666961646263968e-03 3.151509814269267372e+04 1.521504759043269951e+04 8.753061998035327633e+03
1.536768984990051967e-03 3.427659441829577554e+04 1.654806876140667737e+04 9.522277156393931364e+03
1.714245154289869167e-03 3.722062182171641325e+04 1.796892165959082558e+04 1.034199518224264102e+04
1.912217436523370962e-03 4.034142468932233896e+04 1.947491998085843807e+04 1.121067693335136755e+04
2.133052857342773462e-03 4.362871123013983015e+04 2.106122187976947680e+04 1.212555315680796411e+04
2.379391802059096454e-03 4.706499953089774499e+04 2.271947327160198256e+04 1.308183653179480461e+04
2.654179585009814029e-03 5.062553862371716968e+04 2.443779408935118772e+04 1.407271860931831543e+04
2.960701664764286197e-03 5.427846475160652335e+04 2.620089005708633704e+04 1.508944174023224150e+04
3.302622926212283368e-03 5.798395488868094981e+04 2.798981797327989989e+04 1.612100752748606828e+04
3.684031499205906151e-03 6.169291666292039008e+04 2.978056932237844376e+04 1.715392254327359842e+04
4.109487637665882979e-03 6.534970900523144519e+04 3.154661155885772314e+04 1.817270431067389291e+04
4.584078243567925488e-03 6.889056215269572567e+04 3.325720872400669032e+04 1.915974960649085551e+04
5.113477687716873853e-03 7.224403296705773391e+04 3.487798362923390960e+04 2.009531830926587281e+04
5.704015654503047893e-03 7.533161902011095663e+04 3.637112573476185207e+04 2.095767111806957837e+04
6.362752821816417166e-03 7.806797199752836605e+04 3.769549093837112014e+04 2.172314897533029944e+04
7.097565280973966440e-03 8.035996473562330357e+04 3.880620713986561896e+04 2.236592278660893135e+04
7.917238706014356406e-03 8.210275288284941053e+04 3.965265521507018275e+04 2.285683784655738418e+04
8.831573398280912271e-03 8.321865763269127638e+04 4.019737144911005453e+04 2.317433739166836676e+04
9.851501462242475554e-03 8.352074062325032719e+04 4.034988131197257462e+04 2.326613412452352350e+04
1.098921751354712747e-02 8.291402776115965389e+04 4.006420409230883524e+04 2.310567745475118863e+04
1.225832448210000328e-02 8.136504015177371912e+04 3.932388405435366440e+04 2.268335515204461262e+04
1.367399625343743499e-02 7.880945308155842940e+04 3.809741389704252651e+04 2.198078813300862021e+04
1.525315909299450497e-02 7.521877661367149267e+04 3.637060252234744257e+04 2.098961295056444578e+04
1.701469402243795462e-02 7.066739156833010202e+04 3.417891709543331672e+04 1.973008519686819272e+04
1.897966256774625410e-02 6.530517175685338589e+04 3.159413013579836115e+04 1.824333916762438457e+04
2.117155857815964867e-02 5.938367121289937495e+04 2.873736589558053674e+04 1.659895465351797611e+04
2.361658912683562567e-02 5.324845304090609716e+04 2.577560213027598002e+04 1.489324812586766348e+04
2.634398785175567220e-02 4.729678049251050834e+04 2.290064249287630810e+04 1.323679192594104279e+04
2.938636448329653983e-02 4.191272378146619303e+04 2.029841965729543153e+04 1.173698517581955457e+04
3.278009473753994152e-02 3.737260957591213082e+04 1.810292106473945023e+04 1.047138932844115516e+04
3.656575523702054742e-02 3.374461485077079124e+04 1.634743828707409557e+04 9.459487678745430458e+03
4.078860865897657173e-02 3.083361054436275663e+04 1.493752245429278628e+04 8.646798121943465958e+03
4.549914491170512637e-02 2.808867768735399295e+04 1.360580950446820134e+04 7.878648047833741657e+03
5.075368480951484434e-02 2.493875620806369989e+04 1.207455863784167013e+04 6.994053717962537121e+03
5.661505346402430361e-02 2.115131105385064075e+04 1.023004106496311397e+04 5.926860339225941061e+03
6.315333144310807112e-02 1.722103064018732402e+04 8.312160671880154041e+03 4.815944265660503333e+03
7.044669267860774464e-02 1.408167004366891706e+04 6.775212409560162996e+03 3.924849544332977075e+03
7.858233914112514040e-02 1.218848239149359324e+04 5.841484189914468516e+03 3.382885377150174918e+03
8.765754345719625751e-02 1.091098474193024958e+04 5.204836749185598819e+03 3.012668689407488728e+03
9.778081193473929511e-02 9.207495514974851176e+03 4.357961384043506769e+03 2.519633576182693105e+03
1.090731819023149224e-01 7.281239091333402030e+03 3.400333917713302526e+03 1.961475849513397179e+03
1.216696688736408766e-01 6.129529087221189002e+03 2.819060908229136658e+03 1.621328419737660170e+03
1.357208808401622890e-01 5.384032853307484402e+03 2.435640370681311197e+03 1.395621353312341171e+03
1.513948189927238619e-01 4.366940304396483953e+03 1.920668558286312191e+03 1.092948398434895353e+03
1.688788864024014236e-01 3.706553595293498347e+03 1.581422349801702012e+03 8.920791801228771192e+02
1.883821286769788717e-01 3.179518773683772906e+03 1.309972628711437437e+03 7.304421270319062387e+02
2.101377333831422056e-01 2.685198111882252761e+03 1.057735591066614006e+03 5.799638720612329053e+02
2.344058181183555356e-01 2.330967356834582006e+03 8.771532644567943180e+02 4.713343537296531736e+02
2.614765405675759102e-01 2.022497378632239815e+03 7.222812115772401285e+02 3.780398843928252859e+02
2.916735677297306317e-01 1.772195740491098832e+03 5.989023332290341841e+02 3.035985119018858427e+02
3.253579457932418983e-01 1.572821230582691214e+03 5.029005636530119432e+02 2.456742058007368144e+02
3.629324169301749725e-01 1.406459857756937026e+03 4.253704150289116797e+02 1.991518040176268016e+02
4.048462346221089470e-01 1.268176065182063212e+03 3.635673752734788877e+02 1.624179818293564495e+02
4.516005350914485406e-01 1.152053947294820773e+03 3.143378611540493921e+02 1.335895581581397380e+02
5.037543290608768043e-01 1.052637493947070652e+03 2.749035907582050413e+02 1.109990281994767827e+02
5.619311854805180140e-01 9.653595313729699683e+02 2.429701073088807846e+02 9.326550042082710945e+01
6.268266871357865977e-01 8.869524530563907092e+02 2.168745086648750373e+02 7.935522392826763394e+01
6.992167472777639503e-01 8.145385331584151345e+02 1.951640296237023904e+02 6.838904270690895260e+01
7.799668867126374749e-01 7.459487591172675138e+02 1.767079064853602972e+02 5.968185438348606908e+01
8.700425822703268253e-01 6.796975901722971685e+02 1.606100157766696839e+02 5.268668233341483642e+01
9.705208103821856280e-01 6.149069740248997959e+02 1.461847418331262247e+02 4.698263498430152652e+01
1.082602923786821769e+00 5.512857527738860881e+02 1.329054700398535545e+02 4.223038367396669912e+01
1.207629015322442267e+00 4.890231097587097793e+02 1.203978715489727165e+02 3.817130019622921822e+01
1.347093940544190405e+00 4.287597816510790949e+02 1.084233631199709720e+02 3.460348752303951869e+01
1.502665190738521561e+00 3.713348720169825015e+02 9.685950300974585048e+01 3.137743034882242910e+01
1.676202830030598223e+00 3.177187614185315283e+02 8.569175412288790028e+01 2.838573324838470313e+01
1.869781734959676811e+00 2.687081884933019182e+02 7.497584313938841660e+01 2.555726209349785094e+01
2.085716402426663674e+00 2.248976948924126589e+02 6.482500397608080789e+01 2.285328706313177705e+01
2.326588622626292402e+00 1.865148157078593556e+02 5.536466139762260497e+01 2.025930145552390726e+01
2.595278347831105226e+00 1.534844879277813163e+02 4.671982432720434275e+01 1.778208273229015290e+01
2.894998126105261083e+00 1.254850384797145040e+02 3.897457182743894322e+01 1.543931514606474131e+01
3.229331511649635278e+00 1.020371795393537724e+02 3.217169867840730291e+01 1.325619980335123138e+01
3.602275911025628830e+00 8.258601251165612211e+01 2.630426129817205805e+01 1.125520439094493952e+01
4.018290377542188097e+00 6.655592188348857974e+01 2.132719697552100158e+01 9.454195028239087861e+00
4.482348925252354732e+00 5.342268293602720064e+01 1.716609337534070079e+01 7.860735229581909067e+00
5.000000000000000888e+00 4.272103177884869751e+01 1.372992630675929959e+01 6.473357477911520164e+00
