1.000000000230258569e-04 7.092460276910381936e+02 3.276342699754392811e+02 1.881794683570801681e+02
1.115026695290953366e-04 7.855917913559258068e+02 3.627416244010732385e+02 2.083115805774134230e+02
1.243284530925187648e-04 8.702696442254931526e+02 4.016303567211484165e+02 2.306013423982832933e+02
1.386295441504667143e-04 9.642169238032911380e+02 4.447129659069734089e+02 2.552810167504815126e+02
1.545756424481938766e-04 1.068479217104970076e+03 4.924476489248938833e+02 2.826079916582691567e+02
1.723559677317991945e-04 1.184210930153750724e+03 5.453422059210756743e+02 3.128671759907890078e+02
1.921815050694108094e-04 1.312691787955977588e+03 6.039600113976276816e+02 3.463740925583023795e+02
2.142875084442451923e-04 1.455338954352553628e+03 6.689255529505102231e+02 3.834780139209486265e+02
2.389362923277018713e-04 1.613661927228499280e+03 7.409210150597185702e+02 4.245629000246280498e+02
2.664203443578849946e-04 1.789280510411653040e+03 8.206940728970299688e+02 4.700514990706583944e+02
2.970657960592480913e-04 1.983945730689243874e+03 9.090657559654154056e+02 5.204095292894380691e+02
3.312362927876497001e-04 2.199427071172808610e+03 1.006906724523953812e+03 5.761402625068044472e+02
3.693373088223966556e-04 2.437506722694889049e+03 1.115141834183718629e+03 6.377883288354596516e+02
4.118209588090659132e-04 2.700015937383260734e+03 1.234763854266865565e+03 7.059461476807923646e+02
4.591913626466918256e-04 2.988805808535178585e+03 1.366801254479425097e+03 7.812393911609609631e+02
5.120106274801957584e-04 3.305717534160040032e+03 1.512311738983931718e+03 8.643265331129074411e+02
5.709055177816341068e-04 3.652569501810808561e+03 1.672395475116885564e+03 9.559077942418673501e+02
6.365748926688486646e-04 4.031449264173244501e+03 1.848223904161944347e+03 1.056718603778533407e+03
7.097979987143026312e-04 4.444775069425723814e+03 2.041041248532531881e+03 1.167525966564923920e+03
7.914437166483044659e-04 4.895107274259579754e+03 2.252138888207466152e+03 1.289129215100053898e+03
8.824808716799498404e-04 5.385435737426038031e+03 2.482931074815069678e+03 1.422374197881621967e+03
9.839897297802024153e-04 5.919318114618131403e+03 2.734985361456279861e+03 1.568156290562166760e+03
1.097174816344422205e-03 6.500710950218299331e+03 3.009963660375686686e+03 1.727402526137128007e+03
1.223379209343287413e-03 7.133633673061201080e+03 3.309557167179217231e+03 1.901049822941480897e+03
1.364100476567608111e-03 7.821985715086041637e+03 3.635445695217653338e+03 2.090027811882458991e+03
1.521008446081769522e-03 8.569839467905296260e+03 3.989332352816595630e+03 2.295257754436805044e+03
1.695965020753673102e-03 9.380712191858652659e+03 4.372694967628753147e+03 2.517537037110586425e+03
1.891046271984591709e-03 1.025693113417802306e+04 4.786566732804460116e+03 2.757435612890353241e+03
2.108567074807741158e-03 1.120018144700363155e+04 5.231690921918140702e+03 3.015353138849889547e+03
2.351108576680822643e-03 1.221091006450599161e+04 5.708245091786964622e+03 3.291375198966413336e+03
2.621548825923003187e-03 1.328762148184729449e+04 6.215524105792646878e+03 3.585109852334977859e+03
2.923096923239734257e-03 1.442716826468030558e+04 6.752073029098490224e+03 3.895747007571034374e+03
3.259331101584665453e-03 1.562457270368686659e+04 7.315598871986109771e+03 4.221971783966569092e+03
3.634241186222156913e-03 1.687280565181929705e+04 7.902859750613415599e+03 4.561854651842867497e+03
4.052275938830490927e-03 1.816256368324563664e+04 8.509582727258024534e+03 4.912848632851677394e+03
4.518395847440812539e-03 1.948103084374218452e+04 9.129782765038187790e+03 5.271787348749521698e+03
5.038131988628217865e-03 2.081362228039625552e+04 9.756553641880514988e+03 5.634612747435977326e+03
5.617651660426248826e-03 2.214308650361956097e+04 1.038191127840995068e+04 5.996650293974854321e+03
6.263831564778516575e-03 2.344886096743564121e+04 1.099627927822596757e+04 6.352412204270901384e+03
6.984339407925946493e-03 2.470701914780719380e+04 1.158847671959579748e+04 6.695468097815190958e+03
7.787724887016851671e-03 2.589112872161727500e+04 1.214615797857276266e+04 7.018706992509338306e+03
8.683521142606049834e-03 2.696971742189614815e+04 1.265460034531195561e+04 7.313641443165936835e+03
9.682357880899711625e-03 2.789597715987389529e+04 1.309181411929357091e+04 7.567536588862207282e+03
1.079608750807801998e-02 2.863054586252447189e+04 1.343933267222667200e+04 7.769725847092987351e+03
1.203792577343234388e-02 2.914109519474741683e+04 1.368198324666581175e+04 7.911447770372234118e+03
1.342260859021738965e-02 2.938403664363216012e+04 1.379921459597828107e+04 7.980777475100778247e+03
1.496656689508787767e-02 2.931179886308579080e+04 1.376860200697478285e+04 7.964713950791669049e+03
1.668812162103823840e-02 2.888867610176604285e+04 1.357329555597796025e+04 7.853475978265805679e+03
1.860770109743517184e-02 2.808768104894814678e+04 1.320051843074969293e+04 7.639636468697605778e+03
2.074808345685756270e-02 2.689730702852621471e+04 1.264459016495489232e+04 7.319770318841525295e+03
2.313466692519383291e-02 2.533394415614330865e+04 1.191310363626542858e+04 6.898151383504966361e+03
2.579577120231610690e-02 2.344707532165252633e+04 1.102912209234126385e+04 6.388082313821465505e+03
2.876297350957714855e-02 2.132551747908838297e+04 1.003417967558323289e+04 5.813485245525273058e+03
3.207148329174031032e-02 1.909619097984209293e+04 8.987769134728108838e+03 5.208728225857414145e+03
3.576056001963404812e-02 1.691318114854242958e+04 7.962351287456874161e+03 4.615791098499607870e+03
3.987397905126498221e-02 1.493248789240537008e+04 7.031341181749083262e+03 4.077238740234531633e+03
4.446055107939526907e-02 1.327629834647841562e+04 6.252355762997104648e+03 3.626519789912002125e+03
4.957470132945773766e-02 1.199211634735937332e+04 5.647907949753880530e+03 3.276770085288044356e+03
5.527711538069327024e-02 1.101763851896883170e+04 5.188748606559943255e+03 3.011096067210698948e+03
6.163545927395905344e-02 1.017732232817415934e+04 4.792128841735791866e+03 2.781519888185475793e+03
6.872518245115814828e-02 9.190699778642228921e+03 4.325624608027311297e+03 2.511157790222759104e+03
7.663041305413779980e-02 7.904901248243879309e+03 3.716868023905268274e+03 2.157933994075830924e+03
8.544495620686157200e-02 6.442608389776794866e+03 3.023622503022021192e+03 1.755351215154257943e+03
9.527340712667957401e-02 5.184306479060410311e+03 2.425623267454353936e+03 1.407840832173419813e+03
1.062323922731101822e-01 4.418817217792833617e+03 2.059547762993947799e+03 1.194901992461212330e+03
1.184519532618636822e-01 4.011010141282582481e+03 1.861703130846686690e+03 1.079584149742895988e+03
1.320770899659224340e-01 3.499482830871940678e+03 1.613997525143215626e+03 9.351108741989208966e+02
1.472694811144383831e-01 2.768845614733089405e+03 1.261927107874319745e+03 7.297651419589892612e+02
1.642094028064348954e-01 2.255847832139405455e+03 1.012364215689899993e+03 5.838634056448703404e+02
1.830978677048002712e-01 2.018635206638210548e+03 8.930461271777597858e+02 5.135613292408739881e+02
2.041590102946942431e-01 1.672495585251802595e+03 7.223985097749608713e+02 4.132678203977049520e+02
2.276427465103479653e-01 1.376068057735134744e+03 5.757682644234574809e+02 3.268302543460350194e+02
2.538277392899435103e-01 1.208519864136151000e+03 4.908374763608919125e+02 2.761989773076346637e+02
2.830247052484705095e-01 1.005553287105972800e+03 3.903575441044500849e+02 2.165068901529098753e+02
3.155801017062329072e-01 8.799924286594733758e+02 3.275314119254672391e+02 1.787287220917486081e+02
3.518802378240603601e-01 7.557086307170209238e+02 2.665876131654476922e+02 1.421394422220762692e+02
3.923558586288135031e-01 6.643340048893077210e+02 2.222669853638736868e+02 1.153487918358182043e+02
4.374872563241952172e-01 5.869629781461653693e+02 1.856172217927845907e+02 9.320460601278425372e+01
4.878099695387512202e-01 5.227260054793866857e+02 1.560756934580684003e+02 7.539981082780640520e+01
5.439211381395319123e-01 4.699496832039277479e+02 1.327152123206030865e+02 6.139826075086031665e+01
6.064865890189676811e-01 4.257230579999458655e+02 1.140704229207296549e+02 5.034218983248523926e+01
6.762487369363893164e-01 3.880925857140392168e+02 9.914948302731997387e+01 4.163882662493483622e+01
7.540353941672404137e-01 3.552851233636237112e+02 8.708421092664590901e+01 3.477110095445637938e+01
8.407695934971151086e-01 3.261100593836608255e+02 7.728017633935353103e+01 2.937085189260649898e+01
9.374805411223435803e-01 2.995065771778693033e+02 6.921111793582660709e+01 2.511523793348551692e+01
1.045315829426528564e+00 2.746053227847691005e+02 6.244697200712491991e+01 2.174397301589906562e+01
1.165555054552403824e+00 2.507901530759603190e+02 5.664904062631268999e+01 1.905016597461837335e+01
1.299625000357985227e+00 2.276555724552232789e+02 5.155398694436040330e+01 1.687392654845323037e+01
1.449116568932995452e+00 2.050126845179863437e+02 4.695564600815748690e+01 1.508635582111826423e+01
1.615803658576671964e+00 1.828372719885572337e+02 4.269752726875950799e+01 1.358691353516067224e+01
1.801664213246928048e+00 1.612910930966970113e+02 3.867158358531963103e+01 1.229709690392757437e+01
2.008903693258128342e+00 1.406227041601101462e+02 3.480837113507219271e+01 1.115659155253403689e+01
2.239981245735629400e+00 1.211560386496943380e+02 3.107781258708904559e+01 1.012054657749048836e+01
2.497638885371206374e+00 1.031854337337250200e+02 2.747685275886312439e+01 9.156419842171215961e+00
2.784934031744384253e+00 8.694978220146141723e+01 2.402891207116391215e+01 8.243635981839272375e+00
3.105275789304232426e+00 7.258237801738106043e+01 2.076852280119115335e+01 7.370388749327382527e+00
3.462465400517639402e+00 6.009824849559489479e+01 1.773802005894610900e+01 6.533500829876863314e+00
3.860741352209485999e+00 4.942162574698780020e+01 1.497363862712511917e+01 5.734911840781545145e+00
4.304829670336041580e+00 4.040762706685858063e+01 1.250117908256239296e+01 4.980922676199883270e+00
4.799999999999999822e+00 3.287744570110356790e+01 1.033157654831570937e+01 4.278859184041317043e+00
