1.000000000230258569e-04 1.660361977868513577e+03 8.445946562311692105e+02 5.160298770783729196e+02
1.115486563971542785e-04 1.868842649169132756e+03 9.489894613390493987e+02 5.793462690873489009e+02
1.244310274114527074e-04 2.104652251672246166e+03 1.066635791944950824e+03 6.505592313006621907e+02
1.388011391866901154e-04 2.371559840682627055e+03 1.199296678811023412e+03 7.306872177281569520e+02
1.548308057910457113e-04 2.673762062142979630e+03 1.348959308556187352e+03 8.208797373205439953e+02
1.727116835090306587e-04 3.015715132477516818e+03 1.517821234216145058e+03 9.224235263412031145e+02
1.926575623508681512e-04 3.402314414889127420e+03 1.708351412498104992e+03 1.036769838891377276e+03
2.149069222004190347e-04 3.838690527202883004e+03 1.923248165213251923e+03 1.165528906776108215e+03
2.397257841638464457e-04 4.329583473333924303e+03 2.165274559704326748e+03 1.310423595291611946e+03
2.674108912107391479e-04 4.879559792980821840e+03 2.437363124643766241e+03 1.473339951230994757e+03
2.982932561365508645e-04 5.492807894065939763e+03 2.742525195975503721e+03 1.656291839314340677e+03
3.327421192670277522e-04 6.172576991006655589e+03 3.083523695803805822e+03 1.861268450849617238e+03
3.711693632243215748e-04 6.921028624779080019e+03 3.462931063894762701e+03 2.090290493495821920e+03
4.140344375392690035e-04 7.739526509601073485e+03 3.883150804878161125e+03 2.345393960544435231e+03
4.618498519902246974e-04 8.630278329214674159e+03 4.346592535516717362e+03 2.628563243243436773e+03
5.151873043487156757e-04 9.595226117249334493e+03 4.855414304122247813e+03 2.941680955286172320e+03
5.746845157973842983e-04 1.063652871813929232e+04 5.411697378332217340e+03 3.286591155822165547e+03
6.410528557468661917e-04 1.176036406291659841e+04 6.018735439514843165e+03 3.665544850477795535e+03
7.150858472165629249e-04 1.297545114526062935e+04 6.680458963810553541e+03 4.080958107353726973e+03
7.976686544726134401e-04 1.429247981008086208e+04 7.401325036284662019e+03 4.535398413137738316e+03
8.897886663605780169e-04 1.572419921787428939e+04 8.187023474481196899e+03 5.032103419404455963e+03
9.925473018708411317e-04 1.728600801861088621e+04 9.044376555576938699e+03 5.574822673838472838e+03
1.107173179088194286e-03 1.899542630305050989e+04 9.981001625167731618e+03 6.167622357413039026e+03
1.235036804978161722e-03 2.086642675460153259e+04 1.100352548212604961e+04 6.814266586289574661e+03
1.377666961646263968e-03 2.291173705228964900e+04 1.211828219949955928e+04 7.518441972307325159e+03
1.536768984990051967e-03 2.514379532312140145e+04 1.333146881134481555e+04 8.283720658101688969e+03
1.714245154289869167e-03 2.756939115020104873e+04 1.464654434886689160e+04 9.112144574457592171e+03
1.912217436523370962e-03 3.019057483829252305e+04 1.606466931350092273e+04 1.000444740396757697e+04
2.133052857342773462e-03 3.300546820726018632e+04 1.758506939615423107e+04 1.096021636464018411e+04
2.379391802059096454e-03 3.600638518686933821e+04 1.920376092864476232e+04 1.197700001678233275e+04
2.654179585009814029e-03 3.917913246277245344e+04 2.091329997121201450e+04 1.305019482019801944e+04
2.960701664764286197e-03 4.250261524752163677e+04 2.270270679861343160e+04 1.417305380127601711e+04
3.302622926212283368e-03 4.594984660932839324e+04 2.455869324696504555e+04 1.533655598302206818e+04
3.684031499205906151e-03 4.948237610313570622e+04 2.645852439065125509e+04 1.652905601421600295e+04
4.109487637665882979e-03 5.305459974680590676e+04 2.837965820381991580e+04 1.773420759525984613e+04
4.584078243567925488e-03 5.661371619891097362e+04 3.029357230658969274e+04 1.893477084950120843e+04
5.113477687716873853e-03 6.009378154861314397e+04 3.216524409984243175e+04 2.010904211318696252e+04
5.704015654503047893e-03 6.341647868833179382e+04 3.395291492637230112e+04 2.123101777661144297e+04
6.362752821816417166e-03 6.649974798232861212e+04 3.561277607068065117e+04 2.227339688274823129e+04
7.097565280973966440e-03 6.919845099616372318e+04 3.706704850714741042e+04 2.318746292243037169e+04
7.917238706014356406e-03 7.139151505334996909e+04 3.825095805694350565e+04 2.393272584739247031e+04
8.831573398280912271e-03 7.298522282308465219e+04 3.911425851256232272e+04 2.447778632394479791e+04
9.851501462242475554e-03 7.383767667326540686e+04 3.958067070150704239e+04 2.477477680159062947e+04
1.098921751354712747e-02 7.380460808449814795e+04 3.957268619086744729e+04 2.477507724354084348e+04
1.225832448210000328e-02 7.277773762979816820e+04 3.903196657798784872e+04 2.444205147110067264e+04
1.367399625343743499e-02 7.067545766661036760e+04 3.791446621296530793e+04 2.374798991908775497e+04
1.525315909299450497e-02 6.747751770606878563e+04 3.620848781216594216e+04 2.268507229166862089e+04
1.701469402243795462e-02 6.325612425569110928e+04 3.395248308320192882e+04 2.127711455353594647e+04
1.897966256774625410e-02 5.819411871647862426e+04 3.124397248363556355e+04 1.958500582971392214e+04
2.117155857815964867e-02 5.259856027304178133e+04 2.824717538459847856e+04 1.771128885522417113e+04
2.361658912683562567e-02 4.688328321522786428e+04 2.518381898012681995e+04 1.579472908100265704e+04
2.634398785175567220e-02 4.151569577588862012e+04 2.230500180157945942e+04 1.399286486659347065e+04
2.938636448329653983e-02 3.692093321149180701e+04 1.983921787428592506e+04 1.244909998759954397e+04
3.278009473753994152e-02 3.336141898607106850e+04 1.792789531293791515e+04 1.125239914487630267e+04
3.656575523702054742e-02 3.081127266573468660e+04 1.655750217694589810e+04 1.039452635268516133e+04
4.078860865897657173e-02 2.887870577948413847e+04 1.551749424400300995e+04 9.743490997114633501e+03
4.549914491170512637e-02 2.678549965996919855e+04 1.438886243150198607e+04 9.036152143514607815e+03
5.075368480951484434e-02 2.377030838881188538e+04 1.276104346861744125e+04 8.014399751820641541e+03
5.661505346402430361e-02 1.979782350972564745e+04 1.061424497174360476e+04 6.665519757214619858e+03
6.315333144310807112e-02 1.585323522638322174e+04 8.479028341613277007e+03 5.322879649344422432e+03
7.044669267860774464e-02 1.317824846073328990e+04 7.025060020232680472e+03 4.407669467982575952e+03
7.858233914112514040e-02 1.196457240519595871e+04 6.356442667391274881e+03 3.985653931682476468e+03
8.765754345719625751e-02 1.094309280707016478e+04 5.788990548235267852e+03 3.626620495397334253e+03
9.778081193473929511e-02 8.966497353722770640e+03 4.703809819613072250e+03 2.941132768656118060e+03
1.090731819023149224e-01 7.061890589231505146e+03 3.655684934668688129e+03 2.278221848067712926e+03
1.216696688736408766e-01 6.291309939711311927e+03 3.218519607494135471e+03 1.999134122134179051e+03
1.357208808401622890e-01 5.501884187094735353e+03 2.771250457522999568e+03 1.713142468921137606e+03
1.513948189927238619e-01 4.411455753425839248e+03 2.162661227791532383e+03 1.325171422505017745e+03
1.688788864024014236e-01 3.917883973460559901e+03 1.878263030103975780e+03 1.140976075557309969e+03
1.883821286769788717e-01 3.301153617723212392e+03 1.530658279901195783e+03 9.169905367185039040e+02
2.101377333831422056e-01 2.874320003484321660e+03 1.288780039420227695e+03 7.597122984985950325e+02
2.344058181183555356e-01 2.481616820989069765e+03 1.069190603895498271e+03 6.169654315904519990e+02
2.614765405675759102e-01 2.190957743969605872e+03 9.080016437108436094e+02 5.116287996674287228e+02
2.916735677297306317e-01 1.928503051859090874e+03 7.654004837804690169e+02 4.188749523083698705e+02
3.253579457932418983e-01 1.719401007649020812e+03 6.541490324581551477e+02 3.467209572640302895e+02
3.629324169301749725e-01 1.546241369890355372e+03 5.645430889555794920e+02 2.890716104377311808e+02
4.048462346221089470e-01 1.400405065841626993e+03 4.915612903459480663e+02 2.426997580374558368e+02
4.516005350914485406e-01 1.276803163769455068e+03 4.322099706672079833e+02 2.056312304164553950e+02
5.037543290608768043e-01 1.170385368392788450e+03 3.836560810247543714e+02 1.760027292263079630e+02
5.619311854805180140e-01 1.077055144664934460e+03 3.435902111115693174e+02 1.522702830028888457e+02
6.268266871357865977e-01 9.934553471164738312e+02 3.101434323506497321e+02 1.331871784870922966e+02
6.992167472777639503e-01 9.166727600426188474e+02 2.817369888984677573e+02 1.177263660330230266e+02
7.799668867126374749e-01 8.444686465372448083e+02 2.571042982940355728e+02 1.050638459001357887e+02
8.700425822703268253e-01 7.751840396865319462e+02 2.352283679554025468e+02 9.454143835912067573e+01
9.705208103821856280e-01 7.077475911177737089e+02 2.153056410214263963e+02 8.563219649779121312e+01
1.082602923786821769e+00 6.415893816302461801e+02 1.967105824555304423e+02 7.791320095657913214e+01
1.207629015322442267e+00 5.766798401251602399e+02 1.789980747142555515e+02 7.105320703950590655e+01
1.347093940544190405e+00 5.133790902362954967e+02 1.618767759824992254e+02 6.479392396958019162e+01
1.502665190738521561e+00 4.523565866766869021e+02 1.452159473196009571e+02 5.894616238114057438e+01
1.676202830030598223e+00 3.944108229550517990e+02 1.290103877125663416e+02 5.337761559924698673e+01
1.869781734959676811e+00 3.403331211663437443e+02 1.133715171178454995e+02 4.801264947273732275e+01
2.085716402426663674e+00 2.907851251422777636e+02 9.847652271582057892e+01 4.282063072578685592e+01
2.326588622626292402e+00 2.462331706843125687e+02 8.453933473091267103e+01 3.781216076541360849e+01
2.595278347831105226e+00 2.069042643957342023e+02 7.175922051775138755e+01 3.302449266244012449e+01
2.894998126105261083e+00 1.727332521322268519e+02 6.028094987007118988e+01 2.851237237417124959e+01
3.229331511649635278e+00 1.434439883452172069e+02 5.017961456770125039e+01 2.433307097062295909e+01
3.602275911025628830e+00 1.185920801061518688e+02 4.144423513548463234e+01 2.053489012392131841e+01
4.018290377542188097e+00 9.766116132857922594e+01 3.400230625261957584e+01 1.714981474583514043e+01
4.482348925252354732e+00 8.013860589081151886e+01 2.773739736660589728e+01 1.418751117446891996e+01
5.000000000000000888e+00 6.554176960585340339e+01 2.251299549349796081e+01 1.163856031938814972e+01
