1.000000000230258569e-04 3.554204330096055855e+03 1.761362922774387698e+03 9.707274529161805958e+02
1.115486563971542785e-04 3.903049810140463705e+03 1.938846819284232424e+03 1.069177095267313462e+03
1.244310274114527074e-04 4.284040344291500332e+03 2.133883097203994566e+03 1.177539949667235760e+03
1.388011391866901154e-04 4.699856259098913142e+03 2.348137160656514880e+03 1.296793412211305849e+03
1.548308057910457113e-04 5.153561281377857995e+03 2.583438880741836329e+03 1.428007115580482832e+03
1.727116835090306587e-04 5.648979384698508511e+03 2.841827391721627919e+03 1.572350078950123134e+03
1.926575623508681512e-04 6.190493688566747551e+03 3.125545297546530037e+03 1.731100304105267924e+03
2.149069222004190347e-04 6.783359659656913209e+03 3.437090876485314311e+03 1.905654726207401154e+03
2.397257841638464457e-04 7.434446446852369263e+03 3.779324755892182566e+03 2.097540162089137993e+03
2.674108912107391479e-04 8.152006042554376108e+03 4.155451856028385009e+03 2.308423880613859183e+03
2.982932561365508645e-04 8.945632062452898026e+03 4.569036674939740806e+03 2.540119631870691137e+03
3.327421192670277522e-04 9.826048334447899833e+03 5.024012741842506330e+03 2.794584631871379770e+03
3.711693632243215748e-04 1.080571311730784146e+04 5.524755800517039461e+03 3.073940251096595148e+03
4.140344375392690035e-04 1.189829646634893106e+04 6.075996094946706762e+03 3.380457288560012330e+03
4.618498519902246974e-04 1.311592961657751766e+04 6.682388220212522356e+03 3.716472521263297040e+03
5.151873043487156757e-04 1.447088639923846131e+04 7.348778264255785871e+03 4.084439711703096236e+03
5.746845157973842983e-04 1.597547815050814825e+04 8.080143938508917017e+03 4.486900257070442422e+03
6.410528557468661917e-04 1.763936190281514428e+04 8.880995252102882660e+03 4.926302261018705394e+03
7.150858472165629249e-04 1.947022635961103515e+04 9.755563157963064441e+03 5.405055783927215998e+03
7.976686544726134401e-04 2.147408809776171256e+04 1.070780168205471819e+04 5.925501817429618313e+03
8.897886663605780169e-04 2.365629819785684231e+04 1.174119723838466780e+04 6.489716483856635932e+03
9.925473018708411317e-04 2.602020156789020621e+04 1.285862959275385947e+04 7.099509150269441307e+03
1.107173179088194286e-03 2.856659533165748508e+04 1.406223689056632793e+04 7.756358951181689918e+03
1.235036804978161722e-03 3.129610379280151756e+04 1.535339676077842887e+04 8.461193257595741670e+03
1.377666961646263968e-03 3.420759205132637726e+04 1.673245892782836381e+04 9.214333930745662656e+03
1.536768984990051967e-03 3.729701513860010164e+04 1.819848710218864653e+04 1.001541916349399617e+04
1.714245154289869167e-03 4.055827390151837608e+04 1.974907018328475169e+04 1.086325143845874300e+04
1.912217436523370962e-03 4.398244069803681487e+04 2.138010095636469850e+04 1.175568929829626541e+04
2.133052857342773462e-03 4.755653932088478905e+04 2.308539140472433792e+04 1.268943072086004031e+04
2.379391802059096454e-03 5.125990486925998266e+04 2.485520909961392317e+04 1.365906905030719281e+04
2.654179585009814029e-03 5.506471223373576504e+04 2.667641306187286318e+04 1.465719397999758075e+04
2.960701664764286197e-03 5.894614135884289863e+04 2.853724521728107356e+04 1.567740579505779715e+04
3.302622926212283368e-03 6.284982747631238453e+04 3.041113045856741155e+04 1.670546811464515486e+04
3.684031499205906151e-03 6.672966475179987901e+04 3.227564613815024131e+04 1.772893482999001571e+04
4.109487637665882979e-03 7.051862164986861171e+04 3.409810854516227118e+04 1.872978953062188521e+04
4.584078243567925488e-03 7.415675320783749339e+04 3.584953509785100323e+04 1.969215485719536446e+04
5.113477687716873853e-03 7.755758840420650085e+04 3.748819976210589812e+04 2.059317691934578397e+04
5.704015654503047893e-03 8.062451500412009773e+04 3.896723604925146356e+04 2.140698203393245785e+04
6.362752821816417166e-03 8.325396947231036029e+04 4.023651653735949367e+04 2.210596460907142682e+04
7.097565280973966440e-03 8.532974372344021685e+04 4.123980106896952202e+04 2.265916704300120182e+04
7.917238706014356406e-03 8.672686561219279247e+04 4.191662172949923843e+04 2.303339028182629045e+04
8.831573398280912271e-03 8.731602752569290169e+04 4.220396421500365977e+04 2.319382725029444555e+04
9.851501462242475554e-03 8.697133806094630563e+04 4.204065015324932756e+04 2.310660279578685731e+04
1.098921751354712747e-02 8.557760670790108270e+04 4.137101648049960932e+04 2.274122385992502313e+04
1.225832448210000328e-02 8.304633839994081063e+04 4.015164594977927482e+04 2.207363333142757256e+04
1.367399625343743499e-02 7.934080069739997271e+04 3.836420317780890036e+04 2.109339399919775678e+04
1.525315909299450497e-02 7.450069187348900596e+04 3.602781894291396020e+04 1.981103798146124245e+04
1.701469402243795462e-02 6.866667695133331290e+04 3.321000143897289672e+04 1.826355293449525198e+04
1.897966256774625410e-02 6.210045867804770387e+04 3.003713764931410333e+04 1.652036711257297065e+04
2.117155857815964867e-02 5.518396032365127758e+04 2.669377744872073526e+04 1.468292072542935239e+04
2.361658912683562567e-02 4.838655656679013919e+04 2.340688862690903625e+04 1.287608318229854194e+04
2.634398785175567220e-02 4.219383446319157520e+04 2.041148013203226219e+04 1.122916373452496373e+04
2.938636448329653983e-02 3.700333144029741379e+04 1.789999871447339319e+04 9.848138437971078019e+03
3.278009473753994152e-02 3.300741835310257011e+04 1.596570998608309492e+04 8.784396795866945467e+03
3.656575523702054742e-02 3.008642031776816657e+04 1.455079635189592591e+04 8.006220530321803381e+03
4.078860865897657173e-02 2.776437245189397436e+04 1.342493281848508923e+04 7.386921414519756581e+03
4.549914491170512637e-02 2.524282944365795265e+04 1.220155444202509898e+04 6.713794956054069189e+03
5.075368480951484434e-02 2.186314497670014680e+04 1.056165047450185193e+04 5.811263788187941827e+03
5.661505346402430361e-02 1.775997867217769090e+04 8.570265909171741441e+03 4.715101399686839613e+03
6.315333144310807112e-02 1.396099973023272833e+04 6.724889302125198810e+03 3.699115309177201198e+03
7.044669267860774464e-02 1.150765054711603807e+04 5.529789890003391520e+03 3.040877311946774626e+03
7.858233914112514040e-02 1.033558685496493672e+04 4.953807420469786848e+03 2.723262447108653760e+03
8.765754345719625751e-02 9.184521225464823146e+03 4.386693426594478296e+03 2.410369670632213001e+03
9.778081193473929511e-02 7.262534053401506753e+03 3.444962340894883255e+03 1.891089703325731534e+03
1.090731819023149224e-01 5.642152035829813030e+03 2.648207325459714866e+03 1.451422928539442637e+03
1.216696688736408766e-01 4.969450386038227407e+03 2.309518871899680562e+03 1.263705237377963840e+03
1.357208808401622890e-01 4.170382628159984051e+03 1.909222137888941688e+03 1.041870754373743694e+03
1.513948189927238619e-01 3.273353413687354987e+03 1.461792794558884907e+03 7.939084104954836221e+02
1.688788864024014236e-01 2.847151227867364014e+03 1.242760721668446649e+03 6.714675897383436904e+02
1.883821286769788717e-01 2.315107960228361208e+03 9.739801605922373255e+02 5.215197085787945070e+02
2.101377333831422056e-01 1.978158039641196410e+03 8.011556113537425290e+02 4.242837088426124978e+02
2.344058181183555356e-01 1.657159697288018151e+03 6.383988140834563865e+02 3.326148172944245403e+02
2.614765405675759102e-01 1.429897810027421883e+03 5.228826808258930896e+02 2.669981133605262471e+02
2.916735677297306317e-01 1.232873841070890421e+03 4.242475196405729321e+02 2.108606483908039593e+02
3.253579457932418983e-01 1.076948991973625652e+03 3.474629862819901973e+02 1.669991217578281919e+02
3.629324169301749725e-01 9.522095587380297275e+02 2.874799013771418004e+02 1.326836880980350486e+02
4.048462346221089470e-01 8.503614081330258614e+02 2.401384051981454206e+02 1.056636064729555073e+02
4.516005350914485406e-01 7.665335449813808282e+02 2.028870658065667101e+02 8.453839951127605445e+01
5.037543290608768043e-01 6.962292635851829345e+02 1.734227332411521161e+02 6.804208920110301051e+01
5.619311854805180140e-01 6.361944483593661062e+02 1.500712022152110592e+02 5.522899606156113350e+01
6.268266871357865977e-01 5.837318294518487392e+02 1.314444179446565784e+02 4.530557891204968968e+01
6.992167472777639503e-01 5.365064805273805177e+02 1.163845465286777880e+02 3.761492619661213155e+01
7.799668867126374749e-01 4.927574715321129020e+02 1.039970679867363970e+02 3.164055460317583623e+01
8.700425822703268253e-01 4.511906751941118046e+02 9.358861851096683893e+01 2.698290164412066261e+01
9.705208103821856280e-01 4.109204103467466780e+02 8.461944673788264026e+01 2.332485030378699520e+01
1.082602923786821769e+00 3.714162640654081429e+02 7.666876294476865894e+01 2.041884921031857303e+01
1.207629015322442267e+00 3.325307555902049330e+02 6.942836177357214922e+01 1.807289971459950095e+01
1.347093940544190405e+00 2.944119268412019892e+02 6.267804369267685161e+01 1.613805470887612259e+01
1.502665190738521561e+00 2.574674985310359148e+02 5.627975858476611393e+01 1.450108959478919779e+01
1.676202830030598223e+00 2.222380154544298989e+02 5.015927157591799812e+01 1.307543377610212865e+01
1.869781734959676811e+00 1.893213007480877650e+02 4.429894420533580757e+01 1.179820249848241431e+01
2.085716402426663674e+00 1.592471980657043389e+02 3.871927535693480849e+01 1.062442573228925546e+01
2.326588622626292402e+00 1.323904463388606985e+02 3.346670170528251731e+01 9.525470927733673321e+00
2.595278347831105226e+00 1.089344073447727936e+02 2.859611082287273831e+01 8.485028707883621735e+00
2.894998126105261083e+00 8.884563206681485781e+01 2.415681978852907008e+01 7.497169830324746265e+00
3.229331511649635278e+00 7.193192025849300819e+01 2.018357784290581947e+01 6.562916654920606163e+00
3.602275911025628830e+00 5.788232617460314344e+01 1.668904995827406168e+01 5.687731386444996318e+00
4.018290377542188097e+00 4.633489656962839121e+01 1.366606068786134109e+01 4.878713597996434892e+00
4.482348925252354732e+00 3.692211753939485419e+01 1.109067486179526441e+01 4.142067168529179888e+00
5.000000000000000888e+00 2.929870277139243484e+01 8.927212035714241267e+00 3.481942343007767171e+00
