1.000000000230258569e-04 9.316740053399274757e+02 4.431776267840195942e+02 2.555265938059086466e+02
1.115026695290953366e-04 1.030919070811841948e+03 4.902109957611638151e+02 2.826193098170817279e+02
1.243284530925187648e-04 1.140834531636091015e+03 5.422463491238828510e+02 3.125848455177006713e+02
1.386295441504667143e-04 1.262589343772419397e+03 5.998179432619731415e+02 3.457276961659958943e+02
1.545756424481938766e-04 1.397477066299656826e+03 6.635166188772739133e+02 3.823841775202977260e+02
1.723559677317991945e-04 1.546933219348917191e+03 7.339962825367924779e+02 4.229259629583203832e+02
1.921815050694108094e-04 1.712544509515284972e+03 8.119796513482455111e+02 4.677635174383764252e+02
2.142875084442451923e-04 1.896028230633801968e+03 8.982601255894333008e+02 5.173485272503965007e+02
2.389362923277018713e-04 2.099261836977258554e+03 9.937115430467529222e+02 5.721788424372593909e+02
2.664203443578849946e-04 2.324290998370003763e+03 1.099294428918802168e+03 6.328025255860560492e+02
2.970657960592480913e-04 2.573250785802078099e+03 1.216045796884835681e+03 6.998169722022781798e+02
3.312362927876497001e-04 2.848399055564723767e+03 1.345092337493111472e+03 7.738756118510885926e+02
3.693373088223966556e-04 3.152135881703001814e+03 1.487658739595974566e+03 8.556928105821859845e+02
4.118209588090659132e-04 3.486944324925083492e+03 1.645044257536834721e+03 9.460358998054699669e+02
4.591913626466918256e-04 3.855390944152121847e+03 1.818633388224938244e+03 1.045732286626244331e+03
5.120106274801957584e-04 4.260149001670059988e+03 2.009908543133182548e+03 1.155676064733902194e+03
5.709055177816341068e-04 4.704173183574164796e+03 2.220451986139054952e+03 1.276817384126512479e+03
6.365748926688486646e-04 5.190665429852072521e+03 2.451945941322941508e+03 1.410166109552242688e+03
7.097979987143026312e-04 5.723018349020753703e+03 2.706174738501716092e+03 1.556797656923906970e+03
7.914437166483044659e-04 6.305095404083919675e+03 2.985060898099194674e+03 1.717847534289507621e+03
8.824808716799498404e-04 6.941241590415115752e+03 3.290663692298488513e+03 1.894509927111716934e+03
9.839897297802024153e-04 7.636164484464216912e+03 3.625156799534868242e+03 2.088035113122970870e+03
1.097174816344422205e-03 8.394706366859414629e+03 3.990765441618531895e+03 2.299695763823199741e+03
1.223379209343287413e-03 9.221836427804642881e+03 4.389751710216742140e+03 2.530775401885578503e+03
1.364100476567608111e-03 1.012274914494480436e+04 4.824418605870249849e+03 2.782565357526919342e+03
1.521008446081769522e-03 1.110209942992907600e+04 5.296853585879867751e+03 3.056241355180994105e+03
1.695965020753673102e-03 1.216376525883571230e+04 5.808832254274253501e+03 3.352811703463582944e+03
1.891046271984591709e-03 1.331116881570462647e+04 6.361890837706815546e+03 3.673140564162758892e+03
2.108567074807741158e-03 1.454646523502650598e+04 6.956990908215637319e+03 4.017768039373775082e+03
2.351108576680822643e-03 1.587008489321161687e+04 7.594322225430168146e+03 4.386801830487964253e+03
2.621548825923003187e-03 1.728095745214411727e+04 8.273371395890033455e+03 4.779946603110377509e+03
2.923096923239734257e-03 1.877595892631227980e+04 8.992648061118801706e+03 5.196347103489264555e+03
3.259331101584665453e-03 2.034946118683964596e+04 9.749467520797825273e+03 5.634464085134249217e+03
3.634241186222156913e-03 2.199329378605057718e+04 1.053995170713039806e+04 6.092072086553015652e+03
4.052275938830490927e-03 2.369632023861579364e+04 1.135893510020307440e+04 6.566130488800302373e+03
4.518395847440812539e-03 2.544391110790793755e+04 1.219916494143478303e+04 7.052678212929246001e+03
5.038131988628217865e-03 2.721789933003452097e+04 1.305212196438745377e+04 7.546608501874787180e+03
5.617651660426248826e-03 2.899574244587258727e+04 1.390704575474038575e+04 8.041760973059470416e+03
6.263831564778516575e-03 3.074998213012612905e+04 1.475080620799070493e+04 8.530573254308139440e+03
6.984339407925946493e-03 3.245310535546695610e+04 1.557025825692783656e+04 9.005474727779730529e+03
7.787724887016851671e-03 3.405250397142525617e+04 1.634020532559206185e+04 9.451903954051038454e+03
8.683521142606049834e-03 3.550536665434089809e+04 1.704010000207629491e+04 9.857972781010144899e+03
9.682357880899711625e-03 3.675176059902049019e+04 1.764118522398233108e+04 1.020705049786687050e+04
1.079608750807801998e-02 3.774306460929612513e+04 1.812015668673233813e+04 1.048566540779106253e+04
1.203792577343234388e-02 3.841334497377128719e+04 1.844527640269637413e+04 1.067543564301524020e+04
1.342260859021738965e-02 3.868865396158344811e+04 1.858096559728077409e+04 1.075573041865207051e+04
1.496656689508787767e-02 3.850369187616436102e+04 1.849581560184969931e+04 1.070832787501482562e+04
1.668812162103823840e-02 3.779762459706587833e+04 1.816048780578347578e+04 1.051620130077612339e+04
1.860770109743517184e-02 3.652621218878714717e+04 1.755347301292079283e+04 1.016676118599247457e+04
2.074808345685756270e-02 3.467647308023345977e+04 1.666830157355405390e+04 9.656092921614783336e+03
2.313466692519383291e-02 3.227943312433845858e+04 1.551971847234534107e+04 8.992678708724932221e+03
2.579577120231610690e-02 2.942417969579852797e+04 1.415020876560914985e+04 8.200988759581936392e+03
2.876297350957714855e-02 2.626552701034616257e+04 1.263391490288612840e+04 7.323847772085652650e+03
3.207148329174031032e-02 2.301928569528923981e+04 1.107451002531224549e+04 6.421299073722987487e+03
3.576056001963404812e-02 1.993620625574554651e+04 9.592565743506242143e+03 5.563248367570296978e+03
3.987397905126498221e-02 1.725601015166290745e+04 8.303496072127452862e+03 4.816645534974585644e+03
4.446055107939526907e-02 1.514911738680218332e+04 7.289508895305032638e+03 4.229271402132539151e+03
4.957470132945773766e-02 1.365899746516216874e+04 6.571727490552049858e+03 3.813490762624195668e+03
5.527711538069327024e-02 1.266539787964683092e+04 6.092386773142310631e+03 3.535881519295925045e+03
6.163545927395905344e-02 1.182353678656128250e+04 5.685370159190495542e+03 3.300071105866071775e+03
6.872518245115814828e-02 1.070681314817883322e+04 5.144895156774988209e+03 2.986564788788153237e+03
7.663041305413779980e-02 9.061929816026453409e+03 4.348546169049031050e+03 2.524203513474838473e+03
8.544495620686157200e-02 7.139654642783420059e+03 3.417107441914856736e+03 1.983079979630794242e+03
9.527340712667957401e-02 5.582552877362775689e+03 2.660623956949484182e+03 1.543322503360863266e+03
1.062323922731101822e-01 4.802052809957436693e+03 2.277888697575837796e+03 1.320517602145923775e+03
1.184519532618636822e-01 4.505290708723855460e+03 2.127743481860393331e+03 1.232706994274037015e+03
1.320770899659224340e-01 3.922910376871987410e+03 1.838846951651410563e+03 1.064069881091426396e+03
1.472694811144383831e-01 2.974701839366968670e+03 1.372587377044897266e+03 7.921263079641697686e+02
1.642094028064348954e-01 2.432341588545873492e+03 1.101982024283105375e+03 6.337329801599854591e+02
1.830978677048002712e-01 2.259849110721925172e+03 1.010021813292559841e+03 5.790344762685193700e+02
2.041590102946942431e-01 1.813386860029975878e+03 7.861960237527106301e+02 4.475198395607719704e+02
2.276427465103479653e-01 1.502757327585726216e+03 6.288659263009990354e+02 3.545635943197214601e+02
2.538277392899435103e-01 1.343216884717021912e+03 5.454356951392124984e+02 3.044899765901408273e+02
2.830247052484705095e-01 1.100895366814341742e+03 4.237561514913497831e+02 2.322225038824151682e+02
3.155801017062329072e-01 9.825693506723987412e+02 3.630816149184828419e+02 1.954622043820169210e+02
3.518802378240603601e-01 8.422693933077265456e+02 2.934175016703536016e+02 1.536489860909660763e+02
3.923558586288135031e-01 7.441261985037031081e+02 2.452791673771317846e+02 1.245377497354280365e+02
4.374872563241952172e-01 6.642215379072479209e+02 2.070656285077313044e+02 1.014341815540819880e+02
4.878099695387512202e-01 5.944702239535670287e+02 1.747694770340660284e+02 8.203191566871946350e+01
5.439211381395319123e-01 5.370870663531965192e+02 1.493332019099107981e+02 6.687769747677170074e+01
6.064865890189676811e-01 4.900965319602524346e+02 1.295771609798700581e+02 5.524121993578188494e+01
6.762487369363893164e-01 4.482683298834850802e+02 1.131259082372393152e+02 4.577736830845243787e+01
7.540353941672404137e-01 4.118472963332325776e+02 9.992862028151760967e+01 3.839665791336943812e+01
8.407695934971151086e-01 3.794331994217336614e+02 8.926190805139412987e+01 3.264751839180139825e+01
9.374805411223435803e-01 3.494189890114787431e+02 8.038414066276077108e+01 2.809886830546307479e+01
1.045315829426528564e+00 3.209180883594448801e+02 7.283309632847493731e+01 2.447052052767386598e+01
1.165555054552403824e+00 2.934076005591970784e+02 6.628557118608441101e+01 2.156092364692744212e+01
1.299625000357985227e+00 2.665210333580177462e+02 6.045892481051104994e+01 1.919484298966827041e+01
1.449116568932995452e+00 2.400719632765488711e+02 5.512808729335732494e+01 1.723354232249464957e+01
1.615803658576671964e+00 2.141300709620734608e+02 5.013522873760399534e+01 1.556971481301168936e+01
1.801664213246928048e+00 1.889048942285816679e+02 4.537331958386270969e+01 1.412150641311188082e+01
2.008903693258128342e+00 1.647423728800355605e+02 4.078313297260078230e+01 1.282625231406585087e+01
2.239981245735629400e+00 1.419989563055179644e+02 3.634051415902169424e+01 1.163726970054658416e+01
2.497638885371206374e+00 1.210308813095083025e+02 3.205814469511905429e+01 1.052301348087133093e+01
2.784934031744384253e+00 1.020929707321960080e+02 2.796722790676299653e+01 9.463124241042098816e+00
3.105275789304232426e+00 8.532498663797312588e+01 2.411587364678842960e+01 8.448284573007478926e+00
3.462465400517639402e+00 7.074302891836831009e+01 2.055040534393682350e+01 7.476149957389652378e+00
3.860741352209485999e+00 5.825581631695065710e+01 1.731275896736023867e+01 6.551083581723449178e+00
4.304829670336041580e+00 4.770115571910218222e+01 1.442873377103349064e+01 5.680007502524431651e+00
4.799999999999999822e+00 3.886543824456735763e+01 1.190752902056316920e+01 4.871817154266516958e+00
