1.000000000230258569e-04 9.209316415524068361e+03 4.086012459397856674e+03 2.219870476115528163e+03
1.115486563971542785e-04 1.017741852525621653e+04 4.518941626079256821e+03 2.456195342193596844e+03
1.244310274114527074e-04 1.124489695668876629e+04 4.997126270961079172e+03 2.717537805556966759e+03
1.388011391866901154e-04 1.242165342868873086e+04 5.525164995913150051e+03 3.006504216331617499e+03
1.548308057910457113e-04 1.371878371059517849e+04 6.108134840145466114e+03 3.325963580163962888e+03
1.727116835090306587e-04 1.514913594377259324e+04 6.751694556824774736e+03 3.679070360810359944e+03
1.926575623508681512e-04 1.672716736240463433e+04 7.462096712328624562e+03 4.069293855041117695e+03
2.149069222004190347e-04 1.846940399685379816e+04 8.246304211573144130e+03 4.500448080421327177e+03
2.397257841638464457e-04 2.039541063598683468e+04 9.112206441299558719e+03 4.976723430194252614e+03
2.674108912107391479e-04 2.252773010169433473e+04 1.006862649054699432e+04 5.502722262173114359e+03
2.982932561365508645e-04 2.489178892158155213e+04 1.112536689640641089e+04 6.083482593428288965e+03
3.327421192670277522e-04 2.751518104492865314e+04 1.229321076696693308e+04 6.724479043783466295e+03
3.711693632243215748e-04 3.042884782878000988e+04 1.358412239133487310e+04 7.431683930115316798e+03
4.140344375392690035e-04 3.366636805357165576e+04 1.501111074390266913e+04 8.211551549733292632e+03
4.618498519902246974e-04 3.725976873378282471e+04 1.658739418136227687e+04 9.070852959785257553e+03
5.151873043487156757e-04 4.124186673181408696e+04 1.832694039411592530e+04 1.001679699008230637e+04
5.746845157973842983e-04 4.564621440605269163e+04 2.024437023212972781e+04 1.105697830484444239e+04
6.410528557468661917e-04 5.050383849254658708e+04 2.235379099317131841e+04 1.219898766972814701e+04
7.150858472165629249e-04 5.584375403013047617e+04 2.466915029568248428e+04 1.345053847643709378e+04
7.976686544726134401e-04 6.169303255203779554e+04 2.720413227679098054e+04 1.481935878177885024e+04
8.897886663605780169e-04 6.807774896990513662e+04 2.997131966240131078e+04 1.631254819840614800e+04
9.925473018708411317e-04 7.502097275207664643e+04 3.298200923452709685e+04 1.793662552184153537e+04
1.107173179088194286e-03 8.254097136922254867e+04 3.624567647962022602e+04 1.969726628247933695e+04
1.235036804978161722e-03 9.064985998569584626e+04 3.976836665114458447e+04 2.159803739697369019e+04
1.377666961646263968e-03 9.935204163799902017e+04 4.355237581213654630e+04 2.364039316699975825e+04
1.536768984990051967e-03 1.086414134917499468e+05 4.759528773422244558e+04 2.582327064281412095e+04
1.714245154289869167e-03 1.184923635179154662e+05 5.188591806704016199e+04 2.814080520809653171e+04
1.912217436523370962e-03 1.288597670646667102e+05 5.640427247688802163e+04 3.058233024473574915e+04
2.133052857342773462e-03 1.396779479398046678e+05 6.112117745789065521e+04 3.313218149002517748e+04
2.379391802059096454e-03 1.508488294373652025e+05 6.599402560428909783e+04 3.576726630560420017e+04
2.654179585009814029e-03 1.622427594259856560e+05 7.096686195378297998e+04 3.845712249338359106e+04
2.960701664764286197e-03 1.737009961763547035e+05 7.597051263323046442e+04 4.116433291294866649e+04
3.302622926212283368e-03 1.850306283318695205e+05 8.092021529176087643e+04 4.384364156527446903e+04
3.684031499205906151e-03 1.960128616702854051e+05 8.572018856122215220e+04 4.644306997497482371e+04
4.109487637665882979e-03 2.064045630617175775e+05 9.026434006454107293e+04 4.890523533046420926e+04
4.584078243567925488e-03 2.159429192907472025e+05 9.443807095450826455e+04 5.116819852283808723e+04
5.113477687716873853e-03 2.243512406997262151e+05 9.812065388379647629e+04 5.316669911725486600e+04
5.704015654503047893e-03 2.313467586174725730e+05 1.011886711703113397e+05 5.483395674548181705e+04
6.362752821816417166e-03 2.366451149344826990e+05 1.035179590359126159e+05 5.610278334227251617e+04
7.097565280973966440e-03 2.399618153643038531e+05 1.049841988715736661e+05 5.690586315763173479e+04
7.917238706014356406e-03 2.410016249737092585e+05 1.054581629913331562e+05 5.717307055044675508e+04
8.831573398280912271e-03 2.396707254951968207e+05 1.048985820476743393e+05 5.688192885761833168e+04
9.851501462242475554e-03 2.352062229127315222e+05 1.029706754484618432e+05 5.585036261383398232e+04
1.098921751354712747e-02 2.276012011943254911e+05 9.967034108689552522e+04 5.407568122934934945e+04
1.225832448210000328e-02 2.168890004126565182e+05 9.501055577347481449e+04 5.156409415903915942e+04
1.367399625343743499e-02 2.031896770611819229e+05 8.904186735123484686e+04 4.834210297405999154e+04
1.525315909299450497e-02 1.867376436865472060e+05 8.186417453483564896e+04 4.446271084047952172e+04
1.701469402243795462e-02 1.681334512639117893e+05 7.373818398988299305e+04 4.006649911947912187e+04
1.897966256774625410e-02 1.483162496716832102e+05 6.507293958417027170e+04 3.537457729350811132e+04
2.117155857815964867e-02 1.284352059138740151e+05 5.637055373787898134e+04 3.065895538575023238e+04
2.361658912683562567e-02 1.097911260387107031e+05 4.820150436887956312e+04 2.622987062059434902e+04
2.634398785175567220e-02 9.359047374613315333e+04 4.109573990417494497e+04 2.237570521308292882e+04
2.938636448329653983e-02 8.067838836096521118e+04 3.542626107185477304e+04 1.930013985788124046e+04
3.278009473753994152e-02 7.127876309851827682e+04 3.129381565330197191e+04 1.705906209686734292e+04
3.656575523702054742e-02 6.479027424488846009e+04 2.843607267948600929e+04 1.551069725659049436e+04
4.078860865897657173e-02 5.977732414811399940e+04 2.622143085126019650e+04 1.431122962328317408e+04
4.549914491170512637e-02 5.397523095052556164e+04 2.365016931744825706e+04 1.291477047362529083e+04
5.075368480951484434e-02 4.596901658474426222e+04 2.009434265374625465e+04 1.097703503706454285e+04
5.661505346402430361e-02 3.642942033644968615e+04 1.584710804987848132e+04 8.656979267104252358e+03
6.315333144310807112e-02 2.814410378080496230e+04 1.214179404447122215e+04 6.629343273601057263e+03
7.044669267860774464e-02 2.339775145276719923e+04 9.994392879299730339e+03 5.451937846402286596e+03
7.858233914112514040e-02 2.150996814483733397e+04 9.108636841247387565e+03 4.964131566968867446e+03
8.765754345719625751e-02 1.919786653013369141e+04 8.031243254693530616e+03 4.369301234957499219e+03
9.778081193473929511e-02 1.504718296339702829e+04 6.134266229618191574e+03 3.322056983786254932e+03
1.090731819023149224e-01 1.199432239090570329e+04 4.726755812450750454e+03 2.541671129425466461e+03
1.216696688736408766e-01 1.099021906947183561e+04 4.235852655351921385e+03 2.263949704455118535e+03
1.357208808401622890e-01 9.332004231096641888e+03 3.460923102710667081e+03 1.829058651314365079e+03
1.513948189927238619e-01 7.659164818786054639e+03 2.688737951745868486e+03 1.395239053992027721e+03
1.688788864024014236e-01 6.936099829453589336e+03 2.347489580032033700e+03 1.198639727462533074e+03
1.883821286769788717e-01 5.868046626054322587e+03 1.863797302387077707e+03 9.244759383562457060e+02
2.101377333831422056e-01 5.263217945376729404e+03 1.593397494644394328e+03 7.686944310365956881e+02
2.344058181183555356e-01 4.615498775431923605e+03 1.312482153117386133e+03 6.086464859545928903e+02
2.614765405675759102e-01 4.157439096619260454e+03 1.121618884335079883e+03 4.996023100371626811e+02
2.916735677297306317e-01 3.743895280380588702e+03 9.572031104745929042e+02 4.068263186774952942e+02
3.253579457932418983e-01 3.391484156853471632e+03 8.253364912670591593e+02 3.335043774571984727e+02
3.629324169301749725e-01 3.089208310166458887e+03 7.206698126465694259e+02 2.765597692730672748e+02
4.048462346221089470e-01 2.820492062081947097e+03 6.356511234218297659e+02 2.317092540534563057e+02
4.516005350914485406e-01 2.575839120667058978e+03 5.658518579600041676e+02 1.963844867873080204e+02
5.037543290608768043e-01 2.347130663919527706e+03 5.074114053403824869e+02 1.683768378002563395e+02
5.619311854805180140e-01 2.129655550564500572e+03 4.576909631318584388e+02 1.461309653663695940e+02
6.268266871357865977e-01 1.920133125192053058e+03 4.144028164044622145e+02 1.283023434228167332e+02
6.992167472777639503e-01 1.716725037103765771e+03 3.756916331806450557e+02 1.138140974987397982e+02
7.799668867126374749e-01 1.519645222273876925e+03 3.401969827109242601e+02 1.018224088324362810e+02
8.700425822703268253e-01 1.330248790646061025e+03 3.069487794613177130e+02 9.167735133151100513e+01
9.705208103821856280e-01 1.150916819164160415e+03 2.753338845232497079e+02 8.287002525573568334e+01
1.082602923786821769e+00 9.840972470335148046e+02 2.450159097310215941e+02 7.501017275138374885e+01
1.207629015322442267e+00 8.320864525657448212e+02 2.159446495865423685e+02 6.781457250743616783e+01
1.347093940544190405e+00 6.964055219632458602e+02 1.882392074215716775e+02 6.108365485536842243e+01
1.502665190738521561e+00 5.776040656546932723e+02 1.621657868381288665e+02 5.469885560245368339e+01
1.676202830030598223e+00 4.753650159597234506e+02 1.380152802162266994e+02 4.859962547559485557e+01
1.869781734959676811e+00 3.886462668028309508e+02 1.160686364867818128e+02 4.278080682957890701e+01
2.085716402426663674e+00 3.159855211389584611e+02 9.651522267071682393e+01 3.726792626454869861e+01
2.326588622626292402e+00 2.556642540605317038e+02 7.942932445601587688e+01 3.210998112662016979e+01
2.595278347831105226e+00 2.059531904975909526e+02 6.476929298400571611e+01 2.735753972450102367e+01
2.894998126105261083e+00 1.652409917806513420e+02 5.239511739538182411e+01 2.305334935064066570e+01
3.229331511649635278e+00 1.320801392824812979e+02 4.210006171141335329e+01 1.922273148172071444e+01
3.602275911025628830e+00 1.051977243929806605e+02 3.362975863282488120e+01 1.586973881100622563e+01
4.018290377542188097e+00 8.349724365617348099e+01 2.672259323421928556e+01 1.298015752372238829e+01
4.482348925252354732e+00 6.604485705431908116e+01 2.113112067300248498e+01 1.052604623309406584e+01
5.000000000000000888e+00 5.205764362695884984e+01 1.663294612804171990e+01 8.469685822479123161e+00
