1.000000000230258569e-04 6.255675026869104158e+02 2.841933964393502379e+02 1.563740260801928343e+02
1.115026695290953366e-04 6.954459306552148519e+02 3.161466817536758640e+02 1.739821198173412711e+02
1.243284530925187648e-04 7.729907782778187766e+02 3.516731620402235876e+02 1.935681849533076218e+02
1.386295441504667143e-04 8.590074414044640889e+02 3.911668981283945072e+02 2.153529802657268988e+02
1.545756424481938766e-04 9.543844941962614712e+02 4.350638764773108278e+02 2.395812467515930848e+02
1.723559677317991945e-04 1.060102055620280453e+03 4.838462322952950103e+02 2.665242133134536289e+02
1.921815050694108094e-04 1.177238438783053425e+03 5.380473737981589011e+02 2.964826509932933050e+02
2.142875084442451923e-04 1.307012541781228492e+03 5.982591496279495686e+02 3.297896670615759263e+02
2.389362923277018713e-04 1.450811172108696610e+03 6.651385926402125506e+02 3.668139710340070110e+02
2.664203443578849946e-04 1.610186214492575346e+03 7.394135007546907445e+02 4.079638256695207588e+02
2.970657960592480913e-04 1.786939543600238267e+03 8.218965676144293866e+02 4.536909965862598142e+02
3.312362927876497001e-04 1.983193329794368310e+03 9.134984574332863758e+02 5.044951281298025378e+02
3.693373088223966556e-04 2.201382418385614528e+03 1.015233326601198428e+03 5.609287071350377119e+02
4.118209588090659132e-04 2.444282581347390988e+03 1.128231621030283122e+03 6.236012254252061666e+02
4.591913626466918256e-04 2.715052685919029500e+03 1.253754626760883866e+03 6.931839013756086842e+02
5.120106274801957584e-04 3.017314936756346469e+03 1.393208512582425101e+03 7.704166434137230226e+02
5.709055177816341068e-04 3.354988300813508886e+03 1.548127601100322181e+03 8.561062653437456902e+02
6.365748926688486646e-04 3.732082418949309613e+03 1.720152939484587932e+03 9.511234426062118246e+02
7.097979987143026312e-04 4.152967030205086303e+03 1.911077095671970483e+03 1.056416032445431938e+03
7.914437166483044659e-04 4.622174796549958046e+03 2.122801310140305304e+03 1.172995917807649903e+03
8.824808716799498404e-04 5.144042944967192852e+03 2.357259133824980381e+03 1.301915088802154514e+03
9.839897297802024153e-04 5.722925540204438221e+03 2.616474696150595719e+03 1.444286011176736793e+03
1.097174816344422205e-03 6.363176734437997766e+03 2.902523769916651418e+03 1.601258496996251552e+03
1.223379209343287413e-03 7.069098972507733379e+03 3.217448171007448764e+03 1.773971103890614359e+03
1.364100476567608111e-03 7.844779989861244758e+03 3.563269820098993478e+03 1.963567070816759951e+03
1.521008446081769522e-03 8.694033952690677324e+03 3.941925163039469226e+03 2.171150431710105295e+03
1.695965020753673102e-03 9.620453124838597432e+03 4.355138585199681074e+03 2.397690938658680807e+03
1.891046271984591709e-03 1.062710962130774897e+04 4.804402342690939804e+03 2.644033929949211597e+03
2.108567074807741158e-03 1.171625920319649231e+04 5.290852674771117563e+03 2.910831410406101895e+03
2.351108576680822643e-03 1.288890712960121164e+04 5.815019455299602669e+03 3.198386309628097479e+03
2.621548825923003187e-03 1.414470147242372150e+04 6.376807085010619630e+03 3.506652424808037267e+03
2.923096923239734257e-03 1.548161971580648242e+04 6.975343288026806476e+03 3.835160491693685344e+03
3.259331101584665453e-03 1.689535516698862193e+04 7.608645980078090361e+03 4.182857597972175427e+03
3.634241186222156913e-03 1.837923384157573673e+04 8.273600875760694180e+03 4.548082664580437267e+03
4.052275938830490927e-03 1.992368984278225980e+04 8.966118548184795145e+03 4.928466641610184524e+03
4.518395847440812539e-03 2.151559567986843103e+04 9.680469579855665870e+03 5.320948887201728212e+03
5.038131988628217865e-03 2.313893290314452315e+04 1.040928581321940146e+04 5.721533182242027578e+03
5.617651660426248826e-03 2.477370322313842553e+04 1.114361045596044823e+04 6.125287956894479066e+03
6.263831564778516575e-03 2.639566828123667801e+04 1.187257756886127390e+04 6.526254793033428541e+03
6.984339407925946493e-03 2.797581928537735803e+04 1.258318223501503599e+04 6.917298952692855892e+03
7.787724887016851671e-03 2.947953073607489932e+04 1.325989279193567199e+04 7.289910246314309006e+03
8.683521142606049834e-03 3.087248464633521507e+04 1.388730104398951516e+04 7.635627952419697067e+03
9.682357880899711625e-03 3.208814492018673991e+04 1.443548467421310124e+04 7.937998518671412057e+03
1.079608750807801998e-02 3.307386017851942597e+04 1.488074910467234258e+04 8.183987759239835214e+03
1.203792577343234388e-02 3.378261814512540877e+04 1.520193821696243867e+04 8.361963320821143498e+03
1.342260859021738965e-02 3.414964070215158426e+04 1.536982205138449717e+04 8.455814406198185679e+03
1.496656689508787767e-02 3.410869588281519100e+04 1.535446988953335676e+04 8.449025402248153114e+03
1.668812162103823840e-02 3.360232740707483026e+04 1.512989335650353496e+04 8.327253728462519575e+03
1.860770109743517184e-02 3.258859979802149974e+04 1.467706509383813682e+04 8.079975900640935834e+03
2.074808345685756270e-02 3.104744539641085794e+04 1.398666380866406325e+04 7.701921575286910411e+03
2.313466692519383291e-02 2.899943863800359395e+04 1.306771348339910037e+04 7.197889402388315830e+03
2.579577120231610690e-02 2.651677765854731115e+04 1.195251122027426391e+04 6.585578585851319076e+03
2.876297350957714855e-02 2.373140863779557185e+04 1.070021588664802039e+04 5.897425549762164337e+03
3.207148329174031032e-02 2.083217712415704591e+04 9.395714348082225115e+03 5.180090168706302393e+03
3.576056001963404812e-02 1.804533031681497232e+04 8.140930154205032522e+03 4.489731319123126013e+03
3.987397905126498221e-02 1.559527918958143891e+04 7.037116938053563899e+03 3.882218519145968457e+03
4.446055107939526907e-02 1.365277374106826392e+04 6.161479579099033799e+03 3.400208987512864041e+03
4.957470132945773766e-02 1.228087994249314761e+04 5.542724829605627747e+03 3.059672153683992747e+03
5.527711538069327024e-02 1.139614195728221421e+04 5.143380100642376419e+03 2.840044661219368663e+03
6.163545927395905344e-02 1.071193368358896259e+04 4.833990359751988763e+03 2.669917695440851276e+03
6.872518245115814828e-02 9.825792045887215863e+03 4.432448002539976187e+03 2.448687873146638140e+03
7.663041305413779980e-02 8.442729674593574600e+03 3.804989149575847932e+03 2.102353731349224290e+03
8.544495620686157200e-02 6.705980154904730625e+03 3.016140405156666475e+03 1.666482937720154041e+03
9.527340712667957401e-02 5.194441783671693884e+03 2.328019535839375294e+03 1.285994761656437959e+03
1.062323922731101822e-01 4.380899463150618431e+03 1.955052049937206903e+03 1.079581867990413684e+03
1.184519532618636822e-01 4.116605269760934789e+03 1.830136830579991738e+03 1.010241839857215837e+03
1.320770899659224340e-01 3.692740168575124699e+03 1.632093381910510516e+03 9.002847278458139044e+02
1.472694811144383831e-01 2.836270594701400569e+03 1.237062300210873900e+03 6.811065085203579201e+02
1.642094028064348954e-01 2.242929227192432791e+03 9.609138883396595929e+02 5.275620496881140298e+02
1.830978677048002712e-01 2.092212445492759798e+03 8.853198233356112041e+02 4.849089436072989656e+02
2.041590102946942431e-01 1.731999460851721778e+03 7.148461360657612431e+02 3.895830551665642929e+02
2.276427465103479653e-01 1.387195921169231269e+03 5.519046056110477139e+02 2.983133655736355649e+02
2.538277392899435103e-01 1.262067867452871951e+03 4.892409574462055275e+02 2.624787199503649049e+02
2.830247052484705095e-01 1.024704541170195398e+03 3.770471240996509437e+02 1.992000285377502280e+02
3.155801017062329072e-01 9.163815411210775892e+02 3.242977448018418727e+02 1.688238390536222653e+02
3.518802378240603601e-01 7.774922896956627483e+02 2.590873226506375318e+02 1.316267127516677249e+02
3.923558586288135031e-01 6.902588118569858580e+02 2.182603228905631738e+02 1.080215971835902025e+02
4.374872563241952172e-01 6.106772571699152650e+02 1.820754730251541673e+02 8.715789976572563091e+01
4.878099695387512202e-01 5.435179203375300858e+02 1.524655216020007913e+02 7.012047915346647642e+01
5.439211381395319123e-01 4.892788512481109251e+02 1.294997296149903150e+02 5.695397713483900759e+01
6.064865890189676811e-01 4.441318448699440182e+02 1.113579734904887601e+02 4.664849610676916569e+01
6.762487369363893164e-01 4.047977479560986467e+02 9.650235022811209262e+01 3.834883414046672812e+01
7.540353941672404137e-01 3.704307708323853490e+02 8.450635658951836149e+01 3.180545044510897057e+01
8.407695934971151086e-01 3.399039535631616786e+02 7.482146416669583289e+01 2.668906181440297587e+01
9.374805411223435803e-01 3.119557971847672206e+02 6.685349846468311341e+01 2.265887971464321993e+01
1.045315829426528564e+00 2.856987887486148452e+02 6.016968874935146516e+01 1.946407534926186145e+01
1.165555054552403824e+00 2.605628391497567122e+02 5.445701902208549683e+01 1.692073602470681948e+01
1.299625000357985227e+00 2.361808838451890153e+02 4.946292448481884918e+01 1.487919265296987525e+01
1.449116568932995452e+00 2.123613548283043713e+02 4.498067075701884221e+01 1.321725493828316012e+01
1.615803658576671964e+00 1.891145414829740616e+02 4.085751200204748557e+01 1.184031293287177711e+01
1.801664213246928048e+00 1.666041861690102053e+02 3.698444339394780656e+01 1.067413188327929063e+01
2.008903693258128342e+00 1.450973297406972051e+02 3.329185050281292035e+01 9.661745103690259739e+00
2.239981245735629400e+00 1.249046550293033135e+02 2.974270303325992515e+01 8.759058257693022043e+00
2.497638885371206374e+00 1.063124289401300047e+02 2.632890022330719404e+01 7.933959038972142608e+00
2.784934031744384253e+00 8.954525279496454004e+01 2.306406004105248897e+01 7.163807497384980572e+00
3.105275789304232426e+00 7.471425498559626988e+01 1.997609498916623849e+01 6.434416986776919423e+00
3.462465400517639402e+00 6.182963982580444195e+01 1.709951900464937680e+01 5.738433326906508647e+00
3.860741352209485999e+00 5.080771575187988986e+01 1.446665465816579399e+01 5.073959862301623325e+00
4.304829670336041580e+00 4.150247961410195785e+01 1.210278037109674898e+01 4.443113965493922457e+00
4.799999999999999822e+00 3.372755913379520365e+01 1.002018362547052988e+01 3.850338429734337264e+00
