1.000000000230258569e-04 1.404816887170475752e+02 5.692551239987388811e+01 3.071649320848262121e+01
1.115026695290953366e-04 1.556421757997059387e+02 6.308560595777701252e+01 3.404191353221870031e+01
1.243284530925187648e-04 1.724259456991421189e+02 6.991093886038235894e+01 3.772697627003930165e+01
1.386295441504667143e-04 1.910033624498661027e+02 7.747294571209619107e+01 4.181045870346489579e+01
1.545756424481938766e-04 2.115618077446517020e+02 8.585053718248094867e+01 4.633524677178388629e+01
1.723559677317991945e-04 2.343073992028254509e+02 9.513092373366046672e+01 5.134878907779324209e+01
1.921815050694108094e-04 2.594671687976888279e+02 1.054104960574301089e+02 5.690357920271805625e+01
2.142875084442451923e-04 2.872931566452111269e+02 1.167957137743716913e+02 6.305761422549690565e+01
2.389362923277018713e-04 3.180641762119878990e+02 1.294041561618950311e+02 6.987499200826272272e+01
2.664203443578849946e-04 3.520888748247078297e+02 1.433657071161669876e+02 7.742654993303436584e+01
2.970657960592480913e-04 3.897168648207696151e+02 1.588240492629082325e+02 8.579043066301797182e+01
3.312362927876497001e-04 4.313414421275442123e+02 1.759380181611960268e+02 9.505285608628535954e+01
3.693373088223966556e-04 4.774026440076826248e+02 1.948831230973800359e+02 1.053089684029890662e+02
4.118209588090659132e-04 5.284014644619292085e+02 2.158538246130637219e+02 1.166635039185532889e+02
4.591913626466918256e-04 5.849067417660045294e+02 2.390654319331043212e+02 1.292317653595129343e+02
5.120106274801957584e-04 6.475589073532154316e+02 2.647558917788880990e+02 1.431406791363980915e+02
5.709055177816341068e-04 7.170575209552628166e+02 2.931863994564068321e+02 1.585291380778628252e+02
6.365748926688486646e-04 7.941700763190128782e+02 3.246437904467521207e+02 1.755491065402841286e+02
7.097979987143026312e-04 8.797485687245906547e+02 3.594434387747290316e+02 1.943669952165615200e+02
7.914437166483044659e-04 9.746817457619821425e+02 3.979239405589390230e+02 2.151623440752699707e+02
8.824808716799498404e-04 1.079890680448364947e+03 4.404479601704442189e+02 2.381284610745456689e+02
9.839897297802024153e-04 1.196359919770531178e+03 4.874078080857612463e+02 2.634745120304133366e+02
1.097174816344422205e-03 1.325105624396303256e+03 5.392162087105951969e+02 2.914219661595605544e+02
1.223379209343287413e-03 1.467160421507360979e+03 5.963033129551803313e+02 3.222036117733615015e+02
1.364100476567608111e-03 1.623584956401935415e+03 6.591224924337075208e+02 3.560660718166577112e+02
1.521008446081769522e-03 1.795484572863580070e+03 7.281420192522390380e+02 3.932642830718171467e+02
1.695965020753673102e-03 1.984009847857049408e+03 8.038389050477687761e+02 4.340578701502359422e+02
1.891046271984591709e-03 2.190322422532351084e+03 8.866996084310528659e+02 4.787128006017447888e+02
2.108567074807741158e-03 2.415580174383044778e+03 9.772071115226395932e+02 5.274928002870860837e+02
2.351108576680822643e-03 2.660919664150123481e+03 1.075828526219911964e+03 5.806515479790355130e+02
2.621548825923003187e-03 2.927430798678888550e+03 1.183012129098736295e+03 6.384327827445011962e+02
2.923096923239734257e-03 3.216100783266415419e+03 1.299163078774292217e+03 7.010571405189357392e+02
3.259331101584665453e-03 3.527755912325585996e+03 1.424617713781168504e+03 7.687081076376954343e+02
3.634241186222156913e-03 3.863050485818652760e+03 1.559640129863450966e+03 8.415303377565852543e+02
4.052275938830490927e-03 4.222303390817934996e+03 1.704359508842597506e+03 9.195946578037272729e+02
4.518395847440812539e-03 4.605303542273382845e+03 1.858695468030979100e+03 1.002856341053909091e+03
5.038131988628217865e-03 5.011378027546024896e+03 2.022380482671097070e+03 1.091168506911730219e+03
5.617651660426248826e-03 5.439189838299488656e+03 2.194875687118442784e+03 1.184249251313702189e+03
6.263831564778516575e-03 5.886403295742834416e+03 2.375239886031014521e+03 1.281591192425000145e+03
6.984339407925946493e-03 6.350147924358872842e+03 2.562313683038221370e+03 1.382567268210279508e+03
7.787724887016851671e-03 6.826182325940391820e+03 2.754393620983469191e+03 1.486260989820951181e+03
8.683521142606049834e-03 7.308703523216785470e+03 2.949138777083545847e+03 1.591411920435172306e+03
9.682357880899711625e-03 7.790558724309660647e+03 3.143656941847814778e+03 1.696455268506688299e+03
1.079608750807801998e-02 8.262751357135906801e+03 3.334318272182299552e+03 1.799432970624190830e+03
1.203792577343234388e-02 8.714374180796745350e+03 3.516722067076379062e+03 1.897968724001086912e+03
1.342260859021738965e-02 9.132497139094099111e+03 3.685647188358953372e+03 1.989246812687150396e+03
1.496656689508787767e-02 9.502313611143450544e+03 3.835098935755449929e+03 2.070027521653469648e+03
1.668812162103823840e-02 9.807501234409501194e+03 3.958475546555026085e+03 2.136736121961714616e+03
1.860770109743517184e-02 1.003080064940259763e+04 4.048815936120903189e+03 2.185625164677194789e+03
2.074808345685756270e-02 1.015534939185812982e+04 4.099272360585746355e+03 2.212987478691283286e+03
2.313466692519383291e-02 1.016682686801736600e+04 4.104035425806421699e+03 2.215670535063900388e+03
2.579577120231610690e-02 1.005597296574764914e+04 4.059358263641831400e+03 2.191655964714500442e+03
2.876297350957714855e-02 9.821686357213950032e+03 3.964756246772470604e+03 2.140672221434805124e+03
3.207148329174031032e-02 9.474072582726223118e+03 3.824285604861444881e+03 2.064904737510270024e+03
3.576056001963404812e-02 9.036138812812945616e+03 3.647210189069701755e+03 1.969350874046698891e+03
3.987397905126498221e-02 8.542763493625776391e+03 3.447586120194725481e+03 1.861597740024734549e+03
4.446055107939526907e-02 8.035285786405494946e+03 3.242084846025721617e+03 1.750647539071488836e+03
4.957470132945773766e-02 7.550899439824340334e+03 3.045703853080127374e+03 1.644596812079298616e+03
5.527711538069327024e-02 7.109779129762639059e+03 2.866561606695396222e+03 1.547830930306324262e+03
6.163545927395905344e-02 6.695787104426156475e+03 2.698102779742907842e+03 1.456807535264626267e+03
6.872518245115814828e-02 6.259278473979274168e+03 2.520226512433269818e+03 1.360668260282256142e+03
7.663041305413779980e-02 5.738765368367455267e+03 2.308038939060845223e+03 1.245963349441519767e+03
8.544495620686157200e-02 5.115039028110514664e+03 2.053723742693865461e+03 1.108466193785862060e+03
9.527340712667957401e-02 4.458205613162739610e+03 1.785554246274440175e+03 9.634423281182280334e+02
1.062323922731101822e-01 3.895717216175553858e+03 1.554988424500923884e+03 8.386811202216671290e+02
1.184519532618636822e-01 3.489986416865202500e+03 1.387214168602465634e+03 7.477824082213363681e+02
1.320770899659224340e-01 3.147829380153343209e+03 1.244561242044030223e+03 6.703911196813537572e+02
1.472694811144383831e-01 2.733846363019220462e+03 1.072349024626543041e+03 5.769632840403913860e+02
1.642094028064348954e-01 2.308022521366571709e+03 8.948784218477682089e+02 4.806171093301356905e+02
1.830978677048002712e-01 2.017230396553585706e+03 7.716189589457972033e+02 4.134692352635339034e+02
2.041590102946942431e-01 1.777155244108756960e+03 6.686887661238712326e+02 3.572132278870945470e+02
2.276427465103479653e-01 1.504191984266786676e+03 5.525837074010420338e+02 2.937540127479492185e+02
2.538277392899435103e-01 1.311889917231922709e+03 4.694030140577081056e+02 2.479941539972758164e+02
2.830247052484705095e-01 1.137470766076578684e+03 3.941007680504713448e+02 2.064228593955301392e+02
3.155801017062329072e-01 9.864278376924658005e+02 3.291187287875155789e+02 1.703828226387631446e+02
3.518802378240603601e-01 8.624502750220307234e+02 2.760915233048626760e+02 1.407904247703508531e+02
3.923558586288135031e-01 7.572912748698894347e+02 2.317445018174090308e+02 1.159190608412564956e+02
4.374872563241952172e-01 6.671114899573161665e+02 1.945000493776533972e+02 9.496235076216683524e+01
4.878099695387512202e-01 5.925099547094325771e+02 1.644863438275877741e+02 7.802842106999511884e+01
5.439211381395319123e-01 5.290635520713781261e+02 1.398095538304703496e+02 6.412737936993070775e+01
6.064865890189676811e-01 4.750168632712014869e+02 1.196373697924150008e+02 5.282591677627273441e+01
6.762487369363893164e-01 4.287178727492175767e+02 1.032036347718747749e+02 4.371245285967046357e+01
7.540353941672404137e-01 3.885923447299057329e+02 8.980064727244884182e+01 3.639649452835572419e+01
8.407695934971151086e-01 3.532554812487418872e+02 7.882230131667003548e+01 3.053681975366435708e+01
9.374805411223435803e-01 3.216254100416152255e+02 6.978765045667140043e+01 2.585401706535073529e+01
1.045315829426528564e+00 2.927529230277141323e+02 6.228003324750088154e+01 2.210918902376623407e+01
1.165555054552403824e+00 2.659174596161678323e+02 5.596303066124760761e+01 1.910762532620903542e+01
1.299625000357985227e+00 2.405978154109279785e+02 5.055585851989975055e+01 1.668928737755294023e+01
1.449116568932995452e+00 2.164660548669782258e+02 4.583485797087342917e+01 1.472653225263593590e+01
1.615803658576671964e+00 1.933727274780973744e+02 4.161555962085679994e+01 1.311393304224829137e+01
1.801664213246928048e+00 1.712977230210463802e+02 3.775670398996452803e+01 1.176882303036179778e+01
2.008903693258128342e+00 1.503390626925231572e+02 3.415159230765137721e+01 1.062355800272819728e+01
2.239981245735629400e+00 1.306327971959660772e+02 3.072793568937155229e+01 9.625787950891069755e+00
2.497638885371206374e+00 1.123398032489603082e+02 2.744514633450320673e+01 8.734009551712341946e+00
2.784934031744384253e+00 9.560412226066485175e+01 2.428859820575353368e+01 7.917236490680836347e+00
3.105275789304232426e+00 8.055556267046218011e+01 2.126885481102805286e+01 7.153235266175904883e+00
3.462465400517639402e+00 6.725604329916980362e+01 1.840929987096518516e+01 6.427376858380334568e+00
3.860741352209485999e+00 5.571426532866991721e+01 1.574522307043945091e+01 5.732263562764502218e+00
4.304829670336041580e+00 4.585493419408892635e+01 1.330805978829268810e+01 5.065586166616639296e+00
4.799999999999999822e+00 3.753668146429291141e+01 1.112545655371965303e+01 4.430031617628726437e+00
