1.000000000230258569e-04 6.649784385668110644e+02 3.040902821956580055e+02 1.729002532414464213e+02
1.115026695290953366e-04 7.368576749263048669e+02 3.368871212377048892e+02 1.915282235406213545e+02
1.243284530925187648e-04 8.165618171156501148e+02 3.732316243972396705e+02 2.121645944577511500e+02
1.386295441504667143e-04 9.049558093425862353e+02 4.135102109608406522e+02 2.350262079177332168e+02
1.545756424481938766e-04 1.003001888024484856e+03 4.581517655132440154e+02 2.603533406921216624e+02
1.723559677317991945e-04 1.111763046098865743e+03 5.076311561774962229e+02 2.884118370088987149e+02
1.921815050694108094e-04 1.232413303707212208e+03 5.624741431149431037e+02 3.194958038280616961e+02
2.142875084442451923e-04 1.366253189955186826e+03 6.232633801447060478e+02 3.539307922252486378e+02
2.389362923277018713e-04 1.514691795972974433e+03 6.906379465437229328e+02 3.920752069136839282e+02
2.664203443578849946e-04 1.679247339056215651e+03 7.652971713576707771e+02 4.343231265171239102e+02
2.970657960592480913e-04 1.861575347778928972e+03 8.480104917969844109e+02 4.811090251342619695e+02
3.312362927876497001e-04 2.063420818931213489e+03 9.396064447883858293e+02 5.329057486971095159e+02
3.693373088223966556e-04 2.286590972065056576e+03 1.040968535547256806e+03 5.902250405187120350e+02
4.118209588090659132e-04 2.532994348975375487e+03 1.153051410142098121e+03 6.536250868414541628e+02
4.591913626466918256e-04 2.804632172755726060e+03 1.276866790064234237e+03 7.237038127218592081e+02
5.120106274801957584e-04 3.103584675939191584e+03 1.413471226140232829e+03 8.010937439650945180e+02
5.709055177816341068e-04 3.432002306653333562e+03 1.563979308054389776e+03 8.864716906709775230e+02
6.365748926688486646e-04 3.792224503386421020e+03 1.729577186022676415e+03 9.805551508279141899e+02
7.097979987143026312e-04 4.186901618990148563e+03 1.911534291214120685e+03 1.084097144492390271e+03
7.914437166483044659e-04 4.618866882714887652e+03 2.111184888986644637e+03 1.197888927618911794e+03
8.824808716799498404e-04 5.091204027569422578e+03 2.329948381409033573e+03 1.322760767445101692e+03
9.839897297802024153e-04 5.607353516799076715e+03 2.569358583526249731e+03 1.459582236742373652e+03
1.097174816344422205e-03 6.171046824818605273e+03 2.831032703292918086e+03 1.609254025378278584e+03
1.223379209343287413e-03 6.786100247069782199e+03 3.116611252853135284e+03 1.772682551059564048e+03
1.364100476567608111e-03 7.456076001572079804e+03 3.427664235159171767e+03 1.950740611574066634e+03
1.521008446081769522e-03 8.184525040559803529e+03 3.765738454283161900e+03 2.144277055428180120e+03
1.695965020753673102e-03 8.974637813360219297e+03 4.132215208531468306e+03 2.354043563480685862e+03
1.891046271984591709e-03 9.828460429933316846e+03 4.528013213516097494e+03 2.580549583669032927e+03
2.108567074807741158e-03 1.074725629365544046e+04 4.953708314431009057e+03 2.824111118194520714e+03
2.351108576680822643e-03 1.173121545104053257e+04 5.409389393636743989e+03 3.084768967045832142e+03
2.621548825923003187e-03 1.277868014333738938e+04 5.894297265964955841e+03 3.362094256624673562e+03
2.923096923239734257e-03 1.388628992858344645e+04 6.406899928495223321e+03 3.655225391777813456e+03
3.259331101584665453e-03 1.504880742911625930e+04 6.944814761562000967e+03 3.962815028422154683e+03
3.634241186222156913e-03 1.625876292193071640e+04 7.504640059234050568e+03 4.282909983625476343e+03
4.052275938830490927e-03 1.750634252380242106e+04 8.081911520415983432e+03 4.612941498080498604e+03
4.518395847440812539e-03 1.877917738744237431e+04 8.670888120848645485e+03 4.949790755297108262e+03
5.038131988628217865e-03 2.006248512172383926e+04 9.264781886927030428e+03 5.289507153656482842e+03
5.617651660426248826e-03 2.133900122973657562e+04 9.855671237552161983e+03 5.627568730070322090e+03
6.263831564778516575e-03 2.258859348177791981e+04 1.043431049508011347e+04 5.958728348666269994e+03
6.984339407925946493e-03 2.378824360757265094e+04 1.099010168158158922e+04 6.276955099432147108e+03
7.787724887016851671e-03 2.491173642446107624e+04 1.151098128659845679e+04 6.575375507507949806e+03
8.683521142606049834e-03 2.593580867908107757e+04 1.198623921781956415e+04 6.847893407402249977e+03
9.682357880899711625e-03 2.680814161356212935e+04 1.239169904816159396e+04 7.080693270259285782e+03
1.079608750807801998e-02 2.749866270102823910e+04 1.271343151601231875e+04 7.265796459287987091e+03
1.203792577343234388e-02 2.796678248493307547e+04 1.293268679375299507e+04 7.392493715516139673e+03
1.342260859021738965e-02 2.818354343399980280e+04 1.303599839956046162e+04 7.453069028470717058e+03
1.496656689508787767e-02 2.810469174070889130e+04 1.300279006636017766e+04 7.435704599330187193e+03
1.668812162103823840e-02 2.769586185748191201e+04 1.281708178147825311e+04 7.331230495222876016e+03
1.860770109743517184e-02 2.693562133933293444e+04 1.246883475645811086e+04 7.133871446913276486e+03
2.074808345685756270e-02 2.581493318595027449e+04 1.195366008320107721e+04 6.841028425334339772e+03
2.313466692519383291e-02 2.434988286287796291e+04 1.127878087050943031e+04 6.456676784518645945e+03
2.579577120231610690e-02 2.258707261310676768e+04 1.046569776878364428e+04 5.993071316615407341e+03
2.876297350957714855e-02 2.060812818330497612e+04 9.551939719889363914e+03 5.471583790263021911e+03
3.207148329174031032e-02 1.852835074224868004e+04 8.590764452629198786e+03 4.922615985656696466e+03
3.576056001963404812e-02 1.648670410477755649e+04 7.646486736019624004e+03 4.382974539934336462e+03
3.987397905126498221e-02 1.462347735174557238e+04 6.784152493841603246e+03 3.889964846144727289e+03
4.446055107939526907e-02 1.304795633852388164e+04 6.054504962462778167e+03 3.472705385368459247e+03
4.957470132945773766e-02 1.180100439259273116e+04 5.476638672450349077e+03 3.142228566308849167e+03
5.527711538069327024e-02 1.082337920589984060e+04 5.023141906672562982e+03 2.882874280498802818e+03
6.163545927395905344e-02 9.956592254039807813e+03 4.620398908630862934e+03 2.652434854652377908e+03
6.872518245115814828e-02 8.952007852003618609e+03 4.152709573506169363e+03 2.384472237561394650e+03
7.663041305413779980e-02 7.691017584115355021e+03 3.564694269884052574e+03 2.047126289810201115e+03
8.544495620686157200e-02 6.300003514299396556e+03 2.915001983662973089e+03 1.674045159304832168e+03
9.527340712667957401e-02 5.118523545592043774e+03 2.361735642890347663e+03 1.356100142940530304e+03
1.062323922731101822e-01 4.384746534025704932e+03 2.016026110854886156e+03 1.157253474193197690e+03
1.184519532618636822e-01 3.953509488702320596e+03 1.810417430411705027e+03 1.038793660119894412e+03
1.320770899659224340e-01 3.419564399952169424e+03 1.556097233173720724e+03 8.921453596056771858e+02
1.472694811144383831e-01 2.720222115624293565e+03 1.223853624452337044e+03 7.004779403733963363e+02
1.642094028064348954e-01 2.238410019194481720e+03 9.925169033098951559e+02 5.666945495016078667e+02
1.830978677048002712e-01 1.985635926857610457e+03 8.677797126627167472e+02 4.941059620122906608e+02
2.041590102946942431e-01 1.641310005544742125e+03 7.003530858427226349e+02 3.968036192501772916e+02
2.276427465103479653e-01 1.362246014512339343e+03 5.637682381406705190e+02 3.171326044855949249e+02
2.538277392899435103e-01 1.186585152517837741e+03 4.760587708576725845e+02 2.654993220076478337e+02
2.830247052484705095e-01 9.932979356052882167e+02 3.811603684389141335e+02 2.096858557844893198e+02
3.155801017062329072e-01 8.660881008530122926e+02 3.181243771750642964e+02 1.722070709698200517e+02
3.518802378240603601e-01 7.462782540426194373e+02 2.597779845242125702e+02 1.374939161490299000e+02
3.923558586288135031e-01 6.552971173422826041e+02 2.159430929446570815e+02 1.112381120051445009e+02
4.374872563241952172e-01 5.797105178146027811e+02 1.803004434104981613e+02 8.985231082128946412e+01
4.878099695387512202e-01 5.170557652493686192e+02 1.516059656256485653e+02 7.265374602585366404e+01
5.439211381395319123e-01 4.655036550705984837e+02 1.288615360347115484e+02 5.907666179228880310e+01
6.064865890189676811e-01 4.224202409555873032e+02 1.107420291697233239e+02 4.835714581518716670e+01
6.762487369363893164e-01 3.858323769857488514e+02 9.625931365073090262e+01 3.991523401857273257e+01
7.540353941672404137e-01 3.541126222629795848e+02 8.461286036381268616e+01 3.327606612637787009e+01
8.407695934971151086e-01 3.259699479064539673e+02 7.517599346945412719e+01 2.806119423462594398e+01
9.374805411223435803e-01 3.003484057036312151e+02 6.743728324354265169e+01 2.395901659869391409e+01
1.045315829426528564e+00 2.763967249415600804e+02 6.098166367354309614e+01 2.071992465923968396e+01
1.165555054552403824e+00 2.534833466559606734e+02 5.547985129898592049e+01 1.814456845480279057e+01
1.299625000357985227e+00 2.311698232303708380e+02 5.066867714597710659e+01 1.607524863932881232e+01
1.449116568932995452e+00 2.092238003641604394e+02 4.634395432131496761e+01 1.438768863625871930e+01
1.615803658576671964e+00 1.875870876890433294e+02 4.234818803746307481e+01 1.298339905432863794e+01
1.801664213246928048e+00 1.663740465163363353e+02 3.856871498225347494e+01 1.178610362825393132e+01
2.008903693258128342e+00 1.458161695006507159e+02 3.493018981543007584e+01 1.073612615335212261e+01
2.239981245735629400e+00 1.262251824119131953e+02 3.139334445746471047e+01 9.788659632225998664e+00
2.497638885371206374e+00 1.079259751459530321e+02 2.794817590969289611e+01 8.910445816594091184e+00
2.784934031744384253e+00 9.120039702065683684e+01 2.461035568166296272e+01 8.078940059009459773e+00
3.105275789304232426e+00 7.624946198814691911e+01 2.141248341984430326e+01 7.280282524707334169e+00
3.462465400517639402e+00 6.315700896191839320e+01 1.839740064063667901e+01 6.508394359985433475e+00
3.860741352209485999e+00 5.190539900918034277e+01 1.560873096931410942e+01 5.763200276942460398e+00
4.304829670336041580e+00 4.238316623042227604e+01 1.308232257592433356e+01 5.049212444562603430e+00
4.799999999999999822e+00 3.442355362404082797e+01 1.084171658502184066e+01 4.373624265162469271e+00
