1.000000000230258569e-04 6.255675056095171840e+02 2.841933965449160269e+02 1.563740260256161037e+02
1.115026695290953366e-04 6.954459345143687869e+02 3.161466819505682793e+02 1.739821197912589525e+02
1.243284530925187648e-04 7.729907832549365594e+02 3.516731623295086138e+02 1.935681849538995607e+02
1.386295441504667143e-04 8.590074476913828221e+02 3.911668985196809558e+02 2.153529802875385712e+02
1.545756424481938766e-04 9.543845020299540920e+02 4.350638769885431998e+02 2.395812467887304251e+02
1.723559677317991945e-04 1.060102065329821016e+03 4.838462329521669290e+02 2.665242133640982161e+02
1.921815050694108094e-04 1.177238450819231730e+03 5.380473746364797307e+02 2.964826510620183626e+02
2.142875084442451923e-04 1.307012556725111153e+03 5.982591506933897563e+02 3.297896671569193927e+02
2.389362923277018713e-04 1.450811190674576437e+03 6.651385939870193624e+02 3.668139711640209271e+02
2.664203443578849946e-04 1.610186237554395575e+03 7.394135024469278505e+02 4.079638258408057823e+02
2.970657960592480913e-04 1.786939572235744663e+03 8.218965697306297216e+02 4.536909968053213902e+02
3.312362927876497001e-04 1.983193365344425047e+03 9.134984600735640470e+02 5.044951284058154783e+02
3.693373088223966556e-04 2.201382462516113719e+03 1.015233329892942493e+03 5.609287074809377600e+02
4.118209588090659132e-04 2.444282636134035329e+03 1.128231625133704711e+03 6.236012258581174592e+02
4.591913626466918256e-04 2.715052753957879759e+03 1.253754631874886854e+03 6.931839019168456844e+02
5.120106274801957584e-04 3.017315021289218294e+03 1.393208518953036446e+03 7.704166440896252652e+02
5.709055177816341068e-04 3.354988405888975194e+03 1.548127609032918372e+03 8.561062661869567592e+02
6.365748926688486646e-04 3.732082549622916758e+03 1.720152949360486446e+03 9.511234436573963649e+02
7.097979987143026312e-04 4.152967192768160203e+03 1.911077107965788400e+03 1.056416033755081116e+03
7.914437166483044659e-04 4.622174998818203676e+03 2.122801325441735116e+03 1.172995919438399824e+03
8.824808716799498404e-04 5.144043196637467190e+03 2.357259152866070963e+03 1.301915090831781072e+03
9.839897297802024153e-04 5.722925853242877565e+03 2.616474719835877750e+03 1.444286013701392221e+03
1.097174816344422205e-03 6.363177123647616099e+03 2.902523799366360436e+03 1.601258500135112399e+03
1.223379209343287413e-03 7.069099456394275876e+03 3.217448207621554957e+03 1.773971107792763632e+03
1.364100476567608111e-03 7.844780591442412515e+03 3.563269865618735821e+03 1.963567075667799827e+03
1.521008446081769522e-03 8.694034700547648754e+03 3.941925219627649767e+03 2.171150437740759116e+03
1.695965020753673102e-03 9.620454054667126911e+03 4.355138655557660968e+03 2.397690946156997143e+03
1.891046271984591709e-03 1.062711077739438042e+04 4.804402430170396656e+03 2.644033939272406315e+03
2.108567074807741158e-03 1.171626064037850847e+04 5.290852783522741447e+03 2.910831421996431345e+03
2.351108576680822643e-03 1.288890891645562260e+04 5.815019590513945332e+03 3.198386324038733619e+03
2.621548825923003187e-03 1.414470369402554206e+04 6.376807253126231444e+03 3.506652442725347555e+03
2.923096923239734257e-03 1.548162247730855233e+04 6.975343497002089862e+03 3.835160513966142389e+03
3.259331101584665453e-03 1.689535860026594310e+04 7.608646239898961539e+03 4.182857625664189072e+03
3.634241186222156913e-03 1.837923811036643019e+04 8.273601198830107023e+03 4.548082699013760248e+03
4.052275938830490927e-03 1.992369514954987608e+04 8.966118949835221429e+03 4.928466684419395278e+03
4.518395847440812539e-03 2.151560227702859993e+04 9.680470079206737864e+03 5.320948940425626461e+03
5.038131988628217865e-03 2.313894110414195529e+04 1.040928643402439593e+04 5.721533248412969442e+03
5.617651660426248826e-03 2.477371341758620838e+04 1.114361122775532021e+04 6.125288039162190216e+03
6.263831564778516575e-03 2.639568095304663439e+04 1.187257852834511323e+04 6.526254895311935798e+03
6.984339407925946493e-03 2.797583503587883388e+04 1.258318342781834326e+04 6.917299079849385635e+03
7.787724887016851671e-03 2.947955031229460292e+04 1.325989427478758080e+04 7.289910404401560299e+03
8.683521142606049834e-03 3.087250897437533786e+04 1.388730288728109372e+04 7.635628148950280774e+03
9.682357880899711625e-03 3.208817515227029435e+04 1.443548696560976532e+04 7.937998763003862223e+03
1.079608750807801998e-02 3.307389774131502054e+04 1.488075195287939459e+04 8.183988062984758471e+03
1.203792577343234388e-02 3.378266481017308251e+04 1.520194175718033512e+04 8.361963698425939583e+03
1.342260859021738965e-02 3.414969866251687927e+04 1.536982645134487029e+04 8.455814875598151048e+03
1.496656689508787767e-02 3.410876785711919365e+04 1.535447535772750416e+04 8.449025985754846261e+03
1.668812162103823840e-02 3.360241675655588188e+04 1.512990015152501837e+04 8.327254453778288735e+03
1.860770109743517184e-02 3.258871066894880278e+04 1.467707353602311741e+04 8.079976802123491325e+03
2.074808345685756270e-02 3.104758292909699958e+04 1.398667429706531766e+04 7.701922695806716547e+03
2.313466692519383291e-02 2.899960912694350191e+04 1.306772650991144110e+04 7.197890794894231476e+03
2.579577120231610690e-02 2.651698886048504210e+04 1.195252739588916120e+04 6.585580316263660279e+03
2.876297350957714855e-02 2.373167003606188518e+04 1.070023596574069779e+04 5.897427699722232319e+03
3.207148329174031032e-02 2.083250030225403680e+04 9.395739263675584880e+03 5.180092839574741447e+03
3.576056001963404812e-02 1.804572931304792291e+04 8.140961054851334666e+03 4.489734636253942881e+03
3.987397905126498221e-02 1.559577100137177513e+04 7.037155241660250795e+03 3.882222638200666552e+03
4.446055107939526907e-02 1.365337861267134940e+04 6.161527017540726774e+03 3.400214100034303101e+03
4.957470132945773766e-02 1.228162212580360392e+04 5.542783541643234457e+03 3.059678498307848713e+03
5.527711538069327024e-02 1.139704971273088267e+04 5.143452681516689154e+03 2.840052530905661570e+03
6.163545927395905344e-02 1.071303973118980139e+04 4.834079969626710408e+03 2.669927452011319474e+03
6.872518245115814828e-02 9.827133372964855880e+03 4.432558456587146793e+03 2.448699961268482639e+03
7.663041305413779980e-02 8.444346416386151759e+03 3.805124976800275363e+03 2.102368691304952790e+03
8.544495620686157200e-02 6.707915084363228743e+03 3.016307010889332560e+03 1.666501432592293213e+03
9.527340712667957401e-02 5.196736123779325681e+03 2.328223122022312509e+03 1.286017582323180932e+03
1.062323922731101822e-01 4.383592767416326751e+03 1.955299960354288942e+03 1.079609991444085381e+03
1.184519532618636822e-01 4.119730590814301650e+03 1.830437568843829922e+03 1.010276461157641734e+03
1.320770899659224340e-01 3.696310614097336838e+03 1.632455795868227597e+03 9.003272067699155059e+02
1.472694811144383831e-01 2.840278107771215673e+03 1.237495786255322400e+03 6.811584451951928258e+02
1.642094028064348954e-01 2.247336057120566693e+03 9.614275846074234551e+02 5.276252577034759952e+02
1.830978677048002712e-01 2.096966092485456102e+03 8.859240419157289352e+02 4.849857161939972343e+02
2.041590102946942431e-01 1.736999279500462535e+03 7.155471524582186476e+02 3.896756131460547863e+02
2.276427465103479653e-01 1.392324210081151023e+03 5.527059160379086507e+02 2.984240785604704911e+02
2.538277392899435103e-01 1.267223527293228699e+03 4.901459354776309851e+02 2.626105523358145888e+02
2.830247052484705095e-01 1.029746778299580910e+03 3.780462969605699186e+02 1.993546784472484603e+02
3.155801017062329072e-01 9.212307216528042773e+02 3.253848526856529588e+02 1.690039029154608556e+02
3.518802378240603601e-01 7.820506577833792790e+02 2.602446604565698181e+02 1.318331039071549640e+02
3.923558586288135031e-01 6.944659033740641689e+02 2.194724766442534758e+02 1.082552548730207604e+02
4.374872563241952172e-01 6.144654921432742185e+02 1.833210875166412279e+02 8.741780312370090655e+01
4.878099695387512202e-01 5.468311853904305053e+02 1.537247558123056308e+02 7.040462965065619017e+01
5.439211381395319123e-01 4.920642697782806749e+02 1.307541543390771039e+02 5.725940375704403351e+01
6.064865890189676811e-01 4.463354581623274271e+02 1.125901079737148649e+02 4.697150229489385254e+01
6.762487369363893164e-01 4.063635851496343889e+02 9.769521211267189642e+01 3.868508446050251592e+01
7.540353941672404137e-01 3.713026496450967215e+02 8.564356717159233767e+01 3.215044932358475904e+01
8.407695934971151086e-01 3.400264246128656964e+02 7.588723819887978550e+01 2.703853342101927026e+01
9.374805411223435803e-01 3.112798882375857374e+02 6.783174418257210903e+01 2.300846491302342045e+01
1.045315829426528564e+00 2.841898739615901945e+02 6.104411257884649444e+01 1.980939773758715816e+01
1.165555054552403824e+00 2.582081521984795245e+02 5.521145481792037657e+01 1.725742825082487641e+01
1.299625000357985227e+00 2.330006892317259144e+02 5.008201210558644334e+01 1.520290829476813776e+01
1.449116568932995452e+00 2.084169707316635254e+02 4.545082072062099598e+01 1.352349273137825492e+01
1.615803658576671964e+00 1.845145722923324172e+02 4.116852596877912873e+01 1.212450882153990683e+01
1.801664213246928048e+00 1.615023926127297216e+02 3.713113884655761154e+01 1.093172531192200658e+01
2.008903693258128342e+00 1.396828908533656204e+02 3.327594679080566209e+01 9.888379943276923711e+00
2.239981245735629400e+00 1.193855556287302448e+02 2.957401137708385974e+01 8.950841855536003422e+00
2.497638885371206374e+00 1.008910037483174591e+02 2.602567977240186892e+01 8.087854232126595377e+00
2.784934031744384253e+00 8.439758637414561804e+01 2.265216206245171904e+01 7.278027707572899629e+00
3.105275789304232426e+00 6.997019038668950941e+01 1.948654878873291096e+01 6.508838837696051094e+00
3.462465400517639402e+00 5.756573402021130192e+01 1.656550828003618747e+01 5.774851295787806649e+00
3.860741352209485999e+00 4.705357742412466138e+01 1.391941925749715736e+01 5.076098555816580316e+00
4.304829670336041580e+00 3.825075898460676171e+01 1.156859231515929309e+01 4.416401848036234590e+00
4.799999999999999822e+00 3.094752642517203611e+01 9.518501741399841620e+00 3.801318103690566108e+00
