1.000000000230258569e-04 4.483627916761386700e+02 1.901064735599125584e+02 1.049453042536355554e+02
1.122634227564673579e-04 4.997852902438033880e+02 2.119188097179309693e+02 1.169815399483342588e+02
1.260307608609534901e-04 5.571032965806190305e+02 2.362353700137373664e+02 1.303978524498896547e+02
1.414864458359461712e-04 6.209912674975795426e+02 2.633438843661220403e+02 1.453522305610522096e+02
1.588375267953347550e-04 6.922005125935744445e+02 2.935651737742873593e+02 1.620206965148568372e+02
1.783164441611049004e-04 7.715669814491233183e+02 3.272566232079620363e+02 1.805992199713096511e+02
2.001841435067871621e-04 8.600181423622411785e+02 3.648154010661351094e+02 2.013055851735335580e+02
2.247335712646909519e-04 9.585846650649654066e+02 4.066835306456612216e+02 2.243820640611947397e+02
2.522935991264941354e-04 1.068407801694371301e+03 4.533512109657505675e+02 2.500975579847998915e+02
2.832334297096662638e-04 1.190742991768042430e+03 5.053585854652544072e+02 2.787492975319538004e+02
3.179675425093897337e-04 1.326977295210002012e+03 5.633034885173960902e+02 3.106667250398979832e+02
3.569612463934728852e-04 1.478628599201221505e+03 6.278409357868672487e+02 3.462124380469689982e+02
4.007369130231864672e-04 1.647340149791262547e+03 6.996805074325374108e+02 3.857824798611027290e+02
4.498809747048478080e-04 1.834905279900110372e+03 7.795976696324596560e+02 4.298119619591143419e+02
5.050517804175268938e-04 2.043260166344665095e+03 8.684282684527371430e+02 4.787724212842957741e+02
5.669884152586394726e-04 2.274478258683435342e+03 9.670642200912839144e+02 5.331701822013756100e+02
6.365206014554368984e-04 2.530791532682878824e+03 1.076464103809504195e+03 5.935529920509538897e+02
7.145798135793877959e-04 2.814619084769021356e+03 1.197657336419042622e+03 6.605056250851491768e+02
8.022117568662883325e-04 3.128579421160104175e+03 1.331745347781297369e+03 7.346483566433645365e+02
9.005903758055168549e-04 3.475480021801246039e+03 1.479900392292201104e+03 8.166404013461242357e+02
1.011033580661806338e-03 3.858320618760061279e+03 1.643375821164758690e+03 9.071772924953353368e+02
1.135020902606864940e-03 4.280294464146260907e+03 1.823505122189594431e+03 1.006988530965742143e+03
1.274213313974418031e-03 4.744760890549814576e+03 2.021685792255736033e+03 1.116832160380081859e+03
1.430475479156914512e-03 5.255031458393006687e+03 2.239310597287994369e+03 1.237467574355434635e+03
1.605900734223756829e-03 5.814372234892366578e+03 2.477764999523982624e+03 1.369650543003323492e+03
1.802839129895710598e-03 6.425958699123771112e+03 2.738400583949335669e+03 1.514114686301230677e+03
2.023928913547812410e-03 7.092415682838496650e+03 3.022341672991729865e+03 1.671474807694586161e+03
2.272131871983379750e-03 7.815844891818084761e+03 3.330499033953276012e+03 1.842230324219074191e+03
2.550773008441800313e-03 8.597679763771744547e+03 3.663504311846059409e+03 2.026726649338675315e+03
2.863585085365514225e-03 9.438102133716060052e+03 4.021442803624078806e+03 2.225010085455249737e+03
3.214758629634808552e-03 1.033606123337547797e+04 4.403873290096138589e+03 2.436838004510623250e+03
3.608998070155939632e-03 1.128894586623974465e+04 4.809697539766649243e+03 2.661605598835538785e+03
4.051584759838999447e-03 1.229190733593677396e+04 5.236881566517411557e+03 2.898189716724126356e+03
4.548447726227339283e-03 1.333794321370255784e+04 5.682483775894692371e+03 3.144968650336460541e+03
5.106243098575769836e-03 1.441762560990238308e+04 6.142437687159155757e+03 3.399730956208150019e+03
5.732443275407110572e-03 1.551857806886036997e+04 6.611486496660648299e+03 3.659524621851073334e+03
6.435437027063155117e-03 1.662524902707807269e+04 7.083027212897613936e+03 3.920710513646921754e+03
7.224641874254610074e-03 1.771863359198698527e+04 7.548975648219840878e+03 4.178825490942953365e+03
8.110630248067678127e-03 1.877605360842348455e+04 7.999685015670141183e+03 4.428535562795623264e+03
9.105271121505569346e-03 1.977092818820498360e+04 8.423837217554191739e+03 4.663579350723302014e+03
1.022188900990466699e-02 2.067243345448984837e+04 8.808310637989216048e+03 4.876700783785183376e+03
1.147544247024383408e-02 2.144800734299132455e+04 9.139238439642162120e+03 5.060225220813867963e+03
1.288272449057868002e-02 2.205156202953799948e+04 9.396981519321137966e+03 5.203278597389116840e+03
1.446258745407916733e-02 2.244270308412090526e+04 9.564310699713794747e+03 5.296313071093800318e+03
1.623619569135818438e-02 2.258246642784353389e+04 9.624603939306136454e+03 5.330123474460486250e+03
1.822730900435978393e-02 2.243037942662480418e+04 9.560564947396434945e+03 5.295113051506834381e+03
2.046260095998037737e-02 2.195266651297342833e+04 9.357752136613826224e+03 5.183266133464881932e+03
2.297201621738221775e-02 2.113225083392154556e+04 9.008815906844096389e+03 4.990493021147556647e+03
2.578917167586586637e-02 1.997535012803840800e+04 8.516325211619527181e+03 4.718194020829516376e+03
2.895180681720203528e-02 1.852059952847101522e+04 7.896643626168101036e+03 4.375386112924403278e+03
3.250228927534733192e-02 1.684675846330403874e+04 7.183296194440790714e+03 3.980624835599450307e+03
3.648818240631140908e-02 1.507094273607498690e+04 6.426149983490862724e+03 3.561506191525406848e+03
4.096288246151627566e-02 1.333628401371095788e+04 5.686180496986965409e+03 3.151798317172315819e+03
4.598633390041809155e-02 1.178436914209394854e+04 5.023760079221940941e+03 2.784961754021111574e+03
5.162583242493973962e-02 1.051611157055156764e+04 4.481934481100644007e+03 2.484876748776553086e+03
5.795692649341043640e-02 9.548499015476932982e+03 4.067943101400676824e+03 2.255575225149056223e+03
6.506442939097074885e-02 8.784921730270332773e+03 3.740520680858419837e+03 2.074193802308579507e+03
7.304355541444980393e-02 8.009414003167858937e+03 3.407376253697744687e+03 1.889544084253329856e+03
8.200119539239680844e-02 7.006921266527238913e+03 2.976525161982233840e+03 1.650574311284716487e+03
9.205734862752627812e-02 5.779893820600054823e+03 2.448873853495730145e+03 1.357752374320708213e+03
1.033467304443183715e-01 4.623075843390956834e+03 1.950297958028780840e+03 1.080913068721968784e+03
1.160205768769771578e-01 3.863160517185547633e+03 1.620477468074419903e+03 8.975960404487718733e+02
1.302486706739022226e-01 3.466143828291137652e+03 1.444982876346627791e+03 7.998207321969142640e+02
1.462216157596530064e-01 3.025155753438287775e+03 1.249965405907047170e+03 6.910802172613821313e+02
1.641533906237988560e-01 2.392520525001504666e+03 9.724616008273410444e+02 5.364012920581843673e+02
1.842842148426375448e-01 1.956829805286343117e+03 7.789168718563865923e+02 4.282047356406114886e+02
2.068837671345900298e-01 1.738577858033060238e+03 6.784341843028582844e+02 3.715600764105871008e+02
2.322547980593316352e-01 1.417681472492763987e+03 5.345765662749544163e+02 2.907149684224019097e+02
2.607371857574901086e-01 1.195648472345116716e+03 4.338162564936795320e+02 2.337135000466239205e+02
2.927124890628471365e-01 1.029175425869380206e+03 3.579324317342275776e+02 1.904752043335279552e+02
3.286090589819373742e-01 8.721233072306696386e+02 2.874140608714306495e+02 1.502191477730134181e+02
3.689077770159973624e-01 7.561180369749641841e+02 2.357422606979764339e+02 1.204820238157197991e+02
4.141484971975938345e-01 6.599122886368894569e+02 1.937831946477057556e+02 9.625037085938468806e+01
4.649372781414354283e-01 5.788886461008952438e+02 1.594926510618373641e+02 7.644272081545524600e+01
5.219545019921476570e-01 5.140116267888416814e+02 1.330549869506014886e+02 6.118028434964935514e+01
5.859639890329354506e-01 4.600610796134837415e+02 1.121371510500124771e+02 4.918181888739991336e+01
6.578232300572349756e-01 4.144802160637337920e+02 9.555038376924859733e+01 3.978392414326950899e+01
7.384948735793578356e-01 3.753354276251062061e+02 8.239766527396953677e+01 3.247429565526708473e+01
8.290596217703356530e-01 3.408491011858700972e+02 7.187325636227386383e+01 2.678884315257584703e+01
9.307307078768926045e-01 3.096817596984631109e+02 6.337146111617369826e+01 2.237387541144502379e+01
1.044870149067508081e+00 2.808025121830617650e+02 5.640453436339591775e+01 1.894089732689542416e+01
1.173006992433692330e+00 2.534139590528801875e+02 5.056870994645845485e+01 1.625531569912677199e+01
1.316857798575541416e+00 2.270450092981239436e+02 4.555229465923787302e+01 1.413394118949448242e+01
1.478349637175967013e+00 2.014866926222377401e+02 4.111686641308531165e+01 1.243634542533321330e+01
1.659645902619409696e+00 1.767923876503397196e+02 3.708187256537880927e+01 1.105103568037841555e+01
1.863175295489004624e+00 1.531694888321595442e+02 3.331738666917924974e+01 9.892537322932778210e+00
2.091664358187257822e+00 1.309698138290965517e+02 2.974271661902384878e+01 8.894970262957317075e+00
2.348174000537423645e+00 1.105323329740483871e+02 2.631574969416313436e+01 8.009254380416239272e+00
2.636140504673786467e+00 9.215792518272645850e+01 2.303186999076961783e+01 7.199989567576216665e+00
2.959421558534973240e+00 7.600498066166815647e+01 1.990876878802763272e+01 6.443218837886471206e+00
3.322347934639153344e+00 6.209808412666137656e+01 1.698253422313652550e+01 5.725338127260148902e+00
3.729781506445900785e+00 5.033709996817441379e+01 1.429120654247358146e+01 5.040550823949108583e+00
4.187180379509764627e+00 4.053677420787686003e+01 1.186992866020591109e+01 4.389782518144376589e+00
4.700672009942531204e+00 3.246391898088639039e+01 9.738730648683727509e+00 3.777675425434595891e+00
5.277135289701610610e+00 2.586987873314905073e+01 7.902532597066127984e+00 3.210935699808901145e+00
5.924292698344328478e+00 2.052189523739098576e+01 6.350863972343184116e+00 2.695752294799064419e+00
6.650813755741415534e+00 1.621076432696920122e+01 5.062145507314206760e+00 2.236590273475143054e+00
7.466431161634059954e+00 1.275368947353926252e+01 4.006670860697180814e+00 1.834911877354720833e+00
8.382071177875818790e+00 9.994403528145321403e+00 3.151953107762506257e+00 1.489589404946460860e+00
9.410000000000001918e+00 7.801373581850653771e+00 2.465848088094231283e+00 1.197576232812602948e+00
