1.000000000230258569e-04 9.523756694975952541e+02 4.513998468641611339e+02 2.616095903052835183e+02
1.115026695290953366e-04 1.056467115329080116e+03 5.004726843126323388e+02 2.900073278430377854e+02
1.243284530925187648e-04 1.172099247114896116e+03 5.549032681904044466e+02 3.214912627348611522e+02
1.386295441504667143e-04 1.300591416989114123e+03 6.152824740178366483e+02 3.563976875861577582e+02
1.545756424481938766e-04 1.443411304449768295e+03 6.822665361405739759e+02 3.950994109762393123e+02
1.723559677317991945e-04 1.602187292794925270e+03 7.565839536888457815e+02 4.380095820956742614e+02
1.921815050694108094e-04 1.778735026965472571e+03 8.390442703215543361e+02 4.855863125083614591e+02
2.142875084442451923e-04 1.975035041425256850e+03 9.305406808666355118e+02 5.383358578495763140e+02
2.389362923277018713e-04 2.193209649578969220e+03 1.032053271072996495e+03 5.968162248401429224e+02
2.664203443578849946e-04 2.435578801513426242e+03 1.144664498314223692e+03 6.616442809048129448e+02
2.970657960592480913e-04 2.704590672481785987e+03 1.269550746020476026e+03 7.334961414990837056e+02
3.312362927876497001e-04 3.002717579504921105e+03 1.407967614024539898e+03 8.131060193487109018e+02
3.693373088223966556e-04 3.332536096436185289e+03 1.561276609429524342e+03 9.012778899186952231e+02
4.118209588090659132e-04 3.696697125287540075e+03 1.730930820327420179e+03 9.988813039026177876e+02
4.591913626466918256e-04 4.097862084408231567e+03 1.918442077189998145e+03 1.106839412118162727e+03
5.120106274801957584e-04 4.538689832862964977e+03 2.125405772609813084e+03 1.226144618185513082e+03
5.709055177816341068e-04 5.021987192181353748e+03 2.353515127407580167e+03 1.357857306031095959e+03
6.365748926688486646e-04 5.551056223349406537e+03 2.604584437956286820e+03 1.503095777771492521e+03
7.097979987143026312e-04 6.129422835228857366e+03 2.880524014315582917e+03 1.663042555811442980e+03
7.914437166483044659e-04 6.760970564045564061e+03 3.183371003168913376e+03 1.838949510681129368e+03
8.824808716799498404e-04 7.450434436252894557e+03 3.515388694999107429e+03 2.032149603033862149e+03
9.839897297802024153e-04 8.203160757480887696e+03 3.879005312949992003e+03 2.244044192720163664e+03
1.097174816344422205e-03 9.024931844527432986e+03 4.276771457962479872e+03 2.476086202261557901e+03
1.223379209343287413e-03 9.921523489306653573e+03 4.711272592471403186e+03 2.729743302284845413e+03
1.364100476567608111e-03 1.089901626781450068e+04 5.185166540372114468e+03 3.006501317490281053e+03
1.521008446081769522e-03 1.196354313329804609e+04 5.701072178186752353e+03 3.307804696659761703e+03
1.695965020753673102e-03 1.311983876712465099e+04 6.261103653706564728e+03 3.634842874577674138e+03
1.891046271984591709e-03 1.437180581072067253e+04 6.867010138770344383e+03 3.988597974299669659e+03
2.108567074807741158e-03 1.572239484789791277e+04 7.520075679389484321e+03 4.369777345758257979e+03
2.351108576680822643e-03 1.717208069311002328e+04 8.220473476439427031e+03 4.778470240218113759e+03
2.621548825923003187e-03 1.871908341915782876e+04 8.967341843295676881e+03 5.214179455598905406e+03
2.923096923239734257e-03 2.035927427381517555e+04 9.758719616517826580e+03 5.675773863795567195e+03
3.259331101584665453e-03 2.208528319227339671e+04 1.059109373745235280e+04 6.161208965351226652e+03
3.634241186222156913e-03 2.388631683155873907e+04 1.145933299901503597e+04 6.667496247329490870e+03
4.052275938830490927e-03 2.574799943969445667e+04 1.235668513339761921e+04 7.190669446316118410e+03
4.518395847440812539e-03 2.765183743289332051e+04 1.327416534649460118e+04 7.725770735194781082e+03
5.038131988628217865e-03 2.957550467022343946e+04 1.420106825017263873e+04 8.266391799526858449e+03
5.617651660426248826e-03 3.149237126034938046e+04 1.512476111023093290e+04 8.805206040773819041e+03
6.263831564778516575e-03 3.337098918038604461e+04 1.603019175335088948e+04 9.333508677037370944e+03
6.984339407925946493e-03 3.517497913477463590e+04 1.689995389148638060e+04 9.841190808121251393e+03
7.787724887016851671e-03 3.686221942656762985e+04 1.771387692416936261e+04 1.031653307276186388e+04
8.683521142606049834e-03 3.838985337282018736e+04 1.845141167599157052e+04 1.074759972005901182e+04
9.682357880899711625e-03 3.969326222050050274e+04 1.908153671335689432e+04 1.111632691979401898e+04
1.079608750807801998e-02 4.070228390872540331e+04 1.957048816878622165e+04 1.140301890972073670e+04
1.203792577343234388e-02 4.134796932441710669e+04 1.988510393639366521e+04 1.158835569947597651e+04
1.342260859021738965e-02 4.158023469328718056e+04 2.000124521337146507e+04 1.165824570676673284e+04
1.496656689508787767e-02 4.133299017417254800e+04 1.988694496644047831e+04 1.159397725375667505e+04
1.668812162103823840e-02 4.053864904767039843e+04 1.950954335343591447e+04 1.137644243088394433e+04
1.860770109743517184e-02 3.916254570207883808e+04 1.885215852641776291e+04 1.099571932606636437e+04
2.074808345685756270e-02 3.719545538240058522e+04 1.791007143870582149e+04 1.044894956852840551e+04
2.313466692519383291e-02 3.467136435691390943e+04 1.669922709216419389e+04 9.745187440551319014e+03
2.579577120231610690e-02 3.168484838001057869e+04 1.526501733007955590e+04 8.910796752285348703e+03
2.876297350957714855e-02 2.839318396589025724e+04 1.368282905140721232e+04 7.989629615406106495e+03
3.207148329174031032e-02 2.501248861922919968e+04 1.205654962820008950e+04 7.042192622513713104e+03
3.576056001963404812e-02 2.179270553310869946e+04 1.050651128938781403e+04 6.138693827984687232e+03
3.987397905126498221e-02 1.897407203547022436e+04 9.148629380308731925e+03 5.346929602158602393e+03
4.446055107939526907e-02 1.672950294612624566e+04 8.066452314479960478e+03 4.715808581258283084e+03
4.957470132945773766e-02 1.510467315837941169e+04 7.282269416252078372e+03 4.258518192669170276e+03
5.527711538069327024e-02 1.397303082885583717e+04 6.735176229053492534e+03 3.939572191569857750e+03
6.163545927395905344e-02 1.300283545666293867e+04 6.264936741645656184e+03 3.665300340605672773e+03
6.872518245115814828e-02 1.175267988008044995e+04 5.657959193978424082e+03 3.310657116229695930e+03
7.663041305413779980e-02 9.982480323070021768e+03 4.797723701344823894e+03 2.807291350850792242e+03
8.544495620686157200e-02 7.945585236534111573e+03 3.806514228846150218e+03 2.226706671377954535e+03
9.527340712667957401e-02 6.283330749113262755e+03 2.994839520443464153e+03 1.750821382549637974e+03
1.062323922731101822e-01 5.409770343733169284e+03 2.563682139574118082e+03 1.497564480487294759e+03
1.184519532618636822e-01 5.032084017481173760e+03 2.371556076379068145e+03 1.384135844605032617e+03
1.320770899659224340e-01 4.386316790782424505e+03 2.048500619945617927e+03 1.193638054018218327e+03
1.472694811144383831e-01 3.388193463056882138e+03 1.553848454712668627e+03 9.021632461793166158e+02
1.642094028064348954e-01 2.790979507293372080e+03 1.253397270295602539e+03 7.243109139749011547e+02
1.830978677048002712e-01 2.570354893487632125e+03 1.135925757751381752e+03 6.535787927091645315e+02
2.041590102946942431e-01 2.100454067121620483e+03 8.984697219266790853e+02 5.122588443088798158e+02
2.276427465103479653e-01 1.756048689976520791e+03 7.232703910054210610e+02 4.073607601065886570e+02
2.538277392899435103e-01 1.568989768211376713e+03 6.260116097136299231e+02 3.481754113830033930e+02
2.830247052484705095e-01 1.309625828756071087e+03 4.958362802413649320e+02 2.697986264324743502e+02
3.155801017062329072e-01 1.169242580957620930e+03 4.248798861188944898e+02 2.263162412344310610e+02
3.518802378240603601e-01 1.014488802610546486e+03 3.488111711721206802e+02 1.801309252989504444e+02
3.923558586288135031e-01 9.024528987168748699e+02 2.949537931903200842e+02 1.473104275045203337e+02
4.374872563241952172e-01 8.090661051523289871e+02 2.513505056902087063e+02 1.208486039085951091e+02
4.878099695387512202e-01 7.282489238218072387e+02 2.150631267083893192e+02 9.905533295920504600e+01
5.439211381395319123e-01 6.607924728764267002e+02 1.862353892398138839e+02 8.197557287134119974e+01
6.064865890189676811e-01 6.030612461137296805e+02 1.630006536998101296e+02 6.848128882672459383e+01
6.762487369363893164e-01 5.526858404049688716e+02 1.441732667600115860e+02 5.784550413867728480e+01
7.540353941672404137e-01 5.077285961269175232e+02 1.287734355521401426e+02 4.945849946698789523e+01
8.407695934971151086e-01 4.662541093928498412e+02 1.158606281058432899e+02 4.275306475100114767e+01
9.374805411223435803e-01 4.272086441686634544e+02 1.048703906044021608e+02 3.737860490854982487e+01
1.045315829426528564e+00 3.898070958278287890e+02 9.533716296095788323e+01 3.304436292293950572e+01
1.165555054552403824e+00 3.534484508211033926e+02 8.684045533050584709e+01 2.949251827222355971e+01
1.299625000357985227e+00 3.178643649566254794e+02 7.906424814784267596e+01 2.652510606843008034e+01
1.449116568932995452e+00 2.831054974251095473e+02 7.178217408290274193e+01 2.398791265457341026e+01
1.615803658576671964e+00 2.494352401210153971e+02 6.484155614981779081e+01 2.176261291823883326e+01
1.801664213246928048e+00 2.172835379395934865e+02 5.815388627840342650e+01 1.975678719168350383e+01
2.008903693258128342e+00 1.871115440130845400e+02 5.168829605254168058e+01 1.790339799823178524e+01
2.239981245735629400e+00 1.593701665409062684e+02 4.546469265273655225e+01 1.615665737652967593e+01
2.497638885371206374e+00 1.343682821835028562e+02 3.953362496509650725e+01 1.448896777803608238e+01
2.784934031744384253e+00 1.122754514613995411e+02 3.396731287803134336e+01 1.288883196822608213e+01
3.105275789304232426e+00 9.309083128610606650e+01 2.883582778579767592e+01 1.135633315302103341e+01
3.462465400517639402e+00 7.668417445699776636e+01 2.420095091097635986e+01 9.901182970537522721e+00
3.860741352209485999e+00 6.282713188861947629e+01 2.009674770924786813e+01 8.536795674398558020e+00
4.304829670336041580e+00 5.123405502219515029e+01 1.653207122224637615e+01 7.278461731876515906e+00
4.799999999999999822e+00 4.160836348218622760e+01 1.348874950035120612e+01 6.137696619294361611e+00
