1.000000000230258569e-04 1.782969417823617732e+03 8.682179883994848524e+02 5.038077936226375755e+02
1.115486563971542785e-04 1.982880492588037669e+03 9.654182320568204432e+02 5.600934339234809158e+02
1.244310274114527074e-04 2.205382162507000885e+03 1.073568377800707367e+03 6.226846570957644644e+02
1.388011391866901154e-04 2.453053034535479583e+03 1.193915780826966056e+03 6.922914535932310400e+02
1.548308057910457113e-04 2.728746999722840428e+03 1.327845858818772058e+03 7.697026454098544264e+02
1.727116835090306587e-04 3.035583197340845345e+03 1.476886690088765363e+03 8.557917445965418892e+02
1.926575623508681512e-04 3.377004781624174029e+03 1.642733555125569183e+03 9.515287265580501526e+02
2.149069222004190347e-04 3.756759578927967141e+03 1.827248225176574806e+03 1.057984450336827194e+03
2.397257841638464457e-04 4.178799056168955758e+03 2.032430391253692733e+03 1.176326696320857764e+03
2.674108912107391479e-04 4.647370316066559099e+03 2.260459276680006496e+03 1.307839546163476371e+03
2.982932561365508645e-04 5.166997765288893788e+03 2.513684748534944447e+03 1.453922954811132968e+03
3.327421192670277522e-04 5.742357977766971999e+03 2.794559287544400377e+03 1.616066425392331666e+03
3.711693632243215748e-04 6.378327665625920417e+03 3.105679880962717107e+03 1.795874933062088303e+03
4.140344375392690035e-04 7.080069034029945215e+03 3.449807452163419839e+03 1.995072763369486211e+03
4.618498519902246974e-04 7.853310250825265939e+03 3.829897313968343497e+03 2.215484227993865716e+03
5.151873043487156757e-04 8.704177141758926155e+03 4.249070973333848997e+03 2.459043515156535250e+03
5.746845157973842983e-04 9.639291792263349635e+03 4.710658986186833317e+03 2.727810280239215444e+03
6.410528557468661917e-04 1.066642608821236718e+04 5.218431916446258583e+03 3.024023342364734162e+03
7.150858472165629249e-04 1.179426993332851634e+04 5.776502146549320059e+03 3.350073246305662906e+03
7.976686544726134401e-04 1.303229060225405919e+04 6.389282611785165500e+03 3.708491728807335676e+03
8.897886663605780169e-04 1.439044823915695270e+04 7.061487579633168934e+03 4.101967786460139905e+03
9.925473018708411317e-04 1.587940572553130005e+04 7.798151202927824670e+03 4.533335690060310299e+03
1.107173179088194286e-03 1.751033444408901050e+04 8.604512019283800328e+03 5.005509240088640581e+03
1.235036804978161722e-03 1.929307297378817020e+04 9.485301641952672071e+03 5.521171805615865196e+03
1.377666961646263968e-03 2.123661672830504540e+04 1.044491525107141024e+04 6.082830315285030338e+03
1.536768984990051967e-03 2.334907913113742325e+04 1.148733855112709534e+04 6.692743831652567678e+03
1.714245154289869167e-03 2.563512686444548672e+04 1.261488262060462694e+04 7.352232363543354950e+03
1.912217436523370962e-03 2.809611395897681723e+04 1.382826411964006184e+04 8.061711842896773305e+03
2.133052857342773462e-03 3.072988873681267796e+04 1.512651525858648711e+04 8.820628126707046249e+03
2.379391802059096454e-03 3.352754238242400606e+04 1.650530541172942321e+04 9.626470004942286323e+03
2.654179585009814029e-03 3.647318203165817249e+04 1.795685703036165432e+04 1.047472661731091830e+04
2.960701664764286197e-03 3.954374762046625256e+04 1.946987507113003812e+04 1.135884571234162104e+04
3.302622926212283368e-03 4.270635116955427657e+04 2.102854386136307949e+04 1.226945174867992500e+04
3.684031499205906151e-03 4.591687938533019042e+04 2.261054398490282256e+04 1.319395735188480467e+04
4.109487637665882979e-03 4.912212884333672264e+04 2.419014376759509832e+04 1.411702746455935085e+04
4.584078243567925488e-03 5.225870974476766423e+04 2.573613963186697947e+04 1.502056315095133687e+04
5.113477687716873853e-03 5.525381317738300277e+04 2.721277171855251072e+04 1.588375644734977141e+04
5.704015654503047893e-03 5.802697557423057151e+04 2.858048693326598732e+04 1.668357293088117149e+04
6.362752821816417166e-03 6.049181312880518817e+04 2.979682001193586984e+04 1.739526979662324811e+04
7.097565280973966440e-03 6.255794107939150126e+04 3.081732576415100993e+04 1.799293333543657354e+04
7.917238706014356406e-03 6.413399401163217408e+04 3.159705387037700348e+04 1.845036247788144101e+04
8.831573398280912271e-03 6.513053093229116348e+04 3.209197836226730578e+04 1.874186305304213238e+04
9.851501462242475554e-03 6.546135063163303857e+04 3.225963517609581686e+04 1.884263397448083197e+04
1.098921751354712747e-02 6.504322585132571839e+04 3.205898977337862016e+04 1.872869101745778971e+04
1.225832448210000328e-02 6.385597191614296753e+04 3.147999355073526021e+04 1.839410891529556829e+04
1.367399625343743499e-02 6.172390797252942139e+04 3.043579067127107191e+04 1.778796978305396260e+04
1.525315909299450497e-02 5.869657585521266446e+04 2.895052587926827255e+04 1.692424521358895799e+04
1.701469402243795462e-02 5.486797772415385407e+04 2.707008310925940532e+04 1.582949838546672618e+04
1.897966256774625410e-02 5.040658259903301951e+04 2.487709303498084773e+04 1.455178249332337691e+04
2.117155857815964867e-02 4.551020233060307510e+04 2.246866377189241757e+04 1.314765319434252160e+04
2.361658912683562567e-02 4.048651403559655591e+04 1.999623093538049943e+04 1.170549534897202284e+04
2.634398785175567220e-02 3.569048778502886125e+04 1.763473706656002105e+04 1.032752867682252690e+04
2.938636448329653983e-02 3.143769873632838062e+04 1.554009599574130516e+04 9.105079492741731883e+03
3.278009473753994152e-02 2.794730720238924550e+04 1.382085108536868393e+04 8.101894823459025247e+03
3.656575523702054742e-02 2.524839169397691876e+04 1.249174817933477971e+04 7.326813943874282813e+03
4.078860865897657173e-02 2.313818903520241292e+04 1.145285775933811965e+04 6.721457384296982127e+03
4.549914491170512637e-02 2.112863176770099744e+04 1.046254339804831579e+04 6.144108711324185606e+03
5.075368480951484434e-02 1.871129391881508491e+04 9.268373893317037073e+03 5.446334990129884318e+03
5.661505346402430361e-02 1.572256692757037126e+04 7.788296117516706545e+03 4.579484412884073208e+03
6.315333144310807112e-02 1.264127428687084284e+04 6.259203811765003593e+03 3.682510972124266573e+03
7.044669267860774464e-02 1.027544256442304686e+04 5.082681265051474838e+03 2.991828601877945857e+03
7.858233914112514040e-02 8.951326155031789312e+03 4.421958320316426580e+03 2.604094020941123745e+03
8.765754345719625751e-02 8.058404754003437120e+03 3.974033865005974349e+03 2.341192176495639160e+03
9.778081193473929511e-02 6.721554885488748369e+03 3.302642818318563059e+03 1.945737555124224627e+03
1.090731819023149224e-01 5.227507280333382369e+03 2.550415368495235271e+03 1.501684113580609619e+03
1.216696688736408766e-01 4.415668180626413232e+03 2.137051291124908403e+03 1.257165275503886505e+03
1.357208808401622890e-01 3.865178088448911694e+03 1.853074323143103129e+03 1.088635525606937108e+03
1.513948189927238619e-01 3.065026127628892027e+03 1.443356977914274239e+03 8.451570459215035953e+02
1.688788864024014236e-01 2.595116327951131552e+03 1.198627728701149636e+03 6.989173085428272998e+02
1.883821286769788717e-01 2.186247429582741916e+03 9.848384254037167693e+02 5.706596310543401387e+02
2.101377333831422056e-01 1.821177150642095512e+03 7.939076475809580415e+02 4.556938743555199949e+02
2.344058181183555356e-01 1.552603531474740066e+03 6.526123720973602076e+02 3.700146999899198477e+02
2.614765405675759102e-01 1.326548335516235511e+03 5.342120824548306928e+02 2.978954541181955165e+02
2.916735677297306317e-01 1.139853324274022725e+03 4.371894192041489760e+02 2.385532800712516632e+02
3.253579457932418983e-01 9.943809946364287953e+02 3.623770865220644168e+02 1.925813376563267525e+02
3.629324169301749725e-01 8.746276406832281509e+02 3.019416211864099182e+02 1.554177576339268967e+02
4.048462346221089470e-01 7.766374194228053511e+02 2.537011305280320528e+02 1.258061284941142333e+02
4.516005350914485406e-01 6.962118710509347466e+02 2.153922653320888116e+02 1.024169595133909496e+02
5.037543290608768043e-01 6.294556429259198467e+02 1.849247623960549447e+02 8.400228876592085214e+01
5.619311854805180140e-01 5.730307990826840978e+02 1.605421254135542313e+02 6.950603520864947882e+01
6.268266871357865977e-01 5.245397862240249651e+02 1.409630417276778473e+02 5.812903455115888107e+01
6.992167472777639503e-01 4.818184694630711533e+02 1.250722244943186325e+02 4.918642070905606545e+01
7.799668867126374749e-01 4.431606654025212038e+02 1.119982703107556858e+02 4.213545901501020552e+01
8.700425822703268253e-01 4.072385472713402237e+02 1.010439232098374163e+02 3.654473576726388018e+01
9.705208103821856280e-01 3.730658825389471076e+02 9.166536557099406934e+01 3.207649319221154371e+01
1.082602923786821769e+00 3.399543888733626886e+02 8.342418840836678839e+01 2.845790933515512222e+01
1.207629015322442267e+00 3.075175788798850363e+02 7.598623557805383655e+01 2.547846710650498991e+01
1.347093940544190405e+00 2.756548155391267301e+02 6.909921912185308202e+01 2.297009973716331999e+01
1.502665190738521561e+00 2.444998273851579427e+02 6.258692932755015192e+01 2.080442088008845403e+01
1.676202830030598223e+00 2.143875923761505078e+02 5.633966646945388845e+01 1.888155127640175479e+01
1.869781734959676811e+00 1.857460085580896134e+02 5.030577647526931884e+01 1.712799644873497940e+01
2.085716402426663674e+00 1.590476196750956888e+02 4.448486145475466458e+01 1.549159052050464602e+01
2.326588622626292402e+00 1.346744550068915203e+02 3.891066414141278784e+01 1.393881888389567614e+01
2.595278347831105226e+00 1.128991840672372717e+02 3.364210254321142912e+01 1.245237320485374433e+01
2.894998126105261083e+00 9.381612890452812792e+01 2.874284178377175181e+01 1.102729308545828779e+01
3.229331511649635278e+00 7.737522665095468710e+01 2.427340736821322409e+01 9.668775102419610690e+00
3.602275911025628830e+00 6.341271224629202408e+01 2.027331353371972966e+01 8.387264902821776502e+00
4.018290377542188097e+00 5.169402762132295948e+01 1.676079778781494412e+01 7.196201228326753352e+00
4.482348925252354732e+00 4.194847807128810047e+01 1.373034607757925940e+01 6.107081358841681684e+00
5.000000000000000888e+00 3.389699869373694696e+01 1.115816212442134869e+01 5.128415610271929381e+00
