1.000000000230258569e-04 2.257229529218334392e+03 1.051262845609744772e+03 6.015339311416349801e+02
1.115486563971542785e-04 2.515924859848683809e+03 1.171758317040425936e+03 6.700907555419424853e+02
1.244310274114527074e-04 2.805143084146223373e+03 1.306526850981029611e+03 7.466594709382504789e+02
1.388011391866901154e-04 3.128640328780241362e+03 1.457368443763391724e+03 8.322299876710835633e+02
1.548308057910457113e-04 3.490565886067076917e+03 1.626300099879104664e+03 9.279167200199007084e+02
1.727116835090306587e-04 3.895342118049390137e+03 1.815534930521951310e+03 1.034963154813724032e+03
1.926575623508681512e-04 4.347816729512464917e+03 2.027547205168252276e+03 1.154769579845056569e+03
2.149069222004190347e-04 4.853062445562221001e+03 2.265007106658004432e+03 1.288878089923428888e+03
2.397257841638464457e-04 5.415792031340176436e+03 2.530564709391695033e+03 1.438905470037514078e+03
2.674108912107391479e-04 6.040627832634103470e+03 2.826982309592249294e+03 1.606604519330428957e+03
2.982932561365508645e-04 6.731810539953429725e+03 3.156982529353439077e+03 1.793796404098022094e+03
3.327421192670277522e-04 7.492312905203500122e+03 3.522744150193451333e+03 2.002125880185874166e+03
3.711693632243215748e-04 8.323940585538670348e+03 3.926025751093970939e+03 2.233150983765941419e+03
4.140344375392690035e-04 9.227493219433865306e+03 4.368123842704610070e+03 2.488275380251332990e+03
4.618498519902246974e-04 1.020365257241867403e+04 4.849812747700889304e+03 2.768503440588013291e+03
5.151873043487156757e-04 1.125211202503852837e+04 5.371113175011008025e+03 3.074421568620160087e+03
5.746845157973842983e-04 1.237215417161420373e+04 5.931529572864086731e+03 3.406266376297463012e+03
6.410528557468661917e-04 1.356650264916448941e+04 6.531601029302651114e+03 3.764403578234408087e+03
7.150858472165629249e-04 1.483949319416614708e+04 7.172075246300098115e+03 4.148988570387758955e+03
7.976686544726134401e-04 1.619654276603597646e+04 7.853864127412071866e+03 4.560026688546709011e+03
8.897886663605780169e-04 1.764536984317795213e+04 8.579634734223351188e+03 4.998487750079044417e+03
9.925473018708411317e-04 1.919580323393748040e+04 9.353238885319799010e+03 5.465848189694160283e+03
1.107173179088194286e-03 2.085895522382760464e+04 1.017916456554728757e+04 5.963808674981622971e+03
1.235036804978161722e-03 2.264291312813670447e+04 1.106120526000489190e+04 6.494191637669377087e+03
1.377666961646263968e-03 2.455463994142146475e+04 1.200310717839087010e+04 7.059043729113555855e+03
1.536768984990051967e-03 2.660068247558501025e+04 1.300865051408463478e+04 7.660486897380927985e+03
1.714245154289869167e-03 2.878269897653164298e+04 1.407901734409365781e+04 8.299236096963428281e+03
1.912217436523370962e-03 3.109865683439862187e+04 1.521358415813542160e+04 8.975059132124144526e+03
2.133052857342773462e-03 3.354375114741308062e+04 1.641052518086229975e+04 9.687103910080020796e+03
2.379391802059096454e-03 3.610814603116703074e+04 1.766530929838584052e+04 1.043281728736706464e+04
2.654179585009814029e-03 3.877703996234285296e+04 1.897086773696929595e+04 1.120811468657487239e+04
2.960701664764286197e-03 4.153102963660054957e+04 2.031792984525258362e+04 1.200762661959456818e+04
3.302622926212283368e-03 4.434728633256786998e+04 2.169586323750924203e+04 1.282465146587469826e+04
3.684031499205906151e-03 4.719042704474135826e+04 2.308695718141463658e+04 1.365038552464773966e+04
4.109487637665882979e-03 5.002547467555081676e+04 2.447453151596477619e+04 1.447371082455855503e+04
4.584078243567925488e-03 5.281021648601406196e+04 2.583792188038153472e+04 1.528267546601580398e+04
5.113477687716873853e-03 5.549497539040536503e+04 2.715296142087366024e+04 1.606311402186833948e+04
5.704015654503047893e-03 5.802222048085289862e+04 2.839162279638174368e+04 1.679852381970771967e+04
6.362752821816417166e-03 6.033217225409491948e+04 2.952475660518388395e+04 1.747173688048081385e+04
7.097565280973966440e-03 6.234246568818537344e+04 3.051208556271416091e+04 1.805894149614266644e+04
7.917238706014356406e-03 6.394310670938230760e+04 3.129973895622450800e+04 1.852823487341337750e+04
8.831573398280912271e-03 6.504095737692360854e+04 3.184211440504013080e+04 1.885262361165625407e+04
9.851501462242475554e-03 6.556597577663230186e+04 3.210486645436187246e+04 1.901178718108857356e+04
1.098921751354712747e-02 6.542337261430975923e+04 3.204132810293123839e+04 1.897796516593835258e+04
1.225832448210000328e-02 6.451363327450044017e+04 3.160256920051581255e+04 1.872209155367830681e+04
1.367399625343743499e-02 6.278198655283248809e+04 3.076148453215480913e+04 1.822800361204133515e+04
1.525315909299450497e-02 6.020745728211070673e+04 2.950747052625365177e+04 1.748931357057113564e+04
1.701469402243795462e-02 5.682558397190472897e+04 2.785735408746044050e+04 1.651562133174208429e+04
1.897966256774625410e-02 5.275569432513359789e+04 2.586923258566261575e+04 1.534116775900454923e+04
2.117155857815964867e-02 4.820306334981354303e+04 2.364339555114462928e+04 1.402526275320944842e+04
2.361658912683562567e-02 4.345632787109788478e+04 2.132094426771024519e+04 1.265136089439765783e+04
2.634398785175567220e-02 3.885479007617320167e+04 1.906802090121082438e+04 1.131789688949125048e+04
2.938636448329653983e-02 3.472912455097781640e+04 1.704696119088900014e+04 1.012130008597121378e+04
3.278009473753994152e-02 3.131440774210756717e+04 1.537325951087986141e+04 9.130230029013289823e+03
3.656575523702054742e-02 2.865431197309269191e+04 1.406859596603797945e+04 8.357729775150404748e+03
4.078860865897657173e-02 2.654092727235584607e+04 1.303096145003559104e+04 7.743336030025897344e+03
4.549914491170512637e-02 2.445027654361788518e+04 1.200266693811327059e+04 7.133956573270246736e+03
5.075368480951484434e-02 2.184126825162565729e+04 1.071713053235323969e+04 6.371013099751022310e+03
5.661505346402430361e-02 1.855859657966080704e+04 9.097331298236778821e+03 5.408516094275465548e+03
6.315333144310807112e-02 1.515851336223422550e+04 7.416758110861980640e+03 4.409036216031975528e+03
7.044669267860774464e-02 1.255207966468762788e+04 6.124318666224102344e+03 3.639775178845518440e+03
7.858233914112514040e-02 1.108767095974788026e+04 5.392170575317310067e+03 3.203431256878823206e+03
8.765754345719625751e-02 1.004049693124610167e+04 4.863505004798891605e+03 2.887743395949545175e+03
9.778081193473929511e-02 8.442104550741260027e+03 4.060739681748629664e+03 2.408268605674086757e+03
1.090731819023149224e-01 6.702068850933703288e+03 3.186177198695449079e+03 1.885446349833586737e+03
1.216696688736408766e-01 5.766258746072003305e+03 2.707207946444382742e+03 1.597801037307595379e+03
1.357208808401622890e-01 5.077633080939605861e+03 2.349648949706989242e+03 1.382041195008759814e+03
1.513948189927238619e-01 4.109328555886798313e+03 1.854551697004399784e+03 1.083920903243411885e+03
1.688788864024014236e-01 3.546696745186571206e+03 1.560779620713740542e+03 9.054514939700591185e+02
1.883821286769788717e-01 3.027057384245116282e+03 1.290359952507024900e+03 7.407059575068595905e+02
2.101377333831422056e-01 2.580357148940711340e+03 1.058670243036549209e+03 5.990035089340339027e+02
2.344058181183555356e-01 2.233801795362483062e+03 8.793901213381996058e+02 4.886630187646174477e+02
2.614765405675759102e-01 1.946187617846353760e+03 7.322539519743673964e+02 3.977871926187816030e+02
2.916735677297306317e-01 1.702699708747019713e+03 6.097911591928858570e+02 3.220800559216232273e+02
3.253579457932418983e-01 1.509096823024015066e+03 5.144129495911715821e+02 2.630660602601643632e+02
3.629324169301749725e-01 1.347558857567969653e+03 4.370797888895996834e+02 2.154247531832281197e+02
4.048462346221089470e-01 1.212627549485506051e+03 3.747475974778832892e+02 1.773357165524687957e+02
4.516005350914485406e-01 1.099223041160189041e+03 3.246645310018558348e+02 1.471234423359953212e+02
5.037543290608768043e-01 1.002472003966219859e+03 2.842573019988746523e+02 1.232002564640573041e+02
5.619311854805180140e-01 9.181883130990426025e+02 2.513764851480367497e+02 1.042343702173690758e+02
6.268266871357865977e-01 8.433189571154698569e+02 2.244415786826396584e+02 8.921643835617724960e+01
6.992167472777639503e-01 7.750858421179962079e+02 2.020456275222089744e+02 7.726990479620991437e+01
7.799668867126374749e-01 7.113418757241740877e+02 1.830810412593723981e+02 6.770449809805973018e+01
8.700425822703268253e-01 6.505101571754795486e+02 1.666588724163770507e+02 5.996871162307926539e+01
9.705208103821856280e-01 5.915490010495572051e+02 1.520833559485096771e+02 5.363067623475666323e+01
1.082602923786821769e+00 5.339128700962629637e+02 1.387992212659192433e+02 4.833837039175708128e+01
1.207629015322442267e+00 4.775188059754872825e+02 1.263946729252187282e+02 4.381925112393221866e+01
1.347093940544190405e+00 4.227084914174207597e+02 1.145803305088608397e+02 3.985676113128332787e+01
1.502665190738521561e+00 3.700706127817924767e+02 1.031810088071760703e+02 3.628669791981862858e+01
1.676202830030598223e+00 3.203673474962414502e+02 9.212500596673021391e+01 3.298571014344148722e+01
1.869781734959676811e+00 2.743027000553873904e+02 8.142478219124804184e+01 2.986845116367154418e+01
2.085716402426663674e+00 2.324721425707504352e+02 7.116340134221934477e+01 2.688271162269275649e+01
2.326588622626292402e+00 1.952108129316984275e+02 6.145892805016316629e+01 2.400415510508052463e+01
2.595278347831105226e+00 1.626199141611314474e+02 5.244718584611351275e+01 2.123271424842618060e+01
2.894998126105261083e+00 1.345595524784549752e+02 4.424162915496680881e+01 1.858406069212429657e+01
3.229331511649635278e+00 1.107198899773757859e+02 3.692510718363398325e+01 1.608520766607053076e+01
3.602275911025628830e+00 9.067521108102043570e+01 3.052679906612435801e+01 1.376471523246661199e+01
4.018290377542188097e+00 7.394514410986427322e+01 2.503111459339807965e+01 1.164913075941108644e+01
4.482348925252354732e+00 6.006867396783822244e+01 2.038174644475634878e+01 9.754698462764746836e+00
5.000000000000000888e+00 4.861992373583452576e+01 1.649698930061438062e+01 8.087660626388688101e+00
