1.000000000230258569e-04 3.509259260969215575e+02 1.564437647195119609e+02 8.762139519485975825e+01
1.122634227564673579e-04 3.922620368097846608e+02 1.748287492939926153e+02 9.791943460356843332e+01
1.260307608609534901e-04 4.384803909557454631e+02 1.953701051112510640e+02 1.094257090328231641e+02
1.414864458359461712e-04 4.901600559105852426e+02 2.183190851919304976e+02 1.222811099829403361e+02
1.588375267953347550e-04 5.479491639857233167e+02 2.439558820643035801e+02 1.366427823682557516e+02
1.783164441611049004e-04 6.125711316203921797e+02 2.725925832292055588e+02 1.526857972962869496e+02
2.001841435067871621e-04 6.848288693714152942e+02 3.045760234245532274e+02 1.706047797608769940e+02
2.247335712646909519e-04 7.656169814105006708e+02 3.402921087722605762e+02 1.906163377252321993e+02
2.522935991264941354e-04 8.559244839978714481e+02 3.801695255999171650e+02 2.129611034824496869e+02
2.832334297096662638e-04 9.568327667676586543e+02 4.246833632992996286e+02 2.379057001090866663e+02
3.179675425093897337e-04 1.069533997622601191e+03 4.743607927098452137e+02 2.657459897106253948e+02
3.569612463934728852e-04 1.195327516222174154e+03 5.297848127632468049e+02 2.968090261209938490e+02
4.007369130231864672e-04 1.335614789101804263e+03 5.915983313490287401e+02 3.314551805025496378e+02
4.498809747048478080e-04 1.491918885319461651e+03 6.605114171205904086e+02 3.700823048604033829e+02
5.050517804175268938e-04 1.665896452540126802e+03 7.373018023850664804e+02 4.131259031247448092e+02
5.669884152586394726e-04 1.859345641659051580e+03 8.228180132028338676e+02 4.610607726315190575e+02
6.365206014554368984e-04 2.074209285957309476e+03 9.179880717259790117e+02 5.144058440779105013e+02
7.145798135793877959e-04 2.312606823791444185e+03 1.023807310028765869e+03 5.737175387803009698e+02
8.022117568662883325e-04 2.576845494704848534e+03 1.141338696934155223e+03 6.395898933884217286e+02
9.005903758055168549e-04 2.869407452254776217e+03 1.271720870505245102e+03 7.126588891821627385e+02
1.011033580661806338e-03 3.192907352040206206e+03 1.416133983175220237e+03 7.935842263614621288e+02
1.135020902606864940e-03 3.550094229896364595e+03 1.575797089198360709e+03 8.830477858705442031e+02
1.274213313974418031e-03 3.943834809355065772e+03 1.751964603857040856e+03 9.817516255064340385e+02
1.430475479156914512e-03 4.376905931897091250e+03 1.945853306137596292e+03 1.090379507191312769e+03
1.605900734223756829e-03 4.852006713978172229e+03 2.158635809941459229e+03 1.209593022991300586e+03
1.802839129895710598e-03 5.371699277630023062e+03 2.391409574529505790e+03 1.340012726775121337e+03
2.023928913547812410e-03 5.938051218716642325e+03 2.645069626446544589e+03 1.482141874384060429e+03
2.272131871983379750e-03 6.552652971734290077e+03 2.920298312008606445e+03 1.636362923040993792e+03
2.550773008441800313e-03 7.216445173716925638e+03 3.217486158171501302e+03 1.802895082465155383e+03
2.863585085365514225e-03 7.929253551774183506e+03 3.536545649635778773e+03 1.981691969413903735e+03
3.214758629634808552e-03 8.689799679734980600e+03 3.876904189846026384e+03 2.172436468577345750e+03
3.608998070155939632e-03 9.495425624193658223e+03 4.237373987445872444e+03 2.374465244457480821e+03
4.051584759838999447e-03 1.034165025769246495e+04 4.615947069465720233e+03 2.586649916277005104e+03
4.548447726227339283e-03 1.122218474364262329e+04 5.009808537446282571e+03 2.807408290074587057e+03
5.106243098575769836e-03 1.212848823197915772e+04 5.415165552308954830e+03 3.034631276225647525e+03
5.732443275407110572e-03 1.304943438834403059e+04 5.827072903128929283e+03 3.265553168444257608e+03
6.435437027063155117e-03 1.397122888477821107e+04 6.239373552307368300e+03 3.496725041442276506e+03
7.224641874254610074e-03 1.487707977763021154e+04 6.644578801375753756e+03 3.723953151848636480e+03
8.110630248067678127e-03 1.574684474615483305e+04 7.033702432636064259e+03 3.942206936248906914e+03
9.105271121505569346e-03 1.655832913360887687e+04 7.396848325750243021e+03 4.145943401144649215e+03
1.022188900990466699e-02 1.728024121401956654e+04 7.720041707922084242e+03 4.327330209275314701e+03
1.147544247024383408e-02 1.788179014777174234e+04 7.989521903309972004e+03 4.478652872425400346e+03
1.288272449057868002e-02 1.833061133372197219e+04 8.190834473973303830e+03 4.591808638368533138e+03
1.446258745407916733e-02 1.859097581391402127e+04 8.307993438233981578e+03 4.657829746685176360e+03
1.623619569135818438e-02 1.862632081324388491e+04 8.324633475987504426e+03 4.667529827890638444e+03
1.822730900435978393e-02 1.840348968949000482e+04 8.225907371185494412e+03 4.612576259183261755e+03
2.046260095998037737e-02 1.789842783973478799e+04 8.001032426045598186e+03 4.486911966188349652e+03
2.297201621738221775e-02 1.710101871346779808e+04 7.645412722245319856e+03 4.287927497219243378e+03
2.578917167586586637e-02 1.602451040222310439e+04 7.164927068686364692e+03 4.018886260693096574e+03
2.895180681720203528e-02 1.471257500882641034e+04 6.579053622196610377e+03 3.690693026047100375e+03
3.250228927534733192e-02 1.324381130855507399e+04 5.922860658430525291e+03 3.322983388279022620e+03
3.648818240631140908e-02 1.172832588787607529e+04 5.245540864548244826e+03 2.943328610586147079e+03
4.096288246151627566e-02 1.029321970942717962e+04 4.603922104631150432e+03 2.583617473753946797e+03
4.598633390041809155e-02 9.055427093180936936e+03 4.050313283384834449e+03 2.273205593604279784e+03
5.162583242493973962e-02 8.086292195400493256e+03 3.616658331227678445e+03 2.030040686871506523e+03
5.795692649341043640e-02 7.375377744304542830e+03 3.298312824978675053e+03 1.851536932647425829e+03
6.506442939097074885e-02 6.809169062624884646e+03 3.044471397053140663e+03 1.709189355995993765e+03
7.304355541444980393e-02 6.183721252782140255e+03 2.763791179785881468e+03 1.551714135884581992e+03
8.200119539239680844e-02 5.327066210162044626e+03 2.379187308833566931e+03 1.335809647303274005e+03
9.205734862752627812e-02 4.301716156208496614e+03 1.918574559201127613e+03 1.077134331970927860e+03
1.033467304443183715e-01 3.406039355147107017e+03 1.515576397189165164e+03 8.507367252643581423e+02
1.160205768769771578e-01 2.882470945879163082e+03 1.278835880906408647e+03 7.176621085498270531e+02
1.302486706739022226e-01 2.611254605377169810e+03 1.154725692334610130e+03 6.478035833691237713e+02
1.462216157596530064e-01 2.221312770292017376e+03 9.769550202434152197e+02 5.477358564810050439e+02
1.641533906237988560e-01 1.706115242039598797e+03 7.426380707492564852e+02 4.158281622923043415e+02
1.842842148426375448e-01 1.415996080828957702e+03 6.088607813503437001e+02 3.403459354764083287e+02
2.068837671345900298e-01 1.242891150600664787e+03 5.273152196672581340e+02 2.941480335094988163e+02
2.322547980593316352e-01 9.769366196740202213e+02 4.041613404748126754e+02 2.245050175958392060e+02
2.607371857574901086e-01 8.296642346156124859e+02 3.343304107143520127e+02 1.847647185732919013e+02
2.927124890628471365e-01 6.889758439234313983e+02 2.678363720998576127e+02 1.468503751838807716e+02
3.286090589819373742e-01 5.802895868670211712e+02 2.162100995842201598e+02 1.172563608278194920e+02
3.689077770159973624e-01 4.890350070639836417e+02 1.730840179749133938e+02 9.243178179500469582e+01
4.141484971975938345e-01 4.207728068007547790e+02 1.409219020807252321e+02 7.378188280819250622e+01
4.649372781414354283e-01 3.626886494830453671e+02 1.140205889591144626e+02 5.813651485144428221e+01
5.219545019921476570e-01 3.165830285703285654e+02 9.313109317028039413e+01 4.594358006592955945e+01
5.859639890329354506e-01 2.795017672577037615e+02 7.683838044292417635e+01 3.642434198719504224e+01
6.578232300572349756e-01 2.491634211321696171e+02 6.405925559600018460e+01 2.898127898686145798e+01
7.384948735793578356e-01 2.240509934494252491e+02 5.405319404158791485e+01 2.319925680046421235e+01
8.290596217703356530e-01 2.027915472680428763e+02 4.616621440176731994e+01 1.871016885376949190e+01
9.307307078768926045e-01 1.844361527281511997e+02 3.994020637972728593e+01 1.524612864745543739e+01
1.044870149067508081e+00 1.681499062051426847e+02 3.497848134293592892e+01 1.257581502754036151e+01
1.173006992433692330e+00 1.532568203660300696e+02 3.096564876964238167e+01 1.051380214855861794e+01
1.316857798575541416e+00 1.392631804917377281e+02 2.765515801408080421e+01 8.914659167630341940e+00
1.478349637175967013e+00 1.258306052116747935e+02 2.485882109271485874e+01 7.667014176416109272e+00
1.659645902619409696e+00 1.127668415100148991e+02 2.242772039194393585e+01 6.681729255510772347e+00
1.863175295489004624e+00 1.000081777680126436e+02 2.025024645193257200e+01 5.891297073234392556e+00
2.091664358187257822e+00 8.761999345645926951e+01 1.824519582446529498e+01 5.242652915145235681e+00
2.348174000537423645e+00 7.574475701374520042e+01 1.635791452223772424e+01 4.696011691861404103e+00
2.636140504673786467e+00 6.458219757709512976e+01 1.455720600308241686e+01 4.220917865017957737e+00
2.959421558534973240e+00 5.432478489192508420e+01 1.283091611003027133e+01 3.795293679887700389e+00
3.322347934639153344e+00 4.513355847652509567e+01 1.118257402366702635e+01 3.403607472399757583e+00
3.729781506445900785e+00 3.708906250037824037e+01 9.625711412825893376e+00 3.036075071383852464e+00
4.187180379509764627e+00 3.019829606384622522e+01 8.178829261395206274e+00 2.687491091731547321e+00
4.700672009942531204e+00 2.439834530274766067e+01 6.859924986325473206e+00 2.356392964008906521e+00
5.277135289701610610e+00 1.958519686319437625e+01 5.682404738687623968e+00 2.043761631783025834e+00
5.924292698344328478e+00 1.563415879170606893e+01 4.652302153414765051e+00 1.752185754553278851e+00
6.650813755741415534e+00 1.241859117848031424e+01 3.768345331778938601e+00 1.484507398357464147e+00
7.466431161634059954e+00 9.819336305225540684e+00 3.023226694328780439e+00 1.243145667213458871e+00
8.382071177875818790e+00 7.730620814582951361e+00 2.405126247801484318e+00 1.029419959561746811e+00
9.410000000000001918e+00 6.061855962182978175e+00 1.899271022611054294e+00 8.434267761709027811e-01
