1.000000000230258569e-04 3.744559042600026828e+02 1.650503457432191681e+02 9.445548375165350308e+01
1.122634227564673579e-04 4.187792791550890570e+02 1.844574270418417825e+02 1.055320037320836519e+02
1.260307608609534901e-04 4.684786522155449120e+02 2.061740971758743797e+02 1.179157579408061878e+02
1.414864458359461712e-04 5.242424675353972816e+02 2.304835980511520575e+02 1.317636353522915158e+02
1.588375267953347550e-04 5.868502404358405329e+02 2.577056612763162775e+02 1.472520415196616170e+02
1.783164441611049004e-04 6.571811530416621281e+02 2.882016877029083162e+02 1.645796424395209669e+02
2.001841435067871621e-04 7.362319337293332637e+02 3.223800893765441629e+02 1.839699873941336250e+02
2.247335712646909519e-04 8.250967737330703358e+02 3.606972744675113063e+02 2.056735357902304315e+02
2.522935991264941354e-04 9.249507281708827122e+02 4.036598776310667063e+02 2.299702203664527929e+02
2.832334297096662638e-04 1.037085614973227393e+03 4.518348897878042862e+02 2.571739056844320430e+02
3.179675425093897337e-04 1.162800139248509595e+03 5.058296993029149462e+02 2.876285428609842256e+02
3.569612463934728852e-04 1.303339270815762575e+03 5.662846624349567719e+02 3.217083773127115478e+02
4.007369130231864672e-04 1.459941278379392998e+03 6.338886338268899863e+02 3.598246942847873697e+02
4.498809747048478080e-04 1.633708063543523394e+03 7.093227493212876880e+02 4.024043819921803902e+02
5.050517804175268938e-04 1.825537536955104088e+03 7.932441861571057871e+02 4.498864444573486594e+02
5.669884152586394726e-04 2.036147921523533114e+03 8.863022730688693400e+02 5.027298840913666140e+02
6.365206014554368984e-04 2.266392296973906923e+03 9.891403342481357868e+02 5.613913079891611915e+02
7.145798135793877959e-04 2.517176988101644838e+03 1.102373806398369652e+03 6.263189418508372910e+02
8.022117568662883325e-04 2.789419188365311584e+03 1.226598930424269611e+03 6.979601953194744510e+02
9.005903758055168549e-04 3.084861883106594178e+03 1.362601181640533696e+03 7.768140298854814318e+02
1.011033580661806338e-03 3.405871926788374822e+03 1.511287501222003357e+03 8.634064511332118173e+02
1.135020902606864940e-03 3.755264819015992998e+03 1.673665980382941825e+03 9.582933518402489881e+02
1.274213313974418031e-03 4.136398495259556512e+03 1.851025551364139346e+03 1.062163865211215352e+03
1.430475479156914512e-03 4.553274018598255680e+03 2.044884007511341906e+03 1.175797789511756946e+03
1.605900734223756829e-03 5.010230472384187124e+03 2.256889708497098582e+03 1.300031683329891621e+03
1.802839129895710598e-03 5.510987720869818986e+03 2.488617664336232338e+03 1.435720449326306834e+03
2.023928913547812410e-03 6.059332394921274499e+03 2.741722278536039539e+03 1.583768220106407171e+03
2.272131871983379750e-03 6.658825549590012088e+03 3.017778092225597902e+03 1.745039556688724815e+03
2.550773008441800313e-03 7.311999719757167441e+03 3.317940244649041688e+03 1.920194794450279005e+03
2.863585085365514225e-03 8.020842488333381880e+03 3.643157310387477992e+03 2.109789896412769394e+03
3.214758629634808552e-03 8.786340692983769259e+03 3.993929471383722102e+03 2.314125872984798661e+03
3.608998070155939632e-03 9.607895135853514148e+03 4.370010304007072591e+03 2.533069859015550264e+03
4.051584759838999447e-03 1.048361977730465514e+04 4.770582545381070304e+03 2.766162861126138068e+03
4.548447726227339283e-03 1.141086118296189852e+04 5.194401468897053746e+03 3.012558784211055354e+03
5.106243098575769836e-03 1.238219851183821265e+04 5.638383402613193539e+03 3.270824541305713865e+03
5.732443275407110572e-03 1.339005922216698309e+04 6.098781471263232561e+03 3.538533749254094346e+03
6.435437027063155117e-03 1.442299967928055776e+04 6.570484396056684091e+03 3.812735054951505390e+03
7.224641874254610074e-03 1.546599644470663225e+04 7.046677716252331265e+03 4.089499626300572345e+03
8.110630248067678127e-03 1.650003143748007642e+04 7.518712469083733595e+03 4.363822126827697502e+03
9.105271121505569346e-03 1.750164208657575364e+04 7.975896724287708821e+03 4.629497093485892037e+03
1.022188900990466699e-02 1.844254711874754867e+04 8.405343442026112825e+03 4.879048022688996753e+03
1.147544247024383408e-02 1.928952760123318149e+04 8.791895606307158232e+03 5.103679501318026269e+03
1.288272449057868002e-02 2.000460484369839105e+04 9.118244528407258258e+03 5.293331457491703077e+03
1.446258745407916733e-02 2.054578366547702899e+04 9.365240721351439788e+03 5.436904673959498723e+03
1.623619569135818438e-02 2.086918555478129929e+04 9.512836548386914728e+03 5.522739461352231956e+03
1.822730900435978393e-02 2.093232987536096698e+04 9.541665765828141957e+03 5.539590928216441171e+03
2.046260095998037737e-02 2.069936597105384499e+04 9.435355597658404804e+03 5.477955675307020101e+03
2.297201621738221775e-02 2.014872755839506499e+04 9.184044821729390605e+03 5.332103779791974375e+03
2.578917167586586637e-02 1.928229630521104264e+04 8.788561937401016621e+03 5.102512217752475408e+03
2.895180681720203528e-02 1.813470194162656117e+04 8.264664048918688422e+03 4.798328774050379252e+03
3.250228927534733192e-02 1.677921279835708992e+04 7.645716424028820256e+03 4.438920917581231151e+03
3.648818240631140908e-02 1.532537707182069971e+04 6.981625969753057689e+03 4.053265672819240990e+03
4.096288246151627566e-02 1.390351348294916352e+04 6.331756614225545491e+03 3.675828815304885211e+03
4.598633390041809155e-02 1.263396203811792111e+04 5.750926105263759382e+03 3.338433849713801465e+03
5.162583242493973962e-02 1.158445543993287174e+04 5.269938839487414043e+03 3.058964296655139606e+03
5.795692649341043640e-02 1.073331343918212406e+04 4.878820618818222101e+03 2.831620375235544088e+03
6.506442939097074885e-02 9.921586217630350802e+03 4.504992800908375102e+03 2.614248422704311452e+03
7.304355541444980393e-02 8.950100317495693162e+03 4.057520210346617205e+03 2.354035025296326239e+03
8.200119539239680844e-02 7.720230261344355313e+03 3.491325409763082462e+03 2.024790025828144053e+03
9.205734862752627812e-02 6.408229741873240528e+03 2.886690941020177434e+03 1.673110677588252884e+03
1.033467304443183715e-01 5.368185212188125661e+03 2.405022707967814313e+03 1.392700275237994447e+03
1.160205768769771578e-01 4.748213452322741432e+03 2.113862907634201747e+03 1.222757022770303365e+03
1.302486706739022226e-01 4.252954844358281662e+03 1.878614548590644290e+03 1.085105334833467168e+03
1.462216157596530064e-01 3.546842116547764817e+03 1.546480923543000472e+03 8.910086374275058461e+02
1.641533906237988560e-01 2.885783444559689087e+03 1.234530752565271314e+03 7.084370380525259634e+02
1.842842148426375448e-01 2.539640759671114665e+03 1.066170903249289040e+03 6.090387486581774965e+02
2.068837671345900298e-01 2.172637837308907820e+03 8.889765112690304250e+02 5.043418483711615750e+02
2.322547980593316352e-01 1.804090472406915296e+03 7.123546157041412243e+02 3.998591853198033732e+02
2.607371857574901086e-01 1.585268750274062540e+03 6.054658539490692419e+02 3.357843814890936187e+02
2.927124890628471365e-01 1.342053248196000823e+03 4.895637755353989746e+02 2.665342344138663293e+02
3.286090589819373742e-01 1.177321616172529730e+03 4.113503167523102775e+02 2.192947231286479450e+02
3.689077770159973624e-01 1.022904340492171627e+03 3.398075375748939564e+02 1.761837130399434557e+02
4.141484971975938345e-01 9.015241361860593088e+02 2.849609591574365481e+02 1.430835700579725085e+02
4.649372781414354283e-01 8.010836834430742783e+02 2.410444877604596172e+02 1.166885387724220777e+02
5.219545019921476570e-01 7.161660300064382909e+02 2.054235408689023927e+02 9.548582825132956486e+01
5.859639890329354506e-01 6.445207205830530484e+02 1.768655059537992429e+02 7.873208737508583965e+01
6.578232300572349756e-01 5.831569674041251119e+02 1.539025100127079781e+02 6.554006748890220990e+01
7.384948735793578356e-01 5.295448870919170758e+02 1.353088454507007157e+02 5.515738458971171809e+01
8.290596217703356530e-01 4.815476949400288618e+02 1.200733054922364147e+02 4.696445913303335828e+01
9.307307078768926045e-01 4.376158457895544416e+02 1.074304873412536949e+02 4.048544101587206256e+01
1.044870149067508081e+00 3.964678404054891985e+02 9.672089422119485391e+01 3.532115775981419858e+01
1.173006992433692330e+00 3.572544621123946058e+02 8.742471798836413654e+01 3.115691140032383188e+01
1.316857798575541416e+00 3.194991454860291356e+02 7.913379007088501282e+01 2.774516161946747062e+01
1.478349637175967013e+00 2.830951118298799543e+02 7.153694591530066305e+01 2.488962275867732998e+01
1.659645902619409696e+00 2.481814341930675312e+02 6.440690397453190030e+01 2.243651125930971801e+01
1.863175295489004624e+00 2.151026963712404267e+02 5.760025776583468371e+01 2.026685232766079281e+01
2.091664358187257822e+00 1.842469621124751029e+02 5.104298417103643715e+01 1.829145469475583496e+01
2.348174000537423645e+00 1.560006480104936770e+02 4.473215727563044197e+01 1.644763404131006368e+01
2.636140504673786467e+00 1.306421673619121862e+02 3.870829210210483495e+01 1.469499820947488899e+01
2.959421558534973240e+00 1.083476812613123883e+02 3.305050882014324998e+01 1.301455779116109568e+01
3.322347934639153344e+00 8.911699236016069392e+01 2.784095405608799467e+01 1.140283857175895577e+01
3.729781506445900785e+00 7.280519237353777839e+01 2.315669171127816028e+01 9.869973750784799549e+00
4.187180379509764627e+00 5.915150898091565068e+01 1.904119013361321322e+01 8.432584023159311215e+00
4.700672009942531204e+00 4.783117247035666963e+01 1.550518827752437367e+01 7.110238405831727171e+00
5.277135289701610610e+00 3.851389469530214171e+01 1.252287980452227956e+01 5.918920285515143931e+00
5.924292698344328478e+00 3.088750174452384556e+01 1.004502126906367288e+01 4.868721247017379739e+00
6.650813755741415534e+00 2.467352760024791536e+01 8.009497742309955370e+00 3.961546229002455455e+00
7.466431161634059954e+00 1.963066322513106599e+01 6.351876888037431002e+00 3.192397878652665888e+00
8.382071177875818790e+00 1.555559419187513193e+01 5.011972279529627095e+00 2.551129574028868419e+00
9.410000000000001918e+00 1.227699852880061293e+01 3.936000127578162200e+00 2.024237949206482590e+00
