1.000000000230258569e-04 3.539176463887484715e+03 1.553792774605055001e+03 8.808004959921561294e+02
1.115486563971542785e-04 3.960597630700918216e+03 1.736460647164620013e+03 9.841255205584706118e+02
1.244310274114527074e-04 4.433038706473323145e+03 1.940649315905343428e+03 1.099558589213178720e+03
1.388011391866901154e-04 4.962699746362865881e+03 2.168891820743850985e+03 1.228510848385112922e+03
1.548308057910457113e-04 5.556391469151836645e+03 2.424004211020347157e+03 1.372552534207825147e+03
1.727116835090306587e-04 6.221345419367017712e+03 2.709091973638124273e+03 1.533423953033204498e+03
1.926575623508681512e-04 6.965420166339236857e+03 3.027599892941703729e+03 1.713059098740332502e+03
2.149069222004190347e-04 7.796985577443671900e+03 3.383317917505480182e+03 1.913597206598244156e+03
2.397257841638464457e-04 8.724512234793844982e+03 3.780340501836026306e+03 2.137381145502159143e+03
2.674108912107391479e-04 9.756744642249166645e+03 4.223137329042429883e+03 2.386991551131900906e+03
2.982932561365508645e-04 1.090279792338600419e+04 4.716562746797822001e+03 2.665255023125330354e+03
3.327421192670277522e-04 1.217242046184136234e+04 5.265804130412061568e+03 2.975219529613854320e+03
3.711693632243215748e-04 1.357568616217816634e+04 5.876430446495943215e+03 3.320193947320578900e+03
4.140344375392690035e-04 1.512332730353145962e+04 6.554432816249039206e+03 3.703756840479241419e+03
4.618498519902246974e-04 1.682833567640751062e+04 7.306306624498887686e+03 4.129726845477985080e+03
5.151873043487156757e-04 1.870520036580480519e+04 8.139015321732345910e+03 4.602186145165353082e+03
5.746845157973842983e-04 2.076983942368140924e+04 9.059990237573725608e+03 5.125476464212774772e+03
6.410528557468661917e-04 2.304030441578023601e+04 1.007718707776923475e+04 5.704149814284388412e+03
7.150858472165629249e-04 2.553674350994200722e+04 1.119905244012208095e+04 6.342969945108916363e+03
7.976686544726134401e-04 2.828089672333186536e+04 1.243438498177327347e+04 7.046852266575061549e+03
8.897886663605780169e-04 3.129339975651259010e+04 1.379178367138216709e+04 7.820623004971166665e+03
9.925473018708411317e-04 3.459488980671986792e+04 1.527974592763877808e+04 8.669025505142406473e+03
1.107173179088194286e-03 3.820591126894520130e+04 1.690649336386275900e+04 9.596606648298171422e+03
1.235036804978161722e-03 4.214289877290707227e+04 1.867887927397167005e+04 1.060720280360477227e+04
1.377666961646263968e-03 4.641882920182343514e+04 2.060240294538127637e+04 1.170390391487600027e+04
1.536768984990051967e-03 5.104327239141820610e+04 2.268103982720349450e+04 1.288892471583714359e+04
1.714245154289869167e-03 5.601993442193094234e+04 2.491629867696705332e+04 1.416308907963455022e+04
1.912217436523370962e-03 6.134601069569640822e+04 2.730692235846741460e+04 1.552565536145070655e+04
2.133052857342773462e-03 6.701134453105782450e+04 2.984849357043697819e+04 1.697410378703216338e+04
2.379391802059096454e-03 7.299580174346089188e+04 3.253222374402873902e+04 1.850357254215427020e+04
2.654179585009814029e-03 7.926837659527800861e+04 3.534460791119777423e+04 2.010664472320064306e+04
2.960701664764286197e-03 8.578728414998107473e+04 3.826708221993535699e+04 2.177293009290096597e+04
3.302622926212283368e-03 9.249795756341703236e+04 4.127493210009248287e+04 2.348790363898174473e+04
3.684031499205906151e-03 9.933758944223856088e+04 4.434069604127406637e+04 2.523620410699893182e+04
4.109487637665882979e-03 1.061836207982920023e+05 4.740982475040112331e+04 2.698683646758021496e+04
4.584078243567925488e-03 1.129261884531172400e+05 5.043329035452163225e+04 2.871194072642632455e+04
5.113477687716873853e-03 1.194319072708669846e+05 5.335160643836461531e+04 3.037767507756236955e+04
5.704015654503047893e-03 1.255547943981958524e+05 5.609978534297946317e+04 3.194719976294863955e+04
6.362752821816417166e-03 1.310998215996175713e+05 5.859051912218885991e+04 3.337081630708491139e+04
7.097565280973966440e-03 1.358574326410592184e+05 6.072997919655661099e+04 3.459492717796162469e+04
7.917238706014356406e-03 1.396008615700364171e+05 6.241676868685685622e+04 3.556171073619800882e+04
8.831573398280912271e-03 1.420813091925490007e+05 6.353977996359531244e+04 3.620781901831235155e+04
9.851501462242475554e-03 1.430452068331993651e+05 6.398480655690414278e+04 3.646796664523398795e+04
1.098921751354712747e-02 1.422541595475786307e+05 6.364435953210981825e+04 3.628035880449590331e+04
1.225832448210000328e-02 1.395104048290176725e+05 6.242973523521677271e+04 3.559427991774857219e+04
1.367399625343743499e-02 1.346923623523245915e+05 6.028540242625089741e+04 3.437794317175482138e+04
1.525315909299450497e-02 1.278068677732811193e+05 5.721294366784312297e+04 3.263154727166572775e+04
1.701469402243795462e-02 1.190483342266298569e+05 5.329854469383959076e+04 3.040389587443712298e+04
1.897966256774625410e-02 1.088356797335372394e+05 4.872902718888798699e+04 2.780150792785447629e+04
2.117155857815964867e-02 9.782036374385628733e+04 4.379533298223142629e+04 2.498999751704066148e+04
2.361658912683562567e-02 8.683349147800405626e+04 3.886943230324496108e+04 2.218164881699313628e+04
2.634398785175567220e-02 7.676028055412726826e+04 3.434791703939589934e+04 1.960284068292057782e+04
2.938636448329653983e-02 6.834461088549380656e+04 3.056430127301953689e+04 1.744411441845195077e+04
3.278009473753994152e-02 6.195961185979990842e+04 2.768604043842730607e+04 1.580127586918241650e+04
3.656575523702054742e-02 5.738539091170591564e+04 2.561458153669723470e+04 1.461823055363826461e+04
4.078860865897657173e-02 5.370368386597067729e+04 2.393772692756249307e+04 1.365967097824474149e+04
4.549914491170512637e-02 4.936974677486992005e+04 2.196174688895006693e+04 1.252932266725346017e+04
5.075368480951484434e-02 4.317013691158645815e+04 1.914136204753272614e+04 1.091555762514681373e+04
5.661505346402430361e-02 3.552538539478092571e+04 1.566478385243538287e+04 8.925695977682922603e+03
6.315333144310807112e-02 2.858116798737924182e+04 1.249580239728764900e+04 7.110321929053287931e+03
7.044669267860774464e-02 2.434265165541737224e+04 1.053596439337966149e+04 5.984607009124954857e+03
7.858233914112514040e-02 2.246288562052796988e+04 9.630833775124154272e+03 5.460347740054131464e+03
8.765754345719625751e-02 2.025619271171575019e+04 8.576428485666980123e+03 4.849564404779747747e+03
9.778081193473929511e-02 1.642656994144647615e+04 6.793401703515865847e+03 3.821196090550462031e+03
1.090731819023149224e-01 1.345799302384411203e+04 5.400693921465097446e+03 3.014841850465134030e+03
1.216696688736408766e-01 1.232858333735428096e+04 4.839346234050363819e+03 2.682657281921564390e+03
1.357208808401622890e-01 1.064733323938065769e+04 4.039925067043661329e+03 2.214017362392719406e+03
1.513948189927238619e-01 8.916485166081294665e+03 3.229402468767636492e+03 1.739084281202002558e+03
1.688788864024014236e-01 8.078794647621096374e+03 2.830456945509813067e+03 1.499782716878688461e+03
1.883821286769788717e-01 6.937227250285032824e+03 2.307689190743431936e+03 1.191055667812354386e+03
2.101377333831422056e-01 6.232504393592534143e+03 1.989449092055049505e+03 1.000542473868391767e+03
2.344058181183555356e-01 5.501654452696713633e+03 1.669837745940106743e+03 8.114461503171733057e+02
2.614765405675759102e-01 4.959242532661542100e+03 1.441690778933461388e+03 6.765956430529236059e+02
2.916735677297306317e-01 4.470680217801036633e+03 1.244429449635521451e+03 5.615137683202018479e+02
3.253579457932418983e-01 4.051094282517321062e+03 1.083899656539122816e+03 4.693745654094211091e+02
3.629324169301749725e-01 3.688382364976476765e+03 9.539213258524212051e+02 3.964012642608420833e+02
4.048462346221089470e-01 3.365749898540797403e+03 8.467094321980495124e+02 3.379554607828562780e+02
4.516005350914485406e-01 3.073151931418312870e+03 7.574874852221078072e+02 2.911218545551204215e+02
5.037543290608768043e-01 2.801666749589974188e+03 6.819334508481615558e+02 2.533044660105705077e+02
5.619311854805180140e-01 2.545730739189800261e+03 6.170075426275869859e+02 2.226640622721527620e+02
6.268266871357865977e-01 2.301484456105775735e+03 5.601128240890186589e+02 1.976296874622723863e+02
6.992167472777639503e-01 2.066374305186806396e+03 5.089974036101942829e+02 1.768595599357282424e+02
7.799668867126374749e-01 1.839889400871736598e+03 4.619745634634568319e+02 1.593045715099136146e+02
8.700425822703268253e-01 1.622900822623978002e+03 4.178204917669668248e+02 1.441423748478013351e+02
9.705208103821856280e-01 1.417160247516382924e+03 3.757299936312176669e+02 1.307246689219347502e+02
1.082602923786821769e+00 1.224724974033705848e+03 3.352463797066412781e+02 1.185437941233739849e+02
1.207629015322442267e+00 1.047558094110705952e+03 2.962777775808314686e+02 1.072310995786504009e+02
1.347093940544190405e+00 8.871836470833004569e+02 2.589863670314362594e+02 9.653120726411590624e+01
1.502665190738521561e+00 7.445768836716657688e+02 2.237401232497114734e+02 8.629980845527499866e+01
1.676202830030598223e+00 6.200059410288602066e+02 1.909768529503449486e+02 7.647876066067738066e+01
1.869781734959676811e+00 5.128690953548820062e+02 1.611215002982255271e+02 6.708703985920519131e+01
2.085716402426663674e+00 4.219555600295146292e+02 1.344883094674543145e+02 5.819102965998834520e+01
2.326588622626292402e+00 3.455817991169449783e+02 1.112011606039555858e+02 4.988579761346257158e+01
2.595278347831105226e+00 2.818979343657222785e+02 9.121223627322370930e+01 4.226682393584036390e+01
2.894998126105261083e+00 2.291061371350811271e+02 7.430895670757874427e+01 3.540873766383487009e+01
3.229331511649635278e+00 1.855473882406428459e+02 6.018625107816631470e+01 2.935384298419227989e+01
3.602275911025628830e+00 1.497458970019026765e+02 4.849707810925491458e+01 2.410393785744930284e+01
4.018290377542188097e+00 1.204186503950994762e+02 3.889301552551212637e+01 1.962740697967059589e+01
4.482348925252354732e+00 9.648666006172057052e+01 3.105342971194512458e+01 1.586629217267149095e+01
5.000000000000000888e+00 7.703871397257104547e+01 2.469152104205694087e+01 1.274688893094210940e+01
