1.000000000230258569e-04 5.261202238442558610e+02 2.304020933209126838e+02 1.261836380257925896e+02
1.122634227564673579e-04 5.891409779474369088e+02 2.581852685317450096e+02 1.414093894375631066e+02
1.260307608609534901e-04 6.595901131659422845e+02 2.893085700903897646e+02 1.584692610849509435e+02
1.414864458359461712e-04 7.383092766109417653e+02 3.241702382089969205e+02 1.775831134089207239e+02
1.588375267953347550e-04 8.262319679284729546e+02 3.632150098162123868e+02 1.989967451121395072e+02
1.783164441611049004e-04 9.243985854998228433e+02 4.069387698817282057e+02 2.229845124504279568e+02
2.001841435067871621e-04 1.033962966588848985e+03 4.558948228691270970e+02 2.498529142638482767e+02
2.247335712646909519e-04 1.156226685280447327e+03 5.107004219092645485e+02 2.799438546899290259e+02
2.522935991264941354e-04 1.292686552260441886e+03 5.720438765729937813e+02 3.136380172643768560e+02
2.832334297096662638e-04 1.445032716077101668e+03 6.406925038492992144e+02 3.513597160733532974e+02
3.179675425093897337e-04 1.615222836911802688e+03 7.175019788069195101e+02 3.935804509761405825e+02
3.569612463934728852e-04 1.805560314127587844e+03 8.034265647034733320e+02 4.408229551724460293e+02
4.007369130231864672e-04 2.018698715494871067e+03 8.995292127707206191e+02 4.936675526523819713e+02
4.498809747048478080e-04 2.257641156400007731e+03 1.006987764010887304e+03 5.527542020940973089e+02
5.050517804175268938e-04 2.525779814029405316e+03 1.127104980126528517e+03 6.187867019476605037e+02
5.669884152586394726e-04 2.826976083267407375e+03 1.261322919315682384e+03 6.925403065539753698e+02
6.365206014554368984e-04 3.165284121155278626e+03 1.411203560078601413e+03 7.748563306304043863e+02
7.145798135793877959e-04 3.544944135806194481e+03 1.578434958584185551e+03 8.666454896074609451e+02
8.022117568662883325e-04 3.970539052822217855e+03 1.764849904367010367e+03 9.688952364514133251e+02
9.005903758055168549e-04 4.446660487515705427e+03 1.972374401620784965e+03 1.082650650946198994e+03
1.011033580661806338e-03 4.977893242444475618e+03 2.203031939952561970e+03 1.209016533009576960e+03
1.135020902606864940e-03 5.568884998149516832e+03 2.458948131206452672e+03 1.349157453599390010e+03
1.274213313974418031e-03 6.224353260727057204e+03 2.742272047551035030e+03 1.504255892550411772e+03
1.430475479156914512e-03 6.948943599639462263e+03 3.055170586917972742e+03 1.675511255218526003e+03
1.605900734223756829e-03 7.747106318723004733e+03 3.399787781444427765e+03 1.864115894364168753e+03
1.802839129895710598e-03 8.623103749244291976e+03 3.778095320277250721e+03 2.071159425260012540e+03
2.023928913547812410e-03 9.580776537881491095e+03 4.191876155004473731e+03 2.297627717188462611e+03
2.272131871983379750e-03 1.062323695326337292e+04 4.642605061643404042e+03 2.544339591059921986e+03
2.550773008441800313e-03 1.175243403184285307e+04 5.131187582772634414e+03 2.811799229054478928e+03
2.863585085365514225e-03 1.296902728724009830e+04 5.657944286091113099e+03 3.100190591523177318e+03
3.214758629634808552e-03 1.427185793002606806e+04 6.222392862213637272e+03 3.409255731536031817e+03
3.608998070155939632e-03 1.565718498004641697e+04 6.822919506864621326e+03 3.738109577502439606e+03
4.051584759838999447e-03 1.711869313665660957e+04 7.456773711605310382e+03 4.085236235068529368e+03
4.548447726227339283e-03 1.864636746489494908e+04 8.119715446138750849e+03 4.448313184658617502e+03
5.106243098575769836e-03 2.022662125227014621e+04 8.805723053269355660e+03 4.824082288393844465e+03
5.732443275407110572e-03 2.184118426424994323e+04 9.506871390107355182e+03 5.208196810770502452e+03
6.435437027063155117e-03 2.346675214362092083e+04 1.021302420211148637e+04 5.595105374948533608e+03
7.224641874254610074e-03 2.507428605392321697e+04 1.091155448849627646e+04 5.977896432845505842e+03
8.110630248067678127e-03 2.662832926785623567e+04 1.158704211908610523e+04 6.348130480540519784e+03
9.105271121505569346e-03 2.808750320630116403e+04 1.222148879968679648e+04 6.695954580809505387e+03
1.022188900990466699e-02 2.939948481880949839e+04 1.279212967018199197e+04 7.008897206311463378e+03
1.147544247024383408e-02 3.050425111552891758e+04 1.327282955463540748e+04 7.272637678338540354e+03
1.288272449057868002e-02 3.133985410287302875e+04 1.363662706615394745e+04 7.472401209526223283e+03
1.446258745407916733e-02 3.184236414177976985e+04 1.385565369601107341e+04 7.592910916469534641e+03
1.623619569135818438e-02 3.194265090811915070e+04 1.389976744853900163e+04 7.617628557659942089e+03
1.822730900435978393e-02 3.158116070970262808e+04 1.374298484553513481e+04 7.532293046948335359e+03
2.046260095998037737e-02 3.071710857830845271e+04 1.336746192384764436e+04 7.327108776018058052e+03
2.297201621738221775e-02 2.933985308231164163e+04 1.276841245917450033e+04 6.999396600404596029e+03
2.578917167586586637e-02 2.748637261714067427e+04 1.196182696837304138e+04 6.557868086296960428e+03
2.895180681720203528e-02 2.525324034424218553e+04 1.098958969914611043e+04 6.025446891032963322e+03
3.250228927534733192e-02 2.280013934904695634e+04 9.921075360305119830e+03 5.440108115763167916e+03
3.648818240631140908e-02 2.033606644101207348e+04 8.847126874265040897e+03 4.851629505485054324e+03
4.096288246151627566e-02 1.808274178001294422e+04 7.864211483862301066e+03 4.312914820399852943e+03
4.598633390041809155e-02 1.621632898370101248e+04 7.048965387351812751e+03 3.866001347253405129e+03
5.162583242493973962e-02 1.479769210410034975e+04 6.427841341807481513e+03 3.525425065294244632e+03
5.795692649341043640e-02 1.371913221570241694e+04 5.953834214942853578e+03 3.265411401899699740e+03
6.506442939097074885e-02 1.266025424830512202e+04 5.487171844516912643e+03 3.009264113888048541e+03
7.304355541444980393e-02 1.126479561904055299e+04 4.872355482361139366e+03 2.671606537208559985e+03
8.200119539239680844e-02 9.448967197576079343e+03 4.072642268939314818e+03 2.232216862930136813e+03
9.205734862752627812e-02 7.618185310275331176e+03 3.264696603692354529e+03 1.788034372433811541e+03
1.033467304443183715e-01 6.347781501503569416e+03 2.699519731029072773e+03 1.476861489664514011e+03
1.160205768769771578e-01 5.717742002030031472e+03 2.412258298720995754e+03 1.318024242697132195e+03
1.302486706739022226e-01 5.116908397078379494e+03 2.136637216483693464e+03 1.165310796898959552e+03
1.462216157596530064e-01 4.139020650523874792e+03 1.695803984887830211e+03 9.215746850360474127e+02
1.641533906237988560e-01 3.368976011340426339e+03 1.345737571970652880e+03 7.274132562269878690e+02
1.842842148426375448e-01 3.034498581883007773e+03 1.186347530453263289e+03 6.377168730830935601e+02
2.068837671345900298e-01 2.544856316367671752e+03 9.608966587157093500e+02 5.115464218317181917e+02
2.322547980593316352e-01 2.141112832313798663e+03 7.751700055623440448e+02 4.070863619741126627e+02
2.607371857574901086e-01 1.889717820900601282e+03 6.582926021458557670e+02 3.404141422048398340e+02
2.927124890628471365e-01 1.608043377269633311e+03 5.311655516632118861e+02 2.682677711261470108e+02
3.286090589819373742e-01 1.419090514390211865e+03 4.469070737428446591e+02 2.198994553722066030e+02
3.689077770159973624e-01 1.246141553604867113e+03 3.720285498714084156e+02 1.770615000857066548e+02
4.141484971975938345e-01 1.103147359353386264e+03 3.122658228504926683e+02 1.429724814869863394e+02
4.649372781414354283e-01 9.868692017774419583e+02 2.657731966109298014e+02 1.166234183039364183e+02
5.219545019921476570e-01 8.874669014527497666e+02 2.281093881672748012e+02 9.557813086550967796e+01
5.859639890329354506e-01 8.016973162205226799e+02 1.977115495557152940e+02 7.894474195794880700e+01
6.578232300572349756e-01 7.265099965920053364e+02 1.731369425289107653e+02 6.588178168196668594e+01
7.384948735793578356e-01 6.589740108956480071e+02 1.530302349310958050e+02 5.560057426790673674e+01
8.290596217703356530e-01 5.968631478969382442e+02 1.363428787153370934e+02 4.748939203940965115e+01
9.307307078768926045e-01 5.386214284360509055e+02 1.222539740143087243e+02 4.106466443378728570e+01
1.044870149067508081e+00 4.830674652968502301e+02 1.100585700114262266e+02 3.592222148569799600e+01
1.173006992433692330e+00 4.296545266331722246e+02 9.921720449727116886e+01 3.174636373067612283e+01
1.316857798575541416e+00 3.782959823875556822e+02 8.932525018630792601e+01 2.829324739413299739e+01
1.478349637175967013e+00 3.293204086098431276e+02 8.009048988270976110e+01 2.536859269073826084e+01
1.659645902619409696e+00 2.832259324450104714e+02 7.132107567521097735e+01 2.282266569436919568e+01
1.863175295489004624e+00 2.406191749352744296e+02 6.292842315717066981e+01 2.054211384937693197e+01
2.091664358187257822e+00 2.019920214647326588e+02 5.489816034085457375e+01 1.844485829027284396e+01
2.348174000537423645e+00 1.676949096065194453e+02 4.728593986549667250e+01 1.647644979912872643e+01
2.636140504673786467e+00 1.378442934852142230e+02 4.017642282566497158e+01 1.460516252158550543e+01
2.959421558534973240e+00 1.123622237552311276e+02 3.367289470152917374e+01 1.282031081703590836e+01
3.322347934639153344e+00 9.096059550127496607e+01 2.785558180138914608e+01 1.112527860561553616e+01
3.729781506445900785e+00 7.321365956184997970e+01 2.277527872059032532e+01 9.534316823372067873e+00
4.187180379509764627e+00 5.864180549074831106e+01 1.843381114545626787e+01 8.065111822697632604e+00
4.700672009942531204e+00 4.676314156304873393e+01 1.479454418440120200e+01 6.734852618064124385e+00
5.277135289701610610e+00 3.713673719860760514e+01 1.178986354012683790e+01 5.554804110926998106e+00
5.924292698344328478e+00 2.937354031126823273e+01 9.338093242955062934e+00 4.529137600652815010e+00
6.650813755741415534e+00 2.313956527734235991e+01 7.355455090615509839e+00 3.654634109554745880e+00
7.466431161634059954e+00 1.815365085734572403e+01 5.763816002620812284e+00 2.922052730767773276e+00
8.382071177875818790e+00 1.418435454583807243e+01 4.494746233276772251e+00 2.317672419487461610e+00
9.410000000000001918e+00 1.103941600053208916e+01 3.489295626813914364e+00 1.825594364643917888e+00
