1.000000000230258569e-04 9.481496731214263036e+02 4.419437981451451378e+02 2.545263957029507367e+02
1.115026695290953366e-04 1.052427512103391109e+03 4.903192783042673000e+02 2.823455625882230606e+02
1.243284530925187648e-04 1.168323115422065484e+03 5.440123105427931023e+02 3.132087759289212272e+02
1.386295441504667143e-04 1.297165024986612480e+03 6.036131262930878165e+02 3.474498690504339038e+02
1.545756424481938766e-04 1.440439349348650694e+03 6.697784488658496684e+02 3.854394073832393133e+02
1.723559677317991945e-04 1.599802169907956795e+03 7.432382013499678806e+02 4.275884740808619426e+02
1.921815050694108094e-04 1.777067518639160880e+03 8.247995990269429285e+02 4.743518711920571036e+02
2.142875084442451923e-04 1.974239825454005768e+03 9.153576993182671231e+02 5.262334332376494785e+02
2.389362923277018713e-04 2.193523234255500938e+03 1.015902542144399035e+03 5.837906021926495441e+02
2.664203443578849946e-04 2.437226330358601444e+03 1.127508110256801956e+03 6.476340954394502205e+02
2.970657960592480913e-04 2.707805094099214330e+03 1.251347719894566353e+03 7.184353755188468540e+02
3.312362927876497001e-04 3.007877601016238259e+03 1.388702061413163619e+03 7.969318280178905525e+02
3.693373088223966556e-04 3.340058758993918218e+03 1.540916553018708555e+03 8.839146558864943017e+02
4.118209588090659132e-04 3.706970992004213258e+03 1.709415191518173287e+03 9.802372843259556703e+02
4.591913626466918256e-04 4.111277958794964434e+03 1.895714770102319335e+03 1.086822542551397419e+03
5.120106274801957584e-04 4.555768986763644534e+03 2.101391992636608393e+03 1.204639814863945958e+03
5.709055177816341068e-04 5.043303521435298535e+03 2.328080009549268652e+03 1.334708286895701576e+03
6.365748926688486646e-04 5.576768639863913450e+03 2.577477381447360131e+03 1.478105441272734197e+03
7.097979987143026312e-04 6.159617925520396057e+03 2.851420140220649046e+03 1.635962929469523942e+03
7.914437166483044659e-04 6.795862242295564101e+03 3.151871996003862023e+03 1.809461664945305529e+03
8.824808716799498404e-04 7.489829899867452696e+03 3.480881649824994838e+03 1.999826408339710724e+03
9.839897297802024153e-04 8.246323677573960595e+03 3.840637710534907910e+03 2.208329868548783907e+03
1.097174816344422205e-03 9.070674769422252211e+03 4.233469191022978521e+03 2.436284282886264009e+03
1.223379209343287413e-03 9.968667686744945968e+03 4.661791932969454137e+03 2.685018123049225323e+03
1.364100476567608111e-03 1.094561898580116940e+04 5.127857745106714901e+03 2.955772180290317465e+03
1.521008446081769522e-03 1.200613107429189949e+04 5.633665676011701180e+03 3.249653230864749730e+03
1.695965020753673102e-03 1.315456228724767971e+04 6.181041506866462441e+03 3.567645960066588486e+03
1.891046271984591709e-03 1.439365359986583644e+04 6.771111412024923993e+03 3.910350847998508470e+03
2.108567074807741158e-03 1.572382773088665635e+04 7.404019366572712897e+03 4.277837217073553802e+03
2.351108576680822643e-03 1.714380032284470872e+04 8.079121220702140818e+03 4.669721626761327570e+03
2.621548825923003187e-03 1.864955858364262895e+04 8.794513599125253677e+03 5.084891923856898757e+03
2.923096923239734257e-03 2.023359253789292416e+04 9.546683711622965347e+03 5.521304138942480677e+03
3.259331101584665453e-03 2.188515581977847614e+04 1.033063352128791121e+04 5.976059078904059788e+03
3.634241186222156913e-03 2.359000677570686821e+04 1.113968858939845086e+04 6.445324472276965935e+03
4.052275938830490927e-03 2.533018379498044669e+04 1.196534082379866777e+04 6.924269257845792708e+03
4.518395847440812539e-03 2.708386000865255846e+04 1.279726623104015198e+04 7.407036463707241637e+03
5.038131988628217865e-03 2.882562584759160018e+04 1.362364501856537754e+04 7.886646276675648551e+03
5.617651660426248826e-03 3.052732190045914467e+04 1.443120117976917754e+04 8.355444116513403060e+03
6.263831564778516575e-03 3.215720332735432748e+04 1.520501272414590312e+04 8.804848362722901584e+03
6.984339407925946493e-03 3.368067294852973282e+04 1.592877820737964976e+04 9.225453940934938146e+03
7.787724887016851671e-03 3.505998100963792967e+04 1.658472522821272287e+04 9.606992640788810604e+03
8.683521142606049834e-03 3.625357638507673983e+04 1.715324966067380956e+04 9.938142421060998458e+03
9.682357880899711625e-03 3.722909370742089959e+04 1.761908077638944815e+04 1.021005959115468431e+04
1.079608750807801998e-02 3.790082512175754528e+04 1.794158992812039287e+04 1.039915919980583567e+04
1.203792577343234388e-02 3.822484060435525316e+04 1.809996607216087796e+04 1.049334807615118734e+04
1.342260859021738965e-02 3.817482872164477158e+04 1.808168704497228100e+04 1.048536572379429344e+04
1.496656689508787767e-02 3.770139086462992418e+04 1.786312253724332550e+04 1.036138370785193547e+04
1.668812162103823840e-02 3.676214993096131366e+04 1.742398556458652820e+04 1.010954103739180391e+04
1.860770109743517184e-02 3.533635362765082391e+04 1.675421253901288219e+04 9.723915905104357080e+03
2.074808345685756270e-02 3.343052475562799373e+04 1.585661562845377557e+04 9.206047288816896980e+03
2.313466692519383291e-02 3.107815496819417240e+04 1.474658622146929520e+04 8.564625734772091164e+03
2.579577120231610690e-02 2.835934085967825740e+04 1.346193421568183658e+04 7.821477861584947277e+03
2.876297350957714855e-02 2.539998563974987337e+04 1.206214415614610334e+04 7.011034789395778716e+03
3.207148329174031032e-02 2.236985480302545693e+04 1.062756199231044047e+04 6.179794004019679051e+03
3.576056001963404812e-02 1.946530717502302650e+04 9.251304097666119560e+03 5.381799528542269400e+03
3.987397905126498221e-02 1.687882599887476317e+04 8.024897247603562391e+03 4.670358251142150948e+03
4.446055107939526907e-02 1.475630362670197792e+04 7.017855719487581155e+03 4.086010341565082399e+03
4.957470132945773766e-02 1.315232110361095329e+04 6.256419076574766223e+03 3.644189397998793538e+03
5.527711538069327024e-02 1.199006907587135720e+04 5.704284084161727151e+03 3.323908806355545039e+03
6.163545927395905344e-02 1.104498442301223622e+04 5.254624772957611640e+03 3.063031160290112439e+03
6.872518245115814828e-02 1.000353125337354686e+04 4.757892738406958415e+03 2.774382387962426492e+03
7.663041305413779980e-02 8.597960286013854784e+03 4.086041069299912579e+03 2.383187904854422413e+03
8.544495620686157200e-02 6.935897601889508223e+03 3.290131018178474278e+03 1.919130855025577375e+03
9.527340712667957401e-02 5.454681169883460825e+03 2.579001228264135534e+03 1.504110415804349714e+03
1.062323922731101822e-01 4.540499355878936512e+03 2.137533590116143387e+03 1.246219250333426771e+03
1.184519532618636822e-01 4.110897716966629559e+03 1.926759373687859352e+03 1.122857216370158767e+03
1.320770899659224340e-01 3.644064964159764713e+03 1.697249087964047931e+03 9.883241085029326314e+02
1.472694811144383831e-01 2.883188560511349351e+03 1.326096279119975407e+03 7.707290954817565307e+02
1.642094028064348954e-01 2.281070298348047345e+03 1.030425150352982200e+03 5.970312842956936947e+02
1.830978677048002712e-01 2.034310928419818765e+03 9.047629287201799571e+02 5.225769750593860863e+02
2.041590102946942431e-01 1.718529469942273181e+03 7.463003875437131001e+02 4.287751481543077716e+02
2.276427465103479653e-01 1.386289814422605559e+03 5.805542548114202646e+02 3.305783317490510171e+02
2.538277392899435103e-01 1.222435032710187670e+03 4.962635072697100327e+02 2.799494418945427014e+02
2.830247052484705095e-01 1.020606225880460329e+03 3.950535044214961431e+02 2.194076904203830907e+02
3.155801017062329072e-01 8.909362090032395827e+02 3.295361392147581228e+02 1.797785235423134225e+02
3.518802378240603601e-01 7.675400599464226161e+02 2.684166106313279556e+02 1.428459132674694558e+02
3.923558586288135031e-01 6.773550906118647390e+02 2.242276938243124391e+02 1.159606478837390711e+02
4.374872563241952172e-01 5.992719680397141246e+02 1.869247217161127139e+02 9.331003834413053255e+01
4.878099695387512202e-01 5.358298024627980567e+02 1.575423647255232424e+02 7.551129071374698754e+01
5.439211381395319123e-01 4.836512994611683780e+02 1.343216247689456964e+02 6.153394741879084506e+01
6.064865890189676811e-01 4.397695575058569943e+02 1.157723347344375071e+02 5.050028174686246984e+01
6.762487369363893164e-01 4.022504244225198704e+02 1.009079578411057554e+02 4.181675448566793563e+01
7.540353941672404137e-01 3.695071942892314496e+02 8.893035732813066829e+01 3.499602334018734240e+01
8.407695934971151086e-01 3.402260668087958493e+02 7.918286092808196486e+01 2.963614143278676849e+01
9.374805411223435803e-01 3.133227779071844452e+02 7.113454683103473997e+01 2.540973642473912619e+01
1.045315829426528564e+00 2.879797505601298440e+02 6.436204842489770783e+01 2.205763242693701187e+01
1.165555054552403824e+00 2.636072027781438010e+02 5.853676876710611765e+01 1.937876720672616671e+01
1.299625000357985227e+00 2.398246546411907048e+02 5.339254622842613429e+01 1.720872641382179324e+01
1.449116568932995452e+00 2.164461825473112242e+02 4.872639576936272476e+01 1.542157961677679268e+01
1.615803658576671964e+00 1.934942679316435488e+02 4.438737148152008416e+01 1.391670955088381234e+01
1.801664213246928048e+00 1.711219663032848928e+02 4.026954095721364979e+01 1.261751197010235437e+01
2.008903693258128342e+00 1.496179784584524555e+02 3.630963218576396656e+01 1.146467336363596345e+01
2.239981245735629400e+00 1.292916987889931875e+02 3.247691028792679191e+01 1.041417212302650341e+01
2.497638885371206374e+00 1.104721344872664304e+02 2.877382965984933705e+01 9.435132846696657083e+00
2.784934031744384253e+00 9.339749469475580668e+01 2.522092365991516161e+01 8.506948237535926438e+00
3.105275789304232426e+00 7.821858581905921426e+01 2.185648783288556274e+01 7.619042525456872994e+00
3.462465400517639402e+00 6.496927317646002109e+01 1.871965939699566306e+01 6.767341500530963394e+00
3.860741352209485999e+00 5.358643944928411429e+01 1.584987664344023983e+01 5.954313085520776205e+00
4.304829670336041580e+00 4.393762976703959566e+01 1.327332429242235357e+01 5.185101742364762956e+00
4.799999999999999822e+00 3.584170254998778660e+01 1.100361397779874295e+01 4.467390380878323519e+00
