1.000000000230258569e-04 1.735845648201279516e+02 7.015297494941593470e+01 3.776693290440620387e+01
1.115026695290953366e-04 1.935901891918566662e+02 7.826035479397754102e+01 4.213382527691526747e+01
1.243284530925187648e-04 2.158835839473645990e+02 8.730254956121265764e+01 4.700506073891810388e+01
1.386295441504667143e-04 2.407210471695368312e+02 9.738662455965909714e+01 5.243867912819758459e+01
1.545756424481938766e-04 2.683865943590996039e+02 1.086317669823283012e+02 5.849935844648253891e+01
1.723559677317991945e-04 2.991951584390153585e+02 1.211705296630453574e+02 6.525910585675320874e+01
1.921815050694108094e-04 3.334961716872406896e+02 1.351501874874398936e+02 7.279801306282625717e+01
2.142875084442451923e-04 3.716767278766773757e+02 1.507344688064975458e+02 8.120522817435526974e+01
2.389362923277018713e-04 4.141688725538659241e+02 1.681054053375632975e+02 9.057989396138748361e+01
2.664203443578849946e-04 4.614595703643402658e+02 1.874653850837440814e+02 1.010321367067643763e+02
2.970657960592480913e-04 5.140926280460661246e+02 2.090393081251737897e+02 1.126843633132907883e+02
3.312362927876497001e-04 5.726818050597539695e+02 2.330773840987832557e+02 1.256724881383901931e+02
3.693373088223966556e-04 6.379328409555912458e+02 2.598585833508478231e+02 1.401471555009714507e+02
4.118209588090659132e-04 7.106457316494812630e+02 2.896932871070803230e+02 1.562754692007259223e+02
4.591913626466918256e-04 7.917239978025081655e+02 3.229266232525234273e+02 1.742424797250022834e+02
5.120106274801957584e-04 8.821845482543330945e+02 3.599422155030386534e+02 1.942523854697421655e+02
5.709055177816341068e-04 9.831776658714336463e+02 4.011665060084004608e+02 2.165308691445145257e+02
6.365748926688486646e-04 1.095982224604870908e+03 4.470705564766207090e+02 2.413263767632831218e+02
7.097979987143026312e-04 1.221948878341374439e+03 4.981659882541543993e+02 2.689094518704717416e+02
7.914437166483044659e-04 1.362551150711791252e+03 5.550138077199588906e+02 2.995761744663755621e+02
8.824808716799498404e-04 1.519382254152879113e+03 6.182245380179120957e+02 3.336486458828623540e+02
9.839897297802024153e-04 1.694056448296407780e+03 6.884400720894816459e+02 3.714690900646493219e+02
1.097174816344422205e-03 1.888249699106656863e+03 7.663446624991486260e+02 4.134042015401498134e+02
1.223379209343287413e-03 2.103709783272806362e+03 8.526647937961622574e+02 4.598446466020279217e+02
1.364100476567608111e-03 2.342239365902140889e+03 9.481447461055006443e+02 5.111925278218744211e+02
1.521008446081769522e-03 2.605673396887787021e+03 1.053550433224890867e+03 5.678640993406194184e+02
1.695965020753673102e-03 2.895854505823082945e+03 1.169663681569990104e+03 6.302865874516204485e+02
1.891046271984591709e-03 3.214621213441383134e+03 1.297247177028942815e+03 6.988750582098867881e+02
2.108567074807741158e-03 3.563761873300121351e+03 1.437037664015095743e+03 7.740307614929643023e+02
2.351108576680822643e-03 3.944955084885285032e+03 1.589731496282793159e+03 8.561345370758999707e+02
2.621548825923003187e-03 4.359665502917567210e+03 1.755934749795177368e+03 9.455153592093770385e+02
2.923096923239734257e-03 4.809089289501097483e+03 1.936142689528808432e+03 1.042440300811097131e+03
3.259331101584665453e-03 5.294086177882991251e+03 2.130712993600175196e+03 1.147102511454231262e+03
3.634241186222156913e-03 5.815001288463169658e+03 2.339780324527919674e+03 1.259583198089845837e+03
4.052275938830490927e-03 6.371584621007460555e+03 2.563223333463919971e+03 1.379833071404138082e+03
4.518395847440812539e-03 6.962898580481811223e+03 2.800661550033807089e+03 1.507651226872869074e+03
5.038131988628217865e-03 7.587037760846200399e+03 3.051402305834877097e+03 1.642626805923689744e+03
5.617651660426248826e-03 8.240936888564521723e+03 3.314198406028735008e+03 1.784126299840847196e+03
6.263831564778516575e-03 8.920260171928817726e+03 3.587306122348425561e+03 1.931214142175211009e+03
6.984339407925946493e-03 9.619345908316039640e+03 3.868458411634260301e+03 2.082671568710547945e+03
7.787724887016851671e-03 1.033011141554455389e+04 4.154418973584898595e+03 2.236763922231298693e+03
8.683521142606049834e-03 1.104125104797095082e+04 4.440637233321185704e+03 2.391040275534370721e+03
9.682357880899711625e-03 1.173971521979776844e+04 4.721872604320122264e+03 2.542682649781479086e+03
1.079608750807801998e-02 1.241293772292192443e+04 4.993086142275160455e+03 2.688986836630763719e+03
1.203792577343234388e-02 1.304278736291744281e+04 5.246985076434946677e+03 2.826031646336192352e+03
1.342260859021738965e-02 1.360843250015788180e+04 5.475165139877161891e+03 2.949282402746637217e+03
1.496656689508787767e-02 1.408756356525572664e+04 5.668656357751503492e+03 3.053902453660246010e+03
1.668812162103823840e-02 1.445559510241643511e+04 5.817562222059095802e+03 3.134557750583995585e+03
1.860770109743517184e-02 1.468733105378841174e+04 5.911704115536075733e+03 3.185758038673029660e+03
2.074808345685756270e-02 1.475909281558531256e+04 5.941476731178526279e+03 3.202285573528265104e+03
2.313466692519383291e-02 1.465163662755093537e+04 5.899096133982845458e+03 3.179933055286508989e+03
2.579577120231610690e-02 1.435371175289918210e+04 5.779951970562253337e+03 3.116206470690307015e+03
2.876297350957714855e-02 1.386685119351350841e+04 5.584544393019727977e+03 3.011329681074834753e+03
3.207148329174031032e-02 1.321029609860477649e+04 5.320526938008855723e+03 2.869394042633393383e+03
3.576056001963404812e-02 1.242364977969231040e+04 5.003787557534329608e+03 2.698962152072796016e+03
3.987397905126498221e-02 1.156532928383663238e+04 4.657769963420404565e+03 2.512651197000956017e+03
4.446055107939526907e-02 1.070483073902106662e+04 4.310439491123179323e+03 2.325542255690937964e+03
4.957470132945773766e-02 9.907659689353446083e+03 3.988155243858458562e+03 2.151856830908220672e+03
5.527711538069327024e-02 9.213765767305396366e+03 3.706990652996028530e+03 2.000271558329301570e+03
6.163545927395905344e-02 8.618096206123929733e+03 3.464862948896649868e+03 1.869668097697189751e+03
6.872518245115814828e-02 8.047928146817456764e+03 3.232361668748590091e+03 1.744170785319621018e+03
7.663041305413779980e-02 7.393926448102766699e+03 2.965264293040637313e+03 1.599895012983440665e+03
8.544495620686157200e-02 6.584965449778552284e+03 2.634744743796906278e+03 1.421260074954600668e+03
9.527340712667957401e-02 5.675914228571210515e+03 2.262873324076489098e+03 1.220169583712611029e+03
1.062323922731101822e-01 4.851298216458707429e+03 1.924145062577787485e+03 1.036849899490175858e+03
1.184519532618636822e-01 4.268597955762635138e+03 1.682191694799571451e+03 9.056724278490604547e+02
1.320770899659224340e-01 3.870404102620950653e+03 1.513914131099171527e+03 8.141613180899797726e+02
1.472694811144383831e-01 3.423683668575211868e+03 1.325254669003621530e+03 7.114947568171040757e+02
1.642094028064348954e-01 2.875060395994822102e+03 1.094905242535671960e+03 5.861546738185879803e+02
1.830978677048002712e-01 2.458195484984991708e+03 9.175703401546453506e+02 4.893029063938684544e+02
2.041590102946942431e-01 2.200645265341465347e+03 8.047514649193434479e+02 4.271578663229745416e+02
2.276427465103479653e-01 1.892623249166124879e+03 6.721533503573020880e+02 3.541909695151018695e+02
2.538277392899435103e-01 1.629073008687826587e+03 5.585931458640520759e+02 2.914058717840304098e+02
2.830247052484705095e-01 1.445764415408984178e+03 4.787524276383814481e+02 2.467666405441617030e+02
3.155801017062329072e-01 1.253701440331445838e+03 3.970557018270815206e+02 2.011274901541766837e+02
3.518802378240603601e-01 1.114203817059440325e+03 3.381843290460172966e+02 1.678755653537225498e+02
3.923558586288135031e-01 9.836942513744338612e+02 2.845914527248082777e+02 1.376194432297868104e+02
4.374872563241952172e-01 8.786266164982826012e+02 2.426495649668936778e+02 1.138513744562000625e+02
4.878099695387512202e-01 7.881485932568964472e+02 2.078247067431708786e+02 9.417407303097446913e+01
5.439211381395319123e-01 7.103080333183013408e+02 1.791673952342709413e+02 7.810021584193118827e+01
6.064865890189676811e-01 6.433579182567075350e+02 1.558059353143812018e+02 6.515539442895560285e+01
6.762487369363893164e-01 5.848666760869285781e+02 1.366556034830870772e+02 5.473665928709686312e+01
7.540353941672404137e-01 5.329501199630241217e+02 1.208853106695206492e+02 4.636920772929833845e+01
8.407695934971151086e-01 4.860043498701697331e+02 1.077962047037329114e+02 3.965006287200040447e+01
9.374805411223435803e-01 4.427769873705722716e+02 9.682566176924061097e+01 3.425138052031209668e+01
1.045315829426528564e+00 4.022973204793883042e+02 8.749997011684661175e+01 2.989871906992388872e+01
1.165555054552403824e+00 3.638535707046935386e+02 7.942446613137714451e+01 2.636777561668893100e+01
1.299625000357985227e+00 3.270372743519204164e+02 7.227833522633527252e+01 2.347591579653947491e+01
1.449116568932995452e+00 2.916776080120848746e+02 6.580341991724220918e+01 2.107591347143090843e+01
1.615803658576671964e+00 2.578134208386252340e+02 5.980006853321284410e+01 1.904858951488667529e+01
1.801664213246928048e+00 2.256135013530307560e+02 5.412008623190198620e+01 1.729809869991586169e+01
2.008903693258128342e+00 1.953267843140318689e+02 4.866933311784159599e+01 1.574850001588726300e+01
2.239981245735629400e+00 1.672173002390638601e+02 4.339863941020723814e+01 1.434036343523346524e+01
2.497638885371206374e+00 1.415656638688709279e+02 3.830588262291256285e+01 1.302955547585020568e+01
2.784934031744384253e+00 1.185828635483234734e+02 3.341965171543587587e+01 1.178473125365380980e+01
3.105275789304232426e+00 9.840242646101052060e+01 2.879642943819824907e+01 1.058728591984048428e+01
3.462465400517639402e+00 8.102645789589954006e+01 2.449829423766557213e+01 9.428613274320714055e+00
3.860741352209485999e+00 6.630394315687945550e+01 2.058737360432297336e+01 8.310123863933403854e+00
4.304829670336041580e+00 5.399227785106295840e+01 1.710660439935212551e+01 7.239226631593876249e+00
4.799999999999999822e+00 4.378627097708016436e+01 1.407425708531668995e+01 6.228539466348855136e+00
