1.000000000230258569e-04 1.815657179825730054e+02 7.625798947929985161e+01 4.202421328816443236e+01
1.115026695290953366e-04 2.024553177491907547e+02 8.502826682472944242e+01 4.685597653138503205e+01
1.243284530925187648e-04 2.257511616355213846e+02 9.480765740403965935e+01 5.224320462247381158e+01
1.386295441504667143e-04 2.517310794548712920e+02 1.057123731229298329e+02 5.824971933377170075e+01
1.545756424481938766e-04 2.807049034021662806e+02 1.178719829999707684e+02 6.494663603038739552e+01
1.723559677317991945e-04 3.130182781292046457e+02 1.314309754909694448e+02 7.241321402612487645e+01
1.921815050694108094e-04 3.490564424787317535e+02 1.465503998806641732e+02 8.073776092823773354e+01
2.142875084442451923e-04 3.892474578259497662e+02 1.634094860373385529e+02 9.001856068820281109e+01
2.389362923277018713e-04 4.340678005414795280e+02 1.822078719672171871e+02 1.003650600296037112e+02
2.664203443578849946e-04 4.840468562789674252e+02 2.031676765135723599e+02 1.118990498071748476e+02
2.970657960592480913e-04 5.397676299342634820e+02 2.265347651677016643e+02 1.247556316542298731e+02
3.312362927876497001e-04 6.018747113883418933e+02 2.525819224759360679e+02 1.390848767324717699e+02
3.693373088223966556e-04 6.710799579934481471e+02 2.816114047475186339e+02 1.550533193600253128e+02
4.118209588090659132e-04 7.481598648863356402e+02 3.139547453227585265e+02 1.728444994917054203e+02
4.591913626466918256e-04 8.339645349728283463e+02 3.499768196033315348e+02 1.926611641317284409e+02
5.120106274801957584e-04 9.294260842139140095e+02 3.900792834459088567e+02 2.147271562774494100e+02
5.709055177816341068e-04 1.035564683037737950e+03 4.347002710050348355e+02 2.392871336313093025e+02
6.365748926688486646e-04 1.153494907744086277e+03 4.843182750816352495e+02 2.666090495062907735e+02
7.097979987143026312e-04 1.284434420704575587e+03 5.394563621610161590e+02 2.969865223977385540e+02
7.914437166483044659e-04 1.429728341124738336e+03 6.006861855489523805e+02 3.307385005523834138e+02
8.824808716799498404e-04 1.590855377526304665e+03 6.686310300869577077e+02 3.682113916401069673e+02
9.839897297802024153e-04 1.769430015252383782e+03 7.439683670281763170e+02 4.097812628481659090e+02
1.097174816344422205e-03 1.967199439406601186e+03 8.274296757951162817e+02 4.558522967655042066e+02
1.223379209343287413e-03 2.186053408510783811e+03 9.198033299626511052e+02 5.068580816494545047e+02
1.364100476567608111e-03 2.428031554149926706e+03 1.021936198021064001e+03 5.632627456317634369e+02
1.521008446081769522e-03 2.695245133345629256e+03 1.134708711062814473e+03 6.255494362070137413e+02
1.695965020753673102e-03 2.989869752934553162e+03 1.259031630337097113e+03 6.942182827078256651e+02
1.891046271984591709e-03 3.314169597542094380e+03 1.395851689454000734e+03 7.697879994151776373e+02
2.108567074807741158e-03 3.670351356002076500e+03 1.546095550117227731e+03 8.527679016962337073e+02
2.351108576680822643e-03 4.060508123397532017e+03 1.710647542781613538e+03 9.436461449923697273e+02
2.621548825923003187e-03 4.486643925891340587e+03 1.890357229906291195e+03 1.042892102604592537e+03
2.923096923239734257e-03 4.950533729402523932e+03 2.085976536245598709e+03 1.150921200898224242e+03
3.259331101584665453e-03 5.453624262001064380e+03 2.298117027695671368e+03 1.268071272669065138e+03
3.634241186222156913e-03 5.996983542419088735e+03 2.527235038494909077e+03 1.394595916366672554e+03
4.052275938830490927e-03 6.581074765039121303e+03 2.773539200821783197e+03 1.530614405531504417e+03
4.518395847440812539e-03 7.205702568444685312e+03 3.036950040075240850e+03 1.676078872065356791e+03
5.038131988628217865e-03 7.869657647616666509e+03 3.316973678546479732e+03 1.830741999180921766e+03
5.617651660426248826e-03 8.570727420772140249e+03 3.612671781413119788e+03 1.994072325895452650e+03
6.263831564778516575e-03 9.305214761004643151e+03 3.922498270632606364e+03 2.165221054330846982e+03
6.984339407925946493e-03 1.006851932769211453e+04 4.244528438513373658e+03 2.343135346583579121e+03
7.787724887016851671e-03 1.085076295136726549e+04 4.574609300927209006e+03 2.525525805462015796e+03
8.683521142606049834e-03 1.164268091188696053e+04 4.908838274087856917e+03 2.710244292118917656e+03
9.682357880899711625e-03 1.242967902108610360e+04 5.241067442064211718e+03 2.893897785046350236e+03
1.079608750807801998e-02 1.319717427227796179e+04 5.565163596389692430e+03 3.073109401268231977e+03
1.203792577343234388e-02 1.392467566676902607e+04 5.872482454963174860e+03 3.243109708881111146e+03
1.342260859021738965e-02 1.458743009805274596e+04 6.152574389266113030e+03 3.398123318144542282e+03
1.496656689508787767e-02 1.515806687094078734e+04 6.393898091640293387e+03 3.531770508330911071e+03
1.668812162103823840e-02 1.560573138347818167e+04 6.583421440700013591e+03 3.636851874260694785e+03
1.860770109743517184e-02 1.589803644434205307e+04 6.707449117832072261e+03 3.705794806877424890e+03
2.074808345685756270e-02 1.600384589081104423e+04 6.752771237226138510e+03 3.731269104968120246e+03
2.313466692519383291e-02 1.589734973854216696e+04 6.708452220755350027e+03 3.707213833517659168e+03
2.579577120231610690e-02 1.556326080184378407e+04 6.567962743993974982e+03 3.630014292694110736e+03
2.876297350957714855e-02 1.500343600106927079e+04 6.331976118738659352e+03 3.499997696850643933e+03
3.207148329174031032e-02 1.424343192468895904e+04 6.011186312855278629e+03 3.323039526414704142e+03
3.576056001963404812e-02 1.333601023985206666e+04 5.627791879888769472e+03 3.111404877026444865e+03
3.987397905126498221e-02 1.235840531256149370e+04 5.214321213900628209e+03 2.883051166629506952e+03
4.446055107939526907e-02 1.140102207920766887e+04 4.808902821659503388e+03 2.659056980048644164e+03
4.957470132945773766e-02 1.054623898777862996e+04 4.446284592043542943e+03 2.458637053470970386e+03
5.527711538069327024e-02 9.840834014527030376e+03 4.146186698495888777e+03 2.292702521189584786e+03
6.163545927395905344e-02 9.261164934650316354e+03 3.898559238271844606e+03 2.155696704665179823e+03
6.872518245115814828e-02 8.702387159402478574e+03 3.658993014416236747e+03 2.023048594622975997e+03
7.663041305413779980e-02 8.012346167491390588e+03 3.363030752741995457e+03 1.859075607238436532e+03
8.544495620686157200e-02 7.099551620727093905e+03 2.971855608320587635e+03 1.642274330834806506e+03
9.527340712667957401e-02 6.061023099212467969e+03 2.526421147756934715e+03 1.395287346699164118e+03
1.062323922731101822e-01 5.162627935202756817e+03 2.139183589299295363e+03 1.180346450394099975e+03
1.184519532618636822e-01 4.597149922809527197e+03 1.891789922457771354e+03 1.042645573028649324e+03
1.320770899659224340e-01 4.236535264051579361e+03 1.730165568616139581e+03 9.522481478591057567e+02
1.472694811144383831e-01 3.739216253633798260e+03 1.509977102217588708e+03 8.292428317384063803e+02
1.642094028064348954e-01 3.099135373074790550e+03 1.228963008944087505e+03 6.723663387553100392e+02
1.830978677048002712e-01 2.683651048968347823e+03 1.043029843916862319e+03 5.679406667366739612e+02
2.041590102946942431e-01 2.443111778939531177e+03 9.315829176823613125e+02 5.045746826363590003e+02
2.276427465103479653e-01 2.070251941944658938e+03 7.652712611277039514e+02 4.107025221093149412e+02
2.538277392899435103e-01 1.803825276899618530e+03 6.454141870366556759e+02 3.424567398158318952e+02
2.830247052484705095e-01 1.608266155833772700e+03 5.573117857410196621e+02 2.917746037496935969e+02
3.155801017062329072e-01 1.390240141972658193e+03 4.617285687506696945e+02 2.370398825458314889e+02
3.518802378240603601e-01 1.243807101375235561e+03 3.981580618655993362e+02 2.001725124749570739e+02
3.923558586288135031e-01 1.098184893516201555e+03 3.367958340831972919e+02 1.648046019339177519e+02
4.374872563241952172e-01 9.795217826275201105e+02 2.883165630463552702e+02 1.368835912670919583e+02
4.878099695387512202e-01 8.806347447930326098e+02 2.493847642573244627e+02 1.145831925187316926e+02
5.439211381395319123e-01 7.927518051654494684e+02 2.162350679174774370e+02 9.584498748866474216e+01
6.064865890189676811e-01 7.164505765148976479e+02 1.889096024618811214e+02 8.066001522519306377e+01
6.762487369363893164e-01 6.502018462731579120e+02 1.666089544323169775e+02 6.853656246701625321e+01
7.540353941672404137e-01 5.902557025017819115e+02 1.477343485316354190e+02 5.857397082514933118e+01
8.407695934971151086e-01 5.360687947644975111e+02 1.319633952122481446e+02 5.054846670854217194e+01
9.374805411223435803e-01 4.863132513487613551e+02 1.186387682653235771e+02 4.406767768849815070e+01
1.045315829426528564e+00 4.397378306853370304e+02 1.071355459702141388e+02 3.877379678583989175e+01
1.165555054552403824e+00 3.956844270611937873e+02 9.700523569309650895e+01 3.440648177963172571e+01
1.299625000357985227e+00 3.538263025901451897e+02 8.791332727472699560e+01 3.076843926676853158e+01
1.449116568932995452e+00 3.140580914338963794e+02 7.957885403716916528e+01 2.768865775927591244e+01
1.615803658576671964e+00 2.764110836986566255e+02 7.178482649469223986e+01 2.502796479916856498e+01
1.801664213246928048e+00 2.410384994248811950e+02 6.439018332619234286e+01 2.267580425915608799e+01
2.008903693258128342e+00 2.081344094569969343e+02 5.731432753579667860e+01 2.054629919345411437e+01
2.239981245735629400e+00 1.779297663768358007e+02 5.054014342160879636e+01 1.857510565379848799e+01
2.497638885371206374e+00 1.506124500843026794e+02 4.409047161787019320e+01 1.671618493457455656e+01
2.784934031744384253e+00 1.263362410059960439e+02 3.802549831104137468e+01 1.494247998448423864e+01
3.105275789304232426e+00 1.051511832611081729e+02 3.241476587644217489e+01 1.324153755859527770e+01
3.462465400517639402e+00 8.695190474355734978e+01 2.732422040809151298e+01 1.161497204060188615e+01
3.860741352209485999e+00 7.152644710739239997e+01 2.279987131630358377e+01 1.007311983392729715e+01
4.304829670336041580e+00 5.858256079832570151e+01 1.885420894953114512e+01 8.632277354930270263e+00
4.799999999999999822e+00 4.779932603771979416e+01 1.547190965160632103e+01 7.309667048020857649e+00
