1.000000000230258569e-04 2.884454313281030977e+02 1.240700103365069680e+02 6.969067002706320579e+01
1.115026695290953366e-04 3.212996741679964430e+02 1.381465571600758722e+02 7.758872503949355348e+01
1.243284530925187648e-04 3.579365473030107410e+02 1.538254811363019314e+02 8.638274316812042741e+01
1.386295441504667143e-04 3.988023594100112632e+02 1.712907578640091231e+02 9.617461139705847017e+01
1.545756424481938766e-04 4.443979889466202167e+02 1.907477730770459061e+02 1.070778480007234066e+02
1.723559677317991945e-04 4.952850969517352837e+02 2.124257931516121403e+02 1.192189178032940475e+02
1.921815050694108094e-04 5.520872866736417564e+02 2.365802192520414451e+02 1.327385461868308596e+02
2.142875084442451923e-04 6.154987837889136699e+02 2.634957547198080761e+02 1.477933744055391116e+02
2.389362923277018713e-04 6.862930338481958188e+02 2.934897086911655606e+02 1.645577463725126393e+02
2.664203443578849946e-04 7.653029742472274393e+02 3.269117220359286193e+02 1.832246596429258432e+02
2.970657960592480913e-04 8.534275027198949601e+02 3.641474940282261059e+02 2.040078679833593753e+02
3.312362927876497001e-04 9.516460565583391826e+02 4.056236538755043739e+02 2.271443619603997774e+02
3.693373088223966556e-04 1.060971251288450958e+03 4.518000285041772486e+02 2.528931561300940700e+02
4.118209588090659132e-04 1.182439901632494184e+03 5.031711498396781508e+02 2.815370806597666729e+02
4.591913626466918256e-04 1.317132940901978145e+03 5.602739619821684300e+02 3.133864796633463357e+02
5.120106274801957584e-04 1.466174516738579541e+03 6.236771168761205217e+02 3.487746300991580597e+02
5.709055177816341068e-04 1.630721902410922212e+03 6.939777690701969277e+02 3.880574192812564434e+02
6.365748926688486646e-04 1.811951887113551493e+03 7.718083855482462923e+02 4.316181651651051538e+02
7.097979987143026312e-04 2.011201763857848846e+03 8.578484264365681611e+02 4.798653579367287989e+02
7.914437166483044659e-04 2.230031582336840529e+03 9.528283300739162769e+02 5.332313276095096626e+02
8.824808716799498404e-04 2.470125014160091723e+03 1.057519440482435130e+03 5.921736867294135891e+02
9.839897297802024153e-04 2.733392561476716310e+03 1.172759907868101209e+03 6.571793891742984215e+02
1.097174816344422205e-03 3.022050195418009480e+03 1.299471746203448220e+03 7.287665273926664895e+02
1.223379209343287413e-03 3.338565136163027091e+03 1.438639487450886691e+03 8.074784980207451781e+02
1.364100476567608111e-03 3.685492954567577726e+03 1.591281940163761192e+03 8.938742269146023318e+02
1.521008446081769522e-03 4.065342309629307692e+03 1.758427347573297311e+03 9.885184532415460126e+02
1.695965020753673102e-03 4.480743699696436124e+03 1.941131472108772186e+03 1.091982128446003799e+03
1.891046271984591709e-03 4.934148134516312894e+03 2.140382514187611832e+03 1.204799374229718524e+03
2.108567074807741158e-03 5.427460544812391163e+03 2.356987755803974778e+03 1.327416575853964559e+03
2.351108576680822643e-03 5.962286922287056768e+03 2.591633832775805786e+03 1.460212044016714799e+03
2.621548825923003187e-03 6.539741013837211540e+03 2.844797195229872614e+03 1.603448214015345229e+03
2.923096923239734257e-03 7.160142742513997291e+03 3.116612130623968369e+03 1.757203431445309207e+03
3.259331101584665453e-03 7.823052965361879615e+03 3.406891885375860511e+03 1.921379695648937513e+03
3.634241186222156913e-03 8.527115648951232288e+03 3.715065263183703337e+03 2.095659850820187330e+03
4.052275938830490927e-03 9.269842154203401151e+03 4.040088781251838100e+03 2.279446053544058941e+03
4.518395847440812539e-03 1.004752513760573856e+04 4.380411405947105777e+03 2.471850473256069108e+03
5.038131988628217865e-03 1.085483325486577996e+04 4.733707727193678693e+03 2.671672083286864108e+03
5.617651660426248826e-03 1.168531137799424141e+04 5.097095554529532819e+03 2.877212586025708788e+03
6.263831564778516575e-03 1.253033717247921595e+04 5.466886610782168646e+03 3.086395483737320774e+03
6.984339407925946493e-03 1.338017499784775100e+04 5.838863768090564918e+03 3.296860009778532913e+03
7.787724887016851671e-03 1.421973263133387991e+04 6.206469596978461595e+03 3.504919423412573906e+03
8.683521142606049834e-03 1.503188340246773805e+04 6.562225684523900782e+03 3.706344372363275397e+03
9.682357880899711625e-03 1.579709929537290736e+04 6.897617678147957122e+03 3.896332993274661021e+03
1.079608750807801998e-02 1.649830770225801461e+04 7.205213595119320416e+03 4.070702423823677691e+03
1.203792577343234388e-02 1.711033462644603060e+04 7.473999412647362078e+03 4.223231960047290158e+03
1.342260859021738965e-02 1.760635514338579014e+04 7.692232742398214214e+03 4.347270463042879783e+03
1.496656689508787767e-02 1.795931973709880549e+04 7.848088127860760324e+03 4.436129028945042592e+03
1.668812162103823840e-02 1.814094737017649095e+04 7.929215831486071693e+03 4.482819566056268741e+03
1.860770109743517184e-02 1.812461439513289952e+04 7.923872246292341515e+03 4.480671634732996608e+03
2.074808345685756270e-02 1.788854211333504645e+04 7.822447043269772621e+03 4.424181017966951003e+03
2.313466692519383291e-02 1.741956689140533490e+04 7.619147366919029082e+03 4.310060622352935752e+03
2.579577120231610690e-02 1.671771981975492236e+04 7.313844978631758750e+03 4.138205656264464778e+03
2.876297350957714855e-02 1.580175016016431982e+04 6.914579424030687733e+03 3.913089432716522424e+03
3.207148329174031032e-02 1.471397349461891827e+04 6.439767811900022934e+03 3.645095530951340606e+03
3.576056001963404812e-02 1.352054141753880867e+04 5.918279478178131285e+03 3.350554997751783958e+03
3.987397905126498221e-02 1.230593728000229930e+04 5.387025169121018735e+03 3.050329983061631083e+03
4.446055107939526907e-02 1.115938301907395180e+04 4.885057139884550452e+03 2.766542201765210393e+03
4.957470132945773766e-02 1.015388464296406892e+04 4.444357843277750362e+03 2.517315282359234061e+03
5.527711538069327024e-02 9.320252944013172964e+03 4.078440551874765333e+03 2.310324196175024099e+03
6.163545927395905344e-02 8.624148670234413657e+03 3.772253174210591169e+03 2.137059437834597702e+03
6.872518245115814828e-02 7.967292765820325258e+03 3.482661586528289263e+03 1.973089282917420860e+03
7.663041305413779980e-02 7.196184018824639679e+03 3.142260530834804740e+03 1.780202060531596317e+03
8.544495620686157200e-02 6.254082052743430722e+03 2.726047109919208651e+03 1.544209728344634414e+03
9.527340712667957401e-02 5.243979149437423985e+03 2.279148892215451724e+03 1.290681525115460545e+03
1.062323922731101822e-01 4.393933800211748348e+03 1.901667390012485384e+03 1.076378405615179872e+03
1.184519532618636822e-01 3.842827288618148486e+03 1.654638975615124536e+03 9.359269228594937431e+02
1.320770899659224340e-01 3.463540067355650990e+03 1.482318328825087974e+03 8.377244493649155856e+02
1.472694811144383831e-01 2.992224459725499855e+03 1.268931055516902688e+03 7.161029539291324681e+02
1.642094028064348954e-01 2.443367596765110648e+03 1.020974246734528379e+03 5.747371564934470598e+02
1.830978677048002712e-01 2.075671809119821773e+03 8.523476399747823962e+02 4.782396121819628547e+02
2.041590102946942431e-01 1.839683677567605855e+03 7.416138615382138823e+02 4.144567898370600005e+02
2.276427465103479653e-01 1.540763397061028854e+03 6.036946894442245366e+02 3.351439539716480454e+02
2.538277392899435103e-01 1.317279966075187758e+03 4.996372087934757928e+02 2.749507853691831656e+02
2.830247052484705095e-01 1.149796266125539660e+03 4.211836995446740275e+02 2.292291147744356863e+02
3.155801017062329072e-01 9.853364810540290364e+02 3.452968898122462633e+02 1.849636627209912092e+02
3.518802378240603601e-01 8.653926005996972890e+02 2.901749563089693424e+02 1.525244783203830536e+02
3.923558586288135031e-01 7.575593238591039835e+02 2.416466402887551794e+02 1.239431363750598791e+02
4.374872563241952172e-01 6.702673621563347979e+02 2.032436124299094331e+02 1.012656333100903652e+02
4.878099695387512202e-01 5.976094782327221537e+02 1.722214986358625879e+02 8.296841785453746354e+01
5.439211381395319123e-01 5.360492507093016457e+02 1.469249311105295135e+02 6.813337697607084920e+01
6.064865890189676811e-01 4.839356744916035495e+02 1.265003820249726374e+02 5.627297133091292380e+01
6.762487369363893164e-01 4.392283526811065713e+02 1.099648472513497950e+02 4.681632645077579014e+01
7.540353941672404137e-01 4.002119299620236461e+02 9.651356773455866289e+01 3.928848059474895393e+01
8.407695934971151086e-01 3.654808334279127280e+02 8.549643296330860665e+01 3.330015110446286286e+01
9.374805411223435803e-01 3.338703164343954199e+02 7.637254091894041608e+01 2.852733206375924979e+01
1.045315829426528564e+00 3.044944652081335903e+02 6.871563811388818976e+01 2.471211894171486989e+01
1.165555054552403824e+00 2.766752424708151921e+02 6.216726697911686017e+01 2.164133250734570524e+01
1.299625000357985227e+00 2.499661165281091542e+02 5.644479862491090216e+01 1.914731459515247991e+01
1.449116568932995452e+00 2.241521270122746614e+02 5.131934798059526770e+01 1.709261045233922971e+01
1.615803658576671964e+00 1.992010013855172303e+02 4.661662716807424545e+01 1.537025153540671063e+01
1.801664213246928048e+00 1.752604001676222083e+02 4.220696185500391806e+01 1.389360305657715955e+01
2.008903693258128342e+00 1.525528547938780832e+02 3.800357216699617169e+01 1.259602727020581980e+01
2.239981245735629400e+00 1.313592643407291405e+02 3.395951633387154800e+01 1.142562505171595433e+01
2.497638885371206374e+00 1.119180658375044999e+02 3.006081544574142939e+01 1.034442380755287871e+01
2.784934031744384253e+00 9.441764015813144795e+01 2.632421892052999723e+01 9.326348684609227391e+00
3.105275789304232426e+00 7.894554283255627070e+01 2.278263395847584150e+01 8.355412427042217871e+00
3.462465400517639402e+00 6.550377275355005224e+01 1.948106648440086630e+01 7.424843100088263093e+00
3.860741352209485999e+00 5.400035621679810305e+01 1.646055712431375539e+01 6.534464655206389416e+00
4.304829670336041580e+00 4.427730601661649246e+01 1.375559470771729487e+01 5.689790641064009336e+00
4.799999999999999822e+00 3.613988367552281034e+01 1.138140114532344249e+01 4.898496296234594816e+00
