1.000000000230258569e-04 2.218742006026222100e+02 9.325285610540957748e+01 5.097910617280292200e+01
1.115026695290953366e-04 2.473636925727921323e+02 1.039815425695462210e+02 5.684575883005447139e+01
1.243284530925187648e-04 2.757676556467147861e+02 1.159422331201005960e+02 6.338664246105233246e+01
1.386295441504667143e-04 3.074150402901914845e+02 1.292755467839517109e+02 7.067889801637046787e+01
1.545756424481938766e-04 3.426711161051735530e+02 1.441379860306261946e+02 7.880842458227080272e+01
1.723559677317991945e-04 3.819414144512695657e+02 1.607036276733898319e+02 8.787081835575781952e+01
1.921815050694108094e-04 4.256763083242891526e+02 1.791657144792686722e+02 9.797225032006852530e+01
2.142875084442451923e-04 4.743756570321129971e+02 1.997389012987852368e+02 1.092307216781319710e+02
2.389362923277018713e-04 5.285946847998317253e+02 2.226616016010619887e+02 1.217773476161183055e+02
2.664203443578849946e-04 5.889539557316419405e+02 2.481981435369905000e+02 1.357573950257348656e+02
2.970657960592480913e-04 6.561451748581753236e+02 2.766416584982090967e+02 1.513319216102868552e+02
3.312362927876497001e-04 7.309387236252008506e+02 3.083171292817912104e+02 1.686794337179723584e+02
3.693373088223966556e-04 8.141985602840255751e+02 3.435839501321402736e+02 1.879968196465190431e+02
4.118209588090659132e-04 9.068916836409823645e+02 3.828396296854036223e+02 2.095014032617349073e+02
4.591913626466918256e-04 1.010096445688850963e+03 4.265235192370089408e+02 2.334330213099323998e+02
5.120106274801957584e-04 1.124999408878175018e+03 4.751175594786591887e+02 2.600541242223789595e+02
5.709055177816341068e-04 1.252910182444762086e+03 5.291507233021794718e+02 2.896520470073461411e+02
6.365748926688486646e-04 1.395276405528922623e+03 5.892036049083291118e+02 3.225414855496475184e+02
7.097979987143026312e-04 1.553638648839906409e+03 6.559018110317159653e+02 3.590619578033193875e+02
7.914437166483044659e-04 1.729638534313605987e+03 7.299191867036679469e+02 3.995794287074427302e+02
8.824808716799498404e-04 1.925046934541244354e+03 8.119843523307742998e+02 4.444892968351661580e+02
9.839897297802024153e-04 2.141711474053443453e+03 9.028672150652357686e+02 4.942105566384387885e+02
1.097174816344422205e-03 2.381544817867627444e+03 1.003377065446382062e+03 5.491850545117855518e+02
1.223379209343287413e-03 2.646543168819058337e+03 1.114368415143518405e+03 6.098800501755379173e+02
1.364100476567608111e-03 2.938768916016649655e+03 1.236723172332001468e+03 6.767789709153250897e+02
1.521008446081769522e-03 3.260329814673881174e+03 1.371340806552087088e+03 7.503764582178686169e+02
1.695965020753673102e-03 3.613353812481860587e+03 1.519137621381751387e+03 8.311781562812406037e+02
1.891046271984591709e-03 3.999920601424995766e+03 1.681006524654920440e+03 9.196767459358296719e+02
2.108567074807741158e-03 4.422004588329722537e+03 1.857788390139271996e+03 1.016335586057155638e+03
2.351108576680822643e-03 4.881446066680769036e+03 2.050269761192631904e+03 1.121589278074791082e+03
2.621548825923003187e-03 5.379788875820259818e+03 2.259108654452093106e+03 1.235800955279414893e+03
2.923096923239734257e-03 5.918142502758852061e+03 2.484772232204647935e+03 1.359226749502553957e+03
3.259331101584665453e-03 6.497170790054516146e+03 2.727536466269851189e+03 1.492017320639833315e+03
3.634241186222156913e-03 7.116835388564089044e+03 2.987386362642317636e+03 1.634163864408377322e+03
4.052275938830490927e-03 7.776151082654682796e+03 3.263919513684925278e+03 1.785445692143603765e+03
4.518395847440812539e-03 8.473201887462839295e+03 3.556343191646580181e+03 1.945427983158620236e+03
5.038131988628217865e-03 9.204703117075558112e+03 3.863267093315238526e+03 2.113354507332661342e+03
5.617651660426248826e-03 9.965704148044040267e+03 4.182605799697063048e+03 2.288087185300127658e+03
6.263831564778516575e-03 1.074954190060480869e+04 4.511571762581800613e+03 2.468092554138939249e+03
6.984339407925946493e-03 1.154739339986473351e+04 4.846451337060337210e+03 2.651350174796527881e+03
7.787724887016851671e-03 1.234804795063534584e+04 5.182526125180133931e+03 2.835263571436606981e+03
8.683521142606049834e-03 1.313757978546812410e+04 5.513971483922243351e+03 3.016646059029249045e+03
9.682357880899711625e-03 1.389913910246638807e+04 5.833677668101874588e+03 3.191615987905329803e+03
1.079608750807801998e-02 1.461265857379349291e+04 6.133254159331444498e+03 3.355567558385404482e+03
1.203792577343234388e-02 1.525470757530748597e+04 6.402864416868284934e+03 3.503146872980113130e+03
1.342260859021738965e-02 1.579896051500996327e+04 6.631380153120135219e+03 3.628241268059890899e+03
1.496656689508787767e-02 1.621641892121325509e+04 6.806678758971867865e+03 3.724201609403588463e+03
1.668812162103823840e-02 1.647653062018191122e+04 6.915898923802308673e+03 3.784011662991022604e+03
1.860770109743517184e-02 1.654914418508004019e+04 6.946379330369851232e+03 3.800730398417407287e+03
2.074808345685756270e-02 1.640749388836225626e+04 6.886872059868221186e+03 3.768205515833865775e+03
2.313466692519383291e-02 1.603255878200585539e+04 6.729375684201160766e+03 3.682054961601940704e+03
2.579577120231610690e-02 1.541862235466802667e+04 6.471474289684482756e+03 3.540957663352278360e+03
2.876297350957714855e-02 1.457945562223370689e+04 6.118938734687806573e+03 3.348067060738855616e+03
3.207148329174031032e-02 1.355361431803570667e+04 5.687932468621268526e+03 3.112227714384902356e+03
3.576056001963404812e-02 1.240639725814865596e+04 5.205852769286958392e+03 2.848429921551644838e+03
3.987397905126498221e-02 1.122560195867927723e+04 4.709538300787814478e+03 2.576830370268891784e+03
4.446055107939526907e-02 1.010873472750191468e+04 4.239902362175510461e+03 2.319815788037574293e+03
4.957470132945773766e-02 9.141585307706624008e+03 3.832933167731846424e+03 2.097077430578108761e+03
5.527711538069327024e-02 8.371019880871906935e+03 3.508273335890159615e+03 1.919362388646670070e+03
6.163545927395905344e-02 7.777259482649265010e+03 3.257579066597765632e+03 1.782103397249710724e+03
6.872518245115814828e-02 7.265604771432394045e+03 3.041045473440288788e+03 1.663515301426616588e+03
7.663041305413779980e-02 6.661420518291057306e+03 2.785302760220456548e+03 1.523446708800854594e+03
8.544495620686157200e-02 5.849508662400388857e+03 2.441929619114962406e+03 1.335396716429609569e+03
9.527340712667957401e-02 4.883652429640742412e+03 2.033452511501776144e+03 1.111684910661566391e+03
1.062323922731101822e-01 4.006702123099942128e+03 1.661790383092782349e+03 9.080763546696751973e+02
1.184519532618636822e-01 3.441288325588352109e+03 1.420366210456076487e+03 7.756836937149604410e+02
1.320770899659224340e-01 3.138096977324739782e+03 1.288470140397194200e+03 7.031669237121291189e+02
1.472694811144383831e-01 2.787939719881620931e+03 1.136332074724008635e+03 6.195074505475704427e+02
1.642094028064348954e-01 2.263791445050901530e+03 9.106893576271058919e+02 4.955510731007412915e+02
1.830978677048002712e-01 1.860180593608631625e+03 7.353638073039008987e+02 3.990489868658570458e+02
2.041590102946942431e-01 1.672942571425046253e+03 6.506813034951180725e+02 3.520555235667071656e+02
2.276427465103479653e-01 1.420160210299034816e+03 5.386788677245320969e+02 2.900320850072803864e+02
2.538277392899435103e-01 1.178330579321101595e+03 4.317161032006183632e+02 2.306907633995387243e+02
2.830247052484705095e-01 1.046554163891633152e+03 3.715295934564535401e+02 1.968733008144787107e+02
3.155801017062329072e-01 8.837455929694363022e+02 2.992915773525692771e+02 1.564309132357829526e+02
3.518802378240603601e-01 7.799300378718295406e+02 2.527163653821208982e+02 1.300143469834355017e+02
3.923558586288135031e-01 6.765172899142844471e+02 2.074784012741023957e+02 1.043777911905877147e+02
4.374872563241952172e-01 5.999894182950908998e+02 1.744486220184766978e+02 8.548875489442930586e+01
4.878099695387512202e-01 5.331996512373491441e+02 1.464294615638649475e+02 6.945686418159878883e+01
5.439211381395319123e-01 4.773452640614181064e+02 1.238197202241455557e+02 5.652865134683975867e+01
6.064865890189676811e-01 4.307715622952421768e+02 1.057870121680935256e+02 4.625831805532725127e+01
6.762487369363893164e-01 3.910757628875168166e+02 9.125350648491527750e+01 3.806040319915213388e+01
7.540353941672404137e-01 3.567721517342270090e+02 7.952929920525672003e+01 3.154862997978834116e+01
8.407695934971151086e-01 3.264338049403681339e+02 6.998593405893581121e+01 2.637054101639647996e+01
9.374805411223435803e-01 2.990886469494642483e+02 6.218541225476744216e+01 2.227084006733880628e+01
1.045315829426528564e+00 2.738898625031137044e+02 5.574249813075542903e+01 1.902440923582030052e+01
1.165555054552403824e+00 2.501309337030319568e+02 5.033129882904782448e+01 1.644386837087967379e+01
1.299625000357985227e+00 2.273341002920303993e+02 4.569358123738526700e+01 1.437972816612557203e+01
1.449116568932995452e+00 2.052105157847317969e+02 4.162584749730124400e+01 1.271498264046493709e+01
1.615803658576671964e+00 1.836609159053233782e+02 3.796569139496019574e+01 1.135466894118122028e+01
1.801664213246928048e+00 1.627244405176700184e+02 3.458661599024900113e+01 1.022346865102966085e+01
2.008903693258128342e+00 1.425825638861854259e+02 3.139770701430967037e+01 9.261790479440879409e+00
2.239981245735629400e+00 1.234758167348450968e+02 2.833775350061317511e+01 8.422921368488136551e+00
2.497638885371206374e+00 1.056739376768090608e+02 2.537551139946674184e+01 7.670943032409164530e+00
2.784934031744384253e+00 8.940649860329976661e+01 2.250253772915990780e+01 6.978668361813372023e+00
3.105275789304232426e+00 7.484251250256828314e+01 1.973292034857963628e+01 6.327123367557399902e+00
3.462465400517639402e+00 6.206059537792229719e+01 1.709294202532478835e+01 5.703851690656542850e+00
3.860741352209485999e+00 5.104814919817244601e+01 1.461881435481897640e+01 5.102849340478552875e+00
4.304829670336041580e+00 4.171525714724270983e+01 1.234483743562722147e+01 4.522701507073715099e+00
4.799999999999999822e+00 3.390367825360398513e+01 1.029980782658367566e+01 3.966206773294996157e+00
