1.000000000230258569e-04 3.972706128837575648e+02 1.693655322104969514e+02 9.172217846128411622e+01
1.122634227564673579e-04 4.454664217070073846e+02 1.900258173241258248e+02 1.029227553237772810e+02
1.260307608609534901e-04 4.994224024128416772e+02 2.131961164901573227e+02 1.154885130444959032e+02
1.414864458359461712e-04 5.598014047219618305e+02 2.391779597950970810e+02 1.295849285949608998e+02
1.588375267953347550e-04 6.273384190597622592e+02 2.683083210630186954e+02 1.453972875682321728e+02
1.783164441611049004e-04 7.028527054438452524e+02 3.009631112799254993e+02 1.631326589456290321e+02
2.001841435067871621e-04 7.872545598943030427e+02 3.375617518058007818e+02 1.830225576274667674e+02
2.247335712646909519e-04 8.815620048211367248e+02 3.785725463881419159e+02 2.053257627312801787e+02
2.522935991264941354e-04 9.869475487596259882e+02 4.245194352842960370e+02 2.303309563380197744e+02
2.832334297096662638e-04 1.104740331556286947e+03 4.759876419386893645e+02 2.583603463264557263e+02
3.179675425093897337e-04 1.236464514326425842e+03 5.336321948362024159e+02 2.897733043146588443e+02
3.569612463934728852e-04 1.383931494993285924e+03 5.981907172007840927e+02 3.249698936334664268e+02
4.007369130231864672e-04 1.549243775440747413e+03 6.704902387659651595e+02 3.643956693848883788e+02
4.498809747048478080e-04 1.734812910845075066e+03 7.514567912311024429e+02 4.085456067174714008e+02
5.050517804175268938e-04 1.943381036388932444e+03 8.421268017528051359e+02 4.579675658373483884e+02
5.669884152586394726e-04 2.178102843350309740e+03 9.436605456756304875e+02 5.132688865182010431e+02
6.365206014554368984e-04 2.442408268151442826e+03 1.057332457521818014e+03 5.751161361816947419e+02
7.145798135793877959e-04 2.739838247041255727e+03 1.184519222506897904e+03 6.442341018589501118e+02
8.022117568662883325e-04 3.074254924137417675e+03 1.326731200854996587e+03 7.214157572799977061e+02
9.005903758055168549e-04 3.449632344835855292e+03 1.485572638695193518e+03 8.075104672941392892e+02
1.011033580661806338e-03 3.869891102155296721e+03 1.662714695905314329e+03 9.034164600711025059e+02
1.135020902606864940e-03 4.339018579604986371e+03 1.859926542325918263e+03 1.010091364905309547e+03
1.274213313974418031e-03 4.861092843517769325e+03 2.079026276606181000e+03 1.128525593578594908e+03
1.430475479156914512e-03 5.440213538919556413e+03 2.321852840618505070e+03 1.259729629414411647e+03
1.605900734223756829e-03 6.080361402714624091e+03 2.590260483418044259e+03 1.404733545190488030e+03
1.802839129895710598e-03 6.785508395953057516e+03 2.886043448059673210e+03 1.564526677650557986e+03
2.023928913547812410e-03 7.559492146474776746e+03 3.210891214236648921e+03 1.740035460061726781e+03
2.272131871983379750e-03 8.405752215194135715e+03 3.566335227616913016e+03 1.932104472641811071e+03
2.550773008441800313e-03 9.326998570044353983e+03 3.953567222543776097e+03 2.141390130380778373e+03
2.863585085365514225e-03 1.032505778110707070e+04 4.373379274372496184e+03 2.368330200367150155e+03
3.214758629634808552e-03 1.140061704198254665e+04 4.826067874930213293e+03 2.613093515244012451e+03
3.608998070155939632e-03 1.255252700018567339e+04 5.311153429550291548e+03 2.875423111798811988e+03
4.051584759838999447e-03 1.377771120539674484e+04 5.827327147623903329e+03 3.154608204110418228e+03
4.548447726227339283e-03 1.507052336681138149e+04 6.372270984577769923e+03 3.449348679522665407e+03
5.106243098575769836e-03 1.642215064323900151e+04 6.942232069764807420e+03 3.757690209391746521e+03
5.732443275407110572e-03 1.782029432916488076e+04 7.532001227023753017e+03 4.076802840191231098e+03
6.435437027063155117e-03 1.924849015179556227e+04 8.134618907906815366e+03 4.402917353594052656e+03
7.224641874254610074e-03 2.068542920792171208e+04 8.741084511412873326e+03 4.731166446335337241e+03
8.110630248067678127e-03 2.210419934286438001e+04 9.340029780214705170e+03 5.055400412256281015e+03
9.105271121505569346e-03 2.347281975114138186e+04 9.917955306094998377e+03 5.368317373666941421e+03
1.022188900990466699e-02 2.474745862445138118e+04 1.045632638898800542e+04 5.659887574768570630e+03
1.147544247024383408e-02 2.588131169379754647e+04 1.093536589205050223e+04 5.919402952053029367e+03
1.288272449057868002e-02 2.682333660738764229e+04 1.133349318684961327e+04 6.135188387781323399e+03
1.446258745407916733e-02 2.751466288395219453e+04 1.162579657223467075e+04 6.293747279631924357e+03
1.623619569135818438e-02 2.789202328316207422e+04 1.178550148213107423e+04 6.380579824292559351e+03
1.822730900435978393e-02 2.789637734292267851e+04 1.178760542317387808e+04 6.382138050760911028e+03
2.046260095998037737e-02 2.747734190973314617e+04 1.161075550078328342e+04 6.286844491673929952e+03
2.297201621738221775e-02 2.660523059864784591e+04 1.124227111907990002e+04 6.087781740149709549e+03
2.578917167586586637e-02 2.528446535470604067e+04 1.068394172263459041e+04 5.785886840925071738e+03
2.895180681720203528e-02 2.356703081509665572e+04 9.957601842373926047e+03 5.392951835097103867e+03
3.250228927534733192e-02 2.156168446340112860e+04 9.109068695426301929e+03 4.933740662063654781e+03
3.648818240631140908e-02 1.943151698648543970e+04 8.207153007469201839e+03 4.445492570218023502e+03
4.096288246151627566e-02 1.737268869024523883e+04 7.334681540988121014e+03 3.973067759210950953e+03
4.598633390041809155e-02 1.557141319031600142e+04 6.570296060993703577e+03 3.559061428116713614e+03
5.162583242493973962e-02 1.414408665296406798e+04 5.963142480941165559e+03 3.230114373140702355e+03
5.795692649341043640e-02 1.307388320590095645e+04 5.506009189369272462e+03 2.982327228872195519e+03
6.506442939097074885e-02 1.217676070231232188e+04 5.120909280344569197e+03 2.773435566338542685e+03
7.304355541444980393e-02 1.110821779833012260e+04 4.661878386975958165e+03 2.524305045387830432e+03
8.200119539239680844e-02 9.639020403991342391e+03 4.031718105509532052e+03 2.182210660577484759e+03
9.205734862752627812e-02 7.920783599350555050e+03 3.294470956348812251e+03 1.781827670174382547e+03
1.033467304443183715e-01 6.474082777031714613e+03 2.670552942992951102e+03 1.442637444260333268e+03
1.160205768769771578e-01 5.659358276453608596e+03 2.312767702805281260e+03 1.247492828254467668e+03
1.302486706739022226e-01 5.187678090967800017e+03 2.099064146178483043e+03 1.130213631808427863e+03
1.462216157596530064e-01 4.434995678585682072e+03 1.765755923923868750e+03 9.478052176437250864e+02
1.641533906237988560e-01 3.541219196574847047e+03 1.372720832894718797e+03 7.327309105332085437e+02
1.842842148426375448e-01 3.091854278665027778e+03 1.168583328988307585e+03 6.198384246526001107e+02
2.068837671345900298e-01 2.747043033465562530e+03 1.010332552535917671e+03 5.316285694501240187e+02
2.322547980593316352e-01 2.257545573244864499e+03 7.932204917955862129e+02 4.113823762790723322e+02
2.607371857574901086e-01 2.009573155886705536e+03 6.808644393044112348e+02 3.479074786504983763e+02
2.927124890628471365e-01 1.720375792707895471e+03 5.542375192342799437e+02 2.768501785593810496e+02
3.286090589819373742e-01 1.521708015679579830e+03 4.683680942485225387e+02 2.281105361016234383e+02
3.689077770159973624e-01 1.329937503484120498e+03 3.880781490127586721e+02 1.827999062989046308e+02
4.141484971975938345e-01 1.185936896678799940e+03 3.299726267577308363e+02 1.499518580337472144e+02
4.649372781414354283e-01 1.058691869085055487e+03 2.807810988004148385e+02 1.224286728610256887e+02
5.219545019921476570e-01 9.500558798577702646e+02 2.410158914900422076e+02 1.004953845148413478e+02
5.859639890329354506e-01 8.568770318467030620e+02 2.091298171549793494e+02 8.326851465874879921e+01
6.578232300572349756e-01 7.749265730088756072e+02 1.832138166043219769e+02 6.966269558889740665e+01
7.384948735793578356e-01 7.012410427531771120e+02 1.619424588820370445e+02 5.891408136124250916e+01
8.290596217703356530e-01 6.335552798468404490e+02 1.442499368913564410e+02 5.040521408561993866e+01
9.307307078768926045e-01 5.701521903293942160e+02 1.292521742827610751e+02 4.362507234322281136e+01
1.044870149067508081e+00 5.099420223644470411e+02 1.162534871398981977e+02 3.817674256110569075e+01
1.173006992433692330e+00 4.523900117374817000e+02 1.047075164410611876e+02 3.374479349015863505e+01
1.316857798575541416e+00 3.974221385703273199e+02 9.418088882337387702e+01 3.007209840333210593e+01
1.478349637175967013e+00 3.453257336126947052e+02 8.436577504902356850e+01 2.695863516108428470e+01
1.659645902619409696e+00 2.965851400419595620e+02 7.506035478407885364e+01 2.424807509266978656e+01
1.863175295489004624e+00 2.517176534033145572e+02 6.616790501495842136e+01 2.182172475435490355e+01
2.091664358187257822e+00 2.111498596905139777e+02 5.767101173585954399e+01 1.959171570229567649e+01
2.348174000537423645e+00 1.751974702207347718e+02 4.962781961319745250e+01 1.749977425694061850e+01
2.636140504673786467e+00 1.439607258063307711e+02 4.212756396030312089e+01 1.551111569835619797e+01
2.959421558534973240e+00 1.173286333910397019e+02 3.528013833637235308e+01 1.361392028779093799e+01
3.322347934639153344e+00 9.499106376755312908e+01 2.916841204303021939e+01 1.181087067884494957e+01
3.729781506445900785e+00 7.648171251127507730e+01 2.384265796487284561e+01 1.011756332723430063e+01
4.187180379509764627e+00 6.129027632567810002e+01 1.930084761532011228e+01 8.552668168194006881e+00
4.700672009942531204e+00 4.890615734294285488e+01 1.549727132563034893e+01 7.135883706449852149e+00
5.277135289701610610e+00 3.886555658840442362e+01 1.235838172513009958e+01 5.879798325936735459e+00
5.924292698344328478e+00 3.075913965133406336e+01 9.796082142696548090e+00 4.789540121753807611e+00
6.650813755741415534e+00 2.424236659717702125e+01 7.723035164482447534e+00 3.861602342491436968e+00
7.466431161634059954e+00 1.902747867861078745e+01 6.057897723832600612e+00 3.085936062882408848e+00
8.382071177875818790e+00 1.487322633534225780e+01 4.729305168787285574e+00 2.447382913840106866e+00
9.410000000000001918e+00 1.157858269678386165e+01 3.675817159282232627e+00 1.928350240166695428e+00
