1.000000000230258569e-04 4.899515337199360943e+02 2.130062556885765446e+02 1.182391613690906382e+02
1.115026695290953366e-04 5.420990341279843960e+02 2.356720889528760381e+02 1.308195593116882947e+02
1.243284530925187648e-04 5.997969042283370982e+02 2.607487017263382540e+02 1.447375845636405813e+02
1.386295441504667143e-04 6.636355808898030091e+02 2.884921089301343500e+02 1.601351694214298220e+02
1.545756424481938766e-04 7.342673527870484804e+02 3.191851362174161295e+02 1.771690755200504839e+02
1.723559677317991945e-04 8.124131932146997315e+02 3.531403414470111102e+02 1.960125086944574662e+02
1.921815050694108094e-04 8.988697577895949280e+02 3.907030800087264879e+02 2.168568248043072231e+02
2.142875084442451923e-04 9.945143283928457549e+02 4.322540934837593340e+02 2.399130444370109103e+02
2.389362923277018713e-04 1.100313987543393523e+03 4.782134057183839104e+02 2.654139879506320199e+02
2.664203443578849946e-04 1.217334738927220769e+03 5.290443175999233745e+02 2.936164972029970954e+02
2.970657960592480913e-04 1.346743193043985229e+03 5.852553114221408350e+02 3.248027897653974492e+02
3.312362927876497001e-04 1.489817838133735449e+03 6.474049890706496626e+02 3.592831888133721350e+02
3.693373088223966556e-04 1.647961321284901942e+03 7.161073341324530475e+02 3.973990327581262250e+02
4.118209588090659132e-04 1.822698038512437734e+03 7.920314321015545147e+02 4.395230572478999420e+02
4.591913626466918256e-04 2.015685378093896134e+03 8.759068253170934213e+02 4.860624818608229134e+02
5.120106274801957584e-04 2.228729720774266752e+03 9.685305093330613317e+02 5.374628142478587733e+02
5.709055177816341068e-04 2.463791769344181830e+03 1.070764960472942448e+03 5.942061472939548139e+02
6.365748926688486646e-04 2.722996813075190403e+03 1.183542549527890515e+03 6.568137304539295656e+02
7.097979987143026312e-04 3.008647215691414658e+03 1.307873285372907276e+03 7.258507099595668706e+02
7.914437166483044659e-04 3.323218681537757220e+03 1.444839390083430089e+03 8.019210560839230766e+02
8.824808716799498404e-04 3.669366395286578154e+03 1.595596766646095602e+03 8.856678956849974611e+02
9.839897297802024153e-04 4.049938106051224622e+03 1.761382200266100881e+03 9.777786067581652105e+02
1.097174816344422205e-03 4.467920545232322183e+03 1.943490813098467470e+03 1.078971974403157219e+03
1.223379209343287413e-03 4.926417797237159903e+03 2.143266210461344599e+03 1.189992354185250633e+03
1.364100476567608111e-03 5.428678491388194743e+03 2.362110400272635616e+03 1.311614961647273958e+03
1.521008446081769522e-03 5.977924300217898235e+03 2.601416423690976899e+03 1.444611001022133451e+03
1.695965020753673102e-03 6.577234923370840988e+03 2.862522086865537403e+03 1.589723267747747514e+03
1.891046271984591709e-03 7.229616039942246971e+03 3.146732999660325277e+03 1.747676610801319612e+03
2.108567074807741158e-03 7.937741352836882470e+03 3.455212477270107229e+03 1.919117268758047658e+03
2.351108576680822643e-03 8.703718084438232836e+03 3.788881539513754433e+03 2.104557807768568182e+03
2.621548825923003187e-03 9.529148461059798137e+03 4.148443917556249289e+03 2.304390506373118569e+03
2.923096923239734257e-03 1.041483927567490537e+04 4.534258311125894579e+03 2.518817311422267721e+03
3.259331101584665453e-03 1.136048407096850678e+04 4.946198897815543205e+03 2.747773327018801865e+03
3.634241186222156913e-03 1.236467095959285325e+04 5.383659768888795043e+03 2.990928068964769864e+03
4.052275938830490927e-03 1.342457238004991814e+04 5.845421759075685259e+03 3.247606480594540699e+03
4.518395847440812539e-03 1.453561106082178958e+04 6.329516249944081210e+03 3.516721093970944821e+03
5.038131988628217865e-03 1.569124640836150320e+04 6.833104926132040418e+03 3.796716050890427141e+03
5.617651660426248826e-03 1.688266895762383137e+04 7.352361012177290831e+03 4.085459354455881567e+03
6.263831564778516575e-03 1.809831352988221261e+04 7.882273265156169145e+03 4.380180637410582676e+03
6.984339407925946493e-03 1.932339996206621800e+04 8.416429018664313844e+03 4.677323931985355557e+03
7.787724887016851671e-03 2.054179986293442198e+04 8.947818916985303076e+03 4.973007076391872943e+03
8.683521142606049834e-03 2.172511812519575687e+04 9.464102641761752238e+03 5.260382009022657257e+03
9.682357880899711625e-03 2.284657396264163617e+04 9.953611385066260482e+03 5.532964578636738224e+03
1.079608750807801998e-02 2.387022772479457853e+04 1.040069809934004661e+04 5.782063614074560974e+03
1.203792577343234388e-02 2.476354711270560801e+04 1.079119561932966099e+04 5.999812589336279416e+03
1.342260859021738965e-02 2.548374562178544511e+04 1.110644482681506088e+04 6.175838614200384654e+03
1.496656689508787767e-02 2.598174458264046189e+04 1.132499974661522901e+04 6.298194294050628741e+03
1.668812162103823840e-02 2.621104345362717868e+04 1.142656379973665207e+04 6.355581054773485448e+03
1.860770109743517184e-02 2.612594301411558627e+04 1.139117379273738698e+04 6.336873620970868615e+03
2.074808345685756270e-02 2.568865071594644178e+04 1.120221642967739172e+04 6.232779712909956288e+03
2.313466692519383291e-02 2.487812231953639275e+04 1.085036554336676272e+04 6.038025467420716268e+03
2.579577120231610690e-02 2.369868236733010053e+04 1.033740162685655741e+04 5.753575183325086073e+03
2.876297350957714855e-02 2.218955724305656986e+04 9.680232331523058747e+03 5.388769366625280782e+03
3.207148329174031032e-02 2.043145731621929372e+04 8.913872591883200585e+03 4.963022942463748223e+03
3.576056001963404812e-02 1.854635814073881193e+04 8.091426769196675195e+03 4.505858066917768156e+03
3.987397905126498221e-02 1.668433469558431898e+04 7.278310173826963364e+03 4.053691860533194358e+03
4.446055107939526907e-02 1.499607803981071447e+04 6.540259936511835804e+03 3.643127533968888201e+03
4.957470132945773766e-02 1.359337871515111146e+04 5.926099704076005764e+03 3.301389539185969170e+03
5.527711538069327024e-02 1.250936519289013268e+04 5.450303093865598385e+03 3.036575336114709444e+03
6.163545927395905344e-02 1.164729225271543328e+04 5.070557814933831651e+03 2.825127865664318961e+03
6.872518245115814828e-02 1.079404664146554205e+04 4.693597396645797744e+03 2.615058901314313516e+03
7.663041305413779980e-02 9.704136312979560898e+03 4.211893078466715451e+03 2.346389990822624895e+03
8.544495620686157200e-02 8.298728419465818661e+03 3.590762182220998056e+03 1.999732335850768777e+03
9.527340712667957401e-02 6.823488771080667902e+03 2.937620783516608753e+03 1.634964375244650910e+03
1.062323922731101822e-01 5.696290050525103652e+03 2.435440971121915027e+03 1.354159380416816930e+03
1.184519532618636822e-01 5.087235285498535632e+03 2.158869505525360182e+03 1.198994359008101583e+03
1.320770899659224340e-01 4.665908284568045929e+03 1.963518716482555647e+03 1.088927714479816586e+03
1.472694811144383831e-01 3.968943427223071467e+03 1.646715810391146988e+03 9.108447831772879226e+02
1.642094028064348954e-01 3.188360373846460334e+03 1.293089491421744924e+03 7.119760917518621000e+02
1.830978677048002712e-01 2.795697183246370969e+03 1.109567012387306249e+03 6.078234533676170486e+02
2.041590102946942431e-01 2.512597787105666612e+03 9.749275679615936951e+02 5.307754802612405456e+02
2.276427465103479653e-01 2.063899306406063715e+03 7.692224814941534987e+02 4.139300820423425193e+02
2.538277392899435103e-01 1.826800731155880158e+03 6.578628570324375460e+02 3.496695961998970574e+02
2.830247052484705095e-01 1.591386866311197764e+03 5.494203732732672734e+02 2.870795759236739286e+02
3.155801017062329072e-01 1.386403007326958914e+03 4.564242198861420547e+02 2.332439281262856525e+02
3.518802378240603601e-01 1.226336792832975789e+03 3.850420366714968736e+02 1.916926227332741348e+02
3.923558586288135031e-01 1.092007157743016933e+03 3.266481073962551136e+02 1.576877544964490596e+02
4.374872563241952172e-01 9.717452708530797736e+02 2.760542998864935385e+02 1.284074709208224476e+02
4.878099695387512202e-01 8.764970055708154177e+02 2.376648902030566148e+02 1.062986582541948337e+02
5.439211381395319123e-01 7.939724737010732269e+02 2.059507881263279216e+02 8.826772542676273758e+01
6.064865890189676811e-01 7.220354469323327748e+02 1.799202959749319177e+02 7.374391506046173106e+01
6.762487369363893164e-01 6.590673462001890357e+02 1.587262860563906486e+02 6.220367279921010351e+01
7.540353941672404137e-01 6.020527203750087892e+02 1.410383977279987562e+02 5.288976442114975640e+01
8.407695934971151086e-01 5.501950605775512031e+02 1.264235988832736268e+02 4.551237258491293858e+01
9.374805411223435803e-01 5.018960989542797506e+02 1.141040889096384348e+02 3.961723975401720566e+01
1.045315829426528564e+00 4.559600418119965752e+02 1.034546111579747674e+02 3.484643453573581695e+01
1.165555054552403824e+00 4.118222614294596156e+02 9.404567728153708117e+01 3.094692114679105543e+01
1.299625000357985227e+00 3.692363598015022603e+02 8.554574665233207043e+01 2.772039092599671406e+01
1.449116568932995452e+00 3.282200199574921271e+02 7.768103013682215874e+01 2.499704996976425875e+01
1.615803658576671964e+00 2.889686130802732009e+02 7.025590940535873585e+01 2.264512625376767119e+01
1.801664213246928048e+00 2.518338733781001224e+02 6.314798391641470232e+01 2.056118854803177953e+01
2.008903693258128342e+00 2.171791217054349090e+02 5.629696825584397857e+01 1.866736384838138463e+01
2.239981245735629400e+00 1.853518843855964917e+02 4.969947189592485159e+01 1.690616083180740858e+01
2.497638885371206374e+00 1.566142416379059625e+02 4.339110042747175555e+01 1.523876988126319176e+01
2.784934031744384253e+00 1.311407207959169341e+02 3.743865319844939421e+01 1.364301369115567830e+01
3.105275789304232426e+00 1.089450486644061158e+02 3.191565067356542329e+01 1.211008820382335927e+01
3.462465400517639402e+00 8.991177694700532186e+01 2.689414560862719128e+01 1.064279620856644293e+01
3.860741352209485999e+00 7.379934064817005890e+01 2.242066467866003521e+01 9.250879381318034334e+00
4.304829670336041580e+00 6.028979387646531052e+01 1.851614925430572711e+01 7.948769360492206282e+00
4.799999999999999822e+00 4.904878649130053958e+01 1.516821308254271372e+01 6.750639666002871131e+00
