1.000000000230258569e-04 9.005982316789450124e+02 4.224936568295558459e+02 2.392433898197271276e+02
1.115026695290953366e-04 1.004606725381071101e+03 4.713100852612690232e+02 2.668914892089566138e+02
1.243284530925187648e-04 1.120591415656073650e+03 5.257551700965974533e+02 2.977292589224828134e+02
1.386295441504667143e-04 1.249919855164103637e+03 5.864737484471572770e+02 3.321226575923251403e+02
1.545756424481938766e-04 1.394113555690438943e+03 6.541837096791967952e+02 3.704792267100809795e+02
1.723559677317991945e-04 1.554863676960336534e+03 7.296830349189742719e+02 4.132521078926484392e+02
1.921815050694108094e-04 1.734048192515582741e+03 8.138574306786007355e+02 4.609444013597947674e+02
2.142875084442451923e-04 1.933753546320774376e+03 9.076910618221838831e+02 5.141153219091424944e+02
2.389362923277018713e-04 2.156296676277999268e+03 1.012275722010855361e+03 5.733851989049965141e+02
2.664203443578849946e-04 2.404248847497292900e+03 1.128820033009830695e+03 6.394403455366081062e+02
2.970657960592480913e-04 2.680463425977585757e+03 1.258663557257189495e+03 7.130413543725620684e+02
3.312362927876497001e-04 2.988101395263513950e+03 1.403286986241831528e+03 7.950284499547166206e+02
3.693373088223966556e-04 3.330655445026141479e+03 1.564319836250693925e+03 8.863249286167269929e+02
4.118209588090659132e-04 3.711989774547107118e+03 1.743559616308489694e+03 9.879483791302719737e+02
4.591913626466918256e-04 4.136352092462994733e+03 1.942979010653985370e+03 1.101014659519053339e+03
5.120106274801957584e-04 4.608349614146876775e+03 2.164719665073001579e+03 1.226734206841634887e+03
5.709055177816341068e-04 5.133018397390122118e+03 2.411119333393541183e+03 1.366426923865631124e+03
6.365748926688486646e-04 5.715814642933061805e+03 2.684709752831695823e+03 1.521521291617263387e+03
7.097979987143026312e-04 6.362494441519344036e+03 2.988171917741218749e+03 1.693530923778392889e+03
7.914437166483044659e-04 7.079200711041101385e+03 3.324370460516540788e+03 1.884072522728813965e+03
8.824808716799498404e-04 7.872417007323432699e+03 3.696333909101401332e+03 2.094855299957379884e+03
9.839897297802024153e-04 8.748688207821869582e+03 4.107137459282072086e+03 2.327619060694885320e+03
1.097174816344422205e-03 9.714689774035265145e+03 4.559933061571948201e+03 2.584149500659281330e+03
1.223379209343287413e-03 1.077711651066465129e+04 5.057892867786234092e+03 2.866246084133934801e+03
1.364100476567608111e-03 1.194217187238301631e+04 5.603947169575048065e+03 3.175575603859065723e+03
1.521008446081769522e-03 1.321556294215311391e+04 6.200794973814615332e+03 3.513678692500775924e+03
1.695965020753673102e-03 1.460225712129864405e+04 6.850795367737257948e+03 3.881907216098425124e+03
1.891046271984591709e-03 1.610547122256313742e+04 7.555479020886410581e+03 4.281138046596913227e+03
2.108567074807741158e-03 1.772658510371435113e+04 8.315513449139369186e+03 4.711757161159689531e+03
2.351108576680822643e-03 1.946483875811149483e+04 9.130565145442102221e+03 5.173584943293732067e+03
2.621548825923003187e-03 2.131596317524510596e+04 9.998654735157821051e+03 5.665513065724515400e+03
2.923096923239734257e-03 2.327195803893722041e+04 1.091605263861545245e+04 6.185444802660355890e+03
3.259331101584665453e-03 2.532092383395773504e+04 1.187720262787779211e+04 6.730250939488349104e+03
3.634241186222156913e-03 2.744639980783302599e+04 1.287443108826398930e+04 7.295605432487546750e+03
4.052275938830490927e-03 2.962708255296314746e+04 1.389781011302242041e+04 7.875907254609118354e+03
4.518395847440812539e-03 3.183678077970700906e+04 1.493511360363468339e+04 8.464257202788725408e+03
5.038131988628217865e-03 3.404464154964793124e+04 1.597191688366626295e+04 9.052523730442397209e+03
5.617651660426248826e-03 3.621513963422335655e+04 1.699163293445948511e+04 9.631341634819737010e+03
6.263831564778516575e-03 3.830829948821759899e+04 1.797556598319331169e+04 1.019014102094498958e+04
6.984339407925946493e-03 4.027977116810288862e+04 1.890297817725003551e+04 1.071720025760730641e+04
7.787724887016851671e-03 4.208047740994689229e+04 1.975091709201766207e+04 1.119953575717422427e+04
8.683521142606049834e-03 4.365521041348749714e+04 2.049353876277414747e+04 1.162252580446698812e+04
9.682357880899711625e-03 4.496016738349344087e+04 2.111031284734205838e+04 1.197453969883282480e+04
1.079608750807801998e-02 4.588310906193567644e+04 2.154846607142842913e+04 1.222559250581224296e+04
1.203792577343234388e-02 4.636228768179999315e+04 2.177896246499246627e+04 1.235917184902062399e+04
1.342260859021738965e-02 4.635713923165636515e+04 2.178266733633427793e+04 1.236439982504498221e+04
1.496656689508787767e-02 4.580137556309880165e+04 2.152808008096081539e+04 1.222322109187545175e+04
1.668812162103823840e-02 4.463534644067117188e+04 2.098691554327601261e+04 1.191947303605341585e+04
1.860770109743517184e-02 4.283201698613064946e+04 2.014610562979452516e+04 1.144559950966172073e+04
2.074808345685756270e-02 4.040043965345415927e+04 1.900949197427839317e+04 1.080364466231017286e+04
2.313466692519383291e-02 3.739238884728428093e+04 1.760078340186177593e+04 1.000675580516743321e+04
2.579577120231610690e-02 3.392467560581359430e+04 1.597470047450991478e+04 9.085894785334834523e+03
2.876297350957714855e-02 3.017833636259801278e+04 1.421608822897621576e+04 8.089115017236081258e+03
3.207148329174031032e-02 2.639237386691245410e+04 1.243721260913766127e+04 7.080055736054257068e+03
3.576056001963404812e-02 2.283500411543887822e+04 1.076430778378121795e+04 6.130459497709172865e+03
3.987397905126498221e-02 1.975704268203674292e+04 9.315753050546551094e+03 5.307848462747269878e+03
4.446055107939526907e-02 1.733247358471118787e+04 8.173823246875433142e+03 4.659240628867558371e+03
4.957470132945773766e-02 1.559922103574320863e+04 7.356807261765497969e+03 4.195289915829791425e+03
5.527711538069327024e-02 1.440836944983294597e+04 6.794702753519532962e+03 3.876287953024338549e+03
6.163545927395905344e-02 1.342113200787461938e+04 6.327489762622210037e+03 3.611054212016260863e+03
6.872518245115814828e-02 1.213869918275580858e+04 5.718970036873939534e+03 3.264709837279282510e+03
7.663041305413779980e-02 1.030114879358312464e+04 4.845547184622703753e+03 2.766475046697168182e+03
8.544495620686157200e-02 8.168271045461136964e+03 3.829848723870663434e+03 2.186255333746875749e+03
9.527340712667957401e-02 6.414838776101575604e+03 2.991773049151869145e+03 1.706950662058143962e+03
1.062323922731101822e-01 5.487259463875972870e+03 2.543619721760815992e+03 1.450191105687444633e+03
1.184519532618636822e-01 5.103271079324112179e+03 2.352092110019304982e+03 1.339929130285648171e+03
1.320770899659224340e-01 4.476259941382848410e+03 2.044023685409764539e+03 1.162615608904362034e+03
1.472694811144383831e-01 3.469207027974198354e+03 1.554463077293405604e+03 8.809812774563404218e+02
1.642094028064348954e-01 2.832970490748955399e+03 1.240833799122538949e+03 6.997689401972603491e+02
1.830978677048002712e-01 2.603552512783908696e+03 1.120771507938399282e+03 6.291752134782457233e+02
2.041590102946942431e-01 2.156490790496227874e+03 8.983130589332611180e+02 4.997090877756987766e+02
2.276427465103479653e-01 1.793672868463993609e+03 7.172942264169458895e+02 3.938471102909396677e+02
2.538277392899435103e-01 1.606125958701753461e+03 6.212639396443946680e+02 3.366430461648610049e+02
2.830247052484705095e-01 1.351825064750258434e+03 4.955659216824852820e+02 2.625120659111240684e+02
3.155801017062329072e-01 1.206095086139363502e+03 4.231754571707976993e+02 2.190749611817071241e+02
3.518802378240603601e-01 1.052713467336806161e+03 3.492198410916530520e+02 1.750457672948659535e+02
3.923558586288135031e-01 9.409835652344692107e+02 2.965214284303910972e+02 1.435095559223377109e+02
4.374872563241952172e-01 8.455004651750460880e+02 2.528970415110568126e+02 1.175327279106730458e+02
4.878099695387512202e-01 7.643522695468285519e+02 2.173375909987190369e+02 9.655747985822245028e+01
5.439211381395319123e-01 6.962969717948045627e+02 1.890291190376557893e+02 8.008519318199401482e+01
6.064865890189676811e-01 6.377356351599042910e+02 1.661867145320383941e+02 6.706641990892491378e+01
6.762487369363893164e-01 5.862658643857437255e+02 1.476129911976144911e+02 5.677960351533828742e+01
7.540353941672404137e-01 5.397370427814835239e+02 1.322652851847375075e+02 4.860094130376579358e+01
8.407695934971151086e-01 4.967355262328758840e+02 1.194420696102666568e+02 4.210254983762194314e+01
9.374805411223435803e-01 4.560803726350945908e+02 1.085290295943040917e+02 3.691082816735752914e+01
1.045315829426528564e+00 4.168423836604039820e+02 9.900686820405951494e+01 3.271787972000100808e+01
1.165555054552403824e+00 3.784826435027372895e+02 9.047634859775784832e+01 2.928268791955656880e+01
1.299625000357985227e+00 3.407753380625230193e+02 8.263286999050072268e+01 2.641747626860461651e+01
1.449116568932995452e+00 3.038036760727264323e+02 7.525110178958027518e+01 2.397319136815022134e+01
1.615803658576671964e+00 2.678577945574754153e+02 6.817300039674127277e+01 2.183180993015216842e+01
1.801664213246928048e+00 2.334051488791506586e+02 6.131119157235454509e+01 1.990365688873044903e+01
2.008903693258128342e+00 2.009632392232126961e+02 5.463457571732931228e+01 1.812131175371922254e+01
2.239981245735629400e+00 1.710213277325247532e+02 4.816455271491594914e+01 1.643802058645490050e+01
2.497638885371206374e+00 1.439591262328833352e+02 4.195677408960952448e+01 1.482373035448305565e+01
2.784934031744384253e+00 1.199948932979724958e+02 3.609166716050570756e+01 1.326418348851785467e+01
3.105275789304232426e+00 9.918309221351354665e+01 3.065389490994068211e+01 1.175728992420046382e+01
3.462465400517639402e+00 8.140686226752914934e+01 2.571700042125464591e+01 1.031083289183606233e+01
3.860741352209485999e+00 6.643520661132762939e+01 2.133201243257225954e+01 8.938601126914937467e+00
4.304829670336041580e+00 5.395687212011482359e+01 1.751697243336917253e+01 7.656972834563679164e+00
4.799999999999999822e+00 4.363349356457165129e+01 1.426117725555537064e+01 6.481651334395331254e+00
