1.000000000230258569e-04 3.013548426568262357e+02 1.272519486022019919e+02 7.090408507064975652e+01
1.115026695290953366e-04 3.339551080460511230e+02 1.409684244402095601e+02 7.854092439034658923e+01
1.243284530925187648e-04 3.701159156895112687e+02 1.561665626200079373e+02 8.700063227633887664e+01
1.386295441504667143e-04 4.102352263995065300e+02 1.730073099236558392e+02 9.637195144807698455e+01
1.545756424481938766e-04 4.547567953007670667e+02 1.916692393905175891e+02 1.067532019197611390e+02
1.723559677317991945e-04 5.041736842943682859e+02 2.123503959838050434e+02 1.182532630627822101e+02
1.921815050694108094e-04 5.590345142627675159e+02 2.352704736747199661e+02 1.309927233160627793e+02
2.142875084442451923e-04 6.199494915103433641e+02 2.606731236404173728e+02 1.451051287510171051e+02
2.389362923277018713e-04 6.875828794867679790e+02 2.888271732266822482e+02 1.607379961633130279e+02
2.664203443578849946e-04 7.626597778825648675e+02 3.200294516451213553e+02 1.780543254940779150e+02
2.970657960592480913e-04 8.459762669899117782e+02 3.546080435593900120e+02 1.972343039772344468e+02
3.312362927876497001e-04 9.383689294164039438e+02 3.929201725853774292e+02 2.184756614713170961e+02
3.693373088223966556e-04 1.040713744666637012e+03 4.353546774500543961e+02 2.419953501377177361e+02
4.118209588090659132e-04 1.153943680028780591e+03 4.823371523241107184e+02 2.680319822313184659e+02
4.591913626466918256e-04 1.279026431845012667e+03 5.343236687118154578e+02 2.968443756791846795e+02
5.120106274801957584e-04 1.416954311152524724e+03 5.918007044577889246e+02 3.287125464546898002e+02
5.709055177816341068e-04 1.568751869962816727e+03 6.552920321512491455e+02 3.639412671489696436e+02
6.365748926688486646e-04 1.735548243455890542e+03 7.253597266681944120e+02 4.028580213663830705e+02
7.097979987143026312e-04 1.918604402504609197e+03 8.026048157816392177e+02 4.458128008431584703e+02
7.914437166483044659e-04 2.119260589019586405e+03 8.876683036055419507e+02 4.931815390874299396e+02
8.824808716799498404e-04 2.339048154833250010e+03 9.812460941173241054e+02 5.453667824128301618e+02
9.839897297802024153e-04 2.579764394534123767e+03 1.084098431570220555e+03 6.027980665280407493e+02
1.097174816344422205e-03 2.843402149844358973e+03 1.197040020738961175e+03 6.659321318779907415e+02
1.223379209343287413e-03 3.132103765614740951e+03 1.320935973717072557e+03 7.352497816163338484e+02
1.364100476567608111e-03 3.448132477728338017e+03 1.456698824582161023e+03 8.112526933844515042e+02
1.521008446081769522e-03 3.793942999976258307e+03 1.605292061586097361e+03 8.944640412441085573e+02
1.695965020753673102e-03 4.171968510356344268e+03 1.767673869945714614e+03 9.854039461625100103e+02
1.891046271984591709e-03 4.584377662884743586e+03 1.944733034294917161e+03 1.084561224276768598e+03
2.108567074807741158e-03 5.033281175085171526e+03 2.137329967751357799e+03 1.192406783918649808e+03
2.351108576680822643e-03 5.520505062882946731e+03 2.346209259602701877e+03 1.309347644486188756e+03
2.621548825923003187e-03 6.047245788527906370e+03 2.571872717184191515e+03 1.435661565339647041e+03
2.923096923239734257e-03 6.614219914256622360e+03 2.814627413629622424e+03 1.571518949957370523e+03
3.259331101584665453e-03 7.221464058817921796e+03 3.074494204277416884e+03 1.716931719600235056e+03
3.634241186222156913e-03 7.868000761144423450e+03 3.351056955253864089e+03 1.871670061518757848e+03
4.052275938830490927e-03 8.551863190665473667e+03 3.643484471893403679e+03 2.035274680540866711e+03
4.518395847440812539e-03 9.270061424768928191e+03 3.950498725724184624e+03 2.207017876613771477e+03
5.038131988628217865e-03 1.001768833183375864e+04 4.270143705351712924e+03 2.385853804990606022e+03
5.617651660426248826e-03 1.078912056642475000e+04 4.599881813523575147e+03 2.570356723393954780e+03
6.263831564778516575e-03 1.157674512262547250e+04 4.936536355686942443e+03 2.758739772922207067e+03
6.984339407925946493e-03 1.237114842692307320e+04 5.276120123266545306e+03 2.948790423615813779e+03
7.787724887016851671e-03 1.316093352030717870e+04 5.613792905437217996e+03 3.137814885328913533e+03
8.683521142606049834e-03 1.393252579003601750e+04 5.943783295936999821e+03 3.322594178163943525e+03
9.682357880899711625e-03 1.466984092168151255e+04 6.259250529305078999e+03 3.499312758638434389e+03
1.079608750807801998e-02 1.535709174216691099e+04 6.553474653737370318e+03 3.664223748039311886e+03
1.203792577343234388e-02 1.596339051642796403e+04 6.813287446293562425e+03 3.809966681472337768e+03
1.342260859021738965e-02 1.646650165561026370e+04 7.029195087428921397e+03 3.931230849601230148e+03
1.496656689508787767e-02 1.683926891659684406e+04 7.189604612616211853e+03 4.021535471048994623e+03
1.668812162103823840e-02 1.705829677288736275e+04 7.284505373469927690e+03 4.075275558830411683e+03
1.860770109743517184e-02 1.709344741389005139e+04 7.300985850312255934e+03 4.085207370554349836e+03
2.074808345685756270e-02 1.692048224812806075e+04 7.228642449101100283e+03 4.045497299931984344e+03
2.313466692519383291e-02 1.652384902271476312e+04 7.060783626300391006e+03 3.952380252153425772e+03
2.579577120231610690e-02 1.589897459350454665e+04 6.795336805763693519e+03 3.804653399752701262e+03
2.876297350957714855e-02 1.505974260659496940e+04 6.438121370585607110e+03 3.605507342331331984e+03
3.207148329174031032e-02 1.404267328935828482e+04 6.004681476639179891e+03 3.363617056048563882e+03
3.576056001963404812e-02 1.290832890671972018e+04 5.520791152131369927e+03 3.093370260373124893e+03
3.987397905126498221e-02 1.173740274730381680e+04 5.020866480412787496e+03 2.814007515762976709e+03
4.446055107939526907e-02 1.061934707521168639e+04 4.543123279265598285e+03 2.546926784200641123e+03
4.957470132945773766e-02 9.632892642812117629e+03 4.121249150754795664e+03 2.311026853168179059e+03
5.527711538069327024e-02 8.820728941837414823e+03 3.773523032355529267e+03 2.116570750712875451e+03
6.163545927395905344e-02 8.167822127322405322e+03 3.493523226362219702e+03 1.959983296469604738e+03
6.872518245115814828e-02 7.573533895490993928e+03 3.238084890049250589e+03 1.817057228086794566e+03
7.663041305413779980e-02 6.899585217358003320e+03 2.947811439101832548e+03 1.654439842027476288e+03
8.544495620686157200e-02 6.048148351420445579e+03 2.580576174304333108e+03 1.448441350180263953e+03
9.527340712667957401e-02 5.079888629077254336e+03 2.162275278760338551e+03 1.213567194231338135e+03
1.062323922731101822e-01 4.215751428485508768e+03 1.787758789839923338e+03 1.003097296644852122e+03
1.184519532618636822e-01 3.644499652446051186e+03 1.538218539505330000e+03 8.626944441066696072e+02
1.320770899659224340e-01 3.301430050179790669e+03 1.386001294407584282e+03 7.768586985918520895e+02
1.472694811144383831e-01 2.904035664501970587e+03 1.209722014733869855e+03 6.773501736319425390e+02
1.642094028064348954e-01 2.368942426200755108e+03 9.735959979593285425e+02 5.440242660585055319e+02
1.830978677048002712e-01 1.972847849650488797e+03 7.969209654471512749e+02 4.439895106797040967e+02
2.041590102946942431e-01 1.766153190432919928e+03 7.016265117840453058e+02 3.896019848337841722e+02
2.276427465103479653e-01 1.490163438111987034e+03 5.767955529099418754e+02 3.184764040920800312e+02
2.538277392899435103e-01 1.250141733520676780e+03 4.680178712560502845e+02 2.562838724009723137e+02
2.830247052484705095e-01 1.105345311634507652e+03 4.009858693659621736e+02 2.175089315359738578e+02
3.155801017062329072e-01 9.351060485364156420e+02 3.241443350381413211e+02 1.731965572503513044e+02
3.518802378240603601e-01 8.252126103678275513e+02 2.743265919724169635e+02 1.441096086220909172e+02
3.923558586288135031e-01 7.159613672237046558e+02 2.260028256985105770e+02 1.159524730904887804e+02
4.374872563241952172e-01 6.338120464008658246e+02 1.903003924127353628e+02 9.501447067319220707e+01
4.878099695387512202e-01 5.631799149298549310e+02 1.605020511811217432e+02 7.756621029819190483e+01
5.439211381395319123e-01 5.033531089734174770e+02 1.361572497854269841e+02 6.337156835619104811e+01
6.064865890189676811e-01 4.532558385882362586e+02 1.166848901848193805e+02 5.210611705519860237e+01
6.762487369363893164e-01 4.104620535323504669e+02 1.009605169050983591e+02 4.312920613858528895e+01
7.540353941672404137e-01 3.732546426315766439e+02 8.819333453840013703e+01 3.598134669632551663e+01
8.407695934971151086e-01 3.403818112536249032e+02 7.780548595967123049e+01 3.031964962342287606e+01
9.374805411223435803e-01 3.106096525149011995e+02 6.924232150797260488e+01 2.581474834878105185e+01
1.045315829426528564e+00 2.830684585978553969e+02 6.209377323599114362e+01 2.222303392367102859e+01
1.165555054552403824e+00 2.571227193038697010e+02 5.603712853250456050e+01 1.935113991104540432e+01
1.299625000357985227e+00 2.323105796807029435e+02 5.079204219002102860e+01 1.703377954632274793e+01
1.449116568932995452e+00 2.083719156705744808e+02 4.613891474961597083e+01 1.514170865753386153e+01
1.615803658576671964e+00 1.852628526200326178e+02 4.190636027975100575e+01 1.357049103171533488e+01
1.801664213246928048e+00 1.630727980396502517e+02 3.796760214829405555e+01 1.223925588252870256e+01
2.008903693258128342e+00 1.420171082676577043e+02 3.423383942141484226e+01 1.108282900401997217e+01
2.239981245735629400e+00 1.223300180971473736e+02 3.065153209899263587e+01 1.005158807837152324e+01
2.497638885371206374e+00 1.042515132736231038e+02 2.720097101092735414e+01 9.107988085333476036e+00
2.784934031744384253e+00 8.794970073046334846e+01 2.388684348891669629e+01 8.225451801622046588e+00
3.105275789304232426e+00 7.352376405417533078e+01 2.073598646180144911e+01 7.387149296578021662e+00
3.462465400517639402e+00 6.097548849139538873e+01 1.778319986650728524e+01 6.584122434649117395e+00
3.860741352209485999e+00 5.023053695346182934e+01 1.506803770391644370e+01 5.814686419966951014e+00
4.304829670336041580e+00 4.114869829483284747e+01 1.262064309953288266e+01 5.081690679709703673e+00
4.799999999999999822e+00 3.354839463705287983e+01 1.046098582470852634e+01 4.391720979376259493e+00
