1.000000000230258569e-04 2.337154503775131218e+02 1.005502656864373705e+02 5.642257345561576898e+01
1.115026695290953366e-04 2.609453839456315904e+02 1.122196295268449688e+02 6.296479560057904479e+01
1.243284530925187648e-04 2.913790401627951496e+02 1.252465210790198711e+02 7.026598369013743195e+01
1.386295441504667143e-04 3.254019033122171436e+02 1.397898088597756612e+02 7.841428323431406966e+01
1.545756424481938766e-04 3.634473443536136301e+02 1.560271251139770357e+02 8.750809301529164941e+01
1.723559677317991945e-04 4.060007316863965912e+02 1.741569702124872094e+02 9.765720823188259203e+01
1.921815050694108094e-04 4.536044793419055736e+02 1.944010970371305120e+02 1.089841063027808019e+02
2.142875084442451923e-04 5.068669870440247109e+02 2.170073914120657150e+02 1.216254621612482509e+02
2.389362923277018713e-04 5.664599972258357639e+02 2.422517453808175958e+02 1.357334719689482654e+02
2.664203443578849946e-04 6.331144978382158115e+02 2.704400380761138081e+02 1.514772972018114103e+02
2.970657960592480913e-04 7.076377419518425995e+02 3.019127875183461356e+02 1.690453082611864488e+02
3.312362927876497001e-04 7.908989815594339916e+02 3.370452408686955437e+02 1.886461647266685304e+02
3.693373088223966556e-04 8.838027355469558870e+02 3.762457384458938918e+02 2.105095296213220308e+02
4.118209588090659132e-04 9.873122925415420923e+02 4.199631650400819467e+02 2.348894898323208338e+02
4.591913626466918256e-04 1.102445790246015804e+03 4.686856894672515068e+02 2.620648778312119020e+02
5.120106274801957584e-04 1.230262569713886933e+03 5.229344036420868633e+02 2.923376249713851962e+02
5.709055177816341068e-04 1.371860955369283147e+03 5.832712081921140452e+02 3.260374195708193952e+02
6.365748926688486646e-04 1.528418837871274945e+03 6.503028322521801101e+02 3.635223674635087150e+02
7.097979987143026312e-04 1.701296996776453398e+03 7.246855781854882252e+02 4.051768234226314576e+02
7.914437166483044659e-04 1.891972126660685035e+03 8.071235850530500784e+02 4.514147900132172140e+02
8.824808716799498404e-04 2.102072981992313998e+03 8.983768749493738142e+02 5.026817513798160917e+02
9.839897297802024153e-04 2.333524905763793868e+03 9.992851305921210496e+02 5.594566002344619164e+02
1.097174816344422205e-03 2.588498213633640717e+03 1.110757515120403468e+03 6.222511343404013360e+02
1.223379209343287413e-03 2.869367365613596576e+03 1.233765768397614465e+03 6.916077890713052057e+02
1.364100476567608111e-03 3.178579609303433699e+03 1.369326686438121214e+03 7.680922626572468062e+02
1.521008446081769522e-03 3.518749987407825301e+03 1.518510866415660757e+03 8.522944721423370993e+02
1.695965020753673102e-03 3.892611636629858822e+03 1.682420072132863652e+03 9.448166214352856969e+02
1.891046271984591709e-03 4.302612457981730586e+03 1.862077217659175403e+03 1.046225217845372754e+03
2.108567074807741158e-03 4.751051322566384442e+03 2.058452271725283026e+03 1.157058100327351440e+03
2.351108576680822643e-03 5.240061618753778021e+03 2.272441273474341870e+03 1.277809846808310567e+03
2.621548825923003187e-03 5.771228577505530666e+03 2.504720407960575358e+03 1.408857215971865344e+03
2.923096923239734257e-03 6.345596541799538500e+03 2.755744100297116347e+03 1.550455503532299190e+03
3.259331101584665453e-03 6.963612938175756426e+03 3.025716541696775494e+03 1.702721237676014198e+03
3.634241186222156913e-03 7.624852290266897398e+03 3.314464124591408563e+03 1.865563708934318356e+03
4.052275938830490927e-03 8.327908571017394934e+03 3.621394979993698598e+03 2.038662311446067633e+03
4.518395847440812539e-03 9.070571885531877342e+03 3.945544496195670490e+03 2.221441557393156017e+03
5.038131988628217865e-03 9.848674175506834217e+03 4.285190946734990575e+03 2.413017175745802433e+03
5.617651660426248826e-03 1.065721821853468100e+04 4.638069269894616809e+03 2.612066805674136504e+03
6.263831564778516575e-03 1.148915400973303440e+04 5.001167836189117224e+03 2.816897675279353734e+03
6.984339407925946493e-03 1.233534589767701982e+04 5.370540792136380333e+03 3.025303405026449127e+03
7.787724887016851671e-03 1.318587479966415958e+04 5.741896599693222925e+03 3.234881560068476119e+03
8.683521142606049834e-03 1.402154215485269197e+04 6.106883440105664704e+03 3.440931652974456028e+03
9.682357880899711625e-03 1.482595391146077054e+04 6.458368093632366254e+03 3.639436794825548532e+03
1.079608750807801998e-02 1.557805601378177744e+04 6.787194119677222261e+03 3.825241703780200623e+03
1.203792577343234388e-02 1.625669009763949907e+04 7.084152429321249656e+03 3.993170203676366782e+03
1.342260859021738965e-02 1.683315634940170276e+04 7.336710926440841831e+03 4.136152019064639717e+03
1.496656689508787767e-02 1.727761139491970243e+04 7.531852417458658238e+03 4.246839123247979842e+03
1.668812162103823840e-02 1.755960899643953235e+04 7.656284709296072833e+03 4.317727990451160622e+03
1.860770109743517184e-02 1.764838273200417461e+04 7.696564755502970002e+03 4.341230037306296254e+03
2.074808345685756270e-02 1.751702052055439344e+04 7.640850471238076352e+03 4.310611798305392767e+03
2.313466692519383291e-02 1.714703442252623063e+04 7.481002629524600707e+03 4.221234081433180108e+03
2.579577120231610690e-02 1.653352570318257494e+04 7.214811568117444040e+03 4.071835269877250539e+03
2.876297350957714855e-02 1.569120859441986431e+04 6.848540356106481340e+03 3.865896798188578941e+03
3.207148329174031032e-02 1.465983512384528694e+04 6.399391527029437384e+03 3.613061135386162277e+03
3.576056001963404812e-02 1.350642274163227012e+04 5.896545078937592734e+03 3.329783931867902083e+03
3.987397905126498221e-02 1.231996625935889824e+04 5.378773871881028754e+03 3.037941370578021179e+03
4.446055107939526907e-02 1.119755964565327849e+04 4.888454007550220012e+03 2.761456000831140955e+03
4.957470132945773766e-02 1.022146488812476309e+04 4.461518604363878694e+03 2.520638244964702153e+03
5.527711538069327024e-02 9.430461756065113150e+03 4.114923821367371602e+03 2.325089549591629293e+03
6.163545927395905344e-02 8.797462526086474099e+03 3.836817805201495958e+03 2.168131538099002228e+03
6.872518245115814828e-02 8.197421043177660977e+03 3.572455454591129637e+03 2.018824020034864361e+03
7.663041305413779980e-02 7.473689038143824291e+03 3.253193261143951077e+03 1.838345804906401554e+03
8.544495620686157200e-02 6.536086553920777078e+03 2.839424105921261344e+03 1.604273720094685814e+03
9.527340712667957401e-02 5.486739678667915541e+03 2.375758841918587223e+03 1.341814777218577092e+03
1.062323922731101822e-01 4.589745421793320020e+03 1.977838028029271527e+03 1.116379391012927044e+03
1.184519532618636822e-01 4.028829312560077142e+03 1.726206733686372900e+03 9.735514442745173938e+02
1.320770899659224340e-01 3.679414138247209394e+03 1.566391328257331224e+03 8.825261437062064260e+02
1.472694811144383831e-01 3.218308864633223038e+03 1.356895471580745834e+03 7.632311305132985808e+02
1.642094028064348954e-01 2.627704278305489879e+03 1.090101327492398013e+03 6.113428390639002146e+02
1.830978677048002712e-01 2.234739795015988420e+03 9.096785785639533515e+02 5.081735238895169005e+02
2.041590102946942431e-01 2.013079715807355115e+03 8.044066257798516517e+02 4.473824003689958886e+02
2.276427465103479653e-01 1.694235552932798555e+03 6.571327296266864550e+02 3.626903873214255327e+02
2.538277392899435103e-01 1.452438196938264809e+03 5.445088084204252254e+02 2.975063305678643246e+02
2.830247052484705095e-01 1.285589244742614710e+03 4.658914584500251976e+02 2.515087678490277767e+02
3.155801017062329072e-01 1.103195351162244151e+03 3.820047670330819756e+02 2.025503533842078525e+02
3.518802378240603601e-01 9.797231301227319591e+02 3.253216458860696321e+02 1.690542318722077937e+02
3.923558586288135031e-01 8.611299078838680998e+02 2.722409213165936421e+02 1.377517535999419636e+02
4.374872563241952172e-01 7.671592735455953971e+02 2.312124832208177168e+02 1.134768484348532240e+02
4.878099695387512202e-01 6.881443400695293349e+02 1.978141388263472322e+02 9.376336454524471264e+01
5.439211381395319123e-01 6.202346747035439876e+02 1.702334885501433064e+02 7.760744901388889616e+01
6.064865890189676811e-01 5.624313311357506109e+02 1.478928267228508560e+02 6.467537831804509096e+01
6.762487369363893164e-01 5.124819347366452575e+02 1.297059564970466283e+02 5.433194986139838534e+01
7.540353941672404137e-01 4.685960871155211294e+02 1.148274347279885035e+02 4.607178502848485380e+01
8.407695934971151086e-01 4.291267881224663370e+02 1.025078224636680346e+02 3.944993801610064565e+01
9.374805411223435803e-01 3.929928636700431639e+02 9.223314800752440590e+01 3.415029946386967907e+01
1.045315829426528564e+00 3.592296248450071516e+02 8.352836061390473787e+01 2.988802472474998950e+01
1.165555054552403824e+00 3.271041420672230515e+02 7.600574999010734700e+01 2.643424687287847519e+01
1.299625000357985227e+00 2.961701185457859538e+02 6.935184087564046251e+01 2.360336591832407649e+01
1.449116568932995452e+00 2.661995384848164576e+02 6.332157806270682698e+01 2.125022864729474037e+01
1.615803658576671964e+00 2.371925432265795450e+02 5.772179047543958319e+01 1.925494686944817602e+01
1.801664213246928048e+00 2.092777926175252787e+02 5.241097737230075637e+01 1.752352182316530005e+01
2.008903693258128342e+00 1.827083387805984671e+02 4.729771009019559358e+01 1.598089703107942405e+01
2.239981245735629400e+00 1.577581683365443155e+02 4.233329990971889600e+01 1.456968090193302956e+01
2.497638885371206374e+00 1.347161155529601047e+02 3.751421014114273333e+01 1.324754571566178640e+01
2.784934031744384253e+00 1.138082811554245524e+02 3.286540385853783164e+01 1.198528961017123429e+01
3.105275789304232426e+00 9.521817488288208153e+01 2.844145329573629510e+01 1.076670584542691067e+01
3.462465400517639402e+00 7.900089367561720621e+01 2.430193753051753447e+01 9.585281892687167016e+00
3.860741352209485999e+00 6.509863864550831636e+01 2.051102363678615248e+01 8.444397516967566020e+00
4.304829670336041580e+00 5.335344238232283232e+01 1.711338100447850863e+01 7.352694055898303382e+00
4.799999999999999822e+00 4.352983988311081731e+01 1.413511352294538348e+01 6.323939157176948100e+00
