1.000000000230258569e-04 6.896368859570914083e+02 3.066931173896649057e+02 1.684789019288723182e+02
1.115026695290953366e-04 7.631364440795233577e+02 3.395338897551125683e+02 1.865405314076056982e+02
1.243284530925187648e-04 8.443567084115542229e+02 3.758738995186786269e+02 2.065337520122410808e+02
1.386295441504667143e-04 9.340789415260721853e+02 4.160807243692724455e+02 2.286635714137708817e+02
1.545756424481938766e-04 1.033158645388507239e+03 4.605595899795986270e+02 2.531564477480764026e+02
1.723559677317991945e-04 1.142538494189141375e+03 5.097565605586844413e+02 2.802620080435181649e+02
1.921815050694108094e-04 1.263257669662183389e+03 5.641623888150722905e+02 3.102552746971264241e+02
2.142875084442451923e-04 1.396457391523339311e+03 6.243172525266140838e+02 3.434395140887922935e+02
2.389362923277018713e-04 1.543424079862895042e+03 6.908174500957119335e+02 3.801485359976508676e+02
2.664203443578849946e-04 1.705618726105693895e+03 7.643216634448663171e+02 4.207494627849334279e+02
2.970657960592480913e-04 1.884672001679077994e+03 8.455557207805045437e+02 4.656463169473072412e+02
3.312362927876497001e-04 2.082452978608275771e+03 9.353244628766780124e+02 5.152829168120579197e+02
3.693373088223966556e-04 2.301130446724344438e+03 1.034523088294843774e+03 5.701462063329051944e+02
4.118209588090659132e-04 2.543170338555548369e+03 1.144141911413173375e+03 6.307707293163797431e+02
4.591913626466918256e-04 2.811321648268210083e+03 1.265271353695502967e+03 6.977402633844365027e+02
5.120106274801957584e-04 3.108612960538590869e+03 1.399108387198099535e+03 7.716897520979640603e+02
5.709055177816341068e-04 3.438449365871429563e+03 1.546972019661486456e+03 8.533120072002360530e+02
6.365748926688486646e-04 3.804434943501799353e+03 1.710277225918156319e+03 9.433512689615042746e+02
7.097979987143026312e-04 4.210131396411411515e+03 1.890498945555028513e+03 1.042593681040856154e+03
7.914437166483044659e-04 4.659304594339273535e+03 2.089216758340189699e+03 1.151880806382760511e+03
8.824808716799498404e-04 5.155776393851097055e+03 2.308069462852609377e+03 1.272091562551435118e+03
9.839897297802024153e-04 5.703134690390831565e+03 2.548671488268037137e+03 1.404109695273411489e+03
1.097174816344422205e-03 6.304860834823997720e+03 2.812661118811712186e+03 1.548842735344974926e+03
1.223379209343287413e-03 6.964295573844954561e+03 3.101652580494838276e+03 1.707192906196781450e+03
1.364100476567608111e-03 7.684582763729691578e+03 3.417135889396324728e+03 1.879997294186147883e+03
1.521008446081769522e-03 8.468509504581668807e+03 3.760486981980507608e+03 2.068042283974507427e+03
1.695965020753673102e-03 9.318384177459032799e+03 4.132890848950660256e+03 2.272014260928430303e+03
1.891046271984591709e-03 1.023594212060839891e+04 4.535190825136014610e+03 2.492392129178627783e+03
2.108567074807741158e-03 1.122214325136207299e+04 4.967876232087716744e+03 2.729458795302055023e+03
2.351108576680822643e-03 1.227689811536529305e+04 5.430971152743783932e+03 2.983245003739152253e+03
2.621548825923003187e-03 1.339861794284735879e+04 5.923806795806459377e+03 3.253404742185186933e+03
2.923096923239734257e-03 1.458415724732760464e+04 6.445007020394185929e+03 3.539207151493615584e+03
3.259331101584665453e-03 1.582860118860451985e+04 6.992407226557799731e+03 3.839483471767313404e+03
3.634241186222156913e-03 1.712486185667610698e+04 7.562918845748460626e+03 4.152521900403405198e+03
4.052275938830490927e-03 1.846361887408877374e+04 8.152473585961000026e+03 4.476051040308499068e+03
4.518395847440812539e-03 1.983307169224983954e+04 8.755926447041623760e+03 4.807283398549938283e+03
5.038131988628217865e-03 2.121869832667853916e+04 9.366841013388357169e+03 5.142774599571906947e+03
5.617651660426248826e-03 2.260322597851064711e+04 9.977605999533405338e+03 5.478323556805513363e+03
6.263831564778516575e-03 2.396632712023859131e+04 1.057927910408885327e+04 5.809026352678263720e+03
6.984339407925946493e-03 2.528419396735652117e+04 1.116138557671318813e+04 6.129142889135562655e+03
7.787724887016851671e-03 2.653563780317729834e+04 1.171461002734516478e+04 6.433584957239549112e+03
8.683521142606049834e-03 2.767167069896079556e+04 1.221733067896902503e+04 6.710469689510791795e+03
9.682357880899711625e-03 2.866463765096009956e+04 1.265731486712826154e+04 6.953068465699480839e+03
1.079608750807801998e-02 2.946796229233186750e+04 1.301401160714266371e+04 7.150095846381123010e+03
1.203792577343234388e-02 3.005257331943180907e+04 1.327454111264233325e+04 7.294480243394410536e+03
1.342260859021738965e-02 3.037111098368501553e+04 1.341788914712333462e+04 7.374632649900217984e+03
1.496656689508787767e-02 3.037798444268694220e+04 1.342383400228803839e+04 7.379411543236086800e+03
1.668812162103823840e-02 3.003725455290514583e+04 1.327640960333207840e+04 7.300015390954793475e+03
1.860770109743517184e-02 2.931909387006192628e+04 1.296230545845821143e+04 7.129087063054816099e+03
2.074808345685756270e-02 2.821043444549455307e+04 1.247547911041867155e+04 6.863135955192983602e+03
2.313466692519383291e-02 2.672291025229398656e+04 1.182099670452464852e+04 6.504872713989659132e+03
2.579577120231610690e-02 2.489976701610653981e+04 1.101773227017858517e+04 6.064607077566303815e+03
2.876297350957714855e-02 2.282203216483621145e+04 1.010126206776368053e+04 5.561794204474129401e+03
3.207148329174031032e-02 2.060899583186919335e+04 9.124157033210422014e+03 5.025271062091801468e+03
3.576056001963404812e-02 1.840882384459721652e+04 8.151915856867979528e+03 4.491112323256379568e+03
3.987397905126498221e-02 1.637550020235595184e+04 7.252660848250229719e+03 3.996826567996106405e+03
4.446055107939526907e-02 1.463424117605481479e+04 6.481922223902648511e+03 3.573056011405755271e+03
4.957470132945773766e-02 1.324095649937721646e+04 5.864571803260634624e+03 3.233568732294750589e+03
5.527711538069327024e-02 1.214616186148911584e+04 5.378751456859259633e+03 2.966377458458839101e+03
6.163545927395905344e-02 1.119070642243658949e+04 4.953867277284866759e+03 2.732585897235622269e+03
6.872518245115814828e-02 1.010814807817989640e+04 4.471548790912774166e+03 2.466882553470589301e+03
7.663041305413779980e-02 8.749023234131231220e+03 3.865229667422262537e+03 2.132488503611484703e+03
8.544495620686157200e-02 7.219775336132770462e+03 3.182034674259168696e+03 1.755377281180373302e+03
9.527340712667957401e-02 5.879001055355601238e+03 2.581320485836306034e+03 1.423546252396361297e+03
1.062323922731101822e-01 5.016414851949693002e+03 2.192056473109811122e+03 1.208280426835099661e+03
1.184519532618636822e-01 4.519927749069607671e+03 1.964593182671552768e+03 1.082215242000405169e+03
1.320770899659224340e-01 3.951031130304710587e+03 1.703997069598012104e+03 9.376631341456684368e+02
1.472694811144383831e-01 3.177994378768774368e+03 1.351814365173967417e+03 7.423048353267971606e+02
1.642094028064348954e-01 2.606750285837437787e+03 1.088991523027161747e+03 5.961491691167118461e+02
1.830978677048002712e-01 2.317258611168438620e+03 9.514551578360399162e+02 5.190772466679879926e+02
2.041590102946942431e-01 1.944907537033704784e+03 7.774456576979827105e+02 4.216977582327872938e+02
2.276427465103479653e-01 1.614009602971157847e+03 6.226797335431344891e+02 3.348362407507728449e+02
2.538277392899435103e-01 1.417348447184975839e+03 5.286616947949737551e+02 2.814668076686558038e+02
2.830247052484705095e-01 1.195028005796403704e+03 4.247533580570446929e+02 2.226173001790529042e+02
3.155801017062329072e-01 1.047642153972473579e+03 3.555601005754894572e+02 1.829845546391271398e+02
3.518802378240603601e-01 9.079433018468724867e+02 2.913454681089226597e+02 1.462172382656599723e+02
3.923558586288135031e-01 8.021922646141688347e+02 2.435090149459833810e+02 1.186560282858234672e+02
4.374872563241952172e-01 7.122484533205152957e+02 2.039587176018711148e+02 9.588943238474691100e+01
4.878099695387512202e-01 6.374587180220995606e+02 1.721967940725528763e+02 7.766054731719904680e+01
5.439211381395319123e-01 5.752145370718731101e+02 1.469334006908096910e+02 6.326345988228920447e+01
6.064865890189676811e-01 5.224110109930229555e+02 1.266837129663297361e+02 5.186893098318905970e+01
6.762487369363893164e-01 4.768210050085955345e+02 1.103890848526781525e+02 4.287448682190767357e+01
7.540353941672404137e-01 4.366168302680450211e+02 9.719262708017525654e+01 3.578606470482863955e+01
8.407695934971151086e-01 4.003158651797437528e+02 8.640346786323010519e+01 3.020204462723312488e+01
9.374805411223435803e-01 3.667321341681628155e+02 7.746213528417254679e+01 2.579371374430160557e+01
1.045315829426528564e+00 3.349609775138083592e+02 6.991486430414430231e+01 2.229784270020831727e+01
1.165555054552403824e+00 3.043861887033056632e+02 6.340467042511936313e+01 1.950579147669583335e+01
1.299625000357985227e+00 2.746481678725079973e+02 5.764477784396402171e+01 1.724990697112416171e+01
1.449116568932995452e+00 2.456409322334418448e+02 5.241714504452001933e+01 1.539961426916433851e+01
1.615803658576671964e+00 2.174748775226069029e+02 4.755819231653995871e+01 1.385062984514460105e+01
1.801664213246928048e+00 1.904110317780697699e+02 4.295606417669597477e+01 1.252285211879894788e+01
2.008903693258128342e+00 1.648079666261267278e+02 3.854314219831363886e+01 1.135361260741719924e+01
2.239981245735629400e+00 1.410212462143097412e+02 3.429095376470831269e+01 1.029639077534642766e+01
2.497638885371206374e+00 1.193637330837138535e+02 3.020368638605057043e+01 9.317361371482059340e+00
2.784934031744384253e+00 1.000269538006266288e+02 2.630804520245999001e+01 8.394091825036984034e+00
3.105275789304232426e+00 8.308639246535517486e+01 2.264560086561187902e+01 7.513749423978779873e+00
3.462465400517639402e+00 6.849103086947306451e+01 1.925991104884723981e+01 6.671132415929622361e+00
3.860741352209485999e+00 5.609839531953066682e+01 1.619044945431002702e+01 5.867241533405020526e+00
4.304829670336041580e+00 4.569822585820080008e+01 1.346145618410767852e+01 5.106795411424876363e+00
4.799999999999999822e+00 3.704682879823749886e+01 1.108192937949426771e+01 4.396836775966455946e+00
