1.000000000230258569e-04 4.050792267721785151e+02 1.729222549441602155e+02 9.672809209482144865e+01
1.115026695290953366e-04 4.488148765195138026e+02 1.915280861240526349e+02 1.071250990543249912e+02
1.243284530925187648e-04 4.973203642241427929e+02 2.121421431389494785e+02 1.186406454906870209e+02
1.386295441504667143e-04 5.511285173089431737e+02 2.349829984203818469e+02 1.313953323288199044e+02
1.545756424481938766e-04 6.108338246735872872e+02 2.602933293856146406e+02 1.455228091264310137e+02
1.723559677317991945e-04 6.770978418613501617e+02 2.883424576918989715e+02 1.611711411799664120e+02
1.921815050694108094e-04 7.506514371415026972e+02 3.194288663068138021e+02 1.785042288795029890e+02
2.142875084442451923e-04 8.323064946496217544e+02 3.538837462124689637e+02 1.977036113041430667e+02
2.389362923277018713e-04 9.229577470621012480e+02 3.920735449163362318e+02 2.189700910138125494e+02
2.664203443578849946e-04 1.023561195641628615e+03 4.343996192095889910e+02 2.425247020319719979e+02
2.970657960592480913e-04 1.135155529007386349e+03 4.813041257629720349e+02 2.686114088328558296e+02
3.312362927876497001e-04 1.258859986960438391e+03 5.332718889144626928e+02 2.974987489857829246e+02
3.693373088223966556e-04 1.395811873748616563e+03 5.908203866204231645e+02 3.294780534952554376e+02
4.118209588090659132e-04 1.547189966399268314e+03 6.545083019160992990e+02 3.648673969076565982e+02
4.591913626466918256e-04 1.714222707123297596e+03 7.249380497641831198e+02 4.040132700568929067e+02
5.120106274801957584e-04 1.898171150726496990e+03 8.027385264966422938e+02 4.472836583096234904e+02
5.709055177816341068e-04 2.100317866686859361e+03 8.885710029320849799e+02 4.950722825699187979e+02
6.365748926688486646e-04 2.321980913674349267e+03 9.831349711708847963e+02 5.478012340495744183e+02
7.097979987143026312e-04 2.564693510510317083e+03 1.087178579115562343e+03 6.059154101515637194e+02
7.914437166483044659e-04 2.830154101444894877e+03 1.201493561222790049e+03 6.698836131345572085e+02
8.824808716799498404e-04 3.120184217090339644e+03 1.326913498338765521e+03 7.402003047724581393e+02
9.839897297802024153e-04 3.436921891993667487e+03 1.464354380538237820e+03 8.173901915150768218e+02
1.097174816344422205e-03 3.782813575749860320e+03 1.614808140217923437e+03 9.020057179257601092e+02
1.223379209343287413e-03 4.160543217735044891e+03 1.779323122954847577e+03 9.946217727759454874e+02
1.364100476567608111e-03 4.572791732443566616e+03 1.958969451184809259e+03 1.095823990963969891e+03
1.521008446081769522e-03 5.022263166232980439e+03 2.154837144087752222e+03 1.206204669122425457e+03
1.695965020753673102e-03 5.511772205007262528e+03 2.368034881391639829e+03 1.326356355487330575e+03
1.891046271984591709e-03 6.043724031827806357e+03 2.599534236727890857e+03 1.456803457114085631e+03
2.108567074807741158e-03 6.620035252333505923e+03 2.850137733961637423e+03 1.597984374349997324e+03
2.351108576680822643e-03 7.242312344575278075e+03 3.120516726415469748e+03 1.750261575674662708e+03
2.621548825923003187e-03 7.911416893778953636e+03 3.411030331768529777e+03 1.913833349711389928e+03
2.923096923239734257e-03 8.627278273288404307e+03 3.721648075045358382e+03 2.088693670992650823e+03
3.259331101584665453e-03 9.388966523505932855e+03 4.051981142594268931e+03 2.274641206158480145e+03
3.634241186222156913e-03 1.019453062912471978e+04 4.401211827170104698e+03 2.471211250211637434e+03
4.052275938830490927e-03 1.104084407934264527e+04 4.768029205103780441e+03 2.677629810828675090e+03
4.518395847440812539e-03 1.192337466775314897e+04 5.150541025860681657e+03 2.892804345379418010e+03
5.038131988628217865e-03 1.283531047995029985e+04 5.545813346186438139e+03 3.115282405375206508e+03
5.617651660426248826e-03 1.376913498196245200e+04 5.950525873806742311e+03 3.343089331082234366e+03
6.263831564778516575e-03 1.471484048777248427e+04 6.360425349780470242e+03 3.573838034972116930e+03
6.984339407925946493e-03 1.566016377973600720e+04 6.770249100353014910e+03 3.804590107060741502e+03
7.787724887016851671e-03 1.659221337351165130e+04 7.174454378827530491e+03 4.032252576727177711e+03
8.683521142606049834e-03 1.748699398058665975e+04 7.562673794944816109e+03 4.250998061204921214e+03
9.682357880899711625e-03 1.832381174947163527e+04 7.925961287713905222e+03 4.455797374478414895e+03
1.079608750807801998e-02 1.908281688462627062e+04 8.255747738057092647e+03 4.641844784488223922e+03
1.203792577343234388e-02 1.973660592363954129e+04 8.540179531966823561e+03 4.802486533232057809e+03
1.342260859021738965e-02 2.025494222820390132e+04 8.766134962962607460e+03 4.930330128073313062e+03
1.496656689508787767e-02 2.060678313261350195e+04 8.920158837551007309e+03 5.017795026806657916e+03
1.668812162103823840e-02 2.076159395034139015e+04 8.989024861369909559e+03 5.057432522260447513e+03
1.860770109743517184e-02 2.068957935336048831e+04 8.959775120890104517e+03 5.041935959630058278e+03
2.074808345685756270e-02 2.036669743810497675e+04 8.821865654812378125e+03 4.965298732877332441e+03
2.313466692519383291e-02 1.977923583356664312e+04 8.569286647746028393e+03 4.824090871282049193e+03
2.579577120231610690e-02 1.892877371534462509e+04 8.202625622889099759e+03 4.618629687014792580e+03
2.876297350957714855e-02 1.783812915206486286e+04 7.731589448243982588e+03 4.354310170892572387e+03
3.207148329174031032e-02 1.655635573471560201e+04 7.177275837112813861e+03 4.042943341642518590e+03
3.576056001963404812e-02 1.515984713425313566e+04 6.572729920152561135e+03 3.703132897172614776e+03
3.987397905126498221e-02 1.374558106826577023e+04 5.959908936888307835e+03 3.358490647553475810e+03
4.446055107939526907e-02 1.241582356596280806e+04 5.383149671669384588e+03 3.033998581661508979e+03
4.957470132945773766e-02 1.125414513387807165e+04 4.878707395624607670e+03 2.750104412874594800e+03
5.527711538069327024e-02 1.029662186415662291e+04 4.462256916984722011e+03 2.515669690536798498e+03
6.163545927395905344e-02 9.505178476219225558e+03 4.117262306991774494e+03 2.321393762203162623e+03
6.872518245115814828e-02 8.768907128891136381e+03 3.795506186880916630e+03 2.140093438457692173e+03
7.663041305413779980e-02 7.915268387534688372e+03 3.421924273235406417e+03 1.929419656318870921e+03
8.544495620686157200e-02 6.869189584633882987e+03 2.963756688794911497e+03 1.670866145629522180e+03
9.527340712667957401e-02 5.738983785529771012e+03 2.468011942315954911e+03 1.390940844927485841e+03
1.062323922731101822e-01 4.781082316763391646e+03 2.046211750369043102e+03 1.152585027966958251e+03
1.184519532618636822e-01 4.162683658574436777e+03 1.771161289357413352e+03 9.969103111613676447e+02
1.320770899659224340e-01 3.753280155274263052e+03 1.586199582524196558e+03 8.919489831563998905e+02
1.472694811144383831e-01 3.249369457410438372e+03 1.359418978872414755e+03 7.632310748603135835e+02
1.642094028064348954e-01 2.644722787236501063e+03 1.088267111833487434e+03 6.093026450411239239e+02
1.830978677048002712e-01 2.235893320718232189e+03 9.021744126798090520e+02 5.032537068584809958e+02
2.041590102946942431e-01 1.988036230563367326e+03 7.862978778604265244e+02 4.367130099879420300e+02
2.276427465103479653e-01 1.665607681672392573e+03 6.385505658034982162e+02 3.520533601856303108e+02
2.538277392899435103e-01 1.420263315893725803e+03 5.253182666798003311e+02 2.867957197581588957e+02
2.830247052484705095e-01 1.245105104083718516e+03 4.438058209134642880e+02 2.393984976929647530e+02
3.155801017062329072e-01 1.065729141228431672e+03 3.619544282611292374e+02 1.918319786633186936e+02
3.518802378240603601e-01 9.394390367037370879e+02 3.045501456839323851e+02 1.581365503049031815e+02
3.923558586288135031e-01 8.232435921440137463e+02 2.529605598699349684e+02 1.278722356860420888e+02
4.374872563241952172e-01 7.306698196229712039e+02 2.128295032991698861e+02 1.042640920492956695e+02
4.878099695387512202e-01 6.533921605908565198e+02 1.804068237239851555e+02 8.523133005890609581e+01
5.439211381395319123e-01 5.877981748240297293e+02 1.539835923539404803e+02 6.982195433816292507e+01
6.064865890189676811e-01 5.322614824694301205e+02 1.327328372797036025e+02 5.756314718324425428e+01
6.762487369363893164e-01 4.844944015422186681e+02 1.155733644253579797e+02 4.782708522141683005e+01
7.540353941672404137e-01 4.426521240882149186e+02 1.016484990218794309e+02 4.010734340464821202e+01
8.407695934971151086e-01 4.051509925813050472e+02 9.023953889165120756e+01 3.397872693296711333e+01
9.374805411223435803e-01 3.708108411983322412e+02 8.080088011535799808e+01 2.911270792663502505e+01
1.045315829426528564e+00 3.386912304508607008e+02 7.287194385408345454e+01 2.523363105242959392e+01
1.165555054552403824e+00 3.080884497237245796e+02 6.607867908080876873e+01 2.212103908024679200e+01
1.299625000357985227e+00 2.785799308965973182e+02 6.012103642220443334e+01 1.959678392540661918e+01
1.449116568932995452e+00 2.499621943131633088e+02 5.476328529482764651e+01 1.752102592996261876e+01
1.615803658576671964e+00 2.222679611249964182e+02 4.982516701212390586e+01 1.578146078633254135e+01
1.801664213246928048e+00 1.956634756913642832e+02 4.517418532394669484e+01 1.428994849241712295e+01
2.008903693258128342e+00 1.704301955618159639e+02 4.072564918697909064e+01 1.297771694814961307e+01
2.239981245735629400e+00 1.468598932195399698e+02 3.643265390407741933e+01 1.179206349512377550e+01
2.497638885371206374e+00 1.252262114224981673e+02 3.228731218975889306e+01 1.069466779577979487e+01
2.784934031744384253e+00 1.057220140879375663e+02 2.830615881632223108e+01 9.658709987395312169e+00
3.105275789304232426e+00 8.845895402730219814e+01 2.452911642816384585e+01 8.668792444119629792e+00
3.462465400517639402e+00 7.344266034512233432e+01 2.100134699720904763e+01 7.717675498950922197e+00
3.860741352209485999e+00 6.057579453955914062e+01 1.777023277797571410e+01 6.806015873009867434e+00
4.304829670336041580e+00 4.969143905826987151e+01 1.487012617352027632e+01 5.938728293262225399e+00
4.799999999999999822e+00 4.057023885663686968e+01 1.231949953951654209e+01 5.124381524412685351e+00
