1.000000000230258569e-04 2.798975879223443712e+02 1.177230755703703267e+02 6.449264587703390816e+01
1.115026695290953366e-04 3.099076355654021881e+02 1.303636139730566015e+02 7.141818033527179921e+01
1.243284530925187648e-04 3.431221092252546327e+02 1.443600653293648577e+02 7.908681998023747894e+01
1.386295441504667143e-04 3.798795860876834354e+02 1.598574490096626732e+02 8.757811827340368893e+01
1.545756424481938766e-04 4.205535986998696103e+02 1.770160604896062182e+02 9.698002355339929181e+01
1.723559677317991945e-04 4.655561172189891295e+02 1.960130423750623549e+02 1.073897449839420801e+02
1.921815050694108094e-04 5.153415920605847305e+02 2.170442380436530243e+02 1.189147766570012550e+02
2.142875084442451923e-04 5.704127129898394060e+02 2.403258687756361951e+02 1.316738233777485618e+02
2.389362923277018713e-04 6.313258997087854141e+02 2.660965281284344996e+02 1.457979022664230229e+02
2.664203443578849946e-04 6.986957698183208549e+02 2.946196662493724148e+02 1.614317137013096897e+02
2.970657960592480913e-04 7.732050562882271834e+02 3.261855402449481858e+02 1.787346459187875496e+02
3.312362927876497001e-04 8.556142041594570173e+02 3.611135480993762030e+02 1.978820107477454826e+02
3.693373088223966556e-04 9.467663844801029427e+02 3.997555841758331781e+02 2.190669408680739991e+02
4.118209588090659132e-04 1.047595768718156251e+03 4.424978364169245992e+02 2.425012787518897426e+02
4.591913626466918256e-04 1.159137109045206216e+03 4.897628626924876585e+02 2.684166142674359321e+02
5.120106274801957584e-04 1.282537396328662908e+03 5.420142319249625871e+02 2.970668849907077629e+02
5.709055177816341068e-04 1.419047909198781781e+03 5.997570732320848492e+02 3.287286671759969181e+02
6.365748926688486646e-04 1.570012469591536046e+03 6.635379656981961034e+02 3.637010932378094594e+02
7.097979987143026312e-04 1.736898230301256490e+03 7.339515010676230986e+02 4.023093722015582330e+02
7.914437166483044659e-04 1.921277557007113273e+03 8.116381055697837610e+02 4.449036990706249526e+02
8.824808716799498404e-04 2.124790144312241864e+03 8.972781405499422362e+02 4.918562126795329164e+02
9.839897297802024153e-04 2.349180241438913072e+03 9.916004860556527092e+02 5.435654621090776573e+02
1.097174816344422205e-03 2.596279179963289153e+03 1.095375577618291118e+03 6.004528445897169604e+02
1.223379209343287413e-03 2.867958793164838880e+03 1.209398004934759911e+03 6.629536626667619430e+02
1.364100476567608111e-03 3.166149211952332735e+03 1.334496093571546226e+03 7.315219984907755588e+02
1.521008446081769522e-03 3.492807155858912665e+03 1.471514184264076675e+03 8.066211460707916103e+02
1.695965020753673102e-03 3.849843161785202483e+03 1.621268037815839989e+03 8.886996395027213111e+02
1.891046271984591709e-03 4.239121393329084640e+03 1.784556581763444910e+03 9.781976186072417931e+02
2.108567074807741158e-03 4.662395523001831862e+03 1.962134821568625057e+03 1.075531498857018960e+03
2.351108576680822643e-03 5.121162859097214096e+03 2.154641723429947433e+03 1.181052823860677108e+03
2.621548825923003187e-03 5.616657453097197504e+03 2.362604088021068947e+03 1.295051419796914388e+03
2.923096923239734257e-03 6.149760017057900768e+03 2.586400658332578132e+03 1.417736354195969852e+03
3.259331101584665453e-03 6.720781622982534827e+03 2.826170703424234944e+03 1.549186931972488765e+03
3.634241186222156913e-03 7.329438433490089665e+03 3.081803112105814762e+03 1.689346223471926351e+03
4.052275938830490927e-03 7.974741612291531965e+03 3.352888349924553495e+03 1.837992593870441169e+03
4.518395847440812539e-03 8.654733244843220746e+03 3.638604386437692028e+03 1.994682614522856738e+03
5.038131988628217865e-03 9.366371081802120898e+03 3.937698572805877120e+03 2.158727757044272494e+03
5.617651660426248826e-03 1.010532299844479894e+04 4.248344259424437951e+03 2.329136611035639362e+03
6.263831564778516575e-03 1.086568060583489569e+04 4.568072292942871172e+03 2.504557148378391503e+03
6.984339407925946493e-03 1.164012557563134033e+04 4.893815431268934844e+03 2.683315224586490331e+03
7.787724887016851671e-03 1.241807194803391212e+04 5.221136267264623712e+03 2.862983931365246008e+03
8.683521142606049834e-03 1.318587173161813007e+04 5.544296298473012939e+03 3.040418815782941238e+03
9.682357880899711625e-03 1.392765880783652756e+04 5.856632865233117627e+03 3.211968621788532346e+03
1.079608750807801998e-02 1.462804951107355737e+04 6.151689951472978464e+03 3.374102404597262193e+03
1.203792577343234388e-02 1.526556974311814884e+04 6.420429471094637847e+03 3.521867372738820904e+03
1.342260859021738965e-02 1.581610283429451374e+04 6.652694734634444103e+03 3.649683548827331379e+03
1.496656689508787767e-02 1.625412212408274718e+04 6.837742690420280269e+03 3.751651319005059122e+03
1.668812162103823840e-02 1.655260661587673167e+04 6.964198921731664996e+03 3.821525914353082044e+03
1.860770109743517184e-02 1.668481020270643421e+04 7.020768347509994783e+03 3.853097955912169255e+03
2.074808345685756270e-02 1.662765863121667644e+04 6.997651432698793542e+03 3.840949873993587516e+03
2.313466692519383291e-02 1.636529515904863547e+04 6.888142849423225016e+03 3.781382442811337114e+03
2.579577120231610690e-02 1.589364324473022498e+04 6.690433918386203004e+03 3.673391318627689998e+03
2.876297350957714855e-02 1.522543326019986671e+04 6.409769934815750275e+03 3.519809523820015329e+03
3.207148329174031032e-02 1.439457830463163009e+04 6.060333329661901189e+03 3.328388557997803218e+03
3.576056001963404812e-02 1.345666848447734446e+04 5.665471187332957015e+03 3.111944876494249456e+03
3.987397905126498221e-02 1.248338236353101638e+04 5.255289803778025089e+03 2.886988829454945517e+03
4.446055107939526907e-02 1.154919849985766996e+04 4.861124861027132283e+03 2.670735245317610861e+03
4.957470132945773766e-02 1.071066975513788748e+04 4.506764158768079142e+03 2.476253629247918525e+03
5.527711538069327024e-02 9.984885310173900507e+03 4.199369746696141192e+03 2.307485762824980156e+03
6.163545927395905344e-02 9.317519142299355735e+03 3.915976420453908304e+03 2.151810488296864605e+03
6.872518245115814828e-02 8.606656817909055462e+03 3.613510029114432200e+03 1.985543278320493982e+03
7.663041305413779980e-02 7.751022662306131679e+03 3.249132572972544494e+03 1.785118194440936350e+03
8.544495620686157200e-02 6.752019540209355910e+03 2.823322875000165823e+03 1.550778510969435501e+03
9.527340712667957401e-02 5.765896550975588980e+03 2.401959368967959563e+03 1.318741425953568978e+03
1.062323922731101822e-01 4.997112450699415604e+03 2.071339252568011489e+03 1.136468938748133041e+03
1.184519532618636822e-01 4.482183013890436996e+03 1.846921987042187084e+03 1.012469140252751913e+03
1.320770899659224340e-01 4.011189929358337395e+03 1.640160622408474410e+03 8.980321195054251575e+02
1.472694811144383831e-01 3.410073384175214414e+03 1.377672104478238225e+03 7.527739490349276821e+02
1.642094028064348954e-01 2.856741817749470101e+03 1.134875037765208617e+03 6.181820660375841499e+02
1.830978677048002712e-01 2.521588125896763813e+03 9.840196901294010559e+02 5.340054924052211618e+02
2.041590102946942431e-01 2.200057714342005056e+03 8.391814361543270024e+02 4.529813469977426621e+02
2.276427465103479653e-01 1.856346850035599118e+03 6.857160715697041269e+02 3.670735219916444407e+02
2.538277392899435103e-01 1.637543342911406853e+03 5.860974613066338179e+02 3.106856016141367718e+02
2.830247052484705095e-01 1.413759197165122032e+03 4.859093938117322864e+02 2.539395913983433104e+02
3.155801017062329072e-01 1.242159948985646452e+03 4.093386260965996826e+02 2.101956719571793712e+02
3.518802378240603601e-01 1.089346650311906387e+03 3.424623027403042101e+02 1.718885509308649375e+02
3.923558586288135031e-01 9.673541918189371245e+02 2.901255165410957488e+02 1.417428742927943404e+02
4.374872563241952172e-01 8.605267869101011229e+02 2.456520798183975955e+02 1.161646953618387812e+02
4.878099695387512202e-01 7.716711386871198783e+02 2.099542951572437630e+02 9.568535168819357750e+01
5.439211381395319123e-01 6.963043037739032570e+02 1.809731789508931001e+02 7.918815189766230844e+01
6.064865890189676811e-01 6.314377523488020643e+02 1.573221714469846688e+02 6.590465898891210372e+01
6.762487369363893164e-01 5.749840409045941669e+02 1.380244580151217804e+02 5.527438547971696181e+01
7.540353941672404137e-01 5.249814628956404476e+02 1.221879366764981540e+02 4.677898490304221468e+01
8.407695934971151086e-01 4.798123809843836511e+02 1.090897407742688472e+02 3.999453400487065124e+01
9.374805411223435803e-01 4.382159081408537986e+02 9.814370023222947736e+01 3.457289644115493843e+01
1.045315829426528564e+00 3.991410031393677400e+02 8.883968721119045142e+01 3.021895930672584996e+01
1.165555054552403824e+00 3.618680702391527007e+02 8.077007990070522681e+01 2.669703224774523065e+01
1.299625000357985227e+00 3.259737723159230995e+02 7.360241111287415094e+01 2.381589400871214579e+01
1.449116568932995452e+00 2.912934157676995142e+02 6.707719704245555192e+01 2.142427748711995150e+01
1.615803658576671964e+00 2.578910332356353479e+02 6.099109610466106801e+01 1.939768886485928334e+01
1.801664213246928048e+00 2.259652494770359965e+02 5.520101020112008428e+01 1.763927190714989734e+01
2.008903693258128342e+00 1.958211044666465170e+02 4.961772849228314186e+01 1.607154624103285201e+01
2.239981245735629400e+00 1.677729126030192219e+02 4.420113671127613486e+01 1.463603224605860831e+01
2.497638885371206374e+00 1.421301239738997140e+02 3.895812242799316749e+01 1.328964434165242459e+01
2.784934031744384253e+00 1.191183633678462712e+02 3.392568993326425186e+01 1.200334267639299846e+01
3.105275789304232426e+00 9.889806096225555621e+01 2.916911105284424011e+01 1.076140200337513875e+01
3.462465400517639402e+00 8.146393887632943631e+01 2.475481990473454275e+01 9.558184672823317740e+00
3.860741352209485999e+00 6.667763613330160410e+01 2.075011293144476809e+01 8.398208620220618315e+00
4.304829670336041580e+00 5.430335963795570109e+01 1.719621882322215356e+01 7.291010761818777830e+00
4.799999999999999822e+00 4.403753629301339600e+01 1.411143233915136541e+01 6.251104538215698447e+00
