1.000000000230258569e-04 5.260905830969393264e+02 2.324534656353559399e+02 1.264892680291147116e+02
1.122634227564673579e-04 5.889878929990098868e+02 2.604192477977579756e+02 1.417317233106931269e+02
1.260307608609534901e-04 6.592694933406023665e+02 2.917298415432514389e+02 1.588064890933312370e+02
1.414864458359461712e-04 7.377638202422443783e+02 3.267791322034403834e+02 1.779323152296017554e+02
1.588375267953347550e-04 8.253881764015999352e+02 3.660058849640938661e+02 1.993535337998823138e+02
1.783164441611049004e-04 9.231629703735933390e+02 4.098981313819277830e+02 2.233425898821760711e+02
2.001841435067871621e-04 1.032217425929749197e+03 4.589989201247361734e+02 2.502035530859577932e+02
2.247335712646909519e-04 1.153829006074351128e+03 5.139141927657085489e+02 2.802754375545080734e+02
2.522935991264941354e-04 1.289473428298935460e+03 5.753217586042305811e+02 3.139357535173093652e+02
2.832334297096662638e-04 1.440819450593758120e+03 6.439774210741118168e+02 3.516050811869695849e+02
3.179675425093897337e-04 1.609824669156376785e+03 7.207314904732420473e+02 3.937515379645004145e+02
3.569612463934728852e-04 1.798825159401361589e+03 8.065450237278055283e+02 4.408957383953755880e+02
4.007369130231864672e-04 2.010532329096905187e+03 9.024966260231628894e+02 4.936165425714148682e+02
4.498809747048478080e-04 2.248048514297439851e+03 1.009797016534473755e+03 5.525552487685033611e+02
5.050517804175268938e-04 2.514926021286122705e+03 1.129805923919995621e+03 6.184214279928352198e+02
5.669884152586394726e-04 2.815243808783759050e+03 1.264045898413222631e+03 6.919998578532143938e+02
6.365206014554368984e-04 3.153248534889265102e+03 1.414160251032102224e+03 7.741436550987328928e+02
7.145798135793877959e-04 3.533374340853432841e+03 1.581924385098413040e+03 8.657793831671394855e+02
8.022117568662883325e-04 3.960415303964635314e+03 1.769273219891691269e+03 9.679147294271259625e+02
9.005903758055168549e-04 4.439046599956924183e+03 1.978198458012517904e+03 1.081609625244795552e+03
1.011033580661806338e-03 4.973827954525175301e+03 2.210760771580270557e+03 1.207981308835378741e+03
1.135020902606864940e-03 5.569311004838208646e+03 2.469106472967451737e+03 1.348205880182531700e+03
1.274213313974418031e-03 6.230143166477126215e+03 2.755392693837142815e+03 1.503472339082041117e+03
1.430475479156914512e-03 6.960857458657546886e+03 3.071772263795898198e+03 1.674983110280679057e+03
1.605900734223756829e-03 7.765752984469960211e+03 3.420355092370843977e+03 1.863930268317872105e+03
1.802839129895710598e-03 8.649068994822906461e+03 3.803118202832174120e+03 2.071412356507548338e+03
2.023928913547812410e-03 9.614656480730953263e+03 4.221856771972019487e+03 2.298428939140895181e+03
2.272131871983379750e-03 1.066567047240678403e+04 4.678059891401204368e+03 2.545816849670423380e+03
2.550773008441800313e-03 1.180423546286138844e+04 5.172697643192474970e+03 2.814122799709934498e+03
2.863585085365514225e-03 1.303128245408979092e+04 5.706182808224739347e+03 3.103590358554642080e+03
3.214758629634808552e-03 1.434601893500022197e+04 6.278163266408505478e+03 3.414038879497410562e+03
3.608998070155939632e-03 1.574523733099955280e+04 6.887244262787451589e+03 3.744697818489269139e+03
4.051584759838999447e-03 1.722327636854426601e+04 7.530952356983310892e+03 4.094183142281018718e+03
4.548447726227339283e-03 1.877058176118100891e+04 8.205258927792359827e+03 4.460308551364365485e+03
5.106243098575769836e-03 2.037408132207091694e+04 8.904313651537495389e+03 4.839993713945648778e+03
5.732443275407110572e-03 2.201608613230179253e+04 9.620396229033476629e+03 5.229008727442646887e+03
6.435437027063155117e-03 2.367368011135630877e+04 1.034349505067892824e+04 5.621904427435710204e+03
7.224641874254610074e-03 2.531782244109107705e+04 1.106092845456528084e+04 6.011797427515753043e+03
8.110630248067678127e-03 2.691466216981761318e+04 1.175792248556124287e+04 6.390663314844035995e+03
9.105271121505569346e-03 2.841541969545570100e+04 1.241316259565718974e+04 6.746916009587239387e+03
1.022188900990466699e-02 2.976925571504410618e+04 1.300443085220207468e+04 7.068484413232126826e+03
1.147544247024383408e-02 3.091945531296348418e+04 1.350695515494782194e+04 7.341901969106919751e+03
1.288272449057868002e-02 3.179968206168913821e+04 1.389172067671583136e+04 7.551396424473181469e+03
1.446258745407916733e-02 3.233807895586305676e+04 1.412728835106805673e+04 7.679865704876514428e+03
1.623619569135818438e-02 3.246321665958254380e+04 1.418241434424745785e+04 7.710312316520617060e+03
1.822730900435978393e-02 3.211068618197850446e+04 1.402888666625831502e+04 7.627387137091207478e+03
2.046260095998037737e-02 3.123280299882895633e+04 1.364577364807802951e+04 7.419664313840893556e+03
2.297201621738221775e-02 2.981471560587255954e+04 1.302645213103297101e+04 7.083484324502408526e+03
2.578917167586586637e-02 2.789014287833544950e+04 1.218555884532659002e+04 6.626775451710026573e+03
2.895180681720203528e-02 2.555614615047950792e+04 1.116534334016304820e+04 6.072457920897913937e+03
3.250228927534733192e-02 2.297842415708663611e+04 1.003805655786172247e+04 5.459771490574622476e+03
3.648818240631140908e-02 2.037870343238758505e+04 8.900510491685292436e+03 4.841359647377813417e+03
4.096288246151627566e-02 1.799724978731359079e+04 7.857634406066146767e+03 4.274293120984020788e+03
4.598633390041809155e-02 1.603236875603520457e+04 6.996075704801854954e+03 3.805717667507244187e+03
5.162583242493973962e-02 1.456750838608210870e+04 6.352272115196729828e+03 3.455480726818859694e+03
5.795692649341043640e-02 1.351295201547415854e+04 5.886911833300541730e+03 3.202210436330265566e+03
6.506442939097074885e-02 1.254332318242245128e+04 5.457537516368686738e+03 2.968378340044342622e+03
7.304355541444980393e-02 1.125576072814382496e+04 4.887709098808089038e+03 2.657923790279145578e+03
8.200119539239680844e-02 9.480749512442096602e+03 4.103048600343603539e+03 2.230316476925389452e+03
9.205734862752627812e-02 7.582280091191813881e+03 3.262753890916017099e+03 1.772184218716028454e+03
1.033467304443183715e-01 6.206403875786210847e+03 2.649662234695064399e+03 1.437504987119490806e+03
1.160205768769771578e-01 5.559774964792420178e+03 2.354409158960511832e+03 1.275639245130625795e+03
1.302486706739022226e-01 5.062639361444349561e+03 2.123519517680352692e+03 1.148572265282484523e+03
1.462216157596530064e-01 4.130908824289867880e+03 1.701740775821943316e+03 9.172938127919926501e+02
1.641533906237988560e-01 3.285535419796281531e+03 1.317790197965629659e+03 7.063537822101417305e+02
1.842842148426375448e-01 2.960357514922209702e+03 1.162200905423751919e+03 6.195282784577645998e+02
2.068837671345900298e-01 2.524716054454849200e+03 9.597827734436331184e+02 5.070147354988381494e+02
2.322547980593316352e-01 2.080014645800134076e+03 7.557023965965740899e+02 3.935036753686797510e+02
2.607371857574901086e-01 1.859867873127619760e+03 6.520674298146146839e+02 3.346431400365243576e+02
2.927124890628471365e-01 1.566635672762772856e+03 5.193717154496641797e+02 2.601055809044617604e+02
3.286090589819373742e-01 1.391878078158555354e+03 4.408636959062384904e+02 2.152909002567352559e+02
3.689077770159973624e-01 1.214416229013468637e+03 3.636617320248868737e+02 1.715678890301418846e+02
4.141484971975938345e-01 1.076628803336408964e+03 3.057325918851993833e+02 1.387543434818293235e+02
4.649372781414354283e-01 9.635357634921269891e+02 2.601938660427714467e+02 1.131238548533720518e+02
5.219545019921476570e-01 8.658704345948727905e+02 2.229089294264817056e+02 9.244055402399460775e+01
5.859639890329354506e-01 7.819141816299115817e+02 1.929189720309021538e+02 7.614147594378886197e+01
6.578232300572349756e-01 7.082641490315766077e+02 1.686362668997166736e+02 6.331969760677905867e+01
7.384948735793578356e-01 6.426519826243743410e+02 1.489589445417466322e+02 5.332418303958602479e+01
8.290596217703356530e-01 5.823698782725857654e+02 1.326527483605821658e+02 4.545066724048763263e+01
9.307307078768926045e-01 5.256950458480199586e+02 1.188448109049435573e+02 3.919936319662986079e+01
1.044870149067508081e+00 4.716555414230447809e+02 1.069192416384324105e+02 3.421191516368023144e+01
1.173006992433692330e+00 4.197108273048398246e+02 9.634792192223775942e+01 3.017977204202632535e+01
1.316857798575541416e+00 3.697091014951959664e+02 8.671702295642198521e+01 2.685822363668039614e+01
1.478349637175967013e+00 3.219692325216489053e+02 7.773721038246647197e+01 2.405648013633366844e+01
1.659645902619409696e+00 2.769858970269706333e+02 6.922181523579207862e+01 2.162950842918614214e+01
1.863175295489004624e+00 2.353673818420024304e+02 6.107931117571174440e+01 1.946512365293990499e+01
2.091664358187257822e+00 1.976081110866860797e+02 5.329215180956502707e+01 1.748192257139386285e+01
2.348174000537423645e+00 1.640636939246508916e+02 4.591056818502233483e+01 1.562507599065326858e+01
2.636140504673786467e+00 1.348581965215733760e+02 3.901586053275844534e+01 1.386232307648898932e+01
2.959421558534973240e+00 1.099189822064239337e+02 3.270537488449318886e+01 1.218123782601086802e+01
3.322347934639153344e+00 8.896559307429356522e+01 2.705736733999517796e+01 1.058381696960209695e+01
3.729781506445900785e+00 7.158897907455849463e+01 2.212090592723340876e+01 9.082318023892687719e+00
4.187180379509764627e+00 5.732095128992027355e+01 1.789946191809190168e+01 7.693461207584638473e+00
4.700672009942531204e+00 4.569162898294674591e+01 1.435954540025284309e+01 6.433496437670677359e+00
5.277135289701610610e+00 3.627033178376014888e+01 1.143670503985472564e+01 5.313621841153402414e+00
5.924292698344328478e+00 2.867681485092751004e+01 9.052723298027547827e+00 4.338239648651530445e+00
6.650813755741415534e+00 2.258192699131138070e+01 7.125774116009008452e+00 3.504691592319237881e+00
7.466431161634059954e+00 1.770894581579930716e+01 5.579615979337579468e+00 2.804641516510361754e+00
8.382071177875818790e+00 1.383126200968186659e+01 4.347564278213688738e+00 2.225899017019904669e+00
9.410000000000001918e+00 1.076039240449765799e+01 3.372144184223234920e+00 1.753993832917825957e+00
