1.000000000230258569e-04 3.236314106539499790e+03 1.608377516016195159e+03 9.653261054548171387e+02
1.115486563971542785e-04 3.611148161375214386e+03 1.792480347590076917e+03 1.075008924204413233e+03
1.244310274114527074e-04 4.031405999262153273e+03 1.998358451403860272e+03 1.197428715852503956e+03
1.388011391866901154e-04 4.502931290809544407e+03 2.228750926952214286e+03 1.334136980642007302e+03
1.548308057910457113e-04 5.032172940055551408e+03 2.486724925879985221e+03 1.486875631330813349e+03
1.727116835090306587e-04 5.625903297647384534e+03 2.775642001784414788e+03 1.657582733799439438e+03
1.926575623508681512e-04 6.291511535082024238e+03 3.099257146535438551e+03 1.848434059893535732e+03
2.149069222004190347e-04 7.036627905776588705e+03 3.461624040579133634e+03 2.061822660740148422e+03
2.397257841638464457e-04 7.868036034617956830e+03 3.866778316811863078e+03 2.300264062458328681e+03
2.674108912107391479e-04 8.792113888692585533e+03 4.318932949257537075e+03 2.566484739289004210e+03
2.982932561365508645e-04 9.814424388906452805e+03 4.822281853894269261e+03 2.863338507107267560e+03
3.327421192670277522e-04 1.093852269695011455e+04 5.380334365651151529e+03 3.193493225255860580e+03
3.711693632243215748e-04 1.216591273686683598e+04 5.996071879179302414e+03 3.559549362041263066e+03
4.140344375392690035e-04 1.349652636978353439e+04 6.671960080483950151e+03 3.963987294995784850e+03
4.618498519902246974e-04 1.493112937999343376e+04 7.410112070705606129e+03 4.408962343528351994e+03
5.151873043487156757e-04 1.646953607419943000e+04 8.211879815021426111e+03 4.896244268052076222e+03
5.746845157973842983e-04 1.811158134936555507e+04 9.078221968186264348e+03 5.427345888220698725e+03
6.410528557468661917e-04 1.986387684020014785e+04 1.001209729170475657e+04 6.004333298290596758e+03
7.150858472165629249e-04 2.173682855734885743e+04 1.101728810221821368e+04 6.629343520521267237e+03
7.976686544726134401e-04 2.374366947823064766e+04 1.209826397030134103e+04 7.304612955692698961e+03
8.897886663605780169e-04 2.590172083644037775e+04 1.326202891619123329e+04 8.033742447865017311e+03
9.925473018708411317e-04 2.823270591297959254e+04 1.451760800745802590e+04 8.821238865864617765e+03
1.107173179088194286e-03 3.076152993311288083e+04 1.587532690013222418e+04 9.672131473084515164e+03
1.235036804978161722e-03 3.350749372010506340e+04 1.734413137396344246e+04 1.059123962895109253e+04
1.377666961646263968e-03 3.648824302798390272e+04 1.893282200064242352e+04 1.158353396984943174e+04
1.536768984990051967e-03 3.972120467552451009e+04 2.065023647208796319e+04 1.265399801648900939e+04
1.714245154289869167e-03 4.321381472873799794e+04 2.250027881157377124e+04 1.380489202288981141e+04
1.912217436523370962e-03 4.696587644114844443e+04 2.448316158045930206e+04 1.503642612871370693e+04
2.133052857342773462e-03 5.097117864169018139e+04 2.659621822086561224e+04 1.634715140878795501e+04
2.379391802059096454e-03 5.521114109698702669e+04 2.883004840696933024e+04 1.773138990823824861e+04
2.654179585009814029e-03 5.965477004152735753e+04 3.116870368959048574e+04 1.917942902644177957e+04
2.960701664764286197e-03 6.425897443402913632e+04 3.359011164630766143e+04 2.067785008404994005e+04
3.302622926212283368e-03 6.896814143308119674e+04 3.606641619084271952e+04 2.220817563435812917e+04
3.684031499205906151e-03 7.370582224807613238e+04 3.855555951773585548e+04 2.374879059882113506e+04
4.109487637665882979e-03 7.838401570205860480e+04 4.101323776946122962e+04 2.526889252725696133e+04
4.584078243567925488e-03 8.290582557084086875e+04 4.338871066837578110e+04 2.673794601157497891e+04
5.113477687716873853e-03 8.716041591052946751e+04 4.562418296778350486e+04 2.812065143407988944e+04
5.704015654503047893e-03 9.102726265420869458e+04 4.765681672385505954e+04 2.937842660343613534e+04
6.362752821816417166e-03 9.437866337657019903e+04 4.941988422474537947e+04 3.047026047345840198e+04
7.097565280973966440e-03 9.708283788637830003e+04 5.084455340909634106e+04 3.135375887777287790e+04
7.917238706014356406e-03 9.900599201899199397e+04 5.186083170738165791e+04 3.198583755522710635e+04
8.831573398280912271e-03 1.000106639235179755e+05 5.239676589322997461e+04 3.232213334961501459e+04
9.851501462242475554e-03 9.999697272182210872e+04 5.240003154084416019e+04 3.233035062147357530e+04
1.098921751354712747e-02 9.877428913638251834e+04 5.177055262744555512e+04 3.194865049466943310e+04
1.225832448210000328e-02 9.619469587008314556e+04 5.043044238809065428e+04 3.112873042401378552e+04
1.367399625343743499e-02 9.221759706707639270e+04 4.835805484134309518e+04 2.985704330766820567e+04
1.525315909299450497e-02 8.696394680218881695e+04 4.561596233138126263e+04 2.817175570471194078e+04
1.701469402243795462e-02 8.056446916194439109e+04 4.227206454016714997e+04 2.611444012037084758e+04
1.897966256774625410e-02 7.324338233933367883e+04 3.844312852795332583e+04 2.375679344728041542e+04
2.117155857815964867e-02 6.542926864287285571e+04 3.435329921850045503e+04 2.123694936690311806e+04
2.361658912683562567e-02 5.763050415451477602e+04 3.026869394573213140e+04 1.871895939636815820e+04
2.634398785175567220e-02 5.039127415160972305e+04 2.647503860801836345e+04 1.637951641796216063e+04
2.938636448329653983e-02 4.418972210994251509e+04 2.322368586190509814e+04 1.437422474468533437e+04
3.278009473753994152e-02 3.929820999872592074e+04 2.065832119170630904e+04 1.279225524325181323e+04
3.656575523702054742e-02 3.566663282183291449e+04 1.875328800341604438e+04 1.161811308161519446e+04
4.078860865897657173e-02 3.285230515273199853e+04 1.727610086406301343e+04 1.070816629980784819e+04
4.549914491170512637e-02 3.001679427657716224e+04 1.578507533771795715e+04 9.788657701050224205e+03
5.075368480951484434e-02 2.635157921920881563e+04 1.385299542055064012e+04 8.594199653150713857e+03
5.661505346402430361e-02 2.179054695796569649e+04 1.144342092008906184e+04 7.101487553328070135e+03
6.315333144310807112e-02 1.730743051691712390e+04 9.069474268075968212e+03 5.628773449854475075e+03
7.044669267860774464e-02 1.416743921175978357e+04 7.400221052211449205e+03 4.592151444796450050e+03
7.858233914112514040e-02 1.260617791590065099e+04 6.562071959337776207e+03 4.071087059205177866e+03
8.765754345719625751e-02 1.139284260196495779e+04 5.904835840243251369e+03 3.661546368334075851e+03
9.778081193473929511e-02 9.320515535641778115e+03 4.789289341176961898e+03 2.965342307978873123e+03
1.090731819023149224e-01 7.273571473565664746e+03 3.684377497550983662e+03 2.274382855769157686e+03
1.216696688736408766e-01 6.356881958498752283e+03 3.177520032017238009e+03 1.955199352844711257e+03
1.357208808401622890e-01 5.544231018967197087e+03 2.725869751276357420e+03 1.669645008602239841e+03
1.513948189927238619e-01 4.424655091105400970e+03 2.112325022132926733e+03 1.282342507832249794e+03
1.688788864024014236e-01 3.878412904618888206e+03 1.805395589888891209e+03 1.085999176277255629e+03
1.883821286769788717e-01 3.271354191990732943e+03 1.469302854700815487e+03 8.713003597174737251e+02
2.101377333831422056e-01 2.822572984454488505e+03 1.220612489939751185e+03 7.113010851681132181e+02
2.344058181183555356e-01 2.437304985685721931e+03 1.009507637308660946e+03 5.752497967402271115e+02
2.614765405675759102e-01 2.143738337777024753e+03 8.502308468292750376e+02 4.721770242532478505e+02
2.916735677297306317e-01 1.885152918494724190e+03 7.127750348392489741e+02 3.835701344230018890e+02
3.253579457932418983e-01 1.681169908566414051e+03 6.068141339380963473e+02 3.154595316245614072e+02
3.629324169301749725e-01 1.512607668040569934e+03 5.218290637930274443e+02 2.612657380141486669e+02
4.048462346221089470e-01 1.371081888664389680e+03 4.531506035104897023e+02 2.180332899780454738e+02
4.516005350914485406e-01 1.251281108027591017e+03 3.977428515176977726e+02 1.837814513373998864e+02
5.037543290608768043e-01 1.148009398002021726e+03 3.527247624378937303e+02 1.566279252655570531e+02
5.619311854805180140e-01 1.056939347104938179e+03 3.157531868741532435e+02 1.350408890848019610e+02
6.268266871357865977e-01 9.747655274191034778e+02 2.850237275925000517e+02 1.178274541713774397e+02
6.992167472777639503e-01 8.985806795429305112e+02 2.589677603811168183e+02 1.039788615588013130e+02
7.799668867126374749e-01 8.262233394377036575e+02 2.363574456491873548e+02 9.270481359592422166e+01
8.700425822703268253e-01 7.561866112103924706e+02 2.162241543113908619e+02 8.337980829198154709e+01
9.705208103821856280e-01 6.875830530209756262e+02 1.978167724750558421e+02 7.551098645164812240e+01
1.082602923786821769e+00 6.200670328100580946e+02 1.805589902976342955e+02 6.870267134384421581e+01
1.207629015322442267e+00 5.538330807632833057e+02 1.640548036586606599e+02 6.265066900867095256e+01
1.347093940544190405e+00 4.894822965268936628e+02 1.480627730003603801e+02 5.712103054873792018e+01
1.502665190738521561e+00 4.278651492970873278e+02 1.324898147343202766e+02 5.194538893475545649e+01
1.676202830030598223e+00 3.699205998292258073e+02 1.173627612607693464e+02 4.700942129064319630e+01
1.869781734959676811e+00 3.164718906913739715e+02 1.028038097183466988e+02 4.224971301078117847e+01
2.085716402426663674e+00 2.681426586602834163e+02 8.899223661278041675e+01 3.764461159640272570e+01
2.326588622626292402e+00 2.252513816471341670e+02 7.612512231917000349e+01 3.320691062166663698e+01
2.595278347831105226e+00 1.878419217051447276e+02 6.438195729905015696e+01 2.897309824330057992e+01
2.894998126105261083e+00 1.556886533586618668e+02 5.388128136522948353e+01 2.499167052252201415e+01
3.229331511649635278e+00 1.283881413933896454e+02 4.467651004522414127e+01 2.131273535651679651e+01
3.602275911025628830e+00 1.054173379632163829e+02 3.674685050527764929e+01 1.797520547660334955e+01
4.018290377542188097e+00 8.621259514230486332e+01 3.001799908704745690e+01 1.500336894695118239e+01
4.482348925252354732e+00 7.024755127020701195e+01 2.437670950827644134e+01 1.240282167630116206e+01
5.000000000000000888e+00 5.704365557567988532e+01 1.969185782003535223e+01 1.016366649047289350e+01
