1.000000000230258569e-04 9.523756651253869450e+02 4.513998465022903019e+02 2.616095903866201979e+02
1.115026695290953366e-04 1.056467109587895493e+03 5.004726837544281466e+02 2.900073278706898350e+02
1.243284530925187648e-04 1.172099239683414453e+03 5.549032674236294724e+02 3.214912627014165309e+02
1.386295441504667143e-04 1.300591407488194363e+03 6.152824730277164917e+02 3.563976874936627723e+02
1.545756424481938766e-04 1.443411292415397611e+03 6.822665349013666400e+02 3.950994108314716300e+02
1.723559677317991945e-04 1.602187277635339342e+03 7.565839521492473523e+02 4.380095818993452781e+02
1.921815050694108094e-04 1.778735007926750313e+03 8.390442683939552353e+02 4.855863122509704795e+02
2.142875084442451923e-04 1.975035017546393647e+03 9.305406784299096898e+02 5.383358575129990413e+02
2.389362923277018713e-04 2.193209619633888906e+03 1.032053267988631887e+03 5.968162244044707450e+02
2.664203443578849946e-04 2.435578763945627543e+03 1.144664494427725913e+03 6.616442803494336431e+02
2.970657960592480913e-04 2.704590625330893999e+03 1.269550741150371096e+03 7.334961408005873409e+02
3.312362927876497001e-04 3.002717520325495116e+03 1.407967607936790955e+03 8.131060184753292788e+02
3.693373088223966556e-04 3.332536022196581598e+03 1.561276601821691429e+03 9.012778888272242739e+02
4.118209588090659132e-04 3.696697032228004900e+03 1.730930810815111499e+03 9.988813025367045384e+02
4.591913626466918256e-04 4.097861967842016384e+03 1.918442065296276496e+03 1.106839410408541426e+03
5.120106274801957584e-04 4.538689686979885664e+03 2.125405757747268126e+03 1.226144616047959062e+03
5.709055177816341068e-04 5.021987009797985593e+03 2.353515108851820514e+03 1.357857303362526864e+03
6.365748926688486646e-04 5.551055995561220698e+03 2.604584414805931374e+03 1.503095774443205300e+03
7.097979987143026312e-04 6.129422551049929098e+03 2.880523985453190562e+03 1.663042551663091672e+03
7.914437166483044659e-04 6.760970209929409066e+03 3.183370967212018058e+03 1.838949505513612394e+03
8.824808716799498404e-04 7.450433995358078391e+03 3.515388650230911935e+03 2.032149596600013410e+03
9.839897297802024153e-04 8.203160208927987696e+03 3.879005257247016743e+03 2.244044184714599851e+03
1.097174816344422205e-03 9.024931162435670558e+03 4.276771388698110968e+03 2.476086192306896919e+03
1.223379209343287413e-03 9.921522641318404567e+03 4.711272506360648549e+03 2.729743289909099076e+03
1.364100476567608111e-03 1.089901521362114909e+04 5.185166433321126533e+03 3.006501302105196373e+03
1.521008446081769522e-03 1.196354182282348120e+04 5.701072045109955980e+03 3.307804677534661096e+03
1.695965020753673102e-03 1.311983713780371181e+04 6.261103488249467773e+03 3.634842850799407643e+03
1.891046271984591709e-03 1.437180378486043264e+04 6.867009933040927535e+03 3.988597944733893655e+03
2.108567074807741158e-03 1.572239232944587820e+04 7.520075423630551995e+03 4.369777309002415677e+03
2.351108576680822643e-03 1.717207756196734408e+04 8.220473158451590280e+03 4.778470194518636163e+03
2.621548825923003187e-03 1.871907952619756543e+04 8.967341447930035429e+03 5.214179398778358518e+03
2.923096923239734257e-03 2.035926943519699125e+04 9.758719125096102289e+03 5.675773793169163582e+03
3.259331101584665453e-03 2.208527717710845172e+04 1.059109312651126311e+04 6.161208877546270742e+03
3.634241186222156913e-03 2.388630935198944280e+04 1.145933223929326050e+04 6.667496138139534196e+03
4.052275938830490927e-03 2.574799014126432303e+04 1.235668418885888605e+04 7.190669310561084785e+03
4.518395847440812539e-03 2.765182587406123639e+04 1.327416417224123325e+04 7.725770566418194903e+03
5.038131988628217865e-03 2.957549030163135831e+04 1.420106679032053580e+04 8.266391589693235801e+03
5.617651660426248826e-03 3.149235340021292359e+04 1.512475929538704258e+04 8.805205779903473740e+03
6.263831564778516575e-03 3.337096698111548903e+04 1.603018949721634272e+04 9.333508352715854926e+03
6.984339407925946493e-03 3.517495154372567049e+04 1.689995108679408077e+04 9.841190404916600528e+03
7.787724887016851671e-03 3.686218513754800369e+04 1.771387343771849555e+04 1.031653257150222998e+04
8.683521142606049834e-03 3.838981076386915083e+04 1.845140734216777491e+04 1.074759909690289533e+04
9.682357880899711625e-03 3.969320928045912297e+04 1.908153132659170660e+04 1.111632614513143017e+04
1.079608750807801998e-02 4.070221814093099965e+04 1.957048147343677192e+04 1.140301794671100834e+04
1.203792577343234388e-02 4.134788764074788196e+04 1.988509561559206850e+04 1.158835450242475235e+04
1.342260859021738965e-02 4.158013326209915249e+04 2.000123487303008369e+04 1.165824421879410329e+04
1.496656689508787767e-02 4.133286425856019923e+04 1.988693211774778683e+04 1.159397540423817190e+04
1.668812162103823840e-02 4.053849280233167519e+04 1.950952739089060924e+04 1.137644013221531895e+04
1.860770109743517184e-02 3.916235190604258969e+04 1.885213869828325187e+04 1.099571646932129079e+04
2.074808345685756270e-02 3.719521515873225144e+04 1.791004681516943674e+04 1.044894601869385406e+04
2.313466692519383291e-02 3.467106678034808283e+04 1.669919652020285866e+04 9.745183029779402204e+03
2.579577120231610690e-02 3.168448013517798609e+04 1.526497939078044328e+04 8.910791273355593148e+03
2.876297350957714855e-02 2.839272871908289380e+04 1.368278198335133493e+04 7.989622810115707580e+03
3.207148329174031032e-02 2.501192662572561312e+04 1.205649126982700000e+04 7.042184172387327635e+03
3.576056001963404812e-02 2.179201296234549955e+04 1.050643898160105709e+04 6.138683338865847873e+03
3.987397905126498221e-02 1.897322036661957827e+04 9.148539863883046564e+03 5.346916587259814150e+03
4.446055107939526907e-02 1.672845833504233815e+04 8.066341603432507327e+03 4.715792439459275556e+03
4.957470132945773766e-02 1.510339603035506298e+04 7.282132665158915188e+03 4.258498184541380397e+03
5.527711538069327024e-02 1.397147545784215254e+04 6.735007556696984466e+03 3.939547406194254563e+03
6.163545927395905344e-02 1.300095052274840600e+04 6.264729102789611716e+03 3.665269665665354296e+03
6.872518245115814828e-02 1.175040893372169739e+04 5.657704162503438965e+03 3.310619189690979510e+03
7.663041305413779980e-02 9.979764345784586112e+03 4.797411379742681675e+03 2.807244523514664252e+03
8.544495620686157200e-02 7.942367329865703141e+03 3.806133297505873088e+03 2.226648978925784377e+03
9.527340712667957401e-02 6.279558454949143197e+03 2.994376888531937766e+03 1.750750442617855924e+03
1.062323922731101822e-01 5.405405736155266823e+03 2.563123418615921310e+03 1.497477493712137175e+03
1.184519532618636822e-01 5.027104617219872125e+03 2.370884891286578750e+03 1.384029388116461178e+03
1.320770899659224340e-01 4.380740962729312741e+03 2.047701329460559919e+03 1.193508378308757301e+03
1.472694811144383831e-01 3.382081979891135234e+03 1.552906514139967612e+03 9.020061856239682356e+02
1.642094028064348954e-01 2.784428734135182822e+03 1.252299135569248165e+03 7.241216889836903192e+02
1.830978677048002712e-01 2.563494011784470786e+03 1.134660522212140677e+03 6.533520779218697498e+02
2.041590102946942431e-01 2.093459835879853017e+03 8.970362332302236155e+02 5.119899031916398258e+02
2.276427465103479653e-01 1.749094166463542706e+03 7.216736046458430565e+02 4.070448441204450205e+02
2.538277392899435103e-01 1.562229009439064157e+03 6.242637235965846685e+02 3.478081828531470592e+02
2.830247052484705095e-01 1.303217663124801447e+03 4.939656849380646690e+02 2.693786847270897624e+02
3.155801017062329072e-01 1.163282742548457691e+03 4.229113716986494751e+02 2.258418715265205208e+02
3.518802378240603601e-01 1.009079542569949581e+03 3.467814267529228118e+02 1.796047341778310908e+02
3.923558586288135031e-01 8.976708602966248236e+02 2.928966181690520330e+02 1.467368056796660767e+02
4.374872563241952172e-01 8.049774975434334010e+02 2.492971472286157848e+02 1.202339727314570439e+02
4.878099695387512202e-01 7.249232035633687019e+02 2.130452153086853571e+02 9.840849611311605827e+01
5.439211381395319123e-01 6.582961363883717922e+02 1.842806835482073780e+02 8.130558421744231623e+01
6.064865890189676811e-01 6.014629463681590096e+02 1.611348537148050752e+02 6.779723144822281711e+01
6.762487369363893164e-01 5.520576027583969108e+02 1.424212859186469018e+02 5.715636399487496533e+01
7.540353941672404137e-01 5.081432665788977374e+02 1.271600091611892509e+02 4.877290388325517512e+01
8.407695934971151086e-01 4.677770946225862758e+02 1.144111368113849920e+02 4.207965846283727274e+01
9.374805411223435803e-01 4.298912205390137729e+02 1.036104142933972838e+02 3.672596018001959095e+01
1.045315829426528564e+00 3.936739758509058333e+02 9.429193371463274786e+01 3.242083817045860883e+01
1.165555054552403824e+00 3.584840141356627328e+02 8.603382363945512168e+01 2.890676328302144782e+01
1.299625000357985227e+00 3.239980100520394330e+02 7.851658318018112936e+01 2.598595789645285237e+01
1.449116568932995452e+00 2.902019696191145499e+02 7.150774165808840621e+01 2.350421325103009096e+01
1.615803658576671964e+00 2.572939174381644989e+02 6.484543958839151401e+01 2.134288117639441040e+01
1.801664213246928048e+00 2.256452557382744715e+02 5.842895284735899253e+01 1.940867444233231254e+01
2.008903693258128342e+00 1.956829867147726532e+02 5.221342545283710734e+01 1.763296243292385412e+01
2.239981245735629400e+00 1.678505302714104630e+02 4.620408933042719468e+01 1.596746918184676112e+01
2.497638885371206374e+00 1.424875650582235380e+02 4.043936162099660692e+01 1.438131721806530727e+01
2.784934031744384253e+00 1.198227284304869471e+02 3.498303762361082647e+01 1.285901622293070901e+01
3.105275789304232426e+00 9.992888146314177789e+01 2.990346264375112639e+01 1.139663714612375855e+01
3.462465400517639402e+00 8.275299307082720190e+01 2.526687572906221746e+01 1.000015572290374521e+01
3.860741352209485999e+00 6.812504996018634529e+01 2.111732867199385666e+01 8.680488662710256875e+00
4.304829670336041580e+00 5.579906522868906649e+01 1.747703403276574363e+01 7.451791662347465817e+00
4.799999999999999822e+00 4.550107691839573931e+01 1.434028043820242893e+01 6.326292065392787656e+00
