1.000000000230258569e-04 1.023198299768338757e+03 4.499441377301722582e+02 2.478275595917686189e+02
1.115026695290953366e-04 1.132249566904953326e+03 4.980646167877313246e+02 2.743485464387713364e+02
1.243284530925187648e-04 1.252804017299903990e+03 5.513145992521378957e+02 3.037021862022422170e+02
1.386295441504667143e-04 1.386042644248514307e+03 6.102353730538085301e+02 3.361891037077519400e+02
1.545756424481938766e-04 1.533262076741601732e+03 6.754243529303067817e+02 3.721414758057458698e+02
1.723559677317991945e-04 1.695889207219421678e+03 7.475401600546892951e+02 4.119258536541003082e+02
1.921815050694108094e-04 1.875500168448686509e+03 8.273077506036875093e+02 4.559459421376484443e+02
2.142875084442451923e-04 2.073828659363683528e+03 9.155257859868914920e+02 5.046469491864650081e+02
2.389362923277018713e-04 2.292798225962108518e+03 1.013074230106530081e+03 5.585192625464433149e+02
2.664203443578849946e-04 2.534580755808175581e+03 1.120922780474869796e+03 6.181016627332512599e+02
2.970657960592480913e-04 2.801594957775466355e+03 1.240139227700114134e+03 6.839868898825459382e+02
3.312362927876497001e-04 3.096549429003978730e+03 1.371899581029024375e+03 7.568259646440548067e+02
3.693373088223966556e-04 3.422534720045969152e+03 1.517500457079629086e+03 8.373308457587686462e+02
4.118209588090659132e-04 3.783035224971898515e+03 1.678369587597967666e+03 9.262816608625521440e+02
4.591913626466918256e-04 4.181934543965111516e+03 1.856073493371870427e+03 1.024530677825065823e+03
5.120106274801957584e-04 4.623444446108649572e+03 2.052314653433636067e+03 1.132999753063790877e+03
5.709055177816341068e-04 5.112219637320765287e+03 2.268952403686617345e+03 1.252690250559463038e+03
6.365748926688486646e-04 5.653334272785226858e+03 2.508001800551077395e+03 1.384684019049027711e+03
7.097979987143026312e-04 6.251883877082085746e+03 2.771569445344955966e+03 1.530120894525638278e+03
7.914437166483044659e-04 6.913179964672501228e+03 3.061890719106797860e+03 1.690212569659930978e+03
8.824808716799498404e-04 7.642773331330105066e+03 3.381326590137464336e+03 1.866239686686546520e+03
9.839897297802024153e-04 8.446035301585827256e+03 3.732236818539309752e+03 2.059495448684776875e+03
1.097174816344422205e-03 9.328215306385813165e+03 4.117006146692503535e+03 2.271297082405234960e+03
1.223379209343287413e-03 1.029443712441177740e+04 4.538031378006995510e+03 2.502976301946530384e+03
1.364100476567608111e-03 1.134951851493052891e+04 4.997538458348433778e+03 2.755774754449701959e+03
1.521008446081769522e-03 1.249782920789381933e+04 5.497569025564695039e+03 3.030840915839855370e+03
1.695965020753673102e-03 1.374310355656727188e+04 6.039937221850902461e+03 3.329207895758019731e+03
1.891046271984591709e-03 1.508804244346161431e+04 6.625937951869716926e+03 3.651609392392432255e+03
2.108567074807741158e-03 1.653410543760825385e+04 7.256283188460745805e+03 3.998450308997294542e+03
2.351108576680822643e-03 1.808126783092656478e+04 7.931042442650565135e+03 4.369784293945681384e+03
2.621548825923003187e-03 1.972722968012314959e+04 8.649263631602920213e+03 4.765105680290535020e+03
2.923096923239734257e-03 2.146714377825057454e+04 9.408853187042421268e+03 5.183283391295524780e+03
3.259331101584665453e-03 2.329350035131527693e+04 1.020653800242357647e+04 5.622538160233483723e+03
3.634241186222156913e-03 2.519553854953617338e+04 1.103764543769863849e+04 6.080304205643707064e+03
4.052275938830490927e-03 2.715898035954574880e+04 1.189598229302001528e+04 6.553161354920179292e+03
4.518395847440812539e-03 2.916588196999926004e+04 1.277377046247463113e+04 7.036826428372112787e+03
5.038131988628217865e-03 3.119425634987960802e+04 1.366139188792968343e+04 7.526095629535992884e+03
5.617651660426248826e-03 3.321796352325083717e+04 1.454742750936438642e+04 8.014678061128838635e+03
6.263831564778516575e-03 3.520640634334253264e+04 1.541851484006647115e+04 8.495229560417879838e+03
6.984339407925946493e-03 3.712400315314964246e+04 1.625912944756763318e+04 8.959209837949780194e+03
7.787724887016851671e-03 3.892851684109505004e+04 1.705082054703819085e+04 9.396475516172735297e+03
8.683521142606049834e-03 4.058269833127586753e+04 1.777732287590062697e+04 9.798101684389959701e+03
9.682357880899711625e-03 4.200695408390364173e+04 1.840373275384107910e+04 1.014481328199866948e+04
1.079608750807801998e-02 4.314428692534653237e+04 1.890505632277011318e+04 1.042281791866517051e+04
1.203792577343234388e-02 4.394506074120340054e+04 1.925953071400244880e+04 1.062013576290785022e+04
1.342260859021738965e-02 4.434244155043599312e+04 1.943771950907577411e+04 1.072048113798089435e+04
1.496656689508787767e-02 4.426266269250806363e+04 1.940712882733135848e+04 1.070586962893742202e+04
1.668812162103823840e-02 4.364661283505392203e+04 1.914166935953786742e+04 1.056186083310182039e+04
1.860770109743517184e-02 4.244652430873836420e+04 1.862021740932897228e+04 1.027675218027153824e+04
2.074808345685756270e-02 4.063516084905000753e+04 1.783041548294098902e+04 9.843541777794867812e+03
2.313466692519383291e-02 3.822441765919972386e+04 1.677718961630446938e+04 9.264730360754274443e+03
2.579577120231610690e-02 3.527542459683259221e+04 1.548716053917936551e+04 8.554926448147682095e+03
2.876297350957714855e-02 3.191083136706959340e+04 1.401365534009375733e+04 7.743378655258143226e+03
3.207148329174031032e-02 2.831741011538928797e+04 1.243832687206763330e+04 6.875034943026012115e+03
3.576056001963404812e-02 2.473545884662462413e+04 1.086655302180960643e+04 6.008086400485863123e+03
3.987397905126498221e-02 2.142604964919111080e+04 9.412966793593262992e+03 5.205921923285707635e+03
4.446055107939526907e-02 1.862002049085966792e+04 8.179124566567461443e+03 4.524754888099992968e+03
4.957470132945773766e-02 1.645722508516492599e+04 7.226752487696386197e+03 3.998864312740942296e+03
5.527711538069327024e-02 1.493017235866911687e+04 6.552782828568456353e+03 3.626689584806744733e+03
6.163545927395905344e-02 1.384089882498673978e+04 6.070209908011600419e+03 3.360176979601978928e+03
6.872518245115814828e-02 1.281829520203727043e+04 5.615507593026125505e+03 3.108813280518746978e+03
7.663041305413779980e-02 1.140516262196637763e+04 4.986890350346937339e+03 2.760766358336588837e+03
8.544495620686157200e-02 9.481770391708581883e+03 4.131252599711657240e+03 2.286511116054665308e+03
9.527340712667957401e-02 7.453429405892972682e+03 3.227254435803032266e+03 1.785009314571698269e+03
1.062323922731101822e-01 5.974161498466465673e+03 2.563824127205793502e+03 1.416499810636899838e+03
1.184519532618636822e-01 5.290653706885258543e+03 2.250334895285655875e+03 1.241744947565645134e+03
1.320770899659224340e-01 4.918259057590875273e+03 2.073270903297087443e+03 1.142394542796403130e+03
1.472694811144383831e-01 4.149293557264765695e+03 1.720472796656606761e+03 9.452663710802177093e+02
1.642094028064348954e-01 3.205836628800142989e+03 1.290553988859837091e+03 7.050567685209086903e+02
1.830978677048002712e-01 2.768975285782119954e+03 1.085144501129774198e+03 5.891989774309686254e+02
2.041590102946942431e-01 2.523965407869548471e+03 9.657409730356280306e+02 5.208887083519105090e+02
2.276427465103479653e-01 2.041260547923535569e+03 7.434732407212111411e+02 3.954044996187045058e+02
2.538277392899435103e-01 1.787058312797796361e+03 6.240041559677446230e+02 3.269234785531142506e+02
2.830247052484705095e-01 1.570193596421788698e+03 5.233956453193284233e+02 2.689993671433737745e+02
3.155801017062329072e-01 1.355406536497777324e+03 4.260114190202405098e+02 2.130583822760476096e+02
3.518802378240603601e-01 1.208066021883946860e+03 3.603048391203137157e+02 1.749513213866174794e+02
3.923558586288135031e-01 1.073929030431405636e+03 3.023226501094468404e+02 1.414803580351137384e+02
4.374872563241952172e-01 9.612471590253026079e+02 2.554026962586231946e+02 1.145197883731101598e+02
4.878099695387512202e-01 8.709082685772474406e+02 2.196227522126388010e+02 9.409707770590864584e+01
5.439211381395319123e-01 7.919123101864656746e+02 1.900984325620661082e+02 7.750217835335882910e+01
6.064865890189676811e-01 7.230254350136308403e+02 1.661787192540712681e+02 6.434298286489556062e+01
6.762487369363893164e-01 6.618982240864078221e+02 1.467384166569641195e+02 5.395653320068050363e+01
7.540353941672404137e-01 6.065070056228427120e+02 1.308381848625599275e+02 4.579101991156664297e+01
8.407695934971151086e-01 5.549658714325900064e+02 1.175898366596554041e+02 3.932859582404974219e+01
9.374805411223435803e-01 5.059457864500163282e+02 1.063150091573137530e+02 3.417314588367350581e+01
1.045315829426528564e+00 4.586585112211834030e+02 9.651078809996695895e+01 3.003051235801757457e+01
1.165555054552403824e+00 4.126976195082605727e+02 8.778088112570229384e+01 2.666613381611478317e+01
1.299625000357985227e+00 3.679906486560406051e+02 7.980334766743602870e+01 2.388461158507462301e+01
1.449116568932995452e+00 3.247579147061537128e+02 7.234581584620887895e+01 2.153592465882055507e+01
1.615803658576671964e+00 2.834629490474482054e+02 6.525363500842003361e+01 1.950232806924666562e+01
1.801664213246928048e+00 2.446292595122968976e+02 5.843845737310554966e+01 1.769472409698291671e+01
2.008903693258128342e+00 2.087905086996063062e+02 5.187098616207847357e+01 1.604562818972665994e+01
2.239981245735629400e+00 1.763376058893532274e+02 4.556592177893708850e+01 1.450746017416285127e+01
2.497638885371206374e+00 1.475157980889075873e+02 3.957479210631019839e+01 1.304979335971927412e+01
2.784934031744384253e+00 1.223691645144259326e+02 3.396251004731910683e+01 1.165591848277157894e+01
3.105275789304232426e+00 1.007833073517097660e+02 2.880050504111189014e+01 1.032147271251874976e+01
3.462465400517639402e+00 8.250408144405844268e+01 2.414274668072853913e+01 9.049811761323912407e+00
3.860741352209485999e+00 6.718809010944913496e+01 2.002469590957493395e+01 7.850748327602786070e+00
4.304829670336041580e+00 5.446575734811055725e+01 1.645190094591796282e+01 6.735394325107492364e+00
4.799999999999999822e+00 4.396701740268796499e+01 1.340620331847394198e+01 5.715213165495078407e+00
