1.000000000230258569e-04 3.780708213510284168e+03 1.827000827658573371e+03 1.102477700663460155e+03
1.115486563971542785e-04 4.236501518899993243e+03 2.042554813645230979e+03 1.231129888717757694e+03
1.244310274114527074e-04 4.751033071678387387e+03 2.284807228664436479e+03 1.375321579944749374e+03
1.388011391866901154e-04 5.332368961162659616e+03 2.557341184262364550e+03 1.537064093373774313e+03
1.548308057910457113e-04 5.989314527216739407e+03 2.864173180645613684e+03 1.718626469814037364e+03
1.727116835090306587e-04 6.730697458556654965e+03 3.209647180914637829e+03 1.922526499975402885e+03
1.926575623508681512e-04 7.565892810624168305e+03 3.598604556453332862e+03 2.151601814345000093e+03
2.149069222004190347e-04 8.504031579122318362e+03 4.036174946985458973e+03 2.408949449299625485e+03
2.397257841638464457e-04 9.551829403606081542e+03 4.527132187243090812e+03 2.697707329708785892e+03
2.674108912107391479e-04 1.071418272199826788e+04 5.076199777605063900e+03 3.021203429936074826e+03
2.982932561365508645e-04 1.199350857402224028e+04 5.687682605041096394e+03 3.382778142033125278e+03
3.327421192670277522e-04 1.338819634174526800e+04 6.364323244403093668e+03 3.785177421096453145e+03
3.711693632243215748e-04 1.489205925421075517e+04 7.107442785190434734e+03 4.230715695079636134e+03
4.140344375392690035e-04 1.649551890316726349e+04 7.917001141891986663e+03 4.721179661018074512e+03
4.618498519902246974e-04 1.819138309775978996e+04 8.792232822775846216e+03 5.257572449182809578e+03
5.151873043487156757e-04 1.997125606002778295e+04 9.730778895516830744e+03 5.839906190190134112e+03
5.746845157973842983e-04 2.182720849547525359e+04 1.072936669239910952e+04 6.467457944486142878e+03
6.410528557468661917e-04 2.376349827363132863e+04 1.178822520217522833e+04 7.140467760472266491e+03
7.150858472165629249e-04 2.579127478100962617e+04 1.290898162528659668e+04 7.859197398660461658e+03
7.976686544726134401e-04 2.792636352856343365e+04 1.409434269150655564e+04 8.623970322579833010e+03
8.897886663605780169e-04 3.018939783213609553e+04 1.535097273205331476e+04 9.437475251779604150e+03
9.925473018708411317e-04 3.260689943673714515e+04 1.668862426820032124e+04 1.030391854027594309e+04
1.107173179088194286e-03 3.520952974259186885e+04 1.811893714890949559e+04 1.122834966116884243e+04
1.235036804978161722e-03 3.801797787550563226e+04 1.965116205486049876e+04 1.221552413763953518e+04
1.377666961646263968e-03 4.104970734774070297e+04 2.129424408314642642e+04 1.327053428167627681e+04
1.536768984990051967e-03 4.432211699332660646e+04 2.305747980699589971e+04 1.439877804183198896e+04
1.714245154289869167e-03 4.784180081298912410e+04 2.494469884465813811e+04 1.560260537747296803e+04
1.912217436523370962e-03 5.160772011271332303e+04 2.695607386210427285e+04 1.688237313042704773e+04
2.133052857342773462e-03 5.561375992016754753e+04 2.908953408437591133e+04 1.823722364428356741e+04
2.379391802059096454e-03 5.984486078575016290e+04 3.133784396603986534e+04 1.966288697711182976e+04
2.654179585009814029e-03 6.427679658847451356e+04 3.368884668165951007e+04 2.115197806858067270e+04
2.960701664764286197e-03 6.887615868877862522e+04 3.612581806226975459e+04 2.269436004056843376e+04
3.302622926212283368e-03 7.360867699702898972e+04 3.863076615856854914e+04 2.427681557662886553e+04
3.684031499205906151e-03 7.839764280007695197e+04 4.116525102909069392e+04 2.588084760237567025e+04
4.109487637665882979e-03 8.319367994462497882e+04 4.370205425732509320e+04 2.748493638527195799e+04
4.584078243567925488e-03 8.787957814658826101e+04 4.618024544739713747e+04 2.905168882575377575e+04
5.113477687716873853e-03 9.235187467462872155e+04 4.854576578665489069e+04 3.054735755478625651e+04
5.704015654503047893e-03 9.650948937346499588e+04 5.074573853822970705e+04 3.193882537492149640e+04
6.362752821816417166e-03 1.002138879443945625e+05 5.270757834648105199e+04 3.318061701589546283e+04
7.097565280973966440e-03 1.033020158032934123e+05 5.434535595517974434e+04 3.421858663010845339e+04
7.917238706014356406e-03 1.056057553194176144e+05 5.557050963744541514e+04 3.499683842958010791e+04
8.831573398280912271e-03 1.069475513129829633e+05 5.628954408565381163e+04 3.545643189941343007e+04
9.851501462242475554e-03 1.071434361574696959e+05 5.640572970913825702e+04 3.553643036452598608e+04
1.098921751354712747e-02 1.060225235036116355e+05 5.582826620910719066e+04 3.517929740834121912e+04
1.225832448210000328e-02 1.034499713532020542e+05 5.448558896305060625e+04 3.433951441653798975e+04
1.367399625343743499e-02 9.935167625899618724e+04 5.233851450488759292e+04 3.299235766559249896e+04
1.525315909299450497e-02 9.374890085374537739e+04 4.939734236272944690e+04 3.114405183068473707e+04
1.701469402243795462e-02 8.680084260707817157e+04 4.574492908689585602e+04 2.884624844171930090e+04
1.897966256774625410e-02 7.883741034783631039e+04 4.155483216020656982e+04 2.620830155475563151e+04
2.117155857815964867e-02 7.035636531043607101e+04 3.708900984058492759e+04 2.339534013306954148e+04
2.361658912683562567e-02 6.198255694527791638e+04 3.267669194996258739e+04 2.061493495698482002e+04
2.634398785175567220e-02 5.437043156563719822e+04 2.866308412467649759e+04 1.808496057670809751e+04
2.938636448329653983e-02 4.806085099376992002e+04 2.533375970212729953e+04 1.598581115661618060e+04
3.278009473753994152e-02 4.331579869791577948e+04 2.282730492233034965e+04 1.440516271296715604e+04
3.656575523702054742e-02 3.996275261056622548e+04 2.105296100701297837e+04 1.328594704318712684e+04
4.078860865897657173e-02 3.732008158013377397e+04 1.965097561575816144e+04 1.240119217342682350e+04
4.549914491170512637e-02 3.424384856797286920e+04 1.801708887712135038e+04 1.136939160934145730e+04
5.075368480951484434e-02 2.981514824545926604e+04 1.566546964637562087e+04 9.883641324203463228e+03
5.661505346402430361e-02 2.430196514719122570e+04 1.273720659110189445e+04 8.032903813893428378e+03
6.315333144310807112e-02 1.925690687512993463e+04 1.005237115735088264e+04 6.335066188901007081e+03
7.044669267860774464e-02 1.616448756742356272e+04 8.395652573504010434e+03 5.285835615639803109e+03
7.858233914112514040e-02 1.482603237232597712e+04 7.662597483674681826e+03 4.819340448813479270e+03
8.765754345719625751e-02 1.331849550189247930e+04 6.837295335889824855e+03 4.293816226700859261e+03
9.778081193473929511e-02 1.061289494257344450e+04 5.376798487712253518e+03 3.366238859151599627e+03
1.090731819023149224e-01 8.461298072493020300e+03 4.208178112418568162e+03 2.622317637455815202e+03
1.216696688736408766e-01 7.667702495926530901e+03 3.757364363580711597e+03 2.331192330784052047e+03
1.357208808401622890e-01 6.527240785123733986e+03 3.125404127818655070e+03 1.925132000922175166e+03
1.513948189927238619e-01 5.301519135320406349e+03 2.452094512277071772e+03 1.492685526999673584e+03
1.688788864024014236e-01 4.747263229393715847e+03 2.137382669953478398e+03 1.286644140298426009e+03
1.883821286769788717e-01 3.977836811791105902e+03 1.714883492795958773e+03 1.012923039310712511e+03
2.101377333831422056e-01 3.517247008557907975e+03 1.460418178375958405e+03 8.459137815165545362e+02
2.344058181183555356e-01 3.044315753947873418e+03 1.205243816582563795e+03 6.795302340306201359e+02
2.614765405675759102e-01 2.709431874007706483e+03 1.026847215676030828e+03 5.626390322632702237e+02
2.916735677297306317e-01 2.411898649194013160e+03 8.722702957701025070e+02 4.620404561926097244e+02
3.253579457932418983e-01 2.166862133669380455e+03 7.487574839286719453e+02 3.822610728878864848e+02
3.629324169301749725e-01 1.964542374670141498e+03 6.504937461089472208e+02 3.195092116133290574e+02
4.048462346221089470e-01 1.793034149739500435e+03 5.709507863928473625e+02 2.695682842242285346e+02
4.516005350914485406e-01 1.645587569694539752e+03 5.063376255375778783e+02 2.299099054364468770e+02
5.037543290608768043e-01 1.515680437741361175e+03 4.531642973548647433e+02 1.982403112232967430e+02
5.619311854805180140e-01 1.398870067787570861e+03 4.090108374946334493e+02 1.729369757444259506e+02
6.268266871357865977e-01 1.291255931524764947e+03 3.717554149481852619e+02 1.525931681122026191e+02
6.992167472777639503e-01 1.189549162743001261e+03 3.396005684896986736e+02 1.360491632987711341e+02
7.799668867126374749e-01 1.091464006175369150e+03 3.111401650326794197e+02 1.223901156408328319e+02
8.700425822703268253e-01 9.955408870650562676e+02 2.852796667754225268e+02 1.109000986630351093e+02
9.705208103821856280e-01 9.011624726667247387e+02 2.611762321057256031e+02 1.010059522262223197e+02
1.082602923786821769e+00 8.083517282115788021e+02 2.382056912122744450e+02 9.225376821872207245e+01
1.207629015322442267e+00 7.178314795591920756e+02 2.159772871011804796e+02 8.429700215871869773e+01
1.347093940544190405e+00 6.306722038020465106e+02 1.942883441472676509e+02 7.687576175517804700e+01
1.502665190738521561e+00 5.481651597462125665e+02 1.731307851538572322e+02 6.981311611493411817e+01
1.676202830030598223e+00 4.715075849648319490e+02 1.526255316536327200e+02 6.299862781154541125e+01
1.869781734959676811e+00 4.016667141965702399e+02 1.330108442161568405e+02 5.638943465587141901e+01
2.085716402426663674e+00 3.392419473795992531e+02 1.145590194390826895e+02 4.999019349720980898e+01
2.326588622626292402e+00 2.844094052791392073e+02 9.754419821273469893e+01 4.384770294176787075e+01
2.595278347831105226e+00 2.369873845166895876e+02 8.217820270998579701e+01 3.802808775402063191e+01
2.894998126105261083e+00 1.964680332857916483e+02 6.857572445814128059e+01 3.260695224166938289e+01
3.229331511649635278e+00 1.621750276769954269e+02 5.675492125504156604e+01 2.765005738419477765e+01
3.602275911025628830e+00 1.333525297603176796e+02 4.664086560968571149e+01 2.320128697479759339e+01
4.018290377542188097e+00 1.092539693956725841e+02 3.809959711089312862e+01 1.927965283810794617e+01
4.482348925252354732e+00 8.920404679000887427e+01 3.095830675482100602e+01 1.587988873412668411e+01
5.000000000000000888e+00 7.259940302843406812e+01 2.503401715459360588e+01 1.297723629160067738e+01
