1.000000000230258569e-04 2.877300764981081898e+02 1.268398490854818874e+02 7.092317977913107541e+01
1.115026695290953366e-04 3.201653719063761514e+02 1.411305750122347433e+02 7.891009350038308412e+01
1.243284530925187648e-04 3.562644291779498644e+02 1.570330619896950282e+02 8.779648030352045396e+01
1.386295441504667143e-04 3.964427316211481411e+02 1.747294798513952685e+02 9.768361144881986036e+01
1.545756424481938766e-04 4.411625848256281301e+02 1.944225537605300929e+02 1.086840962592598459e+02
1.723559677317991945e-04 4.909387696421609917e+02 2.163379530568624602e+02 1.209231842590072858e+02
1.921815050694108094e-04 5.463434665479269370e+02 2.407266417778895971e+02 1.345400986646269814e+02
2.142875084442451923e-04 6.080094399399055192e+02 2.678669587403152832e+02 1.496893345589585635e+02
2.389362923277018713e-04 6.766386711943750925e+02 2.980681320480308614e+02 1.665425036678307720e+02
2.664203443578849946e-04 7.530072418541980142e+02 3.316729387597286518e+02 1.852899772455756988e+02
2.970657960592480913e-04 8.379613703645765099e+02 3.690580794797342605e+02 2.061418795927490635e+02
3.312362927876497001e-04 9.324300091460048634e+02 4.106393398900540888e+02 2.293307096678840935e+02
3.693373088223966556e-04 1.037430800178224899e+03 4.568745146562035870e+02 2.551132233878726083e+02
4.118209588090659132e-04 1.154059610272583086e+03 5.082598498962676103e+02 2.837698929875065801e+02
4.591913626466918256e-04 1.283502906180002583e+03 5.653363763863198983e+02 3.156083804783801838e+02
5.120106274801957584e-04 1.427048433447294428e+03 6.286942286387424019e+02 3.509658541504475693e+02
5.709055177816341068e-04 1.586097883601145213e+03 6.989710129151635556e+02 3.902068509556378899e+02
6.365748926688486646e-04 1.762169602299166172e+03 7.768560206056437210e+02 4.337266936576918965e+02
7.097979987143026312e-04 1.956908199244908928e+03 8.630950924741920289e+02 4.819542924186852701e+02
7.914437166483044659e-04 2.172138047345838913e+03 9.585002402747280712e+02 5.353512521461138931e+02
8.824808716799498404e-04 2.409862483952021648e+03 1.063950775613595397e+03 5.944138180146560444e+02
9.839897297802024153e-04 2.672254644935963370e+03 1.180393009486941537e+03 6.596743407858714363e+02
1.097174816344422205e-03 2.961627641168676746e+03 1.308837596672435438e+03 7.316978922531450280e+02
1.223379209343287413e-03 3.280447693209052886e+03 1.450361604725397001e+03 8.110826729005306106e+02
1.364100476567608111e-03 3.631340511531512220e+03 1.606105701822893025e+03 8.984585352098621343e+02
1.521008446081769522e-03 4.016929164583748388e+03 1.777215717992911777e+03 9.944610474718379010e+02
1.695965020753673102e-03 4.439823108327558657e+03 1.964836495238343332e+03 1.099727111252399027e+03
1.891046271984591709e-03 4.902650820865918831e+03 2.170119934312459009e+03 1.214895719628775169e+03
2.108567074807741158e-03 5.407826925309434046e+03 2.394132572195874218e+03 1.340560669533030932e+03
2.351108576680822643e-03 5.957474610059778570e+03 2.637823097670699553e+03 1.477252716058633041e+03
2.621548825923003187e-03 6.553443330758210323e+03 2.902025302634337550e+03 1.625438859683964893e+03
2.923096923239734257e-03 7.197091111599104806e+03 3.187348880242230280e+03 1.785462726319261719e+03
3.259331101584665453e-03 7.889147245933804697e+03 3.494116405255002974e+03 1.957509930504950034e+03
3.634241186222156913e-03 8.629648846477695770e+03 3.822355967965529544e+03 2.141603042004981489e+03
4.052275938830490927e-03 9.417686210932137328e+03 4.171681139199769859e+03 2.337524995282120017e+03
4.518395847440812539e-03 1.025107015916977070e+04 4.541170449373308657e+03 2.544759773262908766e+03
5.038131988628217865e-03 1.112616765092606875e+04 4.929175028643107908e+03 2.762416809026048213e+03
5.617651660426248826e-03 1.203756795632098874e+04 5.333321051676090065e+03 2.989142217387113305e+03
6.263831564778516575e-03 1.297871807910228017e+04 5.750728200356084926e+03 3.223341744206637941e+03
6.984339407925946493e-03 1.393685278115025540e+04 6.175748998114944698e+03 3.461852037057262805e+03
7.787724887016851671e-03 1.489868057508774109e+04 6.602504811618920030e+03 3.701384088645905649e+03
8.683521142606049834e-03 1.584959650491632419e+04 7.024527236326560342e+03 3.938317079760548040e+03
9.682357880899711625e-03 1.676919537079883594e+04 7.432792808350980522e+03 4.167605924547585346e+03
1.079608750807801998e-02 1.763284114103432148e+04 7.816375118059194392e+03 4.383120646751630375e+03
1.203792577343234388e-02 1.841242767033706332e+04 8.162804410422644651e+03 4.577859404622621696e+03
1.342260859021738965e-02 1.907641451480034084e+04 8.458097512742086110e+03 4.743976229379989491e+03
1.496656689508787767e-02 1.958976472201116121e+04 8.686704463329206192e+03 4.872751955698188794e+03
1.668812162103823840e-02 1.991637599002709612e+04 8.832546364307549084e+03 4.955141339678469194e+03
1.860770109743517184e-02 2.002208092243821011e+04 8.880391925370455283e+03 4.982560239642941269e+03
2.074808345685756270e-02 1.987864116859652131e+04 8.817683422789214092e+03 4.947958630541809725e+03
2.313466692519383291e-02 1.946939722018301472e+04 8.636910383909185839e+03 4.847097103001326104e+03
2.579577120231610690e-02 1.879657480070042948e+04 8.338927304293141788e+03 4.680392007658415423e+03
2.876297350957714855e-02 1.788841172268629089e+04 7.936181112998431672e+03 4.454807383430177651e+03
3.207148329174031032e-02 1.680247769033654185e+04 7.454120029835336936e+03 4.184610927664940391e+03
3.576056001963404812e-02 1.562345770544228435e+04 6.930246404104545036e+03 3.890826493011416005e+03
3.987397905126498221e-02 1.445139720357288570e+04 6.408897179714534104e+03 3.598343355240359415e+03
4.446055107939526907e-02 1.337909307900934436e+04 5.931226961464937631e+03 3.330269188170652342e+03
4.957470132945773766e-02 1.246062633463452767e+04 5.521198519048528397e+03 3.100064882871273767e+03
5.527711538069327024e-02 1.168226359334919471e+04 5.172643718149800407e+03 2.904271284145626851e+03
6.163545927395905344e-02 1.092904768601863907e+04 4.834397897923056007e+03 2.714142287666364609e+03
6.872518245115814828e-02 1.004277546548310784e+04 4.436031665105399043e+03 2.490099165742754849e+03
7.663041305413779980e-02 8.921743519990013738e+03 3.932195464199788603e+03 2.206635210761490725e+03
8.544495620686157200e-02 7.659247170735492546e+03 3.364263328686997284e+03 1.886978099662124350e+03
9.527340712667957401e-02 6.535190096500100481e+03 2.856622331399693849e+03 1.601009514858707007e+03
1.062323922731101822e-01 5.770847561056330960e+03 2.507703417775082016e+03 1.404042087554234513e+03
1.184519532618636822e-01 5.256488450995653693e+03 2.268801149354223071e+03 1.268696431683280935e+03
1.320770899659224340e-01 4.637047799750813283e+03 1.982204482905092163e+03 1.106322199879332175e+03
1.472694811144383831e-01 3.866598546962714408e+03 1.627817167004706562e+03 9.056133427116863004e+02
1.642094028064348954e-01 3.313971006409160509e+03 1.370098249971817950e+03 7.590057177340969474e+02
1.830978677048002712e-01 2.978682953066409027e+03 1.209279674301826617e+03 6.666354796213184954e+02
2.041590102946942431e-01 2.538860238537170062e+03 1.003030222206957887e+03 5.485569143476641329e+02
2.276427465103479653e-01 2.186897069041676332e+03 8.372948812484036125e+02 4.531158324361219911e+02
2.538277392899435103e-01 1.939213368567966427e+03 7.197735178485091865e+02 3.847149589055351271e+02
2.830247052484705095e-01 1.671900538671406593e+03 5.958981567970537299e+02 3.128261018641114788e+02
3.155801017062329072e-01 1.485231799336722588e+03 5.099378842911181664e+02 2.623961247830158072e+02
3.518802378240603601e-01 1.305930841661568365e+03 4.294245577132924154e+02 2.153237281266118259e+02
3.923558586288135031e-01 1.162592017506591674e+03 3.666789229596575979e+02 1.785960152804570384e+02
4.374872563241952172e-01 1.040520971023917127e+03 3.149374871107830245e+02 1.484679074228004936e+02
4.878099695387512202e-01 9.349295252336214617e+02 2.718462400856141130e+02 1.236303689123812575e+02
5.439211381395319123e-01 8.445728474712658453e+02 2.366343788441608638e+02 1.036244218445343392e+02
6.064865890189676811e-01 7.661256300114058604e+02 2.076923239516563058e+02 8.750642125346617206e+01
6.762487369363893164e-01 6.969600448647379380e+02 1.837654942197726200e+02 7.452602590077069067e+01
7.540353941672404137e-01 6.349231751456062511e+02 1.638391875387764856e+02 6.407364352650063211e+01
8.407695934971151086e-01 5.782147490840271757e+02 1.470424422494452301e+02 5.562352650517780717e+01
9.374805411223435803e-01 5.254673498665470106e+02 1.326681479535112658e+02 4.875700908174268733e+01
1.045315829426528564e+00 4.757004126020652279e+02 1.201535774705282051e+02 4.314164474684633888e+01
1.165555054552403824e+00 4.282943632691277571e+02 1.090157858967293549e+02 3.849251451506513888e+01
1.299625000357985227e+00 3.829210636007600215e+02 9.887748958895184614e+01 3.458479027892587965e+01
1.449116568932995452e+00 3.395768929799235138e+02 8.944948788475657864e+01 3.123361467114056467e+01
1.615803658576671964e+00 2.984062070120534145e+02 8.052747111488410781e+01 2.829469766355371618e+01
1.801664213246928048e+00 2.596825435521512304e+02 7.199133874880608630e+01 2.565312956173029235e+01
2.008903693258128342e+00 2.236917118361999997e+02 6.378664123374191774e+01 2.322199291873462457e+01
2.239981245735629400e+00 1.907442457496763097e+02 5.593273815532297988e+01 2.093985064709794486e+01
2.497638885371206374e+00 1.610627020315065181e+02 4.848415060257443798e+01 1.876634056754781454e+01
2.784934031744384253e+00 1.348118072620977443e+02 4.153212517480982058e+01 1.668309527289112282e+01
3.105275789304232426e+00 1.120049756010082689e+02 3.516170211300078563e+01 1.468643177980309389e+01
3.462465400517639402e+00 9.248450847596905078e+01 2.944611416098774015e+01 1.278750302233842362e+01
3.860741352209485999e+00 7.598551318290955692e+01 2.442359806005521250e+01 1.100343787154559472e+01
4.304829670336041580e+00 6.216695366173745896e+01 2.008987440959753812e+01 9.355673996249027624e+00
4.799999999999999822e+00 5.067238502094006947e+01 1.640931971538556411e+01 7.862441434471580948e+00
