1.000000000230258569e-04 9.285321164941231018e+02 4.198834384825015036e+02 2.313706302010317586e+02
1.115026695290953366e-04 1.031560497399112592e+03 4.667137823590309722e+02 2.572099476409822501e+02
1.243284530925187648e-04 1.145844876122466758e+03 5.187381953134768082e+02 2.859267792380987885e+02
1.386295441504667143e-04 1.272569057560404644e+03 5.765231897891901554e+02 3.178384646222840502e+02
1.545756424481938766e-04 1.413033167993001598e+03 6.406952759538842201e+02 3.532967458679785295e+02
1.723559677317991945e-04 1.568665621132472552e+03 7.119470015989968488e+02 3.926913088306365580e+02
1.921815050694108094e-04 1.741057775707339715e+03 7.910432060594304176e+02 4.364525659026053859e+02
2.142875084442451923e-04 1.931980278245767977e+03 8.788282018025171283e+02 4.850558101466737639e+02
2.389362923277018713e-04 2.143393109395407009e+03 9.762341531088711690e+02 5.390263314734319238e+02
2.664203443578849946e-04 2.377541752513296615e+03 1.084295273172197994e+03 5.989431645890126674e+02
2.970657960592480913e-04 2.637003772210660827e+03 1.204159049970656497e+03 6.654441326547232620e+02
3.312362927876497001e-04 2.924686811248669983e+03 1.337094738226464187e+03 7.392321460578953065e+02
3.693373088223966556e-04 3.243921997795504012e+03 1.484512353916204347e+03 8.210787403713006825e+02
4.118209588090659132e-04 3.598540960071380596e+03 1.647979699316042343e+03 9.118294509139418551e+02
4.591913626466918256e-04 3.992909287115605821e+03 1.829233699898328041e+03 1.012411744375721923e+03
5.120106274801957584e-04 4.431770217713693455e+03 2.030164901620372802e+03 1.123830578526692989e+03
5.709055177816341068e-04 4.920184801429099934e+03 2.252815597045252161e+03 1.247168195902381058e+03
6.365748926688486646e-04 5.463755937897720287e+03 2.499417255856300471e+03 1.383597039043700079e+03
7.097979987143026312e-04 6.068202410273503119e+03 2.772304956169547040e+03 1.534352496881265779e+03
7.914437166483044659e-04 6.738987540929254465e+03 3.073844268837009167e+03 1.700709228158923224e+03
8.824808716799498404e-04 7.481674575502042899e+03 3.406506959230791381e+03 1.884004413207744392e+03
9.839897297802024153e-04 8.301693625298794359e+03 3.772765891664044375e+03 2.085588524653276636e+03
1.097174816344422205e-03 9.204030332572498082e+03 4.174967442417259008e+03 2.306766893139440526e+03
1.223379209343287413e-03 1.019322092446653915e+04 4.615375379709937079e+03 2.548821304666641936e+03
1.364100476567608111e-03 1.127332846339818025e+04 5.096071922631039342e+03 2.812942538863349910e+03
1.521008446081769522e-03 1.244793585999668721e+04 5.618820310927045284e+03 3.100136482359063393e+03
1.695965020753673102e-03 1.371972325035753056e+04 6.185026104953231879e+03 3.411227054734084049e+03
1.891046271984591709e-03 1.509030389039483271e+04 6.795623641852743276e+03 3.746781701868102573e+03
2.108567074807741158e-03 1.656014967117003471e+04 7.450933579359352734e+03 4.107005316542235960e+03
2.351108576680822643e-03 1.812817509877782868e+04 8.150561976889346624e+03 4.491708159735316258e+03
2.621548825923003187e-03 1.979137615326556261e+04 8.893241465547645930e+03 4.900219929988607873e+03
2.923096923239734257e-03 2.154442864760054727e+04 9.676630541350792555e+03 5.331274253562022750e+03
3.259331101584665453e-03 2.337951595865134368e+04 1.049723681036844755e+04 5.782968010024837895e+03
3.634241186222156913e-03 2.528592749784919943e+04 1.135026663269305027e+04 6.252678540312264886e+03
4.052275938830490927e-03 2.724939768907232065e+04 1.222941378069416533e+04 6.736947972833574568e+03
4.518395847440812539e-03 2.925227201923814573e+04 1.312686488958527298e+04 7.231482820619009544e+03
5.038131988628217865e-03 3.127556293815053868e+04 1.403410929674563704e+04 7.731637791217193808e+03
5.617651660426248826e-03 3.328054854282112501e+04 1.493373137568591301e+04 8.227810504516461151e+03
6.263831564778516575e-03 3.523970561287736200e+04 1.581334414807449321e+04 8.713175660532544498e+03
6.984339407925946493e-03 3.710899268977145402e+04 1.665317575425488758e+04 9.176825378444380476e+03
7.787724887016851671e-03 3.885472629184571269e+04 1.743817858433777292e+04 9.610522674295572870e+03
8.683521142606049834e-03 4.042542553515508189e+04 1.814519393403113645e+04 1.000152865009140078e+04
9.682357880899711625e-03 4.176499960433536762e+04 1.874894005012234629e+04 1.033584465640725830e+04
1.079608750807801998e-02 4.281721256355312653e+04 1.922417053665419735e+04 1.059952521183987665e+04
1.203792577343234388e-02 4.352053829235264129e+04 1.954329650320322980e+04 1.077733272428873715e+04
1.342260859021738965e-02 4.381208789390818856e+04 1.967796255020324679e+04 1.085360621106712279e+04
1.496656689508787767e-02 4.363218826788099250e+04 1.960102820445395264e+04 1.081318599510198328e+04
1.668812162103823840e-02 4.292877901934240072e+04 1.928899883765595587e+04 1.064302550193468414e+04
1.860770109743517184e-02 4.166317728130077012e+04 1.872430236424601026e+04 1.033346232557754774e+04
2.074808345685756270e-02 3.982112344807105546e+04 1.790002939843277636e+04 9.880464015254741753e+03
2.313466692519383291e-02 3.742674389040492679e+04 1.682672834446516936e+04 9.289693559036135412e+03
2.579577120231610690e-02 3.455349317950067780e+04 1.553726294016913562e+04 8.579318628875313152e+03
2.876297350957714855e-02 3.133220834266329257e+04 1.409015415127057167e+04 7.781514159837774059e+03
3.207148329174031032e-02 2.794990694081598485e+04 1.256941874087255383e+04 6.942676636658810821e+03
3.576056001963404812e-02 2.463390440387119088e+04 1.107724422137561305e+04 6.119243638038271456e+03
3.987397905126498221e-02 2.161667315280670664e+04 9.718262961872342203e+03 5.369042310792017815e+03
4.446055107939526907e-02 1.908582161267452102e+04 8.576980490909270884e+03 4.738825466376117220e+03
4.957470132945773766e-02 1.712687128206580746e+04 7.691977774608244545e+03 4.249974794491476132e+03
5.527711538069327024e-02 1.567175952422041155e+04 7.032643940304237731e+03 3.885632002794469372e+03
6.163545927395905344e-02 1.447170697083951382e+04 6.486882529416027864e+03 3.583863568694987862e+03
6.872518245115814828e-02 1.317198096052125038e+04 5.894750114343817586e+03 3.256252794983223339e+03
7.663041305413779980e-02 1.143396693164601675e+04 5.103515041195294543e+03 2.818328462234953349e+03
8.544495620686157200e-02 9.374964073612254651e+03 4.165901466122692000e+03 2.299210389181931077e+03
9.527340712667957401e-02 7.505193196867398910e+03 3.311941604791000373e+03 1.826090994556730493e+03
1.062323922731101822e-01 6.306897563458521290e+03 2.759207171282679610e+03 1.519303838869797119e+03
1.184519532618636822e-01 5.711355498765049560e+03 2.476996257418133155e+03 1.361882297922212501e+03
1.320770899659224340e-01 5.100308778416780115e+03 2.186861824814787269e+03 1.199817572173871667e+03
1.472694811144383831e-01 4.137167878651218416e+03 1.737663507362933387e+03 9.495159409781398381e+02
1.642094028064348954e-01 3.346325560551108993e+03 1.366462190442703104e+03 7.421073095253169640e+02
1.830978677048002712e-01 2.996746648466584702e+03 1.194993493756588805e+03 6.449375144385788872e+02
2.041590102946942431e-01 2.588138751278437667e+03 9.986642637212039517e+02 5.338610295618609598e+02
2.276427465103479653e-01 2.148713965958798326e+03 7.906417271701328673e+02 4.162312193683036980e+02
2.538277392899435103e-01 1.916237193613889303e+03 6.781693318620584705e+02 3.514363428742254314e+02
2.830247052484705095e-01 1.647655610367804229e+03 5.523428346495260257e+02 2.794262506162629052e+02
3.155801017062329072e-01 1.461915666676866294e+03 4.660653650231222400e+02 2.294992778235807691e+02
3.518802378240603601e-01 1.290601270945414853e+03 3.886611549460457127e+02 1.848410283784520516e+02
3.923558586288135031e-01 1.158842439813569172e+03 3.308914948017747975e+02 1.514265152017250102e+02
4.374872563241952172e-01 1.043512996808015941e+03 2.823146024364670552e+02 1.235500966272205687e+02
4.878099695387512202e-01 9.470333544295308457e+02 2.436944885034830293e+02 1.016140323091758404e+02
5.439211381395319123e-01 8.645732031398243862e+02 2.126861322393555724e+02 8.429340493679595170e+01
6.064865890189676811e-01 7.923338800519120468e+02 1.875069621934872259e+02 7.057005438017830556e+01
6.762487369363893164e-01 7.276513431393169640e+02 1.669047573466104097e+02 5.971376789036293076e+01
7.540353941672404137e-01 6.683480583191252435e+02 1.498510138501972904e+02 5.112049529522870017e+01
8.407695934971151086e-01 6.126847271568144606e+02 1.354985110373317241e+02 4.429531216125176485e+01
9.374805411223435803e-01 5.593477972431439866e+02 1.231584981674665187e+02 3.883769833336273791e+01
1.045315829426528564e+00 5.075160811846749880e+02 1.122817327511889687e+02 3.442633197748217100e+01
1.165555054552403824e+00 4.567714035598881424e+02 1.024424074286793029e+02 3.081265771596360992e+01
1.299625000357985227e+00 4.071412086920725528e+02 9.331327130966691641e+01 2.779405972917490075e+01
1.449116568932995452e+00 3.589257977923593330e+02 8.465640448179927091e+01 2.521257196898946162e+01
1.615803658576671964e+00 3.127190437626317134e+02 7.632396583759941677e+01 2.294456523028033246e+01
1.801664213246928048e+00 2.691650626976547755e+02 6.823881596630575075e+01 2.089556531321686350e+01
2.008903693258128342e+00 2.289299305133476707e+02 6.039772074246674549e+01 1.899640815619046208e+01
2.239981245735629400e+00 1.925151814766499001e+02 5.284256381549909065e+01 1.719832956698516213e+01
2.497638885371206374e+00 1.602475088550434066e+02 4.566022691934820443e+01 1.547288706071523379e+01
2.784934031744384253e+00 1.322143592834491983e+02 3.894587267132244079e+01 1.380632878466385627e+01
3.105275789304232426e+00 1.082836959697204549e+02 3.279852423731202293e+01 1.219962694021645078e+01
3.462465400517639402e+00 8.816055901894972635e+01 2.728997193897438223e+01 1.066196233568326512e+01
3.860741352209485999e+00 7.141857853369113229e+01 2.246052313348211982e+01 9.209850999748239175e+00
4.304829670336041580e+00 5.760237146997255309e+01 1.831194291701338628e+01 7.860432687646796701e+00
4.799999999999999822e+00 4.627386274240272002e+01 1.481031892449435539e+01 6.629723333946405006e+00
