1.000000000230258569e-04 3.042524507409837042e+03 1.240850437937093602e+03 6.936311362694648324e+02
1.115486563971542785e-04 3.384987060075177851e+03 1.378743773964463116e+03 7.703717828614260270e+02
1.244310274114527074e-04 3.767173448192426804e+03 1.532194564295317832e+03 8.556715446522267712e+02
1.388011391866901154e-04 4.193831839404449056e+03 1.703007635979103725e+03 9.505018265049927777e+02
1.548308057910457113e-04 4.670149827615810864e+03 1.893186856549559025e+03 1.055943069642958335e+03
1.727116835090306587e-04 5.201538868270681633e+03 2.104926063937992694e+03 1.173190317336994212e+03
1.926575623508681512e-04 5.793841877026688053e+03 2.340656105212895454e+03 1.303572080886713820e+03
2.149069222004190347e-04 6.453116180881136643e+03 2.603016946941365404e+03 1.448549280777123158e+03
2.397257841638464457e-04 7.185000378351255677e+03 2.894747769213168340e+03 1.609691281211879186e+03
2.674108912107391479e-04 7.994976836805777566e+03 3.218773322719443058e+03 1.788711261150604514e+03
2.982932561365508645e-04 8.888303683012021793e+03 3.578153786963529001e+03 1.987449184114251011e+03
3.327421192670277522e-04 9.869803702183051428e+03 3.975882240702696890e+03 2.207787157047853725e+03
3.711693632243215748e-04 1.094365825858919743e+04 4.414951656557311253e+03 2.451696528692923948e+03
4.140344375392690035e-04 1.211386843863913600e+04 4.898395401897806551e+03 2.721234155287355406e+03
4.618498519902246974e-04 1.338632525573923522e+04 5.429427382947011210e+03 3.018495148030867767e+03
5.151873043487156757e-04 1.476759398990773661e+04 6.011289403416565619e+03 3.345606391258788790e+03
5.746845157973842983e-04 1.626516744790296070e+04 6.647363897197790720e+03 3.704764684662179206e+03
6.410528557468661917e-04 1.789022180133350776e+04 7.341929960580330771e+03 4.098443131528011691e+03
7.150858472165629249e-04 1.965662991494008384e+04 8.099814164720818553e+03 4.529271097733666466e+03
7.976686544726134401e-04 2.158028041348227271e+04 8.926282042557031673e+03 5.000017924479409885e+03
8.897886663605780169e-04 2.367742548075813829e+04 9.827234785305749028e+03 5.513798838547158994e+03
9.925473018708411317e-04 2.596587198325639110e+04 1.080921064496169674e+04 6.073995364854639774e+03
1.107173179088194286e-03 2.846478875063304440e+04 1.187915210354287592e+04 6.684120996823429778e+03
1.235036804978161722e-03 3.118934266533655682e+04 1.304301805763018820e+04 7.347332213047788173e+03
1.377666961646263968e-03 3.415259037695736333e+04 1.430624168889008797e+04 8.066562033732687269e+03
1.536768984990051967e-03 3.736613640667472646e+04 1.567372554601708907e+04 8.844441863357053080e+03
1.714245154289869167e-03 4.083534114798570954e+04 1.714759250766545665e+04 9.682166368316809894e+03
1.912217436523370962e-03 4.455982189900878438e+04 1.872749655736197747e+04 1.057963920959540155e+04
2.133052857342773462e-03 4.853343916070346313e+04 2.041079763035458382e+04 1.153550159146268197e+04
2.379391802059096454e-03 5.273935548593712156e+04 2.219099102476772532e+04 1.254594720637246792e+04
2.654179585009814029e-03 5.714974512213339040e+04 2.405753530543146189e+04 1.360469623304622473e+04
2.960701664764286197e-03 6.172620497630442696e+04 2.599519560805771835e+04 1.470303448250155634e+04
3.302622926212283368e-03 6.641981520925006771e+04 2.798090929777464407e+04 1.582959824743110403e+04
3.684031499205906151e-03 7.116874180047935806e+04 2.998924513277474398e+04 1.696879775224244440e+04
4.109487637665882979e-03 7.589795297702170501e+04 3.198906900281982962e+04 1.810309590745271271e+04
4.584078243567925488e-03 8.052049109609972220e+04 3.394398056088868179e+04 1.921205958745798125e+04
5.113477687716873853e-03 8.493808459661855886e+04 3.581273033479157311e+04 2.027244486670607512e+04
5.704015654503047893e-03 8.904222670681806630e+04 3.754971062605245970e+04 2.125851953036090708e+04
6.362752821816417166e-03 9.271558141216216609e+04 3.910558179314886365e+04 2.214240633419558435e+04
7.097565280973966440e-03 9.583326639710362360e+04 4.042780865888681728e+04 2.289441227258514846e+04
7.917238706014356406e-03 9.826232443575916113e+04 4.146038707577592140e+04 2.348287524550473245e+04
8.831573398280912271e-03 9.985554270067908510e+04 4.214126447291045770e+04 2.387263714324788089e+04
9.851501462242475554e-03 1.005270056391070102e+05 4.243418194775773736e+04 2.404319333727625053e+04
1.098921751354712747e-02 9.999124893500260077e+04 4.221847732952216029e+04 2.392604365176043575e+04
1.225832448210000328e-02 9.816379117327264976e+04 4.145815607847268984e+04 2.350066844862599100e+04
1.367399625343743499e-02 9.504082959137452417e+04 4.015113996496424807e+04 2.276566958368658379e+04
1.525315909299450497e-02 9.061077112797723385e+04 3.829188692476246069e+04 2.171762565572425228e+04
1.701469402243795462e-02 8.493718399109545862e+04 3.590653058636216156e+04 2.037105556802584033e+04
1.897966256774625410e-02 7.823713966000762593e+04 3.308596284119136544e+04 1.877721301207033684e+04
2.117155857815964867e-02 7.087492893553352042e+04 2.998324826020082764e+04 1.702257776226027272e+04
2.361658912683562567e-02 6.330944284563494875e+04 2.679184755372903601e+04 1.521667236914213208e+04
2.634398785175567220e-02 5.607483824063236534e+04 2.373757135056863990e+04 1.348769554353264175e+04
2.938636448329653983e-02 4.966511468294074439e+04 2.102947428664248946e+04 1.195434146534705724e+04
3.278009473753994152e-02 4.441281241583880910e+04 1.880879007333724439e+04 1.069700220221903874e+04
3.656575523702054742e-02 4.035275399899207696e+04 1.709071746007723050e+04 9.724581243896334854e+03
4.078860865897657173e-02 3.714865810168941243e+04 1.573300671851997504e+04 8.956410018362545088e+03
4.549914491170512637e-02 3.401714745650665282e+04 1.440282492300460945e+04 8.203049269075014308e+03
5.075368480951484434e-02 3.017600069913817424e+04 1.276676522963051139e+04 7.274322657531254663e+03
5.661505346402430361e-02 2.542395485842131893e+04 1.073775991347520721e+04 6.120124549874909462e+03
6.315333144310807112e-02 2.058247368339955210e+04 8.664526419634285048e+03 4.939005329067723324e+03
7.044669267860774464e-02 1.693769512735954777e+04 7.095587820649380774e+03 4.044182472593077364e+03
7.858233914112514040e-02 1.493360933036712049e+04 6.221877007483763919e+03 3.545267086090978410e+03
8.765754345719625751e-02 1.351189342873347778e+04 5.593117488238847727e+03 3.185414129884169142e+03
9.778081193473929511e-02 1.132757182432208720e+04 4.634954153239623338e+03 2.636156153379948137e+03
1.090731819023149224e-01 8.985662830221657714e+03 3.606632063571847084e+03 2.045608288934548909e+03
1.216696688736408766e-01 7.769293934992148024e+03 3.059104877339651466e+03 1.729361396520200287e+03
1.357208808401622890e-01 6.871112110907574788e+03 2.648492527393564615e+03 1.490785579949074418e+03
1.513948189927238619e-01 5.594938361821079525e+03 2.078313229121167751e+03 1.160144034482458665e+03
1.688788864024014236e-01 4.877471685068439001e+03 1.750752524990235315e+03 9.680780403256746922e+02
1.883821286769788717e-01 4.199838794767623767e+03 1.444853607433517482e+03 7.882232477898799061e+02
2.101377333831422056e-01 3.624086682994780858e+03 1.187503988986192326e+03 6.362410292244959464e+02
2.344058181183555356e-01 3.172089204988277743e+03 9.880496103286361631e+02 5.177478309834525589e+02
2.614765405675759102e-01 2.797711055398803637e+03 8.263215529120338942e+02 4.213966018555390178e+02
2.916735677297306317e-01 2.475775786713134949e+03 6.912528073687605001e+02 3.410338993022782574e+02
3.253579457932418983e-01 2.216914341571865407e+03 5.866174733536654458e+02 2.788800940295339501e+02
3.629324169301749725e-01 1.997031108522010072e+03 5.018227119323938155e+02 2.289073321676671924e+02
4.048462346221089470e-01 1.808656450288272708e+03 4.333287323698838236e+02 1.890561725988346495e+02
4.516005350914485406e-01 1.645379186873424260e+03 3.781152041010075777e+02 1.575246772270969586e+02
5.037543290608768043e-01 1.500767934432226639e+03 3.332967144470516700e+02 1.325878441099247311e+02
5.619311854805180140e-01 1.369519328371929532e+03 2.964828911766424540e+02 1.128126927780395050e+02
6.268266871357865977e-01 1.248023605046826333e+03 2.659455163576648147e+02 9.713381550480255555e+01
6.992167472777639503e-01 1.133198015138055780e+03 2.401251774044888805e+02 8.461859667870082546e+01
7.799668867126374749e-01 1.023034076122116062e+03 2.178034900208258478e+02 7.453812608034661480e+01
8.700425822703268253e-01 9.165756815983121442e+02 1.980223751586709113e+02 6.631306145525107354e+01
9.705208103821856280e-01 8.136912224720279028e+02 1.800485842409272834e+02 5.949199522521740846e+01
1.082602923786821769e+00 7.149751153549656237e+02 1.633228794283162699e+02 5.370879034451392187e+01
1.207629015322442267e+00 6.213964675773273711e+02 1.474611838569675797e+02 4.868219992001645124e+01
1.347093940544190405e+00 5.341699563150449421e+02 1.322349613915787643e+02 4.419280285356897764e+01
1.502665190738521561e+00 4.543260746849366569e+02 1.175501575625475255e+02 4.007862592830068138e+01
1.676202830030598223e+00 3.826495758619593062e+02 1.034307449895354267e+02 3.622453779637107374e+01
1.869781734959676811e+00 3.194620175382901834e+02 8.997794268842237386e+01 3.255749801556398637e+01
2.085716402426663674e+00 2.646928495455176744e+02 7.734798115935211626e+01 2.904144716362156231e+01
2.326588622626292402e+00 2.179044646883866676e+02 6.569825537026109430e+01 2.566845310335459018e+01
2.595278347831105226e+00 1.784157729474117957e+02 5.516955961080493864e+01 2.245377949551068752e+01
2.894998126105261083e+00 1.454056992133982931e+02 4.584193878857743698e+01 1.942450967306222509e+01
3.229331511649635278e+00 1.180027852386558180e+02 3.773822337220933321e+01 1.661428521023935900e+01
3.602275911025628830e+00 9.539108062649314945e+01 3.081802124271471754e+01 1.405148553239298970e+01
4.018290377542188097e+00 7.682979756243281599e+01 2.499644574143100684e+01 1.175678974659964204e+01
4.482348925252354732e+00 6.166101149750672050e+01 2.015692211831979108e+01 9.737670917816288352e+00
5.000000000000000888e+00 4.931013308770180714e+01 1.616898362201688499e+01 7.990199444132041862e+00
