1.000000000230258569e-04 2.218741991356505423e+02 9.325285599137944814e+01 5.097910614295956577e+01
1.115026695290953366e-04 2.473636907055291658e+02 1.039815424050322434e+02 5.684575880085294131e+01
1.243284530925187648e-04 2.757676532685133566e+02 1.159422329207327635e+02 6.338664243589708036e+01
1.386295441504667143e-04 3.074150372702741265e+02 1.292755465583774139e+02 7.067889799634747305e+01
1.545756424481938766e-04 3.426711122899980069e+02 1.441379857757693514e+02 7.880842456481899205e+01
1.723559677317991945e-04 3.819414096586469896e+02 1.607036273711250942e+02 8.787081833407927434e+01
1.921815050694108094e-04 4.256763023226278051e+02 1.791657141054164981e+02 9.797225028757408438e+01
2.142875084442451923e-04 4.743756495224411651e+02 1.997389008269341275e+02 1.092307216311618845e+02
2.389362923277018713e-04 5.285946754003091428e+02 2.226616010028224935e+02 1.217773475548916338e+02
2.664203443578849946e-04 5.889539439716173774e+02 2.481981427802292330e+02 1.357573949505218422e+02
2.970657960592480913e-04 6.561451601655558079e+02 2.766416575460117997e+02 1.513319215189858085e+02
3.312362927876497001e-04 7.309387053039500870e+02 3.083171280915001944e+02 1.686794336052843448e+02
3.693373088223966556e-04 8.141985374656143222e+02 3.435839486497711732e+02 1.879968195054402713e+02
4.118209588090659132e-04 9.068916552329460501e+02 3.828396278403874362e+02 2.095014030844872934e+02
4.591913626466918256e-04 1.010096410321387793e+03 4.265235169379587319e+02 2.334330210879330139e+02
5.120106274801957584e-04 1.124999364840666431e+03 4.751175566113939226e+02 2.600541239451599154e+02
5.709055177816341068e-04 1.252910127608979565e+03 5.291507197266111007e+02 2.896520466615140776e+02
6.365748926688486646e-04 1.395276337254755163e+03 5.892036004529981028e+02 3.225414851181669746e+02
7.097979987143026312e-04 1.553638563848628564e+03 6.559018054841750427e+02 3.590619572650185205e+02
7.914437166483044659e-04 1.729638428539301685e+03 7.299191797994105855e+02 3.995794280363870143e+02
8.824808716799498404e-04 1.925046802958077024e+03 8.119843437415780727e+02 4.444892959996778359e+02
9.839897297802024153e-04 2.141711310410440092e+03 9.028672043824994944e+02 4.942105555991914798e+02
1.097174816344422205e-03 2.381544614375825404e+03 1.003377052161389770e+03 5.491850532195509231e+02
1.223379209343287413e-03 2.646542915816689856e+03 1.114368398625634654e+03 6.098800485689537254e+02
1.364100476567608111e-03 2.938768601473466788e+03 1.236723151796103366e+03 6.767789689178694061e+02
1.521008446081769522e-03 3.260329423595385379e+03 1.371340781019390306e+03 7.503764557342362878e+02
1.695965020753673102e-03 3.613353326282507624e+03 1.519137589638660984e+03 8.311781531933798988e+02
1.891046271984591709e-03 3.999919996973893831e+03 1.681006485190858029e+03 9.196767420968645865e+02
2.108567074807741158e-03 4.422003836779374069e+03 1.857788341070597198e+03 1.016335581283902116e+03
2.351108576680822643e-03 4.881445132305756488e+03 2.050269700186850059e+03 1.121589272140387948e+03
2.621548825923003187e-03 5.379787714191590567e+03 2.259108578608383141e+03 1.235800947901681639e+03
2.923096923239734257e-03 5.918141058436120147e+03 2.484772137902737995e+03 1.359226740329310815e+03
3.259331101584665453e-03 6.497168994488163662e+03 2.727536349033073748e+03 1.492017309235563062e+03
3.634241186222156913e-03 7.116833156511708694e+03 2.987386216903709737e+03 1.634163850231487231e+03
4.052275938830490927e-03 7.776148307356987061e+03 3.263919332472318274e+03 1.785445674515769724e+03
4.518395847440812539e-03 8.473198436845776087e+03 3.556342966334428638e+03 1.945427961240634431e+03
5.038131988628217865e-03 9.204698827149533827e+03 3.863266813191639812e+03 2.113354480082436567e+03
5.617651660426248826e-03 9.965698814771851175e+03 4.182605451431572874e+03 2.288087151420654209e+03
6.263831564778516575e-03 1.074953527026287156e+04 4.511571329597800286e+03 2.468092512017454737e+03
6.984339407925946493e-03 1.154738515732234373e+04 4.846450798762643899e+03 2.651350122428802024e+03
7.787724887016851671e-03 1.234803770392459228e+04 5.182525455947197770e+03 2.835263506329391475e+03
8.683521142606049834e-03 1.313756704765193899e+04 5.513970651913678012e+03 3.016645978083886803e+03
9.682357880899711625e-03 1.389912326864201350e+04 5.833676633756840602e+03 3.191615887271066185e+03
1.079608750807801998e-02 1.461263889180778278e+04 6.133252873428264138e+03 3.355567433270447509e+03
1.203792577343234388e-02 1.525468311175280542e+04 6.402862818294758654e+03 3.503146717434358834e+03
1.342260859021738965e-02 1.579893010985241017e+04 6.631378165866689415e+03 3.628241074680743168e+03
1.496656689508787767e-02 1.621638113561704085e+04 6.806676288688677232e+03 3.724201368999366423e+03
1.668812162103823840e-02 1.647648366531611100e+04 6.915895853065087977e+03 3.784011364118496203e+03
1.860770109743517184e-02 1.654908584572287509e+04 6.946375513538740051e+03 3.800730026877786258e+03
2.074808345685756270e-02 1.640742141532064488e+04 6.886867315954473270e+03 3.768205053971348661e+03
2.313466692519383291e-02 1.603246876386956137e+04 6.729369788106839223e+03 3.682054387442707139e+03
2.579577120231610690e-02 1.541851057869708347e+04 6.471466962745059391e+03 3.540956949670503491e+03
2.876297350957714855e-02 1.457931686736225129e+04 6.118929630415718748e+03 3.348066173646041989e+03
3.207148329174031032e-02 1.355344214555865801e+04 5.687921158035189364e+03 3.112226611864758070e+03
3.576056001963404812e-02 1.240618370909546502e+04 5.205838719453974591e+03 2.848428551329077891e+03
3.987397905126498221e-02 1.122533726298014881e+04 4.709520853438501035e+03 2.576828667631205008e+03
4.446055107939526907e-02 1.010840685686152028e+04 4.239880700540206817e+03 2.319813672496519303e+03
4.957470132945773766e-02 9.141179569406614974e+03 3.832906284576803955e+03 2.097074802541603276e+03
5.527711538069327024e-02 8.370518298942439287e+03 3.508239983785932964e+03 1.919359124303796307e+03
6.163545927395905344e-02 7.776640268732920958e+03 3.257537710600811351e+03 1.782099343490431011e+03
6.872518245115814828e-02 7.264841570547678202e+03 3.040994221560090864e+03 1.663510268353109041e+03
7.663041305413779980e-02 6.660481835350886286e+03 2.785239296598585952e+03 1.523440462202283697e+03
8.544495620686157200e-02 5.848357265188994461e+03 2.441851121123268513e+03 1.335388968047670460e+03
9.527340712667957401e-02 4.882244549223113609e+03 2.033355533735470772e+03 1.111675304405838688e+03
1.062323922731101822e-01 4.004987875435383103e+03 1.661670795406699654e+03 9.080644571273334122e+02
1.184519532618636822e-01 3.439209955559125774e+03 1.420218947068109628e+03 7.756689638181366035e+02
1.320770899659224340e-01 3.135591235407663135e+03 1.288289184530277453e+03 7.031487033310411334e+02
1.472694811144383831e-01 2.784940734759920360e+03 1.136110422460037626e+03 6.194849496517621219e+02
1.642094028064348954e-01 2.260231859116191572e+03 9.104187915123545736e+02 4.955233301614208017e+02
1.830978677048002712e-01 1.855999236603022382e+03 7.350351028863942702e+02 3.990148668789399267e+02
2.041590102946942431e-01 1.668077975770084777e+03 6.502832889619459138e+02 3.520135871902805889e+02
2.276427465103479653e-01 1.414581529108416817e+03 5.382005334511775345e+02 2.899807646057662396e+02
2.538277392899435103e-01 1.172027326590410894e+03 4.311456785176007429e+02 2.306282125646101235e+02
2.830247052484705095e-01 1.039529714035527832e+03 3.708540957591865777e+02 1.967972723141587608e+02
3.155801017062329072e-01 8.760511325334082358e+02 2.985007227116990407e+02 1.563391154022870069e+02
3.518802378240603601e-01 7.716175572206961988e+02 2.517995541418366940e+02 1.299040380690617837e+02
3.923558586288135031e-01 6.676801543963933909e+02 2.064307586300208470e+02 1.042464413096498106e+02
4.374872563241952172e-01 5.907052468570209385e+02 1.732665940991055606e+02 8.533354208687087805e+01
4.878099695387512202e-01 5.235587981228929948e+02 1.451151581466795051e+02 6.927531985719623719e+01
5.439211381395319123e-01 4.674393973077553710e+02 1.223798051660936039e+02 5.631875475799603947e+01
6.064865890189676811e-01 4.206886653369090254e+02 1.042313442605101557e+02 4.601861259595596465e+01
6.762487369363893164e-01 3.809077134743613442e+02 8.959506445836056798e+01 3.779030623166168112e+01
7.540353941672404137e-01 3.466136690063114543e+02 7.778275184741404757e+01 3.124840897002321682e+01
8.407695934971151086e-01 3.163862502908204419e+02 6.816784139211057436e+01 2.604157951259581338e+01
9.374805411223435803e-01 2.892588340188725624e+02 6.031309503262208693e+01 2.191516323647792319e+01
1.045315829426528564e+00 2.643907664864225922e+02 5.383397273177761377e+01 1.864474123738149558e+01
1.165555054552403824e+00 2.410807582615911144e+02 4.840581933147237237e+01 1.604338766101839298e+01
1.299625000357985227e+00 2.188536886963137249e+02 4.377148106779150538e+01 1.396203156906738663e+01
1.449116568932995452e+00 1.974174419491731669e+02 3.972862115646181991e+01 1.228396774060302477e+01
1.615803658576671964e+00 1.766624859450680844e+02 3.611587713254668586e+01 1.091448879961959051e+01
1.801664213246928048e+00 1.566087264382285582e+02 3.280754036176247723e+01 9.778596988339975482e+00
2.008903693258128342e+00 1.374069315627185119e+02 2.971285072990227150e+01 8.816959408050108138e+00
2.239981245735629400e+00 1.192598842393020533e+02 2.676975753800222080e+01 7.983154273476894325e+00
2.497638885371206374e+00 1.023912781354813148e+02 2.394482653472084266e+01 7.241484657510948608e+00
2.784934031744384253e+00 8.698781819111987090e+01 2.122594748568122469e+01 6.564907424471972952e+00
3.105275789304232426e+00 7.317970750402638203e+01 1.862173549304998588e+01 5.934425707348288448e+00
3.462465400517639402e+00 6.102129025144388663e+01 1.615192137076905610e+01 5.337332264724606645e+00
3.860741352209485999e+00 5.049258572160937319e+01 1.384510753124817839e+01 4.767052562352985134e+00
4.304829670336041580e+00 4.151096223716739786e+01 1.172850952983214157e+01 4.221289569736400793e+00
4.799999999999999822e+00 3.393917449601025282e+01 9.824693528052616642e+00 3.701588679662562775e+00
