1.000000000230258569e-04 5.958519578546693083e+02 2.712369665485982182e+02 1.541807081716873142e+02
1.115026695290953366e-04 6.591455725844868994e+02 2.999401373213245279e+02 1.704837977652812810e+02
1.243284530925187648e-04 7.292250165487344020e+02 3.316858724082993604e+02 1.885107080582249921e+02
1.386295441504667143e-04 8.068324580296259683e+02 3.667978733663484832e+02 2.084436017419110385e+02
1.545756424481938766e-04 8.927909479445947909e+02 4.056341833820061993e+02 2.304836894298591687e+02
1.723559677317991945e-04 9.880150049626394093e+02 4.485910129031555584e+02 2.548533132951755817e+02
1.921815050694108094e-04 1.093516859354504277e+03 4.961063420733908629e+02 2.817980224490165142e+02
2.142875084442451923e-04 1.210397291707576414e+03 5.486620614757470094e+02 3.115882701275407385e+02
2.389362923277018713e-04 1.339864476041287617e+03 6.067896648712297747e+02 3.445223195590991736e+02
2.664203443578849946e-04 1.483238576929839155e+03 6.710742325567168791e+02 3.809287638022054239e+02
2.970657960592480913e-04 1.641903908176500408e+03 7.421508820450089843e+02 4.211669787203231294e+02
3.312362927876497001e-04 1.817333269803054236e+03 8.207128289837322654e+02 4.656310964975294269e+02
3.693373088223966556e-04 2.011098652169527895e+03 9.075162905622256631e+02 5.147529784710304739e+02
4.118209588090659132e-04 2.224820308382276835e+03 1.003367960376194446e+03 5.689989373552698453e+02
4.591913626466918256e-04 2.460173013462583185e+03 1.109133013747693894e+03 6.288744275717604069e+02
5.120106274801957584e-04 2.718904440109738516e+03 1.225742844889023672e+03 6.949280025660862066e+02
5.709055177816341068e-04 3.002926937450919013e+03 1.354191112982810637e+03 7.677452320960179577e+02
6.365748926688486646e-04 3.314293365809820443e+03 1.495536050617773526e+03 8.479520859145244458e+02
7.097979987143026312e-04 3.655173977227374962e+03 1.650905392934547308e+03 9.362192636375574466e+02
7.914437166483044659e-04 4.028078201882177382e+03 1.821517973455477204e+03 1.033258724781555657e+03
8.824808716799498404e-04 4.435852809563076335e+03 2.008683257397007537e+03 1.139824165156056779e+03
9.839897297802024153e-04 4.881597794131374030e+03 2.213791895424510130e+03 1.256711807325429390e+03
1.097174816344422205e-03 5.368606717417800610e+03 2.438304548643632188e+03 1.384750866582290200e+03
1.223379209343287413e-03 5.900383558090926272e+03 2.683749627970599249e+03 1.524800230544143460e+03
1.364100476567608111e-03 6.480679605853949397e+03 2.951719898589342392e+03 1.677746051662596983e+03
1.521008446081769522e-03 7.113113608534198647e+03 3.243774367225703372e+03 1.844459269322948785e+03
1.695965020753673102e-03 7.801087437792986748e+03 3.561406621645052383e+03 2.025778641459771734e+03
1.891046271984591709e-03 8.547963570319654536e+03 3.906071032726106296e+03 2.222515615008189798e+03
2.108567074807741158e-03 9.356657744671951150e+03 4.279045186680250481e+03 2.435386387296518933e+03
2.351108576680822643e-03 1.022943695276142353e+04 4.681353939945120146e+03 2.664972056413253995e+03
2.621548825923003187e-03 1.116804019351512579e+04 5.113789414423513335e+03 2.911722306873467915e+03
2.923096923239734257e-03 1.217327346502382716e+04 5.576718755881445759e+03 3.175847916616689417e+03
3.259331101584665453e-03 1.324471404742384948e+04 6.069947642312934477e+03 3.457244503770257779e+03
3.634241186222156913e-03 1.438073576372461139e+04 6.592745137430440991e+03 3.755504335839253145e+03
4.052275938830490927e-03 1.557789621571110001e+04 7.143562524361901524e+03 4.069735508613717229e+03
4.518395847440812539e-03 1.683118100752182727e+04 7.720194871973446425e+03 4.398712319754377859e+03
5.038131988628217865e-03 1.813077260193442999e+04 8.318003966766666053e+03 4.739814405342229293e+03
5.617651660426248826e-03 1.946538207779266668e+04 8.931895076703485756e+03 5.090104033630263984e+03
6.263831564778516575e-03 2.082159950150533041e+04 9.555733742767148215e+03 5.446099099409299924e+03
6.984339407925946493e-03 2.218097296094390913e+04 1.018108904252872708e+04 5.803011220395985220e+03
7.787724887016851671e-03 2.351959419270022772e+04 1.079700099587424666e+04 6.154605428029783070e+03
8.683521142606049834e-03 2.480946118633123842e+04 1.139059518236976692e+04 6.493522491020374218e+03
9.682357880899711625e-03 2.601674585721876792e+04 1.194633610078232596e+04 6.810905965088392804e+03
1.079608750807801998e-02 2.710166293085327561e+04 1.244595690246812410e+04 7.096334066720904957e+03
1.203792577343234388e-02 2.801856659456700800e+04 1.286848539783060187e+04 7.337856969331242908e+03
1.342260859021738965e-02 2.871679703782656725e+04 1.319056928913086813e+04 7.522131668711895145e+03
1.496656689508787767e-02 2.914248887575628760e+04 1.338740107447345326e+04 7.634961391613396700e+03
1.668812162103823840e-02 2.924109027887014963e+04 1.343394626181443709e+04 7.662107213271302498e+03
1.860770109743517184e-02 2.896281212552306533e+04 1.330717370422230306e+04 7.590376844184102083e+03
2.074808345685756270e-02 2.827119754894822836e+04 1.299020975829961571e+04 7.410081455488457323e+03
2.313466692519383291e-02 2.715260335246784962e+04 1.247676832976752848e+04 7.117649069429153315e+03
2.579577120231610690e-02 2.562753868880502705e+04 1.177612781881443880e+04 6.718325650528011465e+03
2.876297350957714855e-02 2.376100291838468547e+04 1.091809698096509965e+04 6.229108963264723570e+03
3.207148329174031032e-02 2.166699998805560972e+04 9.955007223597469419e+03 5.679835751914710272e+03
3.576056001963404812e-02 1.950206986886903178e+04 8.958760383155084128e+03 5.111529188002570663e+03
3.987397905126498221e-02 1.744363717475151498e+04 8.010887790945792403e+03 4.570713888898761979e+03
4.446055107939526907e-02 1.565265768176053098e+04 7.185362295796735452e+03 4.099608145101048649e+03
4.957470132945773766e-02 1.422566643358588590e+04 6.526535627585050861e+03 3.723535102000750157e+03
5.527711538069327024e-02 1.315306990108288664e+04 6.029943270877895884e+03 3.439952581234064837e+03
6.163545927395905344e-02 1.226235858593702687e+04 5.616164368115363686e+03 3.203535251973086361e+03
6.872518245115814828e-02 1.127506409907410853e+04 5.157012998297516788e+03 2.941110158570743806e+03
7.663041305413779980e-02 9.945004153586793109e+03 4.539132797846587891e+03 2.587960468184558067e+03
8.544495620686157200e-02 8.307032551046819208e+03 3.778453321655727450e+03 2.153158332518957650e+03
9.527340712667957401e-02 6.758229699246168821e+03 3.057591330371713411e+03 1.740923259002399618e+03
1.062323922731101822e-01 5.731920662668901969e+03 2.575907938116080459e+03 1.465038501233531861e+03
1.184519532618636822e-01 5.223974598739389876e+03 2.331620569692969184e+03 1.324477413278103995e+03
1.320770899659224340e-01 4.710223216063440304e+03 2.083726648254061274e+03 1.181651710238968462e+03
1.472694811144383831e-01 3.849165013694002027e+03 1.675536905479146981e+03 9.471165654254564288e+02
1.642094028064348954e-01 3.119488840602208256e+03 1.327681181113019420e+03 7.468109458611202172e+02
1.830978677048002712e-01 2.820775595478954983e+03 1.178337209952188459e+03 6.596072394864715989e+02
2.041590102946942431e-01 2.437968089553521168e+03 9.913942600420662075e+02 5.507856115883444090e+02
2.276427465103479653e-01 2.002613905250162588e+03 7.819619518383271952e+02 4.290384514204986885e+02
2.538277392899435103e-01 1.805856564359150980e+03 6.838033340715310260e+02 3.707313249396734136e+02
2.830247052484705095e-01 1.528092996364391183e+03 5.507851769854761415e+02 2.926317166425855589e+02
3.155801017062329072e-01 1.360953255554669340e+03 4.705471923408204020e+02 2.448030881330770114e+02
3.518802378240603601e-01 1.184012542476448289e+03 3.880895000102368044e+02 1.960259291351588331e+02
3.923558586288135031e-01 1.061286494108386478e+03 3.320072330643938585e+02 1.625981806225032642e+02
4.374872563241952172e-01 9.470267969033488953e+02 2.813993863392801131e+02 1.326916048246737887e+02
4.878099695387512202e-01 8.524032018794722489e+02 2.411522504487542449e+02 1.090969017731133306e+02
5.439211381395319123e-01 7.735474676288355340e+02 2.091979963627622681e+02 9.059287199369681787e+01
6.064865890189676811e-01 7.053135755028321228e+02 1.831302482794074251e+02 7.578599961062423063e+01
6.762487369363893164e-01 6.450900551068824598e+02 1.617083850535093177e+02 6.393684857129454002e+01
7.540353941672404137e-01 5.917524305710180670e+02 1.442686399976235521e+02 5.460627929665511715e+01
8.407695934971151086e-01 5.426713502967145359e+02 1.296594883510521754e+02 4.713006129339913031e+01
9.374805411223435803e-01 4.965814608641307473e+02 1.172239022936067840e+02 4.111262433760464319e+01
1.045315829426528564e+00 4.526929451911987599e+02 1.064821232361995840e+02 3.625809745591535460e+01
1.165555054552403824e+00 4.103672538708750608e+02 9.697585882033799010e+01 3.229152846965495627e+01
1.299625000357985227e+00 3.692338481092966731e+02 8.833722206229717244e+01 2.899438311170324312e+01
1.449116568932995452e+00 3.293226667519926991e+02 8.030006763558407101e+01 2.619520760584288155e+01
1.615803658576671964e+00 2.908544657640311470e+02 7.267754580170388579e+01 2.376220714463396888e+01
1.801664213246928048e+00 2.542240989719089157e+02 6.535582475129115210e+01 2.159146330889818444e+01
2.008903693258128342e+00 2.198419129780790797e+02 5.827832855446018812e+01 1.960401158772818420e+01
2.239981245735629400e+00 1.881172280336196820e+02 5.145181834844898106e+01 1.774453617950498341e+01
2.497638885371206374e+00 1.593547685978432185e+02 4.491795843125516541e+01 1.597606829241549242e+01
2.784934031744384253e+00 1.337594254748370304e+02 3.875190783642083403e+01 1.427998396068552545e+01
3.105275789304232426e+00 1.113866243034361361e+02 3.303165945794370373e+01 1.265031409256485517e+01
3.462465400517639402e+00 9.213216910752933586e+01 2.783116628559716688e+01 1.109302403327770215e+01
3.860741352209485999e+00 7.578173604523203721e+01 2.320064052069742999e+01 9.620123210675307845e+00
4.304829670336041580e+00 6.203617707664128034e+01 1.915842742794677989e+01 8.247515455264831985e+00
4.799999999999999822e+00 5.056831927479508693e+01 1.569361647712608487e+01 6.990226082085856163e+00
