1.000000000230258569e-04 3.560376815625581912e+02 1.647447795592245825e+02 9.301585494665670240e+01
1.115026695290953366e-04 3.962782101971667998e+02 1.833522872498470235e+02 1.035239834977932674e+02
1.243284530925187648e-04 4.410628637732926904e+02 2.040568955654515833e+02 1.152171743947099429e+02
1.386295441504667143e-04 4.909032324718962172e+02 2.270935461864705474e+02 1.282284287479309057e+02
1.545756424481938766e-04 5.463669459497209573e+02 2.527227573332299073e+02 1.427052756862196645e+02
1.723559677317991945e-04 6.080840458842696989e+02 2.812334753460331171e+02 1.588114028635532122e+02
1.921815050694108094e-04 6.767540059516569499e+02 3.129462566215495940e+02 1.767284685651187317e+02
2.142875084442451923e-04 7.531505219545265390e+02 3.482160656337435967e+02 1.966576046208500657e+02
2.389362923277018713e-04 8.381295597058559679e+02 3.874359425542980944e+02 2.188215083308855640e+02
2.664203443578849946e-04 9.326388035584433283e+02 4.310411789948884120e+02 2.434668343878206542e+02
2.970657960592480913e-04 1.037721882484296430e+03 4.795127840886756871e+02 2.708658029141754469e+02
3.312362927876497001e-04 1.154527544212508928e+03 5.333820847173036555e+02 3.013187330688799648e+02
3.693373088223966556e-04 1.284322125779996441e+03 5.932361047899246387e+02 3.351571816602875060e+02
4.118209588090659132e-04 1.428494686826465340e+03 6.597205089732032093e+02 3.727451405667922586e+02
4.591913626466918256e-04 1.588566716341677875e+03 7.335446980508564820e+02 4.144816776020292650e+02
5.120106274801957584e-04 1.766206261502160260e+03 8.154888496578997774e+02 4.608049691959610641e+02
5.709055177816341068e-04 1.963225683032132565e+03 9.064008827029065287e+02 5.121912006684477774e+02
6.365748926688486646e-04 2.181586927436280348e+03 1.007198474540474990e+03 5.691558388164779672e+02
7.097979987143026312e-04 2.423419978238786825e+03 1.118879864792635317e+03 6.322590502446626033e+02
7.914437166483044659e-04 2.691008102515101200e+03 1.242512439782970887e+03 7.021004604254935657e+02
8.824808716799498404e-04 2.986780154431944993e+03 1.379226253840430672e+03 7.793162541699714438e+02
9.839897297802024153e-04 3.313331099224290483e+03 1.530227099520504225e+03 8.645856227708873121e+02
1.097174816344422205e-03 3.673379648591676869e+03 1.696777604712894117e+03 9.586217198592438535e+02
1.223379209343287413e-03 4.069727444472596289e+03 1.880178502855572788e+03 1.062162650348630223e+03
1.364100476567608111e-03 4.505281320072625931e+03 2.081777306624931953e+03 1.175975571014568231e+03
1.521008446081769522e-03 4.982959500509809914e+03 2.302923431537392389e+03 1.300828430006554299e+03
1.695965020753673102e-03 5.505579498218839035e+03 2.544914649346462284e+03 1.437456598568050595e+03
1.891046271984591709e-03 6.075882960892751726e+03 2.809007804894635228e+03 1.586572471179857985e+03
2.108567074807741158e-03 6.696395445171502615e+03 3.096358995750316808e+03 1.748830988340445629e+03
2.351108576680822643e-03 7.369232986894886380e+03 3.407941502834092262e+03 1.924781759136385062e+03
2.621548825923003187e-03 8.096102605930409482e+03 3.744538222764254442e+03 2.114865862635851499e+03
2.923096923239734257e-03 8.878027951162770478e+03 4.106617164872739522e+03 2.319347146172372959e+03
3.259331101584665453e-03 9.714921932271579863e+03 4.494139928039052393e+03 2.538206700984381314e+03
3.634241186222156913e-03 1.060565498608917187e+04 4.906588607905476238e+03 2.771155879950100825e+03
4.052275938830490927e-03 1.154768812441193586e+04 5.342762962111924935e+03 3.017522178311985044e+03
4.518395847440812539e-03 1.253670631387195135e+04 5.800688679974935440e+03 3.276151077054787493e+03
5.038131988628217865e-03 1.356612469309254629e+04 6.277312254603434667e+03 3.545364591903159180e+03
5.617651660426248826e-03 1.462692135195314586e+04 6.768444826225181714e+03 3.822772755730527024e+03
6.263831564778516575e-03 1.570710246468894729e+04 7.268537432894195263e+03 4.105249522597280702e+03
6.984339407925946493e-03 1.679127803657885670e+04 7.770467038447568484e+03 4.388757025053011603e+03
7.787724887016851671e-03 1.786022533716924954e+04 8.265332105214432886e+03 4.668276020462501947e+03
8.683521142606049834e-03 1.889032241357181920e+04 8.742248779303647098e+03 4.937658712149089297e+03
9.682357880899711625e-03 1.985347396242962350e+04 9.188129954492900652e+03 5.189542818865962545e+03
1.079608750807801998e-02 2.071686506926509537e+04 9.587822417852037688e+03 5.415306448070095030e+03
1.203792577343234388e-02 2.144306076725945240e+04 9.923982683676786110e+03 5.605197127292145524e+03
1.342260859021738965e-02 2.199085353018211390e+04 1.017754428173344968e+04 5.748428506921736698e+03
1.496656689508787767e-02 2.231692877182878510e+04 1.032844301936657575e+04 5.833670872638185756e+03
1.668812162103823840e-02 2.237881813659302861e+04 1.035701671004922719e+04 5.849815758523021032e+03
1.860770109743517184e-02 2.213961267566660172e+04 1.024617213400293986e+04 5.787210069397866391e+03
2.074808345685756270e-02 2.157457469365155703e+04 9.984450867437160923e+03 5.639377968301228066e+03
2.313466692519383291e-02 2.067948184580151064e+04 9.569879320950911278e+03 5.405203964984429149e+03
2.579577120231610690e-02 1.947950178884483830e+04 9.014092515012689546e+03 5.091260355564494603e+03
2.876297350957714855e-02 1.803617710516906300e+04 8.345563145299034659e+03 4.713624171766925429e+03
3.207148329174031032e-02 1.644870546978092534e+04 7.610177733146298124e+03 4.298215774137519475e+03
3.576056001963404812e-02 1.484533822763507123e+04 6.867277811747591841e+03 3.878548478352833172e+03
3.987397905126498221e-02 1.336226917407309338e+04 6.179869319755835022e+03 3.490209759794824549e+03
4.446055107939526907e-02 1.211089602797776570e+04 5.599478874032725798e+03 3.162298505177633615e+03
4.957470132945773766e-02 1.113844118426331625e+04 5.147919099193638431e+03 2.907133918179392822e+03
5.527711538069327024e-02 1.039730614180234988e+04 4.803109212590601601e+03 2.712237272204393776e+03
6.163545927395905344e-02 9.704008627796021756e+03 4.480060067810961300e+03 2.529600627430313125e+03
6.872518245115814828e-02 8.831696640727370323e+03 4.073701934498372793e+03 2.299868645299830860e+03
7.663041305413779980e-02 7.650920618356779414e+03 3.524054518107300282e+03 1.989154876543952469e+03
8.544495620686157200e-02 6.312917459058749955e+03 2.901048143611845717e+03 1.636949158805352454e+03
9.527340712667957401e-02 5.194160537086911972e+03 2.378881666243969448e+03 1.341634348969054599e+03
1.062323922731101822e-01 4.543494727754581618e+03 2.072692357557534706e+03 1.168232233813631183e+03
1.184519532618636822e-01 4.173891321593710927e+03 1.895887917652976284e+03 1.067819775608175860e+03
1.320770899659224340e-01 3.625882523104323354e+03 1.635827054637626816e+03 9.202770049948861697e+02
1.472694811144383831e-01 2.887413333198948294e+03 1.287075832330274579e+03 7.225276916715938569e+02
1.642094028064348954e-01 2.427755014883982312e+03 1.066968972075862439e+03 5.973177368666085840e+02
1.830978677048002712e-01 2.192406574748390995e+03 9.504446912519080115e+02 5.304797898892818466e+02
2.041590102946942431e-01 1.801140037787387200e+03 7.620435660246992029e+02 4.229342910875085408e+02
2.276427465103479653e-01 1.522438879970888138e+03 6.262113653943258669e+02 3.449712790097805168e+02
2.538277392899435103e-01 1.336309078388713033e+03 5.340169090917646599e+02 2.915726917898861643e+02
2.830247052484705095e-01 1.121502664373678726e+03 4.297484308363471541e+02 2.313310711408769862e+02
3.155801017062329072e-01 9.866978761549996761e+02 3.636300870860188752e+02 1.926408917699518213e+02
3.518802378240603601e-01 8.525151222582363744e+02 2.992322805609003353e+02 1.550239439025103820e+02
3.923558586288135031e-01 7.491115665085823139e+02 2.502700075081573914e+02 1.262620084125707507e+02
4.374872563241952172e-01 6.644556943625888152e+02 2.110616490823172171e+02 1.031955163135697973e+02
4.878099695387512202e-01 5.920652260334176162e+02 1.785349642483304535e+02 8.413139510854105652e+01
5.439211381395319123e-01 5.317919015918781724e+02 1.524470981034518502e+02 6.893779620577443268e+01
6.064865890189676811e-01 4.810298312380667767e+02 1.314747350158990855e+02 5.686089182237145678e+01
6.762487369363893164e-01 4.376025289127853739e+02 1.145304202012471819e+02 4.726921765945891707e+01
7.540353941672404137e-01 3.996088790296844877e+02 1.007102096544468992e+02 3.963990085902299398e+01
8.407695934971151086e-01 3.658133436098580660e+02 8.939007546080587474e+01 3.359123731013521308e+01
9.374805411223435803e-01 3.350257772421246614e+02 7.999780102341995303e+01 2.878384352951957581e+01
1.045315829426528564e+00 3.063088259711645946e+02 7.207715570298402952e+01 2.494649971066536764e+01
1.165555054552403824e+00 2.789908431338710102e+02 6.525986190050905122e+01 2.186006883111460297e+01
1.299625000357985227e+00 2.526304685572260667e+02 5.925817783321397059e+01 1.935336251205333014e+01
1.449116568932995452e+00 2.270072918900960701e+02 5.384004693955474607e+01 1.728565958956633963e+01
1.615803658576671964e+00 2.020896650052047505e+02 4.883159909061894410e+01 1.554797417232045476e+01
1.801664213246928048e+00 1.780425817731402560e+02 4.410937411353295090e+01 1.405281418441724028e+01
2.008903693258128342e+00 1.551152514137303342e+02 3.959463899303859336e+01 1.273325064832245346e+01
2.239981245735629400e+00 1.336271820605058736e+02 3.525079151954361123e+01 1.153771546637330125e+01
2.497638885371206374e+00 1.138549197892629508e+02 3.107351580499559773e+01 1.042896724700365141e+01
2.784934031744384253e+00 9.602414849332207325e+01 2.708862390136097176e+01 9.382308371655893708e+00
3.105275789304232426e+00 8.024522324704375364e+01 2.333493798145817522e+01 8.383306033544480229e+00
3.462465400517639402e+00 6.652910673102186934e+01 1.986042103167962125e+01 7.427033348717402284e+00
3.860741352209485999e+00 5.478867739207110787e+01 1.670484307022964288e+01 6.514803371252633646e+00
4.304829670336041580e+00 4.486790454000986728e+01 1.389809456856637127e+01 5.653270546944120234e+00
4.799999999999999822e+00 3.657042879094653642e+01 1.144997354740072915e+01 4.850574298454301214e+00
