1.000000000230258569e-04 9.481496760996599278e+02 4.419437982811986103e+02 2.545263956845474809e+02
1.115026695290953366e-04 1.052427515992217195e+03 4.903192785599226795e+02 2.823455625928959876e+02
1.243284530925187648e-04 1.168323120363420912e+03 5.440123109228488829e+02 3.132087759481004809e+02
1.386295441504667143e-04 1.297165031193490449e+03 6.036131268069873386e+02 3.474498690803450245e+02
1.545756424481938766e-04 1.440439357130585677e+03 6.697784495299845275e+02 3.854394074277406048e+02
1.723559677317991945e-04 1.599802179694671622e+03 7.432382021903194982e+02 4.275884741528235509e+02
1.921815050694108094e-04 1.777067530971093447e+03 8.247996000809943098e+02 4.743518713047901088e+02
2.142875084442451923e-04 1.974239840991991741e+03 9.153577006382928403e+02 5.262334334001490106e+02
2.389362923277018713e-04 2.193523253808343270e+03 1.015902543801171191e+03 5.837906024083922603e+02
2.664203443578849946e-04 2.437226354939354678e+03 1.127508112339027775e+03 6.476340957132886160e+02
2.970657960592480913e-04 2.707805124981603058e+03 1.251347722510493440e+03 7.184353758614937533e+02
3.312362927876497001e-04 3.007877639794754032e+03 1.388702064694825140e+03 7.969318284477333236e+02
3.693373088223966556e-04 3.340058807663939206e+03 1.540916557130563888e+03 8.839146564273112290e+02
4.118209588090659132e-04 3.706971053052068328e+03 1.709415196666076326e+03 9.802372850058011409e+02
4.591913626466918256e-04 4.111278035302432727e+03 1.895714776542796471e+03 1.086822543403364307e+03
5.120106274801957584e-04 4.555769082563298070e+03 2.101392000689511406e+03 1.204639815929043834e+03
5.709055177816341068e-04 5.043303641283015168e+03 2.328080019612141768e+03 1.334708288225766637e+03
6.365748926688486646e-04 5.576768789626363287e+03 2.577477394011781598e+03 1.478105442932879441e+03
7.097979987143026312e-04 6.159618112448706597e+03 2.851420155895055814e+03 1.635962931540612090e+03
7.914437166483044659e-04 6.795862475342537437e+03 3.151872015539787299e+03 1.809461667526883275e+03
8.824808716799498404e-04 7.489830190043715447e+03 3.480881674146778550e+03 1.999826411553831122e+03
9.839897297802024153e-04 8.246324038573951839e+03 3.840637740792135901e+03 2.208329872547138166e+03
1.097174816344422205e-03 9.070675218359987412e+03 4.233469228651773847e+03 2.436284287858510652e+03
1.223379209343287413e-03 9.968668244901575235e+03 4.661791979753949818e+03 2.685018129231084913e+03
1.364100476567608111e-03 1.094561967972415187e+04 5.127857803271747798e+03 2.955772187975816905e+03
1.521008446081769522e-03 1.200613193707181745e+04 5.633665748331322902e+03 3.249653240420503153e+03
1.695965020753673102e-03 1.315456335983170538e+04 6.181041596773619858e+03 3.567645971946264126e+03
1.891046271984591709e-03 1.439365493327382865e+04 6.771111523796721485e+03 3.910350862767236777e+03
2.108567074807741158e-03 1.572382938883934185e+04 7.404019505551541442e+03 4.277837235437251366e+03
2.351108576680822643e-03 1.714380238403343901e+04 8.079121393486581837e+03 4.669721649591942878e+03
2.621548825923003187e-03 1.864956114599413922e+04 8.794513813927009323e+03 5.084891952239621787e+03
2.923096923239734257e-03 2.023359572390273752e+04 9.546683978713577744e+03 5.521304174234763195e+03
3.259331101584665453e-03 2.188515978022674608e+04 1.033063385331232166e+04 5.976059122777127413e+03
3.634241186222156913e-03 2.359001169817426853e+04 1.113968900209196727e+04 6.445324526810472889e+03
4.052275938830490927e-03 2.533018991567888588e+04 1.196534133698203914e+04 6.924269325659222886e+03
4.518395847440812539e-03 2.708386761848970855e+04 1.279726686913103185e+04 7.407036548028191646e+03
5.038131988628217865e-03 2.882563530750241625e+04 1.362364581186001851e+04 7.886646381509073763e+03
5.617651660426248826e-03 3.052733365965537814e+04 1.443120216599268679e+04 8.355444246847033355e+03
6.263831564778516575e-03 3.215721794417523051e+04 1.520501395021356620e+04 8.804848524759889187e+03
6.984339407925946493e-03 3.368069111599313328e+04 1.592877973155241671e+04 9.225454142380966005e+03
7.787724887016851671e-03 3.506000358925038017e+04 1.658472712297054750e+04 9.606992891231213434e+03
8.683521142606049834e-03 3.625360444624321826e+04 1.715325201606730479e+04 9.938142732415977662e+03
9.682357880899711625e-03 3.722912857589356281e+04 1.761908370418962659e+04 1.021005997821562596e+04
1.079608750807801998e-02 3.790086844488988572e+04 1.794159356740116709e+04 1.039915968099045313e+04
1.203792577343234388e-02 3.822489442143925407e+04 1.809997059538539179e+04 1.049334867430873965e+04
1.342260859021738965e-02 3.817489556395843101e+04 1.808169266668189812e+04 1.048536646737042065e+04
1.496656689508787767e-02 3.770147385932673933e+04 1.786312952318746829e+04 1.036138463210896043e+04
1.668812162103823840e-02 3.676225295486832329e+04 1.742399424537383311e+04 1.010954218624471469e+04
1.860770109743517184e-02 3.533648145815198222e+04 1.675422332377462953e+04 9.723917332966757385e+03
2.074808345685756270e-02 3.343068328983355605e+04 1.585662902481602396e+04 9.206049063315806052e+03
2.313466692519383291e-02 3.107835147573167706e+04 1.474660285936215769e+04 8.564627939991114545e+03
2.579577120231610690e-02 2.835958423526399929e+04 1.346195487224491626e+04 7.821480601515539092e+03
2.876297350957714855e-02 2.540028679223066865e+04 1.206216979423686280e+04 7.011038193283170585e+03
3.207148329174031032e-02 2.237022700334363617e+04 1.062759379848592835e+04 6.179798231757791655e+03
3.576056001963404812e-02 1.946576654392730416e+04 9.251343536627853609e+03 5.381804778445237389e+03
3.987397905126498221e-02 1.687939192933637969e+04 8.024946117610124020e+03 4.670364768176108555e+03
4.446055107939526907e-02 1.475699935633481982e+04 7.017916230533562157e+03 4.086018429018945426e+03
4.957470132945773766e-02 1.315317403918690979e+04 6.256493921911038342e+03 3.644199429039410006e+03
5.527711538069327024e-02 1.199111144273338505e+04 5.704376561487908475e+03 3.323921243111994045e+03
6.163545927395905344e-02 1.104625304995197257e+04 5.254738858717407311e+03 3.063046568473426305e+03
6.872518245115814828e-02 1.000506749831202069e+04 4.758033214884186236e+03 2.774401460624164429e+03
7.663041305413779980e-02 8.599809843329479918e+03 4.086213699787484074e+03 2.383211496273148441e+03
8.544495620686157200e-02 6.938106579637563300e+03 3.290342442455056243e+03 1.919159981210405249e+03
9.527340712667957401e-02 5.457295390724770186e+03 2.579259231038101916e+03 1.504146312840739029e+03
1.062323922731101822e-01 4.543561084148178452e+03 2.137847223187006421e+03 1.246263422677692915e+03
1.184519532618636822e-01 4.114437508871623322e+03 1.927138639178641824e+03 1.122911437343286480e+03
1.320770899659224340e-01 3.648095510075528182e+03 1.697704771050310683e+03 9.883904561026523652e+02
1.472694811144383831e-01 2.887698090140664590e+03 1.326639563670265261e+03 7.708099765170586579e+02
1.642094028064348954e-01 2.286013638723190070e+03 1.031066477029875841e+03 5.971293638344873216e+02
1.830978677048002712e-01 2.039623160987302754e+03 9.055130309428272994e+02 5.226954535686425061e+02
2.041590102946942431e-01 1.724102768344713468e+03 7.471654311325611388e+02 4.289171264433079500e+02
2.276427465103479653e-01 1.392001377189588084e+03 5.815366082535546184e+02 3.307469905952489739e+02
2.538277392899435103e-01 1.228176847060617320e+03 4.973635473188767833e+02 2.801483803612525207e+02
2.830247052484705095e-01 1.026251415471225300e+03 3.962606579195884251e+02 2.196392071707350624e+02
3.155801017062329072e-01 8.963948961357156122e+02 3.308382839658705166e+02 1.800449283225382828e+02
3.518802378240603601e-01 7.727181721353476860e+02 2.697925579910786382e+02 1.431474827814088258e+02
3.923558586288135031e-01 6.821887769473801200e+02 2.256579737118604498e+02 1.162971113881675080e+02
4.374872563241952172e-01 6.036956629649071147e+02 1.883863885701462664e+02 9.367888643652169378e+01
4.878099695387512202e-01 5.397852991127481346e+02 1.590140985771731721e+02 7.590875614048540854e+01
5.439211381395319123e-01 4.870822129123334889e+02 1.357835888688868806e+02 6.195528197022268557e+01
6.064865890189676811e-01 4.426173449788551011e+02 1.172054486395428086e+02 5.094008488480155705e+01
6.762487369363893164e-01 4.044541233985590907e+02 1.022940841260562905e+02 4.226944733304966206e+01
7.540353941672404137e-01 3.710043577942583966e+02 9.025186658782244820e+01 3.545604604024913442e+01
8.407695934971151086e-01 3.409548479424325933e+02 8.042200217905626403e+01 3.009782621307375550e+01
9.374805411223435803e-01 3.132273186154113205e+02 7.227326403747744621e+01 2.586764768554050420e+01
1.045315829426528564e+00 2.870170255139030928e+02 6.538195989427437382e+01 2.250619963819565328e+01
1.165555054552403824e+00 2.617565289751453292e+02 5.941951557524927807e+01 1.981246052414784486e+01
1.299625000357985227e+00 2.370985545624956785e+02 5.412063923231912810e+01 1.762182655162280298e+01
1.449116568932995452e+00 2.128986686965342301e+02 4.928443487898640996e+01 1.580822151743354809e+01
1.615803658576671964e+00 1.892290883042861367e+02 4.476395306591084733e+01 1.427099022340031809e+01
1.801664213246928048e+00 1.662887929399458073e+02 4.045905090281578254e+01 1.293363366575265694e+01
2.008903693258128342e+00 1.444068438266816941e+02 3.631463006100318580e+01 1.173732645120490758e+01
2.239981245735629400e+00 1.239125482485745380e+02 3.230896658163331381e+01 1.063890082160219208e+01
2.497638885371206374e+00 1.051344566139253942e+02 2.845444672415252185e+01 9.608968201816947996e+00
2.784934031744384253e+00 8.828572178966778949e+01 2.477968173793356499e+01 8.628812846041956419e+00
3.105275789304232426e+00 7.347064229317990680e+01 2.132888830610708553e+01 7.690334878790253903e+00
3.462465400517639402e+00 6.067263037590051766e+01 1.814291595233821752e+01 6.791912431027517627e+00
3.860741352209485999e+00 4.977846544656178907e+01 1.525860314420103592e+01 5.938444130120062781e+00
4.304829670336041580e+00 4.061802258006101596e+01 1.269643605085709126e+01 5.136788404357822913e+00
4.799999999999999822e+00 3.298559903201137189e+01 1.046178710254112509e+01 4.395550869999873100e+00
