1.000000000230258569e-04 9.005982338156642300e+02 4.224936569492950866e+02 2.392433898085938893e+02
1.115026695290953366e-04 1.004606728120900470e+03 4.713100854351501425e+02 2.668914892269487495e+02
1.243284530925187648e-04 1.120591419139512709e+03 5.257551703294197978e+02 2.977292589555249833e+02
1.386295441504667143e-04 1.249919859575050168e+03 5.864737487473903457e+02 3.321226576322161463e+02
1.545756424481938766e-04 1.394113561268206013e+03 6.541837100605872592e+02 3.704792267584219871e+02
1.723559677317991945e-04 1.554863684008142400e+03 7.296830354013649185e+02 4.132521079591754756e+02
1.921815050694108094e-04 1.734048201404394149e+03 8.138574312877425427e+02 4.609444014535815199e+02
2.142875084442451923e-04 1.933753557501525620e+03 9.076910625910907129e+02 5.141153220363312357e+02
2.389362923277018713e-04 2.156296690300505361e+03 1.012275722980874320e+03 5.733851990695145560e+02
2.664203443578849946e-04 2.404248865037617179e+03 1.128820034230947613e+03 6.394403457445326922e+02
2.970657960592480913e-04 2.680463447865722628e+03 1.258663558789372019e+03 7.130413546336864101e+02
3.312362927876497001e-04 2.988101422529916363e+03 1.403286988158061831e+03 7.950284502829521216e+02
3.693373088223966556e-04 3.330655478982376735e+03 1.564319838642885088e+03 8.863249290288291604e+02
4.118209588090659132e-04 3.711989816861618237e+03 1.743559619292545904e+03 9.879483796459338691e+02
4.591913626466918256e-04 4.136352145239398851e+03 1.942979014375412589e+03 1.101014660161945585e+03
5.120106274801957584e-04 4.608349679996805207e+03 2.164719669713411804e+03 1.226734207642123920e+03
5.709055177816341068e-04 5.133018479537043277e+03 2.411119339178639166e+03 1.366426924862870464e+03
6.365748926688486646e-04 5.715814745353088256e+03 2.684709760041414484e+03 1.521521292860953963e+03
7.097979987143026312e-04 6.362494569145094829e+03 2.988171926723331580e+03 1.693530925329526781e+03
7.914437166483044659e-04 7.079200869975667047e+03 3.324370471701603037e+03 1.884072524661450188e+03
8.824808716799498404e-04 7.872417205112045849e+03 3.696333923021824376e+03 2.094855302361832855e+03
9.839897297802024153e-04 8.748688453868402576e+03 4.107137476600667469e+03 2.327619063684235243e+03
1.097174816344422205e-03 9.714690080027710792e+03 4.559933083111480300e+03 2.584149504375290689e+03
1.223379209343287413e-03 1.077711689109284271e+04 5.057892894565737151e+03 2.866246088753535332e+03
1.364100476567608111e-03 1.194217234534512863e+04 5.603947202867772830e+03 3.175575609603053181e+03
1.521008446081769522e-03 1.321556353016637877e+04 6.200795015205649179e+03 3.513678699643084201e+03
1.695965020753673102e-03 1.460225785225295658e+04 6.850795419191049405e+03 3.881907224977591341e+03
1.891046271984591709e-03 1.610547213130942328e+04 7.555479084857869566e+03 4.281138057636014310e+03
2.108567074807741158e-03 1.772658623358383920e+04 8.315513528680590753e+03 4.711757174885186942e+03
2.351108576680822643e-03 1.946484016260176213e+04 9.130565244321111095e+03 5.173584960356114607e+03
2.621548825923003187e-03 2.131596492127677629e+04 9.998654858088570109e+03 5.665513086937759908e+03
2.923096923239734257e-03 2.327196020975289866e+04 1.091605279146285102e+04 6.185444829037206546e+03
3.259331101584665453e-03 2.532092653196539322e+04 1.187720281785861880e+04 6.730250972275021923e+03
3.634241186222156913e-03 2.744640316147655903e+04 1.287443132443470677e+04 7.295605473247920600e+03
4.052275938830490927e-03 2.962708672245997877e+04 1.389781040668713831e+04 7.875907305295003425e+03
4.518395847440812539e-03 3.183678596212358025e+04 1.493511396870301724e+04 8.464257265803655173e+03
5.038131988628217865e-03 3.404464799057612254e+04 1.597191733748000297e+04 9.052523808782681954e+03
5.617651660426248826e-03 3.621514763855141791e+04 1.699163349856491186e+04 9.631341732212053103e+03
6.263831564778516575e-03 3.830830943447288155e+04 1.797556668437603730e+04 1.019014114202212113e+04
6.984339407925946493e-03 4.027978352566233661e+04 1.890297904875884706e+04 1.071720040812370098e+04
7.787724887016851671e-03 4.208049276083579025e+04 1.975091817515695220e+04 1.119953594428441465e+04
8.683521142606049834e-03 4.365522947855151870e+04 2.049354010877871769e+04 1.162252603705589354e+04
9.682357880899711625e-03 4.496019105595124711e+04 2.111031451985923195e+04 1.197453998794867402e+04
1.079608750807801998e-02 4.588313844504089502e+04 2.154846814935189832e+04 1.222559286516970860e+04
1.203792577343234388e-02 4.636232413905957947e+04 2.177896504613905563e+04 1.235917229565815251e+04
1.342260859021738965e-02 4.635718444546147657e+04 2.178267054198621190e+04 1.236440038013887897e+04
1.496656689508787767e-02 4.580143159929638932e+04 2.152808406096308681e+04 1.222322178166150115e+04
1.668812162103823840e-02 4.463541583764900861e+04 2.098692048315544889e+04 1.191947389312875748e+04
1.860770109743517184e-02 4.283210284363198298e+04 2.014611175823811209e+04 1.144560057439658522e+04
2.074808345685756270e-02 4.040054575780189771e+04 1.900949957389797783e+04 1.080364598487536750e+04
2.313466692519383291e-02 3.739251976099310559e+04 1.760079281853619250e+04 1.000675744739853872e+04
2.579577120231610690e-02 3.392483684484214609e+04 1.597471213454157623e+04 9.085896824115669006e+03
2.876297350957714855e-02 3.017853448679363282e+04 1.421610265195442662e+04 8.089117547345727871e+03
3.207148329174031032e-02 2.639261659438706192e+04 1.243723042642256587e+04 7.080058874323000055e+03
3.576056001963404812e-02 2.283530040069259485e+04 1.076432975964843536e+04 6.130463388089098771e+03
3.987397905126498221e-02 1.975740269503544550e+04 9.315780102891172646e+03 5.307853282145984849e+03
4.446055107939526907e-02 1.733290848588030349e+04 8.173856464763766780e+03 4.659246593497702634e+03
4.957470132945773766e-02 1.559974270328686544e+04 7.356847934649550552e+03 4.195297291507651607e+03
5.527711538069327024e-02 1.440898933429493809e+04 6.794752355917817113e+03 3.876297059832239938e+03
6.163545927395905344e-02 1.342186010130589966e+04 6.327549976957732724e+03 3.611065439868270914e+03
6.872518245115814828e-02 1.213954122517955147e+04 5.719042671761611018e+03 3.264723648021665667e+03
7.663041305413779980e-02 1.030210364821949588e+04 4.845634150448417131e+03 2.766491994676975992e+03
8.544495620686157200e-02 8.169324895103593917e+03 3.829951769885291924e+03 2.186276052522370264e+03
9.527340712667957401e-02 6.415960222403442458e+03 2.991893595033198835e+03 1.706975883912205518e+03
1.062323922731101822e-01 5.488392863677811874e+03 2.543758502151999437e+03 1.450221668113189480e+03
1.184519532618636822e-01 5.104328869701035728e+03 2.352248556000460212e+03 1.339965953333149628e+03
1.320770899659224340e-01 4.477115515481886177e+03 2.044194882694854414e+03 1.162659604043677973e+03
1.472694811144383831e-01 3.469695182915922032e+03 1.554642787497190966e+03 8.810332853793056529e+02
1.642094028064348954e-01 2.832894929038128794e+03 1.241011346310172030e+03 6.998296426747760961e+02
1.830978677048002712e-01 2.602700132863177714e+03 1.120930827583335940e+03 6.292451114912093999e+02
2.041590102946942431e-01 2.154661482391369645e+03 8.984303701923615790e+02 4.997877410100994098e+02
2.276427465103479653e-01 1.790704276085333959e+03 7.173392026119248612e+02 3.939333416630063311e+02
2.538277392899435103e-01 1.601906626162386146e+03 6.212001316301325460e+02 3.367345291781669516e+02
2.830247052484705095e-01 1.346314360174938429e+03 4.953536281471888287e+02 2.626045516026196651e+02
3.155801017062329072e-01 1.199278625295043867e+03 4.227753432105167803e+02 2.191626853281542253e+02
3.518802378240603601e-01 1.044632773967956155e+03 3.485995943597813493e+02 1.751207333361035126e+02
3.923558586288135031e-01 9.316754434907593350e+02 2.956565747148739547e+02 1.435626070751791588e+02
4.374872563241952172e-01 8.350149508134823009e+02 2.517734220788432253e+02 1.175540139724344471e+02
4.878099695387512202e-01 7.527465479003359405e+02 2.159502942743373808e+02 9.653763151278502619e+01
5.439211381395319123e-01 6.836230265645094732e+02 1.873791622938253738e+02 8.001636233032330381e+01
6.064865890189676811e-01 6.240480167674234053e+02 1.642799447201497571e+02 6.694278534736608322e+01
6.762487369363893164e-01 5.716237938953331650e+02 1.454580408913812164e+02 5.659724586565553039e+01
7.540353941672404137e-01 5.242120664143081967e+02 1.298730667950960935e+02 4.835780744112038576e+01
8.407695934971151086e-01 4.804181624065283245e+02 1.168251421001203738e+02 4.179781904385652780e+01
9.374805411223435803e-01 4.390915736125755870e+02 1.057015991983029721e+02 3.654459716510555722e+01
1.045315829426528564e+00 3.993431875528107753e+02 9.598637343983291714e+01 3.229094725078366679e+01
1.165555054552403824e+00 3.606875272192145303e+02 8.728486067293657413e+01 2.879634751240681823e+01
1.299625000357985227e+00 3.229521981447897474e+02 7.929855643770194717e+01 2.587357360633014736e+01
1.449116568932995452e+00 2.862730810657367329e+02 7.181063371937176498e+01 2.337424715558029575e+01
1.615803658576671964e+00 2.509736516004587656e+02 6.467254881936243294e+01 2.118138483549595463e+01
1.801664213246928048e+00 2.175236893429407985e+02 5.780734848180823349e+01 1.920685335104717950e+01
2.008903693258128342e+00 1.864068586514983394e+02 5.119251235005202005e+01 1.738519729673199166e+01
2.239981245735629400e+00 1.580319697623835395e+02 4.485422171741161179e+01 1.567223363818333759e+01
2.497638885371206374e+00 1.326742153788321730e+02 3.884725720998517318e+01 1.404061804903632904e+01
2.784934031744384253e+00 1.104282262723384633e+02 3.324325362545248197e+01 1.247870269335425064e+01
3.105275789304232426e+00 9.123700103600175737e+01 2.811187320049478444e+01 1.098628753649044576e+01
3.462465400517639402e+00 7.491272255978408623e+01 2.350545880301958945e+01 9.571667761915930939e+00
3.860741352209485999e+00 6.118896069066893517e+01 1.945270867638350154e+01 8.247595216426816478e+00
4.304829670336041580e+00 4.975430033099243587e+01 1.595273508589107259e+01 7.027409980021370295e+00
4.799999999999999822e+00 4.028961051929597659e+01 1.298110458877286710e+01 5.922480492404202934e+00
