1.000000000230258569e-04 7.440392045273870281e+02 3.593182218674923547e+02 2.106211642889761322e+02
1.115026695290953366e-04 8.305160552517404540e+02 4.008419187380648054e+02 2.349047966805425744e+02
1.243284530925187648e-04 9.272169238930421216e+02 4.472003664246270205e+02 2.619968670475083172e+02
1.386295441504667143e-04 1.035393145359118307e+03 4.989661920216794329e+02 2.922245338021626253e+02
1.545756424481938766e-04 1.156449124337289959e+03 5.567806831414562794e+02 3.259532699453575333e+02
1.723559677317991945e-04 1.291944502441140685e+03 6.213601591680820775e+02 3.635908891038917545e+02
1.921815050694108094e-04 1.443625861572842950e+03 6.935066693758321890e+02 4.055929230909259786e+02
2.142875084442451923e-04 1.613423612164201586e+03 7.741130091440178376e+02 4.524667328880542527e+02
2.389362923277018713e-04 1.803383286284906944e+03 8.641556310828111691e+02 5.047725967069935109e+02
2.664203443578849946e-04 2.015723147185100288e+03 9.647138054470268571e+02 5.631324247152238058e+02
2.970657960592480913e-04 2.252811881765015187e+03 1.076968765844032987e+03 6.282323784536513358e+02
3.312362927876497001e-04 2.516983576627513230e+03 1.202156729359625615e+03 7.008103866800892092e+02
3.693373088223966556e-04 2.810592603856563983e+03 1.341595813262940055e+03 7.816693192206622598e+02
4.118209588090659132e-04 3.136016406405598900e+03 1.496685848106897765e+03 8.716782595410965087e+02
4.591913626466918256e-04 3.495613760187691241e+03 1.668847323368538127e+03 9.717414952283975254e+02
5.120106274801957584e-04 3.891663686067675826e+03 1.859529210842246584e+03 1.082809657154025444e+03
5.709055177816341068e-04 4.326404225771350866e+03 2.070222785895220113e+03 1.205885114434852312e+03
6.365748926688486646e-04 4.802609774775345613e+03 2.302546095464192604e+03 1.342019069019811695e+03
7.097979987143026312e-04 5.323388466034516568e+03 2.558199060155895950e+03 1.492303647520715231e+03
7.914437166483044659e-04 5.892084444561652163e+03 2.838951085508367214e+03 1.657873262844679175e+03
8.824808716799498404e-04 6.512968338980489534e+03 3.146871945450205203e+03 1.839977392088548413e+03
9.839897297802024153e-04 7.191162409444210425e+03 3.484287313919711778e+03 2.039959049079265014e+03
1.097174816344422205e-03 7.932434642811347658e+03 3.853701811430006273e+03 2.259225649729885390e+03
1.223379209343287413e-03 8.742683130067480306e+03 4.257759797704137782e+03 2.499271651760821442e+03
1.364100476567608111e-03 9.628088473354362577e+03 4.699262704268404377e+03 2.761672189048915243e+03
1.521008446081769522e-03 1.059530227392003326e+04 5.181159209337277389e+03 3.048052188974103046e+03
1.695965020753673102e-03 1.165007444139119616e+04 5.706091712242095127e+03 3.359896773919025236e+03
1.891046271984591709e-03 1.279722336837097100e+04 6.276369352503218579e+03 3.698529588388315005e+03
2.108567074807741158e-03 1.404110803882044092e+04 6.894088549840117594e+03 4.065144470339373584e+03
2.351108576680822643e-03 1.538445109691444486e+04 7.560544468424931438e+03 4.460495525400665429e+03
2.621548825923003187e-03 1.682798852257953331e+04 8.276063857324552373e+03 4.884804802263893180e+03
2.923096923239734257e-03 1.837069830641342560e+04 9.040137599051871803e+03 5.337818469623505734e+03
3.259331101584665453e-03 2.000915242299017336e+04 9.851159875136248957e+03 5.818543673300890987e+03
3.634241186222156913e-03 2.173708971462289628e+04 1.070624256252192208e+04 6.325113044917375191e+03
4.052275938830490927e-03 2.354511775014831073e+04 1.160099554216475553e+04 6.854780078111853982e+03
4.518395847440812539e-03 2.541858066557583152e+04 1.252752698735055128e+04 7.403762003213181742e+03
5.038131988628217865e-03 2.733916746725092162e+04 1.347713853987816401e+04 7.966188503903778837e+03
5.617651660426248826e-03 2.928358182847675926e+04 1.443839781777751523e+04 8.535423567446901870e+03
6.263831564778516575e-03 3.122222234318755000e+04 1.539670984320325442e+04 9.102901924202151349e+03
6.984339407925946493e-03 3.311907689793447207e+04 1.633428192020223105e+04 9.658062524489965654e+03
7.787724887016851671e-03 3.493118956444222567e+04 1.723000287722367648e+04 1.018843310267848392e+04
8.683521142606049834e-03 3.660823076040402520e+04 1.805892528380654767e+04 1.067928647086614183e+04
9.682357880899711625e-03 3.809237566455347405e+04 1.879262439175264444e+04 1.111375418672973501e+04
1.079608750807801998e-02 3.931818323451597098e+04 1.939880723025704356e+04 1.147285345616307677e+04
1.203792577343234388e-02 4.021510505348777951e+04 1.984240498847568597e+04 1.173571731779057336e+04
1.342260859021738965e-02 4.070912478218231990e+04 2.008706267136339375e+04 1.188082309986484870e+04
1.496656689508787767e-02 4.072715067932108650e+04 2.009659047294475022e+04 1.188681076582096466e+04
1.668812162103823840e-02 4.020439331189243239e+04 1.983899212680111305e+04 1.173472673746852161e+04
1.860770109743517184e-02 3.909439235674187512e+04 1.929128413479948358e+04 1.141097493553297500e+04
2.074808345685756270e-02 3.738242005551733746e+04 1.844616972548759441e+04 1.091122420914726172e+04
2.313466692519383291e-02 3.510076749845713493e+04 1.731952694980305387e+04 1.024486340660850874e+04
2.579577120231610690e-02 3.234260851885702868e+04 1.595729999443113229e+04 9.439067265285832036e+03
2.876297350957714855e-02 2.926875244587267662e+04 1.443880154895150554e+04 8.540754743940404296e+03
3.207148329174031032e-02 2.610005740609353961e+04 1.287301219654423949e+04 7.614384919208368956e+03
3.576056001963404812e-02 2.308965247252878544e+04 1.138480506512199463e+04 6.733836130436789972e+03
3.987397905126498221e-02 2.047408877162904173e+04 1.009088263338621255e+04 5.968142990873405324e+03
4.446055107939526907e-02 1.841044126749007046e+04 9.068691591126033018e+03 5.363118226115480866e+03
4.957470132945773766e-02 1.691059180600489344e+04 8.323999967698890032e+03 4.922163823031955872e+03
5.527711538069327024e-02 1.578738622416202088e+04 7.764294728661849149e+03 4.590539685402970463e+03
6.163545927395905344e-02 1.467837143287006620e+04 7.210519896115313713e+03 4.262296500123873557e+03
6.872518245115814828e-02 1.312704782345631247e+04 6.437193858595673191e+03 3.804021649395789154e+03
7.663041305413779980e-02 1.104157136851500763e+04 5.398833165498297603e+03 3.188776731489575923e+03
8.544495620686157200e-02 8.862514835272488199e+03 4.312880151212398232e+03 2.545176778888500849e+03
9.527340712667957401e-02 7.270068182148312189e+03 3.515070035630475104e+03 2.071813435446681069e+03
1.062323922731101822e-01 6.497967692141332918e+03 3.120842643239758218e+03 1.836952873841190467e+03
1.184519532618636822e-01 5.997643149961216295e+03 2.859579215153865789e+03 1.680470289416643027e+03
1.320770899659224340e-01 5.051554530225722374e+03 2.377417923383686229e+03 1.393002466174002848e+03
1.472694811144383831e-01 3.975741691878001802e+03 1.831102810328140322e+03 1.067304428793995157e+03
1.642094028064348954e-01 3.469477661896373320e+03 1.566043331004395668e+03 9.076896719188276847e+02
1.830978677048002712e-01 3.123119573445180777e+03 1.380877523788705275e+03 7.950932726249432108e+02
2.041590102946942431e-01 2.542644964419589087e+03 1.082246147068284927e+03 6.152685657924737370e+02
2.276427465103479653e-01 2.236084933431967329e+03 9.208064124371522894e+02 5.165258214709652975e+02
2.538277392899435103e-01 1.948333887705839970e+03 7.712881741401054114e+02 4.249400041559983947e+02
2.830247052484705095e-01 1.690360160760660847e+03 6.391918823568096286e+02 3.439220576606927580e+02
3.155801017062329072e-01 1.496622723551315175e+03 5.412095212448508619e+02 2.834525766044561124e+02
3.518802378240603601e-01 1.330593913616705322e+03 4.591354082826204603e+02 2.328833886676787017e+02
3.923558586288135031e-01 1.188272697719123244e+03 3.907648299971414758e+02 1.909815190800499636e+02
4.374872563241952172e-01 1.074344644867995839e+03 3.378623599258476133e+02 1.587491058682307425e+02
4.878099695387512202e-01 9.765888902735173360e+02 2.943670619713556675e+02 1.326140284083380436e+02
5.439211381395319123e-01 8.926530697302956696e+02 2.589031410924459351e+02 1.117019912526451861e+02
6.064865890189676811e-01 8.196696318203593137e+02 2.299727837088554168e+02 9.507440361212272251e+01
6.762487369363893164e-01 7.548775370173932515e+02 2.061509175524404043e+02 8.183361167600142494e+01
7.540353941672404137e-01 6.958009345675749273e+02 1.861975593950124050e+02 7.121366146451029522e+01
8.407695934971151086e-01 6.408353139609405389e+02 1.692727208393930596e+02 6.268347103220821026e+01
9.374805411223435803e-01 5.885369392441626815e+02 1.545856658287355572e+02 5.575722792639805192e+01
1.045315829426528564e+00 5.378838797122480173e+02 1.415102143185316379e+02 5.005466028082466323e+01
1.165555054552403824e+00 4.883318123101938113e+02 1.295621340458677082e+02 4.527313208373091413e+01
1.299625000357985227e+00 4.396915812428616164e+02 1.183764800701911781e+02 4.117743771651127815e+01
1.449116568932995452e+00 3.921347270374667460e+02 1.076866064954225237e+02 3.757585462249104324e+01
1.615803658576671964e+00 3.460394272363574260e+02 9.732243022465991089e+01 3.432125216927271083e+01
1.801664213246928048e+00 3.019874816946123133e+02 8.721142161705250828e+01 3.130261515960491536e+01
2.008903693258128342e+00 2.605640136261318389e+02 7.735463277360861412e+01 2.844086434474058223e+01
2.239981245735629400e+00 2.223468302628428432e+02 6.782768826725660460e+01 2.568678522774618855e+01
2.497638885371206374e+00 1.877597671234777010e+02 5.873992868850842086e+01 2.301489389093663718e+01
2.784934031744384253e+00 1.570999123133499324e+02 5.023275784282632372e+01 2.042364293759716176e+01
3.105275789304232426e+00 1.304246484793209220e+02 4.242868275009305279e+01 1.792597809338573711e+01
3.462465400517639402e+00 1.075925883398003577e+02 3.543154120941798624e+01 1.554902881737465137e+01
3.860741352209485999e+00 8.830818070036509937e+01 2.929024368180964188e+01 1.332222367252373729e+01
4.304829670336041580e+00 7.216345189207319777e+01 2.400600701873021947e+01 1.127661863122244768e+01
4.799999999999999822e+00 5.874224714656859447e+01 1.953497900980685742e+01 9.434175500214918131e+00
