1.000000000230258569e-04 4.780717665045713716e+02 1.986966814629944054e+02 1.067916900119832917e+02
1.122634227564673579e-04 5.317626201012697038e+02 2.211790205109973328e+02 1.188868366953553704e+02
1.260307608609534901e-04 5.913636393111631833e+02 2.461951461115877464e+02 1.323494696899094833e+02
1.414864458359461712e-04 6.574917531322063269e+02 2.740274726308086883e+02 1.473333943436135769e+02
1.588375267953347550e-04 7.308244112115735334e+02 3.049889766626087635e+02 1.640093923868362822e+02
1.783164441611049004e-04 8.121073779473344985e+02 3.394260117709581550e+02 1.825668645644820742e+02
2.001841435067871621e-04 9.021582734416584799e+02 3.777221823435672263e+02 2.032160394952740035e+02
2.247335712646909519e-04 1.001899191173302711e+03 4.203027281804742756e+02 2.261899188369199862e+02
2.522935991264941354e-04 1.112387144272904379e+03 4.676391884447614302e+02 2.517464595493333945e+02
2.832334297096662638e-04 1.234807764058532939e+03 5.202539039349273935e+02 2.801714649399514201e+02
3.179675425093897337e-04 1.370563124438687282e+03 5.787286646421849809e+02 3.117809510950692697e+02
3.569612463934728852e-04 1.521327638871092176e+03 6.437122726445387570e+02 3.469240369825349717e+02
4.007369130231864672e-04 1.689036632817679674e+03 7.159255577285638310e+02 3.859865538191856444e+02
4.498809747048478080e-04 1.875926953098727154e+03 7.961710386786027129e+02 4.293931604866546650e+02
5.050517804175268938e-04 2.084590782118463267e+03 8.853422238487476079e+02 4.776109531752018711e+02
5.669884152586394726e-04 2.318000142724342822e+03 9.844298129885108892e+02 5.311534281150233028e+02
6.365206014554368984e-04 2.579213533942538106e+03 1.094505020998518830e+03 5.905774018138559995e+02
7.145798135793877959e-04 2.871456166779479645e+03 1.216731685071205220e+03 6.564874516483854450e+02
8.022117568662883325e-04 3.198214543886515912e+03 1.352374544515207845e+03 7.295390058967122968e+02
9.005903758055168549e-04 3.562818097194756319e+03 1.502742596195018905e+03 8.104228054143153486e+02
1.011033580661806338e-03 3.968523766141978285e+03 1.669208006156556849e+03 8.998712155035052547e+02
1.135020902606864940e-03 4.418598270166479779e+03 1.853209516943760946e+03 9.986568879662934251e+02
1.274213313974418031e-03 4.916325716457591625e+03 2.056198611281377907e+03 1.107565683902440924e+03
1.430475479156914512e-03 5.464874678195261367e+03 2.279645775759465778e+03 1.227402374680610819e+03
1.605900734223756829e-03 6.067285520410760910e+03 2.525012951040880125e+03 1.358972913092702129e+03
1.802839129895710598e-03 6.726648577249713526e+03 2.793681936967956972e+03 1.503034387859085655e+03
2.023928913547812410e-03 7.445825545262384367e+03 3.086945428621773317e+03 1.660300205857924311e+03
2.272131871983379750e-03 8.227275142348034933e+03 3.405930384911246620e+03 1.831392588871350881e+03
2.550773008441800313e-03 9.072906956059203367e+03 3.751479574676962784e+03 2.016763485107848510e+03
2.863585085365514225e-03 9.983941439342728700e+03 4.124136023463016500e+03 2.216698228944915627e+03
3.214758629634808552e-03 1.096043475166817552e+04 4.523936912792856674e+03 2.431224552297655009e+03
3.608998070155939632e-03 1.200078608920322404e+04 4.950191641645131313e+03 2.660011292715321815e+03
4.051584759838999447e-03 1.310189548868750171e+04 5.401546084000105111e+03 2.902365335985909496e+03
4.548447726227339283e-03 1.425848010028987665e+04 5.876021364680736042e+03 3.157084171140744274e+03
5.106243098575769836e-03 1.546245052077525543e+04 6.370193419557182096e+03 3.422424636968648883e+03
5.732443275407110572e-03 1.670285612977867277e+04 6.879540725012367147e+03 3.695961712466895733e+03
6.435437027063155117e-03 1.796531829930685490e+04 7.398135831279553713e+03 3.974504173943760634e+03
7.224641874254610074e-03 1.923155697630847135e+04 7.918441816047316024e+03 4.254007250875144564e+03
8.110630248067678127e-03 2.047884933395713233e+04 8.431109324224136799e+03 4.529447500115295952e+03
9.105271121505569346e-03 2.167954847775996313e+04 8.924754346343474026e+03 4.794715775783221034e+03
1.022188900990466699e-02 2.280198859206006091e+04 9.386335906048863762e+03 5.042810678587195071e+03
1.147544247024383408e-02 2.380361773130252550e+04 9.798331691925461200e+03 5.264316468479332798e+03
1.288272449057868002e-02 2.464066966154043621e+04 1.014271028680056043e+04 5.449543924420733674e+03
1.446258745407916733e-02 2.526850336615738343e+04 1.040107461404527021e+04 5.588611762069541328e+03
1.623619569135818438e-02 2.563707135277418274e+04 1.055277769438876203e+04 5.670415349605396841e+03
1.822730900435978393e-02 2.569773085008309499e+04 1.057774764479118130e+04 5.684159701169290202e+03
2.046260095998037737e-02 2.541088049486313685e+04 1.045961784519311914e+04 5.621041204859448953e+03
2.297201621738221775e-02 2.475282481557689243e+04 1.018855624106651885e+04 5.475754630548246496e+03
2.578917167586586637e-02 2.372548482627419071e+04 9.765222969217842547e+03 5.248618023118470774e+03
2.895180681720203528e-02 2.236767858638370672e+04 9.205516997779810481e+03 4.948147306218910671e+03
3.250228927534733192e-02 2.076093495948029522e+04 8.542875626734374237e+03 4.592285993315905216e+03
3.648818240631140908e-02 1.902749898204203055e+04 7.827506823053566222e+03 4.207992758094350393e+03
4.096288246151627566e-02 1.731393341831307407e+04 7.119637388918779834e+03 3.827622822274442115e+03
4.598633390041809155e-02 1.575761227740869799e+04 6.475743285383617149e+03 3.481539127636650846e+03
5.162583242493973962e-02 1.443921383568036254e+04 5.928930903464684889e+03 3.187538595995521064e+03
5.795692649341043640e-02 1.334106849643685564e+04 5.471793227395149188e+03 2.941637520078626039e+03
6.506442939097074885e-02 1.229484915971206829e+04 5.034795568940267003e+03 2.706423321645780561e+03
7.304355541444980393e-02 1.108567858116085154e+04 4.529167420892947121e+03 2.434112448035064062e+03
8.200119539239680844e-02 9.605237650630226199e+03 3.910061874440071733e+03 2.100538956690158102e+03
9.205734862752627812e-02 8.040239665894911923e+03 3.254362414937500944e+03 1.747034659241972122e+03
1.033467304443183715e-01 6.776442231717120194e+03 2.721210718372338306e+03 1.459225111990329196e+03
1.160205768769771578e-01 5.984949634546204834e+03 2.381389834294641787e+03 1.275207417251288007e+03
1.302486706739022226e-01 5.352405004887504219e+03 2.105966281599980448e+03 1.125581355693801697e+03
1.462216157596530064e-01 4.507978873049085450e+03 1.742465419950609430e+03 9.282577106381471594e+02
1.641533906237988560e-01 3.713948799162486466e+03 1.399812271877787225e+03 7.418713224710754730e+02
1.842842148426375448e-01 3.271116239452534501e+03 1.202893136336154384e+03 6.336772741728148048e+02
2.068837671345900298e-01 2.823977290821446331e+03 1.005932269480073728e+03 5.252511725185299838e+02
2.322547980593316352e-01 2.375758576941148021e+03 8.110295985027381676e+02 4.178101570094729595e+02
2.607371857574901086e-01 2.096803506464822021e+03 6.885934573434147978e+02 3.493391070172166906e+02
2.927124890628471365e-01 1.798242010459837047e+03 5.612492280443784693e+02 2.783616185179004674e+02
3.286090589819373742e-01 1.587259791036895649e+03 4.727295697179042691e+02 2.285208374506603661e+02
3.689077770159973624e-01 1.391591821091841439e+03 3.931990312741120874e+02 1.839141969677149859e+02
4.141484971975938345e-01 1.234883071038107573e+03 3.318395273444436384e+02 1.495371298240883107e+02
4.649372781414354283e-01 1.102572318881836736e+03 2.823743016837888149e+02 1.220509915145104145e+02
5.219545019921476570e-01 9.889266100729885238e+02 2.421882786607574758e+02 1.000383711199558689e+02
5.859639890329354506e-01 8.907064639953334790e+02 2.097774238502244941e+02 8.265283258439932013e+01
6.578232300572349756e-01 8.042421044613018921e+02 1.834954449413935720e+02 6.895611597814099980e+01
7.384948735793578356e-01 7.265116647506846448e+02 1.619916874704287579e+02 5.816993959428435090e+01
8.290596217703356530e-01 6.550064384531666519e+02 1.441186564348663524e+02 4.964110262273208463e+01
9.307307078768926045e-01 5.881117531874997439e+02 1.290291376919049355e+02 4.287933496007641310e+01
1.044870149067508081e+00 5.246824365095806115e+02 1.159845586286325840e+02 3.746739334716608738e+01
1.173006992433692330e+00 4.641736032682172777e+02 1.044118308942349529e+02 3.307868542171556925e+01
1.316857798575541416e+00 4.065617099662525220e+02 9.387182096621580740e+01 2.945441501138222051e+01
1.478349637175967013e+00 3.521648290503781027e+02 8.405076008625275108e+01 2.639232014867261711e+01
1.659645902619409696e+00 3.014755276010959051e+02 7.474076609123189030e+01 2.373324402316621118e+01
1.863175295489004624e+00 2.550070627748949619e+02 6.584274147208674322e+01 2.135682341228656611e+01
2.091664358187257822e+00 2.131687339260361114e+02 5.733943935479447163e+01 1.917440489942501358e+01
2.348174000537423645e+00 1.762573874045619391e+02 4.929099387377646480e+01 1.712728063826708436e+01
2.636140504673786467e+00 1.443374458183830598e+02 4.178865120478249651e+01 1.518048828314797305e+01
2.959421558534973240e+00 1.172514372249858496e+02 3.494376702321194017e+01 1.332196370804961383e+01
3.322347934639153344e+00 9.463412083611528658e+01 2.884013035564885996e+01 1.155447175549877770e+01
3.729781506445900785e+00 7.596916462748788490e+01 2.352945384796728234e+01 9.893794260714342315e+00
4.187180379509764627e+00 6.070495596502188818e+01 1.900857530036227772e+01 8.358977697954818709e+00
4.700672009942531204e+00 4.830013751896969154e+01 1.523042708524268640e+01 6.969498716119649551e+00
5.277135289701610610e+00 3.827042799417846908e+01 1.211913059317289587e+01 5.737998243042928159e+00
5.924292698344328478e+00 3.019479617087328549e+01 9.585289058005203700e+00 4.669568250632214479e+00
6.650813755741415534e+00 2.372155863395892084e+01 7.539908908175987357e+00 3.760673501380380479e+00
7.466431161634059954e+00 1.855747360202746776e+01 5.900566987749895631e+00 3.001196813621334503e+00
8.382071177875818790e+00 1.445677170518346522e+01 4.595457253446099344e+00 2.376314656851655549e+00
9.410000000000001918e+00 1.121520904122156814e+01 3.562964506327243264e+00 1.868927546478926782e+00
