1.000000000230258569e-04 1.316586461567476931e+02 5.582695444620590308e+01 3.091595764512377187e+01
1.115026695290953366e-04 1.485836704544885833e+02 6.298922660910051974e+01 3.488263028945964095e+01
1.243284530925187648e-04 1.678703109085575420e+02 7.115100114937763465e+01 3.940292181722062992e+01
1.386295441504667143e-04 1.877233696432166141e+02 7.954027372292445364e+01 4.404700359490511374e+01
1.545756424481938766e-04 2.075422868261046574e+02 8.789859294856864835e+01 4.867427661242605552e+01
1.723559677317991945e-04 2.298980907870631825e+02 9.731489388604704516e+01 5.388663500444663867e+01
1.921815050694108094e-04 2.578189911244322730e+02 1.090773499984656070e+02 6.039685057444383887e+01
2.142875084442451923e-04 2.890728724119801427e+02 1.222294828257746815e+02 6.767692034390623235e+01
2.389362923277018713e-04 3.205457383197983177e+02 1.354389977414036821e+02 7.498682409656679226e+01
2.664203443578849946e-04 3.577382650071945704e+02 1.510406663041940192e+02 8.361947230859593105e+01
2.970657960592480913e-04 4.004515632836161672e+02 1.689509333217066285e+02 9.353050146862680947e+01
3.312362927876497001e-04 4.447932052937910044e+02 1.875055969755184435e+02 1.037940258066977464e+02
3.693373088223966556e-04 4.980154293803753944e+02 2.097981552055154566e+02 1.161275850102103817e+02
4.118209588090659132e-04 5.536045249176628431e+02 2.330562551522069725e+02 1.289927106517483537e+02
4.591913626466918256e-04 6.186182045917247478e+02 2.603023681289992624e+02 1.440655772670167778e+02
5.120106274801957584e-04 6.892611950517665491e+02 2.899305690341257673e+02 1.604574998993555539e+02
5.709055177816341068e-04 7.669626369128421857e+02 3.225753205342257957e+02 1.785197390053062918e+02
6.365748926688486646e-04 8.543705086486847904e+02 3.593834015363790400e+02 1.988911910589652337e+02
7.097979987143026312e-04 9.514036860393501911e+02 4.003476759097579247e+02 2.215681931907005264e+02
7.914437166483044659e-04 1.058526642921566236e+03 4.456820860867136389e+02 2.466716136666638874e+02
8.824808716799498404e-04 1.177046176706968026e+03 4.959548101684600283e+02 2.745163139987361092e+02
9.839897297802024153e-04 1.309217496498270293e+03 5.521341268416258572e+02 3.056409472368256957e+02
1.097174816344422205e-03 1.454767874926333889e+03 6.141074656719446239e+02 3.399838305874023945e+02
1.223379209343287413e-03 1.615585725839723182e+03 6.826642468297230835e+02 3.779798492036428001e+02
1.364100476567608111e-03 1.792880471188702813e+03 7.583078239101189411e+02 4.199093385827486600e+02
1.521008446081769522e-03 1.989386711440369254e+03 8.421886739667066877e+02 4.664098966559266728e+02
1.695965020753673102e-03 2.206544802063583575e+03 9.349065539597487486e+02 5.178135227384372001e+02
1.891046271984591709e-03 2.445533699960096328e+03 1.036943664176745870e+03 5.743864469375029103e+02
2.108567074807741158e-03 2.708225879993139188e+03 1.149079354245025797e+03 6.365586838227900444e+02
2.351108576680822643e-03 2.996428032716488360e+03 1.272078589445192620e+03 7.047545274429314759e+02
2.621548825923003187e-03 3.311557802194879514e+03 1.406529554359809481e+03 7.792954308435020039e+02
2.923096923239734257e-03 3.656327225906596141e+03 1.553602344699948162e+03 8.608370046790416836e+02
3.259331101584665453e-03 4.030998799236205286e+03 1.713393608103516726e+03 9.494265540850683465e+02
3.634241186222156913e-03 4.437524200463725720e+03 1.886756055705398694e+03 1.045543271505545363e+03
4.052275938830490927e-03 4.876069983369499823e+03 2.073740882602359761e+03 1.149206763383009275e+03
4.518395847440812539e-03 5.347510054353697342e+03 2.274767144931558505e+03 1.260667053997288804e+03
5.038131988628217865e-03 5.851118538252289000e+03 2.489513543501042477e+03 1.379739617326061534e+03
5.617651660426248826e-03 6.385728566837539802e+03 2.717508872191157934e+03 1.506163600583760854e+03
6.263831564778516575e-03 6.948865970359391213e+03 2.957726770358662179e+03 1.639378323665792777e+03
6.984339407925946493e-03 7.537046233312690674e+03 3.208717473901410358e+03 1.778582905509711964e+03
7.787724887016851671e-03 8.145070480410587152e+03 3.468310148453787860e+03 1.922581663879342386e+03
8.683521142606049834e-03 8.765805819006673119e+03 3.733528736966799897e+03 2.069734400162561997e+03
9.682357880899711625e-03 9.389885442416038131e+03 4.000429769279414359e+03 2.217869512284335542e+03
1.079608750807801998e-02 1.000518918227901850e+04 4.263938123870613708e+03 2.364178571184303564e+03
1.203792577343234388e-02 1.059718264668639131e+04 4.517948676499091562e+03 2.505296069682820416e+03
1.342260859021738965e-02 1.114833738334030386e+04 4.755093301851514298e+03 2.637153527022144772e+03
1.496656689508787767e-02 1.163844242357296207e+04 4.966868077492200428e+03 2.755052020933664608e+03
1.668812162103823840e-02 1.204455479475447282e+04 5.143600797124145174e+03 2.853647954336589919e+03
1.860770109743517184e-02 1.234249447454155415e+04 5.275076831988936647e+03 2.927290489716041975e+03
2.074808345685756270e-02 1.250870015173838692e+04 5.351306056586740851e+03 2.970449961535493912e+03
2.313466692519383291e-02 1.252331017851356592e+04 5.363820655917742442e+03 2.978429493141978128e+03
2.579577120231610690e-02 1.237384456456523003e+04 5.307223290456664472e+03 2.948221560412394410e+03
2.876297350957714855e-02 1.205927553615700526e+04 5.180915214108409600e+03 2.879465095084726272e+03
3.207148329174031032e-02 1.159441982936252134e+04 4.990993015436564747e+03 2.775500602793426879e+03
3.576056001963404812e-02 1.101252315341149915e+04 4.751414846968486927e+03 2.644028754838985151e+03
3.987397905126498221e-02 1.036270861791634343e+04 4.483043496639354089e+03 2.496601820089071225e+03
4.446055107939526907e-02 9.701653722955730700e+03 4.210226280036617027e+03 2.346748432863358175e+03
4.957470132945773766e-02 9.078250680908060531e+03 3.954307355688219559e+03 2.206386995762541119e+03
5.527711538069327024e-02 8.514569060439542227e+03 3.725340346548576690e+03 2.081202522131922251e+03
6.163545927395905344e-02 7.983447634074607777e+03 3.511764590877829960e+03 1.964789564457901179e+03
6.872518245115814828e-02 7.415334119455331347e+03 3.282360994254456728e+03 1.839563479808980674e+03
7.663041305413779980e-02 6.734004965564728082e+03 3.000937303880983109e+03 1.684793227409298652e+03
8.544495620686157200e-02 5.930341956948415827e+03 2.659719616447959197e+03 1.495445279082984371e+03
9.527340712667957401e-02 5.108222023141349382e+03 2.303814428083202529e+03 1.296635662295541351e+03
1.062323922731101822e-01 4.419234148817472487e+03 2.006121074626770451e+03 1.130313882457466207e+03
1.184519532618636822e-01 3.909515740711500712e+03 1.794475814420536153e+03 1.013563088730889945e+03
1.320770899659224340e-01 3.456526469988099507e+03 1.609766607927106861e+03 9.124054970077264670e+02
1.472694811144383831e-01 2.944016048279283041e+03 1.384455658827846946e+03 7.856754916332744187e+02
1.642094028064348954e-01 2.457020676761099367e+03 1.160843619692880338e+03 6.578451694500427038e+02
1.830978677048002712e-01 2.094635488456102394e+03 1.005433818818318741e+03 5.713862668640778111e+02
2.041590102946942431e-01 1.775949821770208473e+03 8.690664436677856202e+02 4.959264642269480987e+02
2.276427465103479653e-01 1.471647231072479372e+03 7.250997967178034287e+02 4.126561174422216709e+02
2.538277392899435103e-01 1.228222456715798899e+03 6.173240355542104680e+02 3.526898118383662108e+02
2.830247052484705095e-01 1.016220800314475923e+03 5.190473907217373153e+02 2.969122090807294398e+02
3.155801017062329072e-01 8.372058834239335283e+02 4.352340756113736688e+02 2.494483482077832264e+02
3.518802378240603601e-01 6.867436670782878991e+02 3.639145145091349036e+02 2.091417306457705649e+02
3.923558586288135031e-01 5.608775915641070924e+02 3.034918178897739267e+02 1.751352913843036276e+02
4.374872563241952172e-01 4.558876260434328742e+02 2.520386079081057744e+02 1.460229863700391775e+02
4.878099695387512202e-01 3.687220399583905532e+02 2.087239784715374356e+02 1.216566791404537327e+02
5.439211381395319123e-01 2.966030417394060237e+02 1.722299881465661997e+02 1.011323239881807581e+02
6.064865890189676811e-01 2.371475363422266014e+02 1.415479994850718128e+02 8.387315709664997598e+01
6.762487369363893164e-01 1.883564943779028056e+02 1.158214585932441452e+02 6.939612803190333068e+01
7.540353941672404137e-01 1.485025118133164881e+02 9.428732405501810376e+01 5.726396140652434497e+01
8.407695934971151086e-01 1.161491234940941126e+02 7.630517872863175910e+01 4.710195456001088132e+01
9.374805411223435803e-01 9.008580020006679945e+01 6.133952300472661534e+01 3.859826615807530459e+01
1.045315829426528564e+00 6.927043641155577802e+01 4.893488798235082982e+01 3.148436170728566452e+01
1.165555054552403824e+00 5.281287999302717395e+01 3.871321808038211998e+01 2.554255904764887575e+01
1.299625000357985227e+00 3.993823403468901034e+01 3.035133471774031477e+01 2.059043673482947767e+01
1.449116568932995452e+00 2.997335152884119580e+01 2.357032418740351432e+01 1.647561219940681454e+01
1.615803658576671964e+00 2.234176483604958818e+01 1.812858526052619368e+01 1.307324450578643926e+01
1.801664213246928048e+00 1.655371546347080169e+01 1.381187718575375278e+01 1.027829188188448306e+01
2.008903693258128342e+00 1.220204847184152364e+01 1.042953724919916070e+01 8.001929459594702365e+00
2.239981245735629400e+00 8.955461161454769226e+00 7.812066270782005439e+00 6.167486669106636121e+00
2.497638885371206374e+00 6.548315376910607277e+00 5.809884431141885131e+00 4.706423702589322744e+00
2.784934031744384253e+00 4.773147678806481053e+00 4.294570744952985741e+00 3.557649262903169962e+00
3.105275789304232426e+00 3.469817213995246341e+00 3.158237406505860712e+00 2.666116983074430458e+00
3.462465400517639402e+00 2.516440429450428340e+00 2.312763152449870852e+00 1.982893354973107369e+00
3.860741352209485999e+00 1.821221013896878738e+00 1.687725201219233195e+00 1.465272119480810042e+00
4.304829670336041580e+00 1.315509207950978254e+00 1.228031364747312670e+00 1.076978494209012815e+00
4.799999999999999822e+00 9.484195183107184679e-01 8.913566047503888035e-01 7.881128585409485909e-01
