1.000000000230258569e-04 3.504413214742583023e+02 1.565990486479739729e+02 8.896768696367416851e+01
1.115026695290953366e-04 3.918914884775379619e+02 1.750438731504856946e+02 9.943145110798329256e+01
1.243284530925187648e-04 4.421103874191459226e+02 1.973939326725390231e+02 1.121163133384398947e+02
1.386295441504667143e-04 4.972018832905648082e+02 2.218840100843930259e+02 1.260078697559367527e+02
1.545756424481938766e-04 5.520945860749841358e+02 2.462033040801060793e+02 1.397898436752292071e+02
1.723559677317991945e-04 6.080244409594837407e+02 2.708877721022432183e+02 1.537604788285636630e+02
1.921815050694108094e-04 6.750075389303326574e+02 3.004292411403629899e+02 1.704756422428875453e+02
2.142875084442451923e-04 7.576617190468704166e+02 3.368977596670241041e+02 1.911112719866258374e+02
2.389362923277018713e-04 8.443219624078683410e+02 3.750250195802329358e+02 2.126624396125304202e+02
2.664203443578849946e-04 9.341631365785846128e+02 4.144069197923070078e+02 2.348898599313162379e+02
2.970657960592480913e-04 1.045054400065044092e+03 4.630935847773355931e+02 2.623769403893342655e+02
3.312362927876497001e-04 1.162700394049891656e+03 5.146775793406077355e+02 2.914747772655173321e+02
3.693373088223966556e-04 1.292764292601846137e+03 5.717163002539506351e+02 3.236369295564484219e+02
4.118209588090659132e-04 1.440825933447774560e+03 6.368093768847019192e+02 3.603547326269024893e+02
4.591913626466918256e-04 1.601388610646432426e+03 7.075341908850188020e+02 4.002562548710085935e+02
5.120106274801957584e-04 1.778193523693883208e+03 7.857220006074919638e+02 4.444099143636584017e+02
5.709055177816341068e-04 1.978391621148193963e+03 8.747012399493637531e+02 4.947330690247792973e+02
6.365748926688486646e-04 2.193977509294719766e+03 9.709758475246451326e+02 5.492618968278030707e+02
7.097979987143026312e-04 2.429930818800718043e+03 1.076904131806465784e+03 6.093727167664641229e+02
7.914437166483044659e-04 2.690111019538350320e+03 1.194316598599196823e+03 6.761397551508406423e+02
8.824808716799498404e-04 2.976777468349434002e+03 1.324248133881960257e+03 7.501657224166539208e+02
9.839897297802024153e-04 3.292105607143791531e+03 1.467652323384761075e+03 8.320009792628131891e+02
1.097174816344422205e-03 3.634215954430785132e+03 1.623621486234224676e+03 9.211265577350072817e+02
1.223379209343287413e-03 4.011899596488940915e+03 1.796040848532087693e+03 1.019743746634686318e+03
1.364100476567608111e-03 4.424395308345465310e+03 1.984485809940700392e+03 1.127591993790630795e+03
1.521008446081769522e-03 4.879456881085754503e+03 2.192311392689621243e+03 1.246549645720685021e+03
1.695965020753673102e-03 5.375649050602210082e+03 2.418811843983890867e+03 1.376197882188020685e+03
1.891046271984591709e-03 5.917446437971396335e+03 2.665954792613324571e+03 1.517641354723571567e+03
2.108567074807741158e-03 6.510415613133152874e+03 2.936211269675743097e+03 1.672272208634925846e+03
2.351108576680822643e-03 7.152249071946373988e+03 3.228509703440427529e+03 1.839469456287055209e+03
2.621548825923003187e-03 7.845239512833718436e+03 3.543890670274917284e+03 2.019826139162010350e+03
2.923096923239734257e-03 8.590257176461424024e+03 3.882759194456105433e+03 2.213574271195227539e+03
3.259331101584665453e-03 9.387902801870674011e+03 4.245407316672931302e+03 2.420885704008987432e+03
3.634241186222156913e-03 1.023581843127415777e+04 4.630792752135108458e+03 2.641172964511505597e+03
4.052275938830490927e-03 1.112962037976695683e+04 5.036965045977346563e+03 2.873332743171444690e+03
4.518395847440812539e-03 1.206444566312710413e+04 5.461785199675242438e+03 3.116103501546312145e+03
5.038131988628217865e-03 1.303369403565474386e+04 5.902275730305140314e+03 3.367959253940957751e+03
5.617651660426248826e-03 1.402816668595084411e+04 6.354305051369446119e+03 3.626412543538171576e+03
6.263831564778516575e-03 1.503653255715088017e+04 6.812820670625026651e+03 3.888629571271344503e+03
6.984339407925946493e-03 1.604453485378995174e+04 7.271439913687228000e+03 4.150992264686854469e+03
7.787724887016851671e-03 1.703465345542032446e+04 7.722308236540571670e+03 4.409041248971077948e+03
8.683521142606049834e-03 1.798638256381962856e+04 8.156210835335196862e+03 4.657540906859254392e+03
9.682357880899711625e-03 1.887900322911656986e+04 8.563852109161392946e+03 4.891207492357824776e+03
1.079608750807801998e-02 1.967300161044695051e+04 8.927401095771370819e+03 5.099874555552523816e+03
1.203792577343234388e-02 2.033827622141870597e+04 9.233270040458775838e+03 5.275794823995503066e+03
1.342260859021738965e-02 2.083753992692158499e+04 9.464610362901075860e+03 5.409357281990439333e+03
1.496656689508787767e-02 2.113787780700022631e+04 9.606493576191371176e+03 5.492028806218942009e+03
1.668812162103823840e-02 2.119726650803423763e+04 9.639777199041223867e+03 5.512843075518039768e+03
1.860770109743517184e-02 2.098038259072939036e+04 9.548278078790606742e+03 5.462511647115460619e+03
2.074808345685756270e-02 2.046239862428142806e+04 9.320487818272666118e+03 5.334387086454746168e+03
2.313466692519383291e-02 1.963198907312152005e+04 8.950787422018076541e+03 5.125135526334960559e+03
2.579577120231610690e-02 1.850305381622034474e+04 8.444940279912701953e+03 4.837870326480910990e+03
2.876297350957714855e-02 1.712104978138568913e+04 7.823022098897581600e+03 4.483932496845470268e+03
3.207148329174031032e-02 1.556605335263979032e+04 7.120842776255652097e+03 4.083652845078187511e+03
3.576056001963404812e-02 1.394997477344137587e+04 6.388982967607486898e+03 3.665878043881443773e+03
3.987397905126498221e-02 1.240013646610022624e+04 5.685578896712532696e+03 3.263915817996747592e+03
4.446055107939526907e-02 1.103699331927764797e+04 5.066400363513417687e+03 2.909906596004750554e+03
4.957470132945773766e-02 9.939697975077498995e+03 4.569063020019029864e+03 2.625727157478137997e+03
5.527711538069327024e-02 9.115486789083894109e+03 4.198585596889754925e+03 2.414632736306666175e+03
6.163545927395905344e-02 8.463668865633342648e+03 3.909354111594591814e+03 2.250558878447652205e+03
6.872518245115814828e-02 7.802741735526287812e+03 3.615756377710815286e+03 2.083845500295423790e+03
7.663041305413779980e-02 6.948369851386740265e+03 3.226996530363857801e+03 1.861009321006658183e+03
8.544495620686157200e-02 5.874571222886119358e+03 2.725121234846784773e+03 1.570416299299675529e+03
9.527340712667957401e-02 4.797834546166112887e+03 2.212850916605136717e+03 1.271762976102940684e+03
1.062323922731101822e-01 4.003762321992850502e+03 1.836888130756270812e+03 1.052758460042281513e+03
1.184519532618636822e-01 3.549626303565551098e+03 1.636521249849545939e+03 9.389936941780455300e+02
1.320770899659224340e-01 3.184950509403887736e+03 1.484126400734324989e+03 8.544233116075532735e+02
1.472694811144383831e-01 2.673189416447552503e+03 1.240302000595048412e+03 7.116227434854156400e+02
1.642094028064348954e-01 2.170087795994497810e+03 9.882238135364975733e+02 5.608976381904158188e+02
1.830978677048002712e-01 1.859131001409524970e+03 8.521028397288778251e+02 4.839814881755097531e+02
2.041590102946942431e-01 1.591589871557463084e+03 7.385179244933495966e+02 4.208750279202336060e+02
2.276427465103479653e-01 1.308506048435512866e+03 5.964928630672756071e+02 3.349668299964499170e+02
2.538277392899435103e-01 1.099141221588346525e+03 5.065815812385965842e+02 2.850031722463150459e+02
2.830247052484705095e-01 9.123340418274596004e+02 4.215369720399486368e+02 2.357925977794006087e+02
3.155801017062329072e-01 7.535531375620604422e+02 3.504177361211514494e+02 1.950609130370877438e+02
3.518802378240603601e-01 6.188816373674338820e+02 2.910789072865258618e+02 1.614055347596754189e+02
3.923558586288135031e-01 5.045936680002754429e+02 2.415837607581402438e+02 1.337695862137829863e+02
4.374872563241952172e-01 4.076002337228717920e+02 1.994814149845356042e+02 1.101196803814542449e+02
4.878099695387512202e-01 3.258249823701305559e+02 1.644574962848544715e+02 9.086939721880585807e+01
5.439211381395319123e-01 2.572118491869498484e+02 1.350770994226598418e+02 7.489544564487631817e+01
6.064865890189676811e-01 2.001288113653281471e+02 1.104062461626197944e+02 6.161977285388442027e+01
6.762487369363893164e-01 1.532057490989299140e+02 8.971580319762408351e+01 5.061574443426425773e+01
7.540353941672404137e-01 1.152324386300602299e+02 7.237536589230610673e+01 4.148916837991757234e+01
8.407695934971151086e-01 8.509147794047335367e+01 5.787371671171379717e+01 3.391751545371358390e+01
9.374805411223435803e-01 6.169895027182647596e+01 4.579224838387495566e+01 2.763217213062957356e+01
1.045315829426528564e+00 4.398386228114335950e+01 3.578597400612904522e+01 2.240920049943185788e+01
1.165555054552403824e+00 3.089909103453329209e+01 2.757321380978736869e+01 1.806936129151338832e+01
1.299625000357985227e+00 2.146018270817091889e+01 2.091479960820350570e+01 1.446590290815356106e+01
1.449116568932995452e+00 1.478942204836985042e+01 1.560098874677820646e+01 1.148000319450191320e+01
1.615803658576671964e+00 1.014962179552885857e+01 1.143995635526708021e+01 9.016402917812833095e+00
1.801664213246928048e+00 6.957541435912971473e+00 8.250315771327466408e+00 6.996355474179427603e+00
2.008903693258128342e+00 4.774802105130961927e+00 5.860047507805420608e+00 5.355373604518115727e+00
2.239981245735629400e+00 3.285299423544817188e+00 4.108513865516139063e+00 4.038764828422463538e+00
2.497638885371206374e+00 2.268052787264154713e+00 2.851522856108130277e+00 2.998543745799024496e+00
2.784934031744384253e+00 1.571359918164483727e+00 1.965311862267567600e+00 2.191403980875724855e+00
3.105275789304232426e+00 1.092318802249365950e+00 1.349119331016111589e+00 1.577404435664662596e+00
3.462465400517639402e+00 7.614752076451219986e-01 9.247984636522088575e-01 1.119830025262672502e+00
3.860741352209485999e+00 5.319555372091259171e-01 6.342499752991557216e-01 7.855949400568261742e-01
4.304829670336041580e+00 3.720784674496746547e-01 4.357678012904425136e-01 5.459246794164533956e-01
4.799999999999999822e+00 2.603174353849419531e-01 3.001381781902033863e-01 3.767699079120557792e-01
