1.000000000230258569e-04 9.322428506376975292e+02 4.417759384724795950e+02 2.560180565171856983e+02
1.115026695290953366e-04 1.039270222824209213e+03 4.922248010713129815e+02 2.852099296368828050e+02
1.243284530925187648e-04 1.170018975620645051e+03 5.538870222201267097e+02 3.208963175230531988e+02
1.386295441504667143e-04 1.313628875619965129e+03 6.215189846177811432e+02 3.600206988121197469e+02
1.545756424481938766e-04 1.455318509445363361e+03 6.879810230435850826e+02 3.984227232843600746e+02
1.723559677317991945e-04 1.597504442756280241e+03 7.543557399363594413e+02 4.367172794702321426e+02
1.921815050694108094e-04 1.767435489005514455e+03 8.336271122397273530e+02 4.824365718738872033e+02
2.142875084442451923e-04 1.979359613630335616e+03 9.325982553065530283e+02 5.395301468393026880e+02
2.389362923277018713e-04 2.201116807573326696e+03 1.035847944586796302e+03 5.990230922035437970e+02
2.664203443578849946e-04 2.427096367824500703e+03 1.140611172991365493e+03 6.592902882105880735e+02
2.970657960592480913e-04 2.707579820971453501e+03 1.270968636238864519e+03 7.343182394061342393e+02
3.312362927876497001e-04 3.004780062059049669e+03 1.408968121578919863e+03 8.136899433821628236e+02
3.693373088223966556e-04 3.328819540284693176e+03 1.559492719324994823e+03 9.002397543694115711e+02
4.118209588090659132e-04 3.700308946314804871e+03 1.732676103089327398e+03 9.998981418857723611e+02
4.591913626466918256e-04 4.097133781016125795e+03 1.918096164807518107e+03 1.106638155939382841e+03
5.120106274801957584e-04 4.534962362976238182e+03 2.123655180750277850e+03 1.225131172140339686e+03
5.709055177816341068e-04 5.027854300875049375e+03 2.356346045846336892e+03 1.359504937412055142e+03
6.365748926688486646e-04 5.553800116531370804e+03 2.605916785336539306e+03 1.503872013775688401e+03
7.097979987143026312e-04 6.127298918844666332e+03 2.879540110657701007e+03 1.662474791639128171e+03
7.914437166483044659e-04 6.757701749949956138e+03 3.181851892966973082e+03 1.838073604129188880e+03
8.824808716799498404e-04 7.449404466988347849e+03 3.514949531044112064e+03 2.031903137028351011e+03
9.839897297802024153e-04 8.207388926801637353e+03 3.881100222520826719e+03 2.245274640315417400e+03
1.097174816344422205e-03 9.025512406144836859e+03 4.277165655073177732e+03 2.476336780805826947e+03
1.223379209343287413e-03 9.920157988821103572e+03 4.710758448914379187e+03 2.729470727161924060e+03
1.364100476567608111e-03 1.089610849574630447e+04 5.183976210776015250e+03 3.005847974002353567e+03
1.521008446081769522e-03 1.196461529151141076e+04 5.701847908886446930e+03 3.308306887993152486e+03
1.695965020753673102e-03 1.311953703658061022e+04 6.261304751015382863e+03 3.635027687212155342e+03
1.891046271984591709e-03 1.436752616351913639e+04 6.865414345168023829e+03 3.987758723478391857e+03
2.108567074807741158e-03 1.572361747448071583e+04 7.521279895390099227e+03 4.370598054414967010e+03
2.351108576680822643e-03 1.717173885022225295e+04 8.221145285586666432e+03 4.779022044106101021e+03
2.621548825923003187e-03 1.871780806031819520e+04 8.967858803207589517e+03 5.214696174079891534e+03
2.923096923239734257e-03 2.035320285442529348e+04 9.757306068617630444e+03 5.675236670386087098e+03
3.259331101584665453e-03 2.207785825737419145e+04 1.058953857044600409e+04 6.160686752033946505e+03
3.634241186222156913e-03 2.387822657470588092e+04 1.145815091463403223e+04 6.667325388543369627e+03
4.052275938830490927e-03 2.573626524890408473e+04 1.235464704682646516e+04 7.190172773329290976e+03
4.518395847440812539e-03 2.763456931071836152e+04 1.327059622251902692e+04 7.724597865288636058e+03
5.038131988628217865e-03 2.955365858500708418e+04 1.419683308295304960e+04 8.265125444773815616e+03
5.617651660426248826e-03 3.146386182498037670e+04 1.511927669188729851e+04 8.803586335725902245e+03
6.263831564778516575e-03 3.333357460063191684e+04 1.602292770910916624e+04 9.331331234032626526e+03
6.984339407925946493e-03 3.512573592667910998e+04 1.689017595227235142e+04 9.838155164644487741e+03
7.787724887016851671e-03 3.679825842444579757e+04 1.770101001857206575e+04 1.031245799376807008e+04
8.683521142606049834e-03 3.830814488947746577e+04 1.843496684275586813e+04 1.074238193161112031e+04
9.682357880899711625e-03 3.959017300659821922e+04 1.906088126434453079e+04 1.110980536055189805e+04
1.079608750807801998e-02 4.057344745505148603e+04 1.954476088650813472e+04 1.139492021292834579e+04
1.203792577343234388e-02 4.118798860376051744e+04 1.985302124555135015e+04 1.157816926729543229e+04
1.342260859021738965e-02 4.138439760955660313e+04 1.996187325368999154e+04 1.164566228547982791e+04
1.496656689508787767e-02 4.109744256211035099e+04 1.983963460680157732e+04 1.157882021658307531e+04
1.668812162103823840e-02 4.026173146308882860e+04 1.945435754213789551e+04 1.135887201601501329e+04
1.860770109743517184e-02 3.884361100289841124e+04 1.878907535097697109e+04 1.097572177776883291e+04
2.074808345685756270e-02 3.683710748153648456e+04 1.783976781082505840e+04 1.042673252067444810e+04
2.313466692519383291e-02 3.428075207392576704e+04 1.662345149107044199e+04 9.721347181494238612e+03
2.579577120231610690e-02 3.127362888124378151e+04 1.518648045657674993e+04 8.886235535285619335e+03
2.876297350957714855e-02 2.797821318253087520e+04 1.360577229262671790e+04 7.965933161939279671e+03
3.207148329174031032e-02 2.461023016168406684e+04 1.198475090163686582e+04 7.020609139582846183e+03
3.576056001963404812e-02 2.141571059189001608e+04 1.044289687820092695e+04 6.120172995385274589e+03
3.987397905126498221e-02 1.862614130774769365e+04 9.094683124626426434e+03 5.332134204869294081e+03
4.446055107939526907e-02 1.639671912100772170e+04 8.019445736715588282e+03 4.703821702787833601e+03
4.957470132945773766e-02 1.475588243917707041e+04 7.235883744547958486e+03 4.247292826138541386e+03
5.527711538069327024e-02 1.356817586170972936e+04 6.681212731047975467e+03 3.926459804562085537e+03
6.163545927395905344e-02 1.252047666842379658e+04 6.199339569508564637e+03 3.649049745751378850e+03
6.872518245115814828e-02 1.123203715863952311e+04 5.590335516142190500e+03 3.294652454576095352e+03
7.663041305413779980e-02 9.535219705870595135e+03 4.754256758824439203e+03 2.800552717505425790e+03
8.544495620686157200e-02 7.683653093173979869e+03 3.813827901101004500e+03 2.238454944800847898e+03
9.527340712667957401e-02 6.184630520895685549e+03 3.048484455442810031e+03 1.779639169080340707e+03
1.062323922731101822e-01 5.286008740760954424e+03 2.618967811971453102e+03 1.528021339241888654e+03
1.184519532618636822e-01 4.719290813623932081e+03 2.388551231813158211e+03 1.402467192202284195e+03
1.320770899659224340e-01 4.018709930688365603e+03 2.060966468890190299e+03 1.211866851853887283e+03
1.472694811144383831e-01 3.204745129686624750e+03 1.624770507460221097e+03 9.430210847322334757e+02
1.642094028064348954e-01 2.624551082990470604e+03 1.337422944170650680e+03 7.713294097645837155e+02
1.830978677048002712e-01 2.211656341949206762e+03 1.172395397272137870e+03 6.843275903070424420e+02
2.041590102946942431e-01 1.782759048509998365e+03 9.568731164360897310e+02 5.532982798138920089e+02
2.276427465103479653e-01 1.428827054611307631e+03 7.861680801138801371e+02 4.518107628649663070e+02
2.538277392899435103e-01 1.138877568875442194e+03 6.600654704865404483e+02 3.826631273067545749e+02
2.830247052484705095e-01 8.860293002771720694e+02 5.389123537825855692e+02 3.101087593761685639e+02
3.155801017062329072e-01 6.761938842663038258e+02 4.450436458373598043e+02 2.583624541231134799e+02
3.518802378240603601e-01 5.005409274482301498e+02 3.633365710520674270e+02 2.116407769556539904e+02
3.923558586288135031e-01 3.563918957978091271e+02 2.956693562827063602e+02 1.740941375394036754e+02
4.374872563241952172e-01 2.403242626689102508e+02 2.390026119781743432e+02 1.430522705828643097e+02
4.878099695387512202e-01 1.495556863736772470e+02 1.914368089023582229e+02 1.171723452837474611e+02
5.439211381395319123e-01 8.141249479537763989e+01 1.516704319721759475e+02 9.576527670128987779e+01
6.064865890189676811e-01 3.305918735477791870e+01 1.185225956110291179e+02 7.804190628283831188e+01
6.762487369363893164e-01 1.378320089975005214e+00 9.103733380619439686e+01 6.335783679477570729e+01
7.540353941672404137e-01 -1.700996914394179171e+01 6.844422486781405723e+01 5.118552466084650376e+01
8.407695934971151086e-01 -2.555836136276908022e+01 5.010635289188459751e+01 4.108457009652187253e+01
9.374805411223435803e-01 -2.750226044389351188e+01 3.549230931337138628e+01 3.270862399900257600e+01
1.045315829426528564e+00 -2.556953125037674468e+01 2.412796271176178209e+01 2.577679418212746754e+01
1.165555054552403824e+00 -2.180478991970274194e+01 1.556593409591140365e+01 2.006077163434457944e+01
1.299625000357985227e+00 -1.755191467180862475e+01 9.365356664972145140e+00 1.537805458724255203e+01
1.449116568932995452e+00 -1.356576440633483749e+01 5.087270672800530136e+00 1.157829878323196304e+01
1.615803658576671964e+00 -1.018165990217906902e+01 2.305680464186290468e+00 8.536241437370884810e+00
1.801664213246928048e+00 -7.479905237103477766e+00 6.276279400462921876e-01 6.143718911078503986e+00
2.008903693258128342e+00 -5.409274644469825866e+00 -2.854369954002248799e-01 4.303204332694440915e+00
2.239981245735629400e+00 -3.866445664808841443e+00 -7.042345932839134681e-01 2.924157559614224411e+00
2.497638885371206374e+00 -2.739635328931702141e+00 -8.288358057693361314e-01 1.921435054697817835e+00
2.784934031744384253e+00 -1.928056791040156481e+00 -7.959257800196378740e-01 1.216064466292144486e+00
3.105275789304232426e+00 -1.349367162638211104e+00 -6.917025856195300193e-01 7.371938189943357811e-01
3.462465400517639402e+00 -9.396907059657190198e-01 -5.660569055249053960e-01 4.241598788238113982e-01
3.860741352209485999e+00 0.000000000000000000e+00 -4.449138332159109366e-01 2.276717148815226854e-01
4.304829670336041580e+00 0.000000000000000000e+00 -3.396803305510674997e-01 1.097738164500283303e-01
4.799999999999999822e+00 0.000000000000000000e+00 -2.536442370286730585e-01 4.272309160780848186e-02
