1.000000000230258569e-04 9.322422988752712172e+02 4.417761086719576724e+02 2.560180784622403394e+02
1.115026695290953366e-04 1.039269899895481785e+03 4.922260591128403462e+02 2.852099758944286236e+02
1.243284530925187648e-04 1.170019210815600900e+03 5.538868429846975232e+02 3.208963072156847147e+02
1.386295441504667143e-04 1.313627968363667151e+03 6.215190037800048231e+02 3.600206864195308185e+02
1.545756424481938766e-04 1.455319132379871462e+03 6.879811492602840417e+02 3.984227418211184499e+02
1.723559677317991945e-04 1.597504903597569182e+03 7.543561005389991578e+02 4.367179018653504272e+02
1.921815050694108094e-04 1.767435227961790588e+03 8.336271647542756682e+02 4.824366967814291343e+02
2.142875084442451923e-04 1.979359586253932775e+03 9.325983867297720735e+02 5.395301512711616851e+02
2.389362923277018713e-04 2.201116840968842098e+03 1.035847841414102277e+03 5.990229905548700344e+02
2.664203443578849946e-04 2.427096652351125613e+03 1.140611112081788860e+03 6.592902599209346590e+02
2.970657960592480913e-04 2.707579786657694513e+03 1.270968586460961887e+03 7.343183321097122871e+02
3.312362927876497001e-04 3.004780166755458595e+03 1.408968353008264785e+03 8.136899308283591381e+02
3.693373088223966556e-04 3.328819918314801271e+03 1.559492597413083104e+03 9.002395565366316532e+02
4.118209588090659132e-04 3.700309356027079957e+03 1.732676097232338634e+03 9.998981499164757452e+02
4.591913626466918256e-04 4.097134389903991178e+03 1.918096226798524185e+03 1.106638098922923064e+03
5.120106274801957584e-04 4.534963340076821623e+03 2.123655170800798714e+03 1.225131079411581823e+03
5.709055177816341068e-04 5.027855709928906435e+03 2.356346076693368104e+03 1.359504969870956074e+03
6.365748926688486646e-04 5.553801813538510032e+03 2.605916881854675012e+03 1.503871955990721972e+03
7.097979987143026312e-04 6.127300966789702215e+03 2.879540174871209274e+03 1.662474794223070603e+03
7.914437166483044659e-04 6.757704398989821129e+03 3.181851939554871024e+03 1.838073546818033719e+03
8.824808716799498404e-04 7.449408301171893982e+03 3.514949615811669446e+03 2.031903111781209191e+03
9.839897297802024153e-04 8.207394652548979138e+03 3.881100293147470893e+03 2.245274595836766366e+03
1.097174816344422205e-03 9.025520079204003196e+03 4.277165810804792272e+03 2.476336757457501790e+03
1.223379209343287413e-03 9.920168275252355670e+03 4.710758696988766133e+03 2.729470721059224616e+03
1.364100476567608111e-03 1.089612246979452357e+04 5.183976489557342575e+03 3.005847902141881150e+03
1.521008446081769522e-03 1.196463484224122840e+04 5.701848236232387535e+03 3.308306813223688096e+03
1.695965020753673102e-03 1.311956356893859811e+04 6.261305304612770669e+03 3.635027601018045971e+03
1.891046271984591709e-03 1.436756149682573232e+04 6.865415017998682742e+03 3.987758563649746975e+03
2.108567074807741158e-03 1.572366672560731786e+04 7.521280796267581536e+03 4.370597878356565161e+03
2.351108576680822643e-03 1.717180545787495066e+04 8.221146483378690391e+03 4.779021790812727886e+03
2.621548825923003187e-03 1.871789831722158851e+04 8.967860550046805656e+03 5.214695839776510184e+03
2.923096923239734257e-03 2.035332344445849230e+04 9.757308348872567876e+03 5.675236195388952183e+03
3.259331101584665453e-03 2.207802094600717464e+04 1.058954170852677998e+04 6.160686147807294219e+03
3.634241186222156913e-03 2.387844663468668296e+04 1.145815513865454705e+04 6.667324582466764696e+03
4.052275938830490927e-03 2.573655999292998604e+04 1.235465273174940376e+04 7.190171733678406781e+03
4.518395847440812539e-03 2.763496076358014761e+04 1.327060372140598884e+04 7.724596493674341218e+03
5.038131988628217865e-03 2.955418042755493298e+04 1.419684311109086229e+04 8.265123560208237905e+03
5.617651660426248826e-03 3.146455256842128802e+04 1.511928996933635790e+04 8.803583850274897486e+03
6.263831564778516575e-03 3.333448436080802639e+04 1.602294518802012317e+04 9.331327972026885618e+03
6.984339407925946493e-03 3.512692771515420463e+04 1.689019885853360393e+04 9.838150902900661094e+03
7.787724887016851671e-03 3.679981050590636005e+04 1.770103986092330160e+04 1.031245244008723785e+04
8.683521142606049834e-03 3.831015344656613888e+04 1.843500547909724264e+04 1.074237474011039194e+04
9.682357880899711625e-03 3.959275332581955445e+04 1.906093092533563322e+04 1.110979611188882336e+04
1.079608750807801998e-02 4.057673447398010467e+04 1.954482418949337807e+04 1.139490842110635094e+04
1.203792577343234388e-02 4.119213607346672507e+04 1.985310118169638736e+04 1.157815437440195274e+04
1.342260859021738965e-02 4.138957696214877069e+04 1.996197316328813758e+04 1.164564366206864179e+04
1.496656689508787767e-02 4.110383472632724443e+04 1.983975803695291324e+04 1.157879719795827441e+04
1.668812162103823840e-02 4.026951329479424021e+04 1.945450798423904416e+04 1.135884394377407989e+04
1.860770109743517184e-02 3.885293961737838254e+04 1.878925594186810849e+04 1.097568805885229995e+04
2.074808345685756270e-02 3.684809842433971789e+04 1.783998091549165110e+04 1.042669270205580870e+04
2.313466692519383291e-02 3.429345734831701702e+04 1.662369826917853788e+04 9.721301033771607763e+03
2.579577120231610690e-02 3.128802394285054470e+04 1.518676060424483330e+04 8.886183101368866119e+03
2.876297350957714855e-02 2.799420368447330839e+04 1.360608414982217073e+04 7.965874737850453130e+03
3.207148329174031032e-02 2.462769053404478836e+04 1.198509218299758686e+04 7.020545140982383600e+03
3.576056001963404812e-02 2.143456642029812792e+04 1.044326627957110759e+04 6.120103655830293064e+03
3.987397905126498221e-02 1.864648815141407249e+04 9.095082709257116221e+03 5.332059121562441760e+03
4.446055107939526907e-02 1.641893664319999880e+04 8.019883311284271258e+03 4.703739384452784179e+03
4.957470132945773766e-02 1.478068031298083224e+04 7.236374029453249932e+03 4.247200449367193869e+03
5.527711538069327024e-02 1.359645460933019967e+04 6.681774870135253877e+03 3.926353662755521782e+03
6.163545927395905344e-02 1.255283686529083207e+04 6.199987231523529772e+03 3.648927129531689843e+03
6.872518245115814828e-02 1.126802819932999591e+04 5.591060683611642162e+03 3.294514807651772117e+03
7.663041305413779980e-02 9.573082500603219160e+03 4.755022440082399953e+03 2.800407190692666063e+03
8.544495620686157200e-02 7.721442372171670286e+03 3.814590395919557977e+03 2.238310215861657070e+03
9.527340712667957401e-02 6.222308221342780598e+03 3.049241018999522112e+03 1.779495967032971976e+03
1.062323922731101822e-01 5.325958691866016125e+03 2.619774742759800574e+03 1.527868349978956530e+03
1.184519532618636822e-01 4.763626899975149172e+03 2.389465296552778000e+03 1.402292458947445994e+03
1.320770899659224340e-01 4.065674592015548114e+03 2.061946594059189010e+03 1.211678700997591250e+03
1.472694811144383831e-01 3.251331051101908542e+03 1.625730933289906716e+03 9.428383211730118774e+02
1.642094028064348954e-01 2.672122950594206941e+03 1.338405637344952083e+03 7.711429090250380796e+02
1.830978677048002712e-01 2.261876384228941333e+03 1.173467162233221188e+03 6.841212455790146123e+02
2.041590102946942431e-01 1.833607838843681293e+03 9.579625810209030305e+02 5.530895654944905573e+02
2.276427465103479653e-01 1.480237315486885336e+03 7.872831717259787183e+02 4.515975617455176803e+02
2.538277392899435103e-01 1.190943060505225731e+03 6.612331867891558659e+02 3.824372497665876267e+02
2.830247052484705095e-01 9.378990123962684038e+02 5.401027675254393898e+02 3.098792250931282410e+02
3.155801017062329072e-01 7.274634061626329640e+02 4.462723456827420705e+02 2.581228276309660146e+02
3.518802378240603601e-01 5.504694996359324932e+02 3.645924074943643518e+02 2.113943532337924864e+02
3.923558586288135031e-01 4.042211963708550684e+02 2.969505627399697119e+02 1.738396718761104012e+02
4.374872563241952172e-01 2.852355629388051739e+02 2.403038320396478866e+02 1.427895583377824096e+02
4.878099695387512202e-01 1.907380993907191282e+02 1.927495491938125554e+02 1.169018106516885354e+02
5.439211381395319123e-01 1.181554013623371304e+02 1.529844133311591747e+02 9.548717456970783246e+01
6.064865890189676811e-01 6.484286739193322546e+01 1.198249471145878857e+02 7.775674444645754591e+01
6.762487369363893164e-01 2.795382321608849452e+01 9.231262288929336535e+01 6.306643372949706361e+01
7.540353941672404137e-01 4.420870611027241104e+00 6.967491006486430649e+01 5.088906107527325418e+01
8.407695934971151086e-01 -8.910054141395315597e+00 5.127345299488504793e+01 4.078476319635893788e+01
9.374805411223435803e-01 -1.504395888610655341e+01 3.657690063086862864e+01 3.240772592750023762e+01
1.045315829426528564e+00 -1.658125660902305754e+01 2.511294532132045276e+01 2.547762410180879655e+01
1.165555054552403824e+00 -1.554522966969237174e+01 1.643795932699285700e+01 1.976672307061181044e+01
1.299625000357985227e+00 -1.334077618620031025e+01 1.011653606443600850e+01 1.509296583905294220e+01
1.449116568932995452e+00 -1.083039542800754340e+01 5.716131968527284002e+00 1.130629014617041506e+01
1.615803658576671964e+00 -8.471039934451583875e+00 2.817149591088030203e+00 8.281425124094292656e+00
1.801664213246928048e+00 -6.456751950785687200e+00 1.031977054974793973e+00 5.909827031718878132e+00
2.008903693258128342e+00 -4.831753110450747180e+00 2.566565706786325118e-02 4.093222202218557371e+00
2.239981245735629400e+00 -3.567188091572524034e+00 -4.708890197591690252e-01 2.739993435778284692e+00
2.497638885371206374e+00 -2.606556652498766891e+00 -6.578805071646293134e-01 1.763734524191554964e+00
2.784934031744384253e+00 -1.888541089654440341e+00 -6.733534366510055547e-01 1.084206804704794580e+00
3.105275789304232426e+00 -1.358071765802524089e+00 -6.055389360565529566e-01 6.294630102421734374e-01
3.462465400517639402e+00 -9.695699084792733791e-01 -5.065706281323121285e-01 3.380455040489803165e-01
3.860741352209485999e+00 0.000000000000000000e+00 -4.045150204004538397e-01 1.602192816905365913e-01
4.304829670336041580e+00 0.000000000000000000e+00 -3.126470633075808525e-01 5.791110507239784905e-02
4.799999999999999822e+00 0.000000000000000000e+00 -2.357890417396193428e-01 3.512330894394477890e-03
