1.000000000230258569e-04 1.793819574463814206e+03 8.454037273399146670e+02 4.660389621372818283e+02
1.115486563971542785e-04 2.002368093429170358e+03 9.442340617767989670e+02 5.207821789149702454e+02
1.244310274114527074e-04 2.209358321020495168e+03 1.042654460763797033e+03 5.754602395924257507e+02
1.388011391866901154e-04 2.447060815771612397e+03 1.155787882640278895e+03 6.383831503044524425e+02
1.548308057910457113e-04 2.743302792938725361e+03 1.296653992710212151e+03 7.166936624515768699e+02
1.727116835090306587e-04 3.064407883239585317e+03 1.449568480268979329e+03 8.018650554325844269e+02
1.926575623508681512e-04 3.388184507345749353e+03 1.604241287835164258e+03 8.883331292519288809e+02
2.149069222004190347e-04 3.780681744248887753e+03 1.791464973314738018e+03 9.929582764239625021e+02
2.397257841638464457e-04 4.214166499295873109e+03 1.998154831876563549e+03 1.108572709515756060e+03
2.674108912107391479e-04 4.676261862017098792e+03 2.218429472728296787e+03 1.231988850304033804e+03
2.982932561365508645e-04 5.223002384382793025e+03 2.478140253518179634e+03 1.377268123796706277e+03
3.327421192670277522e-04 5.804448628837304568e+03 2.753714202210665462e+03 1.531468335327007480e+03
3.711693632243215748e-04 6.473274523109461370e+03 3.069294704772029945e+03 1.707636069912590301e+03
4.140344375392690035e-04 7.227164990796692109e+03 3.423392246944824365e+03 1.904821324577918404e+03
4.618498519902246974e-04 8.053180977908345994e+03 3.809589032332101397e+03 2.119355150099402636e+03
5.151873043487156757e-04 8.982976389496714546e+03 4.242404950366676530e+03 2.359035116115305300e+03
5.746845157973842983e-04 1.002846836834073656e+04 4.727176881742394471e+03 2.626629934082637646e+03
6.410528557468661917e-04 1.119694350209721597e+04 5.267275668916148788e+03 2.923922429216286218e+03
7.150858472165629249e-04 1.250231271737584211e+04 5.869373765433081644e+03 3.254564416461361816e+03
7.976686544726134401e-04 1.394813428254900646e+04 6.535449035737095983e+03 3.619679230656131040e+03
8.897886663605780169e-04 1.553071616733838528e+04 7.263988068356998156e+03 4.018499989767591160e+03
9.925473018708411317e-04 1.729553012277171365e+04 8.076675529155899312e+03 4.463046157843496985e+03
1.107173179088194286e-03 1.922734673242998542e+04 8.966785647510692797e+03 4.949806650023252587e+03
1.235036804978161722e-03 2.133681654564859127e+04 9.939545681805624554e+03 5.481753028091268789e+03
1.377666961646263968e-03 2.362956202313856920e+04 1.099771428181566444e+04 6.060486073123206552e+03
1.536768984990051967e-03 2.612755017876305646e+04 1.215177960256430197e+04 6.691889685792082673e+03
1.714245154289869167e-03 2.881657666822020838e+04 1.339508826361283354e+04 7.372395609939712813e+03
1.912217436523370962e-03 3.171118625511691062e+04 1.473454939305731205e+04 8.105906486942098127e+03
2.133052857342773462e-03 3.479412001935352600e+04 1.616192392889300572e+04 8.887968042359208994e+03
2.379391802059096454e-03 3.806403664508580550e+04 1.767674326230305087e+04 9.718349924681058837e+03
2.654179585009814029e-03 4.149848664148309035e+04 1.926854095887219592e+04 1.059121636487300202e+04
2.960701664764286197e-03 4.507534824755469890e+04 2.092733164762435626e+04 1.150081225457810433e+04
3.302622926212283368e-03 4.875935487305479910e+04 2.263721721501946013e+04 1.243903060290386202e+04
3.684031499205906151e-03 5.250750698992722755e+04 2.437778427870177620e+04 1.339462690914389532e+04
4.109487637665882979e-03 5.627116202619590331e+04 2.612683304603149008e+04 1.435539810858091369e+04
4.584078243567925488e-03 5.999049931177702092e+04 2.785676125225518626e+04 1.530625180244638614e+04
5.113477687716873853e-03 6.359582322092267714e+04 2.953548205795913236e+04 1.622963616555456065e+04
5.704015654503047893e-03 6.700753163296294224e+04 3.112637434246212797e+04 1.710551779608209108e+04
6.362752821816417166e-03 7.013512955308242817e+04 3.258774947626869834e+04 1.791109663528043893e+04
7.097565280973966440e-03 7.287025174324589898e+04 3.386962812468501215e+04 1.861899269305609414e+04
7.917238706014356406e-03 7.513548563509504311e+04 3.493634661171604967e+04 1.920967650817204412e+04
8.831573398280912271e-03 7.672341207379456318e+04 3.569169230770363356e+04 1.963025832783261285e+04
9.851501462242475554e-03 7.751896245515297051e+04 3.608211508847548976e+04 1.985125366454600953e+04
1.098921751354712747e-02 7.744234967677648820e+04 3.607032492517965147e+04 1.985205786993176662e+04
1.225832448210000328e-02 7.637465371760033304e+04 3.560028478595036722e+04 1.960158500942597311e+04
1.367399625343743499e-02 7.422708751213687356e+04 3.462958731448183244e+04 1.907617883515459835e+04
1.525315909299450497e-02 7.098238892784396012e+04 3.314853657650660170e+04 1.827004137917651678e+04
1.701469402243795462e-02 6.671184192604805867e+04 3.118815999823703896e+04 1.719967684392788942e+04
1.897966256774625410e-02 6.157947616484291939e+04 2.882228691819482628e+04 1.590492510979697181e+04
2.117155857815964867e-02 5.587463168331558700e+04 2.618377134662186654e+04 1.445843938047036136e+04
2.361658912683562567e-02 4.998506648917074926e+04 2.345218821952459257e+04 1.295870079538688879e+04
2.634398785175567220e-02 4.435094112448663509e+04 2.083333267995107235e+04 1.151912145853058973e+04
2.938636448329653983e-02 3.938121987798478222e+04 1.852120732307785875e+04 1.024732678247515651e+04
3.278009473753994152e-02 3.534575867115268920e+04 1.664736623777355635e+04 9.217231965920262155e+03
3.656575523702054742e-02 3.225870476970475647e+04 1.522421787830882022e+04 8.437058036143898789e+03
4.078860865897657173e-02 2.982668164682969291e+04 1.411671724054258993e+04 7.832821241421745071e+03
4.549914491170512637e-02 2.740040023625867980e+04 1.301099773684575484e+04 7.228922588904956683e+03
5.075368480951484434e-02 2.436599878333020024e+04 1.159690366449647081e+04 6.448760085473358231e+03
5.661505346402430361e-02 2.062124011330059875e+04 9.805195464143787831e+03 5.448997666762206791e+03
6.315333144310807112e-02 1.686221735347725917e+04 7.973941822634058553e+03 4.419083216994001305e+03
7.044669267860774464e-02 1.403768829526382433e+04 6.603010573300266515e+03 3.648391323153294252e+03
7.858233914112514040e-02 1.235977848548390284e+04 5.838026295998441128e+03 3.229011620887421486e+03
8.765754345719625751e-02 1.103212434110374670e+04 5.263877485501623596e+03 2.921841028234657642e+03
9.778081193473929511e-02 9.278210473001685386e+03 4.412314686292755141e+03 2.441331022379735259e+03
1.090731819023149224e-01 7.549776535145118032e+03 3.528969104599562343e+03 1.930977652566703455e+03
1.216696688736408766e-01 6.431274854035681528e+03 3.019722855112145226e+03 1.652034761129690651e+03
1.357208808401622890e-01 5.490432371078571123e+03 2.608150828004976120e+03 1.431847050463685264e+03
1.513948189927238619e-01 4.524775161642864987e+03 2.118890912651665985e+03 1.146983220509873718e+03
1.688788864024014236e-01 3.787445682240901078e+03 1.788334857923370919e+03 9.682772333747856237e+02
1.883821286769788717e-01 3.142336290384519543e+03 1.489969669964137665e+03 8.028054192346837681e+02
2.101377333831422056e-01 2.592065052860890319e+03 1.236821740003771538e+03 6.627493652812132723e+02
2.344058181183555356e-01 2.126477963236092819e+03 1.027036029891948147e+03 5.485278193983656365e+02
2.614765405675759102e-01 1.731417460192173621e+03 8.509674537215056489e+02 4.536164916350780913e+02
2.916735677297306317e-01 1.396863954355600072e+03 7.023051140547034947e+02 3.735897463842557045e+02
3.253579457932418983e-01 1.115038077498371649e+03 5.782141326806614643e+02 3.080162779068094210e+02
3.629324169301749725e-01 8.789309485994706392e+02 4.741499942736610365e+02 2.536545581014255788e+02
4.048462346221089470e-01 6.828322706887862523e+02 3.868326310837584288e+02 2.085704090230051975e+02
4.516005350914485406e-01 5.219427555232757641e+02 3.136184088840668096e+02 1.712214496363147020e+02
5.037543290608768043e-01 3.920206275175395945e+02 2.523100062550879557e+02 1.402777229912254029e+02
5.619311854805180140e-01 2.891312472421655002e+02 2.010908641896488405e+02 1.146121566130113507e+02
6.268266871357865977e-01 2.094662772667565491e+02 1.584889468613815211e+02 9.330659946363037704e+01
6.992167472777639503e-01 1.492693849124686949e+02 1.233026575326293255e+02 7.561166041694950479e+01
7.799668867126374749e-01 1.048878724502919084e+02 9.453296187733076295e+01 6.091661024503161315e+01
8.700425822703268253e-01 7.291022594301620074e+01 7.132189793869632410e+01 4.871989586379943660e+01
9.705208103821856280e-01 5.031749184497202521e+01 5.290908183222686034e+01 3.861996637766421259e+01
1.082602923786821769e+00 3.459366236663976935e+01 3.858926282393459672e+01 3.029219768778252231e+01
1.207629015322442267e+00 2.376092358148555661e+01 2.769401580737677904e+01 2.347095274320125569e+01
1.347093940544190405e+00 1.633888047094825779e+01 1.959058644106887925e+01 1.793685504861959856e+01
1.502665190738521561e+00 1.126236195605973123e+01 1.369440836782254500e+01 1.350379017967893525e+01
1.676202830030598223e+00 7.786584293120346167e+00 9.487902999467729970e+00 1.000818558799925029e+01
1.869781734959676811e+00 5.400194489127652986e+00 6.535340805675673437e+00 7.301475577540809780e+00
2.085716402426663674e+00 3.755650236025116051e+00 4.488054510468427516e+00 5.247135332219516002e+00
2.326588622626292402e+00 2.617688026663310463e+00 3.079814261900945205e+00 3.719695016316578506e+00
2.595278347831105226e+00 1.827114027256765194e+00 2.115295815060340257e+00 2.606471260630005116e+00
2.894998126105261083e+00 1.275919219793570258e+00 1.455514652502275297e+00 1.809775374742546461e+00
3.229331511649635278e+00 0.000000000000000000e+00 1.003732101526138898e+00 1.248341212333426542e+00
3.602275911025628830e+00 0.000000000000000000e+00 6.936211118527246811e-01 8.574778340888149497e-01
4.018290377542188097e+00 0.000000000000000000e+00 4.800697617432709841e-01 5.877211956781103197e-01
4.482348925252354732e+00 0.000000000000000000e+00 3.325118875497437010e-01 4.025602153216631951e-01
5.000000000000000888e+00 0.000000000000000000e+00 0.000000000000000000e+00 2.758028611259618623e-01
