1.000000000230258569e-04 4.790782561918688316e+02 2.082783019948050196e+02 1.156137477089401813e+02
1.115026695290953366e-04 5.362166666615229360e+02 2.331128963183920177e+02 1.293985895315220489e+02
1.243284530925187648e-04 6.029434326781660047e+02 2.621184566539454295e+02 1.454979719796175459e+02
1.386295441504667143e-04 6.714897606274271311e+02 2.919090471164761880e+02 1.620329711971899940e+02
1.545756424481938766e-04 7.368043110366425026e+02 3.202898128673792257e+02 1.777822659144134718e+02
1.723559677317991945e-04 8.068001134560491892e+02 3.506990342302729573e+02 1.946570238031553970e+02
1.921815050694108094e-04 8.960053767284712194e+02 3.894564326733632811e+02 2.161648243574462924e+02
2.142875084442451923e-04 9.996874224826863156e+02 4.345050814614124306e+02 2.411635807867915560e+02
2.389362923277018713e-04 1.100083309700474047e+03 4.781142660918560523e+02 2.653592942477405927e+02
2.664203443578849946e-04 1.213783461710305346e+03 5.274993373500467442e+02 2.927586405513935688e+02
2.970657960592480913e-04 1.351045012567202548e+03 5.871281366878470180e+02 3.258430774226997642e+02
3.312362927876497001e-04 1.486394478013787875e+03 6.459166685736171303e+02 3.584570738355473054e+02
3.693373088223966556e-04 1.650968291829767622e+03 7.174175088642627998e+02 3.981268200263966150e+02
4.118209588090659132e-04 1.819653429808732426e+03 7.907095955219889447e+02 4.387890867038622105e+02
4.591913626466918256e-04 2.019035523172903822e+03 8.773695821627561600e+02 4.868756513362701526e+02
5.120106274801957584e-04 2.227404600355833281e+03 9.679583202729296545e+02 5.371454545154983862e+02
5.709055177816341068e-04 2.461373297987151545e+03 1.069720342739632770e+03 5.936271484911882226e+02
6.365748926688486646e-04 2.723600639234731261e+03 1.183818370206235386e+03 6.569685990792495431e+02
7.097979987143026312e-04 3.010597427079005229e+03 1.308743169342620376e+03 7.263364361786869949e+02
7.914437166483044659e-04 3.324937669962799646e+03 1.445619638959543408e+03 8.023580700731146180e+02
8.824808716799498404e-04 3.669161775693363325e+03 1.595551906249490230e+03 8.856482394892217371e+02
9.839897297802024153e-04 4.047536684345328013e+03 1.760389442802972326e+03 9.772331665584824805e+02
1.097174816344422205e-03 4.469873332332073005e+03 1.944406516846708882e+03 1.079489839608908369e+03
1.223379209343287413e-03 4.924161487094312179e+03 2.142358136797247425e+03 1.189498482865804135e+03
1.364100476567608111e-03 5.429158523904714457e+03 2.362415187507381688e+03 1.311799991711121493e+03
1.521008446081769522e-03 5.979041401258978112e+03 2.602026339253467540e+03 1.444970700287604132e+03
1.695965020753673102e-03 6.576504963649136698e+03 2.862363717257490407e+03 1.589661651320144529e+03
1.891046271984591709e-03 7.228446622018052039e+03 3.146434691196125641e+03 1.747545413554081051e+03
2.108567074807741158e-03 7.935907667533722815e+03 3.454697617854676992e+03 1.918877794412597041e+03
2.351108576680822643e-03 8.701885564748514298e+03 3.788467315174651958e+03 2.104390933613670313e+03
2.621548825923003187e-03 9.527263487053784047e+03 4.148144572540847548e+03 2.304310998570349057e+03
2.923096923239734257e-03 1.041211505035878508e+04 4.533767371383832142e+03 2.518659291951635169e+03
3.259331101584665453e-03 1.135671458900864673e+04 4.945488198631305750e+03 2.747531586370851528e+03
3.634241186222156913e-03 1.236034464510870566e+04 5.383031623989763830e+03 2.990786982639262988e+03
4.052275938830490927e-03 1.341840931025697137e+04 5.844409322941629398e+03 3.247320090804491429e+03
4.518395847440812539e-03 1.452782606039883103e+04 6.328371903892535556e+03 3.516459887990940388e+03
5.038131988628217865e-03 1.568079674416999478e+04 6.831539916257363075e+03 3.796345293163129554e+03
5.617651660426248826e-03 1.686840351209475193e+04 7.350109103391045210e+03 4.084870842053641354e+03
6.263831564778516575e-03 1.807914290698741752e+04 7.879155079103842581e+03 4.379324598636978408e+03
6.984339407925946493e-03 1.929809785945235853e+04 8.412283918367451406e+03 4.676174187259676728e+03
7.787724887016851671e-03 2.050872841547910866e+04 8.942409249157475642e+03 4.971511654811395601e+03
8.683521142606049834e-03 2.168218743249214458e+04 9.457101107096645137e+03 5.258456744089325184e+03
9.682357880899711625e-03 2.279061527114322962e+04 9.944350596815624158e+03 5.530358097208161780e+03
1.079608750807801998e-02 2.379804060285110245e+04 1.038863291257617129e+04 5.778614918505891183e+03
1.203792577343234388e-02 2.467147604297377620e+04 1.077572932522518749e+04 5.995355691171834223e+03
1.342260859021738965e-02 2.536806420819681080e+04 1.108707998336965466e+04 6.170282899107359299e+03
1.496656689508787767e-02 2.583799563570993996e+04 1.130101199463707053e+04 6.291336185631517765e+03
1.668812162103823840e-02 2.603440926747842241e+04 1.139709582148211666e+04 6.347143429906717756e+03
1.860770109743517184e-02 2.591202949949606045e+04 1.135546169134360935e+04 6.326610750332636599e+03
2.074808345685756270e-02 2.543430527030178928e+04 1.115978814847230387e+04 6.220558596670970473e+03
2.313466692519383291e-02 2.458272903659142321e+04 1.080140888595121214e+04 6.023995412696924177e+03
2.579577120231610690e-02 2.336366657003580622e+04 1.028234743051606529e+04 5.737898299095100811e+03
2.876297350957714855e-02 2.181910119754113839e+04 9.619932924713959437e+03 5.371694740146847835e+03
3.207148329174031032e-02 2.003314327781643806e+04 8.849927316011289804e+03 4.945073574232179453e+03
3.576056001963404812e-02 1.812905998609688322e+04 8.025644562054987546e+03 4.487597245180254504e+03
3.987397905126498221e-02 1.625574104381057441e+04 7.212404283618269801e+03 4.035689255350479471e+03
4.446055107939526907e-02 1.455826449999201213e+04 6.475017598795938284e+03 3.625694888130668915e+03
4.957470132945773766e-02 1.313799036720021650e+04 5.860309357866223763e+03 3.284172386088625444e+03
5.527711538069327024e-02 1.201786074620377258e+04 5.381120403301068109e+03 3.018815303936523378e+03
6.163545927395905344e-02 1.109837864597292901e+04 4.994544793977845075e+03 2.805852235626354286e+03
6.872518245115814828e-02 1.018394077430432844e+04 4.610491722492756708e+03 2.594246292123271360e+03
7.663041305413779980e-02 9.073163377255183150e+03 4.129926174593492760e+03 2.326717478995125930e+03
8.544495620686157200e-02 7.729368854463403295e+03 3.526229811004603562e+03 1.986312117621322159e+03
9.527340712667957401e-02 6.379250787917441812e+03 2.903461131791149910e+03 1.631862015971616529e+03
1.062323922731101822e-01 5.336465101714201410e+03 2.424547388769854024e+03 1.359338901008656876e+03
1.184519532618636822e-01 4.673976625932271418e+03 2.143690251188464117e+03 1.203890983515816743e+03
1.320770899659224340e-01 4.137050229344197760e+03 1.930598448373670180e+03 1.089338248777252375e+03
1.472694811144383831e-01 3.480020358420010780e+03 1.629103130026633835e+03 9.175007881672502208e+02
1.642094028064348954e-01 2.843052568631241684e+03 1.314321295879772151e+03 7.326180861112424054e+02
1.830978677048002712e-01 2.405200543161281985e+03 1.125165437852424930e+03 6.278575180478685525e+02
2.041590102946942431e-01 2.036210214601800089e+03 9.726330042796710131e+02 5.460009187843143081e+02
2.276427465103479653e-01 1.676683464971490366e+03 7.942717162580559034e+02 4.401443605945036666e+02
2.538277392899435103e-01 1.394297954329236745e+03 6.708095264384545544e+02 3.726534775121733674e+02
2.830247052484705095e-01 1.151843073786945297e+03 5.601114354416577044e+02 3.104688200357810501e+02
3.155801017062329072e-01 9.472091768677342998e+02 4.655156799989412661e+02 2.571040695404885241e+02
3.518802378240603601e-01 7.759592486200137955e+02 3.871087823836560915e+02 2.136963582043975975e+02
3.923558586288135031e-01 6.325887111729218759e+02 3.210699252781773225e+02 1.773221990286834568e+02
4.374872563241952172e-01 5.129136185101930323e+02 2.653225129025905176e+02 1.464898595506385846e+02
4.878099695387512202e-01 4.133795753081514022e+02 2.187906713471833768e+02 1.211708567494539039e+02
5.439211381395319123e-01 3.308980515913171416e+02 1.798005852066714567e+02 1.000670672262561567e+02
6.064865890189676811e-01 2.628977827022968086e+02 1.471680868717224087e+02 8.249614620614084970e+01
6.762487369363893164e-01 2.071466352781816909e+02 1.198768808521924853e+02 6.787592831350316658e+01
7.540353941672404137e-01 1.617771808026948577e+02 9.709054882548301180e+01 5.570775354883264896e+01
8.407695934971151086e-01 1.251829396637962901e+02 7.811431783452458433e+01 4.558751196250105409e+01
9.374805411223435803e-01 9.596413428823505853e+01 6.236535123607993114e+01 3.716616895266093934e+01
1.045315829426528564e+00 7.289823078713509119e+01 4.936515086322363288e+01 3.016193755906392937e+01
1.165555054552403824e+00 5.490192562551454358e+01 3.870879493653419701e+01 2.434148298823624756e+01
1.299625000357985227e+00 4.102411468597958333e+01 3.005147889899167168e+01 1.951358136371162999e+01
1.449116568932995452e+00 3.044046599044812496e+01 2.309423372877532543e+01 1.552316886189435508e+01
1.615803658576671964e+00 2.244979098814513918e+01 1.757100748721313010e+01 1.224133298803465131e+01
1.801664213246928048e+00 1.646971677564367198e+01 1.324305267927588581e+01 9.561482420599556775e+00
2.008903693258128342e+00 1.202766507760416381e+01 9.895745373989409899e+00 7.393362361422422424e+00
2.239981245735629400e+00 8.748428863983219728e+00 7.338611613859734817e+00 5.658187401735393252e+00
2.497638885371206374e+00 6.340136900429214961e+00 5.406813452207272164e+00 4.286711835798710624e+00
2.784934031744384253e+00 4.579125433304922943e+00 3.961457150620421253e+00 3.216911925307726960e+00
3.105275789304232426e+00 3.296245505441030677e+00 2.888854525961218389e+00 2.393413725349443855e+00
3.462465400517639402e+00 2.364700786496555018e+00 2.098150512337662033e+00 1.767378013148388938e+00
3.860741352209485999e+00 1.690196996967433973e+00 1.518382493771932573e+00 1.296714375634486549e+00
4.304829670336041580e+00 1.203138982240249621e+00 1.095148264755126499e+00 9.462254167838559660e-01
4.799999999999999822e+00 0.000000000000000000e+00 7.872802404531415998e-01 6.872576194217012713e-01
