1.000000000230258569e-04 2.215359742418813198e+02 9.310934745088344755e+01 5.089968018744551870e+01
1.115026695290953366e-04 2.435975200487456505e+02 1.024040170315195581e+02 5.598270340248585342e+01
1.243284530925187648e-04 2.709602195832166558e+02 1.139281676163589196e+02 6.228599457458701494e+01
1.386295441504667143e-04 3.049598525760210350e+02 1.282473312950807554e+02 7.011679962492605966e+01
1.545756424481938766e-04 3.443784929474027194e+02 1.448549761935069000e+02 7.920004675156796736e+01
1.723559677317991945e-04 3.856152945267531891e+02 1.622447537578588310e+02 8.871275870696348420e+01
1.921815050694108094e-04 4.265912090410755582e+02 1.795489755097479190e+02 9.818183822559502971e+01
2.142875084442451923e-04 4.716078099762830220e+02 1.985791529343580066e+02 1.085964744412777918e+02
2.389362923277018713e-04 5.275312758826995605e+02 2.222169492838511360e+02 1.215339690451906307e+02
2.664203443578849946e-04 5.915089483559179371e+02 2.492708323698623758e+02 1.363435309734122427e+02
2.970657960592480913e-04 6.557222021668960679e+02 2.764644624753315156e+02 1.512354744859993332e+02
3.312362927876497001e-04 7.294169536377457916e+02 3.076789541476474596e+02 1.683308346652861474e+02
3.693373088223966556e-04 8.162950056953162630e+02 3.444650880418403176e+02 1.884790547275992481e+02
4.118209588090659132e-04 9.051167196926744509e+02 3.820953982363787986e+02 2.090946271555544627e+02
4.591913626466918256e-04 1.011769962777930004e+03 4.272282414133862858e+02 2.338184469376067796e+02
5.120106274801957584e-04 1.123358100491661389e+03 4.744300260927427644e+02 2.596783377961590418e+02
5.709055177816341068e-04 1.254539891049742664e+03 5.298391002144467166e+02 2.900289034547169535e+02
6.365748926688486646e-04 1.394945945832696680e+03 5.890678693958590202e+02 3.224676282508534655e+02
7.097979987143026312e-04 1.552277313437192333e+03 6.553344662612546472e+02 3.587522566402085999e+02
7.914437166483044659e-04 1.729559705287305178e+03 7.298947453247224075e+02 3.995671849012487655e+02
8.824808716799498404e-04 1.925730117299265657e+03 8.122848747948427217e+02 4.446554615449825860e+02
9.839897297802024153e-04 2.142272981783423347e+03 9.031222715637436522e+02 4.943524858957505899e+02
1.097174816344422205e-03 2.381019976255358415e+03 1.003180427199772112e+03 5.490807067614324524e+02
1.223379209343287413e-03 2.645463783038100701e+03 1.113942195006264683e+03 6.096503937787028917e+02
1.364100476567608111e-03 2.939998037956702774e+03 1.237281378153549213e+03 6.770897692025786228e+02
1.521008446081769522e-03 3.259220408578004481e+03 1.370919408488415229e+03 7.501517666924082732e+02
1.695965020753673102e-03 3.613073105189700982e+03 1.519085629248513442e+03 8.311587196115518736e+02
1.891046271984591709e-03 3.999955526972109965e+03 1.681111712632211720e+03 9.197473904911419140e+02
2.108567074807741158e-03 4.421056109904367077e+03 1.857505211673161739e+03 1.016197912875096108e+03
2.351108576680822643e-03 4.881355300470489965e+03 2.050393758429266200e+03 1.121681388684887679e+03
2.621548825923003187e-03 5.378537432253006955e+03 2.258792206237636947e+03 1.235658786452279401e+03
2.923096923239734257e-03 5.916674470836482215e+03 2.484438276930282882e+03 1.359084978773062403e+03
3.259331101584665453e-03 6.496237260160570258e+03 2.727547139428230366e+03 1.492080797349121212e+03
3.634241186222156913e-03 7.114805102231332967e+03 2.987061789105624484e+03 1.634060403756882806e+03
4.052275938830490927e-03 7.773813517295238853e+03 3.263664604538546428e+03 1.785408676178486985e+03
4.518395847440812539e-03 8.470048768146452858e+03 3.555982576411227456e+03 1.945367642435485550e+03
5.038131988628217865e-03 9.200122273674060125e+03 3.862633057316776103e+03 2.113190785292146302e+03
5.617651660426248826e-03 9.959604360860848828e+03 4.181776467522265193e+03 2.287879509099214829e+03
6.263831564778516575e-03 1.074138874179942650e+04 4.510457893089630488e+03 2.467811463915247259e+03
6.984339407925946493e-03 1.153661019449138257e+04 4.844984994827421360e+03 2.650983214850929471e+03
7.787724887016851671e-03 1.233387237266344709e+04 5.180610504245059929e+03 2.834789484868668296e+03
8.683521142606049834e-03 1.311875443650770467e+04 5.511358989534017383e+03 3.015968850597897926e+03
9.682357880899711625e-03 1.387433933153406906e+04 5.830158518098971399e+03 3.190669549857464062e+03
1.079608750807801998e-02 1.458037699027939198e+04 6.128615603671531062e+03 3.354294407995096208e+03
1.203792577343234388e-02 1.521341178141819546e+04 6.396962629720320365e+03 3.501537519826932567e+03
1.342260859021738965e-02 1.574661315925391136e+04 6.623937322395792762e+03 3.626223113482427834e+03
1.496656689508787767e-02 1.615059248303442655e+04 6.797320463153190758e+03 3.721657309533725766e+03
1.668812162103823840e-02 1.639456646604535490e+04 6.904194283039609218e+03 3.780796207764614337e+03
1.860770109743517184e-02 1.644864496640260040e+04 6.932002930194094006e+03 3.796753107417968749e+03
2.074808345685756270e-02 1.628671648265309886e+04 6.869698664427583935e+03 3.763470227821497701e+03
2.313466692519383291e-02 1.589030819994136255e+04 6.709341459614818632e+03 3.676569614100474610e+03
2.579577120231610690e-02 1.525451620786732929e+04 6.448579282356877229e+03 3.534718664418376193e+03
2.876297350957714855e-02 1.439459758919251362e+04 6.093436933001712532e+03 3.341148671312191709e+03
3.207148329174031032e-02 1.335073579926464299e+04 5.660361262289745355e+03 3.104793059840517344e+03
3.576056001963404812e-02 1.218952804105083123e+04 5.176994371406943173e+03 2.840724298860873660e+03
3.987397905126498221e-02 1.099916409745233796e+04 4.680335238602359823e+03 2.569179283112365738e+03
4.446055107939526907e-02 9.874741361700311245e+03 4.210773957722344676e+03 2.312325390759318452e+03
4.957470132945773766e-02 8.898370964446861763e+03 3.803853696287862022e+03 2.089770777329100383e+03
5.527711538069327024e-02 8.111330620465236279e+03 3.478363166670778810e+03 1.912017113723408556e+03
6.163545927395905344e-02 7.489507365127220510e+03 3.225233717790249557e+03 1.774263383193267146e+03
6.872518245115814828e-02 6.940878897009704815e+03 3.005182235321051394e+03 1.654910581328022090e+03
7.663041305413779980e-02 6.308649335384016922e+03 2.747745084678716012e+03 1.514667808995535779e+03
8.544495620686157200e-02 5.502941545767025673e+03 2.408607402353050929e+03 1.328220512341943277e+03
9.527340712667957401e-02 4.588472414109111924e+03 2.012223797473216337e+03 1.108476374151388654e+03
1.062323922731101822e-01 3.774075751430059881e+03 1.654901883647594559e+03 9.095371655100649377e+02
1.184519532618636822e-01 3.218516613882705315e+03 1.419115465978838301e+03 7.792521082642928150e+02
1.320770899659224340e-01 2.855819615230815089e+03 1.280917687788096146e+03 7.053099618312595567e+02
1.472694811144383831e-01 2.468596573530655405e+03 1.126647394767119977e+03 6.215580749245870038e+02
1.642094028064348954e-01 2.005245787661362556e+03 9.172863242657116416e+02 5.031748891524482588e+02
1.830978677048002712e-01 1.635810339220429341e+03 7.534106679510721278e+02 4.108090745702169215e+02
2.041590102946942431e-01 1.378593378763045166e+03 6.588445964510738122e+02 3.612753646146115329e+02
2.276427465103479653e-01 1.120714847192054549e+03 5.505227805725209009e+02 3.011415703322143145e+02
2.538277392899435103e-01 8.937235494606771908e+02 4.514274660031357485e+02 2.450656302033460747e+02
2.830247052484705095e-01 7.117354626305269676e+02 3.825457813855762197e+02 2.090050015324451351e+02
3.155801017062329072e-01 5.501170755836789112e+02 3.142715550776958366e+02 1.707321591003877188e+02
3.518802378240603601e-01 4.155867290958142348e+02 2.613173854570911203e+02 1.427588536449441392e+02
3.923558586288135031e-01 3.022694856903895584e+02 2.146609177888154818e+02 1.174182939133410599e+02
4.374872563241952172e-01 2.090207435851591242e+02 1.761892402381342038e+02 9.720136535093143948e+01
4.878099695387512202e-01 1.338243932331242831e+02 1.436066695448241148e+02 8.013437383804954095e+01
5.439211381395319123e-01 7.519445089797454784e+01 1.161894844049643467e+02 6.594466924612787295e+01
6.064865890189676811e-01 3.160111204465496115e+01 9.316443103570738060e+01 5.419672403631479085e+01
6.762487369363893164e-01 1.358289616436911595e+00 7.384291273144430079e+01 4.444763528652244133e+01
7.540353941672404137e-01 -1.749636708622651327e+01 5.767930351689599888e+01 3.635572902425595032e+01
8.407695934971151086e-01 -2.720951168055344027e+01 4.422714125480245428e+01 2.963289270937225339e+01
9.374805411223435803e-01 -3.019133421268442774e+01 3.313023593721797511e+01 2.404683642354532935e+01
1.045315829426528564e+00 -2.878204032729867023e+01 2.409597810636713078e+01 1.940346531995754731e+01
1.165555054552403824e+00 -2.499789789405361873e+01 1.687804099513013867e+01 1.554248347940058927e+01
1.299625000357985227e+00 -2.035238562768686421e+01 1.125855459511690349e+01 1.233572537434901406e+01
1.449116568932995452e+00 -1.581125686559447452e+01 7.030253816526784938e+00 9.678544864853209972e+00
1.615803658576671964e+00 -1.186963606972886609e+01 3.985385588318674177e+00 7.487016550515366298e+00
1.801664213246928048e+00 -8.692755519522878060e+00 1.911762163920179169e+00 5.693658414910680143e+00
2.008903693258128342e+00 -6.255387845338708175e+00 5.977701750504459399e-01 4.242303769294623272e+00
2.239981245735629400e+00 -4.447253514932345553e+00 -1.566585404229560441e-01 3.085994552637735922e+00
2.497638885371206374e+00 -3.136602137808381041e+00 -5.272382936162273159e-01 2.183292227917728034e+00
2.784934031744384253e+00 -2.201153778433893482e+00 -6.558749203409139916e-01 1.496112398877958327e+00
3.105275789304232426e+00 -1.540360096578414328e+00 -6.474232157285283451e-01 9.884046907905515988e-01
3.462465400517639402e+00 -1.076560013498039758e+00 -5.725539091094549171e-01 6.258868405979134408e-01
3.860741352209485999e+00 -7.521193285021400277e-01 -4.744800359336006079e-01 3.767066462004736160e-01
4.304829670336041580e+00 -5.255154552974460325e-01 -3.768236446116482452e-01 2.124449679010702308e-01
4.799999999999999822e+00 -3.672208365304355793e-01 -2.905833988047689664e-01 1.090687051948758673e-01
