1.000000000230258569e-04 4.424933160664688785e+02 1.831524650452504659e+02 9.869666007769056648e+01
1.122634227564673579e-04 4.918053246386032242e+02 2.036641936933748411e+02 1.097630225550314407e+02
1.260307608609534901e-04 5.549095901776681785e+02 2.298930763661132346e+02 1.239120010831117327e+02
1.414864458359461712e-04 6.287473742133087171e+02 2.606022274459065216e+02 1.404793467210471931e+02
1.588375267953347550e-04 7.042994503573102065e+02 2.921040644025159168e+02 1.574855109018398309e+02
1.783164441611049004e-04 7.774501336481554290e+02 3.227344488220650760e+02 1.740384911940578547e+02
2.001841435067871621e-04 8.604587051894970955e+02 3.575640559371996119e+02 1.928723399629521111e+02
2.247335712646909519e-04 9.665529898913089255e+02 4.020512289439674873e+02 2.169269155402016906e+02
2.522935991264941354e-04 1.081103636825510193e+03 4.501970367083711153e+02 2.429798646620346290e+02
2.832334297096662638e-04 1.195512294050514356e+03 4.984945836271693906e+02 2.691501954900437568e+02
3.179675425093897337e-04 1.338258341217685938e+03 5.586723516669208038e+02 3.017562565264340151e+02
3.569612463934728852e-04 1.489311307962652336e+03 6.224517973333834107e+02 3.363407693082048127e+02
4.007369130231864672e-04 1.658934067008058264e+03 6.940334937406147446e+02 3.751682315204831752e+02
4.498809747048478080e-04 1.848537188405646930e+03 7.739106345650151297e+02 4.184987247739137501e+02
5.050517804175268938e-04 2.063876158606535682e+03 8.643689379439377944e+02 4.675521500076063717e+02
5.669884152586394726e-04 2.295870357264134782e+03 9.615054630594505625e+02 5.202074374704975526e+02
6.365206014554368984e-04 2.562459122821191158e+03 1.072586885421738998e+03 5.803606091936167104e+02
7.145798135793877959e-04 2.862028018269387303e+03 1.196840488079940314e+03 6.475732915588148444e+02
8.022117568662883325e-04 3.194857502407524862e+03 1.334257533742216538e+03 7.218133481496857939e+02
9.005903758055168549e-04 3.564653259498845728e+03 1.486297538647376086e+03 8.038483413760384337e+02
1.011033580661806338e-03 3.975934963119325857e+03 1.654831919515149366e+03 8.946766681843121205e+02
1.135020902606864940e-03 4.439280490937399918e+03 1.844299810468872238e+03 9.966897970861258500e+02
1.274213313974418031e-03 4.946901475037710043e+03 2.051535036745033722e+03 1.108181878131432541e+03
1.430475479156914512e-03 5.514270925148378410e+03 2.283043129763129400e+03 1.232676236959711332e+03
1.605900734223756829e-03 6.136121953020949150e+03 2.536770060086796548e+03 1.369084866117140109e+03
1.802839129895710598e-03 6.818899090586432976e+03 2.815477331462183429e+03 1.518915670687881402e+03
2.023928913547812410e-03 7.565457127795167253e+03 3.120380859988199973e+03 1.682833713975134515e+03
2.272131871983379750e-03 8.385437604198401459e+03 3.455591206555794543e+03 1.863088050350919048e+03
2.550773008441800313e-03 9.276297244784842405e+03 3.820031636706935387e+03 2.059095287079044283e+03
2.863585085365514225e-03 1.024338405707658058e+04 4.215952429537557691e+03 2.272082694620870370e+03
3.214758629634808552e-03 1.128657597151909431e+04 4.643273176071868875e+03 2.502003222094043394e+03
3.608998070155939632e-03 1.240901997038488298e+04 5.103434373063155363e+03 2.749656656113804274e+03
4.051584759838999447e-03 1.360591064855923469e+04 5.594497657122567944e+03 3.013996094415747393e+03
4.548447726227339283e-03 1.487653318539190695e+04 6.115923947264249364e+03 3.294750076098259342e+03
5.106243098575769836e-03 1.621329142113125272e+04 6.664954725694089575e+03 3.590374662716265448e+03
5.732443275407110572e-03 1.760804556193032113e+04 7.238239961928515186e+03 3.899162945566380131e+03
6.435437027063155117e-03 1.904618621917816927e+04 7.829821274492357588e+03 4.217891984763969049e+03
7.224641874254610074e-03 2.051021265952264730e+04 8.432640161330900810e+03 4.542778260394404242e+03
8.110630248067678127e-03 2.197634332553192144e+04 9.037073492776127750e+03 4.868660793919559183e+03
9.105271121505569346e-03 2.341439407712931643e+04 9.630912660149371732e+03 5.188997650290741149e+03
1.022188900990466699e-02 2.478846209010857274e+04 1.019962923604069874e+04 5.496003507411093779e+03
1.147544247024383408e-02 2.605283821727987015e+04 1.072464432583758935e+04 5.779714331494974431e+03
1.288272449057868002e-02 2.715812875727670689e+04 1.118594624198209567e+04 6.029381685244561595e+03
1.446258745407916733e-02 2.804315747150334573e+04 1.155860739104413733e+04 6.231626774992232640e+03
1.623619569135818438e-02 2.864723123549003503e+04 1.181785220782445504e+04 6.373129824930384530e+03
1.822730900435978393e-02 2.890374990953731685e+04 1.193633675152978140e+04 6.439166448432072684e+03
2.046260095998037737e-02 2.875501136629960456e+04 1.189015139412127610e+04 6.416827935315103787e+03
2.297201621738221775e-02 2.815632254731233843e+04 1.166041417335683582e+04 6.295854664506342488e+03
2.578917167586586637e-02 2.709134631823158270e+04 1.123951541315901522e+04 6.071992550710068826e+03
2.895180681720203528e-02 2.558682522627969593e+04 1.063721103228648099e+04 5.750283980294472713e+03
3.250228927534733192e-02 2.372150638034989242e+04 9.884467261463572868e+03 5.347160503688641256e+03
3.648818240631140908e-02 2.163388937586008251e+04 9.037151730666744697e+03 4.892527294986524794e+03
4.096288246151627566e-02 1.950341418831231204e+04 8.168924355403216396e+03 4.426028978064593502e+03
4.598633390041809155e-02 1.751897293301142781e+04 7.359068607554278060e+03 3.990647765117007111e+03
5.162583242493973962e-02 1.582259842924701479e+04 6.669382599723963722e+03 3.620256399963431249e+03
5.795692649341043640e-02 1.445159790591006822e+04 6.119220172150930921e+03 3.325991758931022559e+03
6.506442939097074885e-02 1.329099279721959647e+04 5.662108690456958357e+03 3.082982937400010087e+03
7.304355541444980393e-02 1.209073500083142790e+04 5.187163317000644383e+03 2.830044581604332052e+03
8.200119539239680844e-02 1.063414909719064599e+04 4.588189737185429294e+03 2.506731102935676518e+03
9.205734862752627812e-02 8.957738001889092629e+03 3.867786885669973799e+03 2.111845559436032545e+03
1.033467304443183715e-01 7.403220406020803239e+03 3.183251581301140959e+03 1.733060521472085384e+03
1.160205768769771578e-01 6.279193048317009016e+03 2.703598361271883277e+03 1.469996690503017817e+03
1.302486706739022226e-01 5.494396716335422752e+03 2.404706417101207535e+03 1.313303578046314669e+03
1.462216157596530064e-01 4.701347450157936692e+03 2.087821071447991926e+03 1.144010584245588689e+03
1.641533906237988560e-01 3.854432364327261439e+03 1.699141337277308821e+03 9.235217401314388326e+02
1.842842148426375448e-01 3.188278963304814170e+03 1.409220219646574378e+03 7.621697660832564907e+02
2.068837671345900298e-01 2.661960462726512105e+03 1.210959288080096940e+03 6.610310957966652268e+02
2.322547980593316352e-01 2.169789051441394349e+03 9.944624863043561618e+02 5.389999923641563555e+02
2.607371857574901086e-01 1.759331336843793451e+03 8.241632243327678680e+02 4.468283690491305720e+02
2.927124890628471365e-01 1.411107301487687891e+03 6.822667253913698460e+02 3.716547630174339361e+02
3.286090589819373742e-01 1.115795578813856537e+03 5.591306862692275672e+02 3.051285388736155824e+02
3.689077770159973624e-01 8.685613663884867037e+02 4.566682519243083789e+02 2.512368508987479743e+02
4.141484971975938345e-01 6.637282122811700447e+02 3.703292183665964217e+02 2.062415387277459331e+02
4.649372781414354283e-01 4.967085472097752472e+02 2.976266058332125226e+02 1.684896692723818035e+02
5.219545019921476570e-01 3.633703672009647789e+02 2.367709333334103121e+02 1.372345100815937258e+02
5.859639890329354506e-01 2.596351930714445189e+02 1.860109791930225640e+02 1.112587906196856977e+02
6.578232300572349756e-01 1.813098431605016287e+02 1.439648318472673338e+02 8.966737635461700506e+01
7.384948735793578356e-01 1.240417235051097293e+02 1.095032827895467733e+02 7.173004581959945369e+01
8.290596217703356530e-01 8.347300517606753090e+01 8.167241285014002017e+01 5.684830665534475713e+01
9.307307078768926045e-01 5.554101005062550200e+01 5.963432865311032316e+01 4.454611491024412828e+01
1.044870149067508081e+00 3.673442569397497692e+01 4.259452853757356650e+01 3.443327417695928006e+01
1.173006992433692330e+00 2.426590510291618941e+01 2.978048435222260437e+01 2.619636101286492291e+01
1.316857798575541416e+00 1.606475866267373931e+01 2.042308780061620510e+01 1.957338499399867260e+01
1.478349637175967013e+00 1.068250937740888240e+01 1.378683652339492305e+01 1.434061381097758847e+01
1.659645902619409696e+00 7.142643709405929187e+00 9.202264120483748755e+00 1.029414534223681876e+01
1.863175295489004624e+00 4.803516128336380753e+00 6.102010320021761025e+00 7.242193177895667411e+00
2.091664358187257822e+00 3.248356836299026273e+00 4.037145314534713592e+00 5.001479108515665573e+00
2.348174000537423645e+00 2.207416264500487113e+00 2.673949732952237923e+00 3.399974631708113204e+00
2.636140504673786467e+00 1.506125406327157634e+00 1.777152737527415649e+00 2.283629887902820066e+00
2.959421558534973240e+00 1.030667835154710277e+00 1.186612314492660358e+00 1.521566212351761704e+00
3.322347934639153344e+00 7.066330364114170592e-01 7.964098304922826443e-01 1.009732894066305953e+00
3.729781506445900785e+00 4.847559057839929131e-01 5.371721316206147234e-01 6.695512749227338078e-01
4.187180379509764627e+00 0.000000000000000000e+00 3.639280705289692497e-01 4.447507902780790112e-01
4.700672009942531204e+00 0.000000000000000000e+00 2.474286166921816077e-01 2.963935601233835815e-01
5.277135289701610610e+00 0.000000000000000000e+00 1.686372617920005867e-01 1.983208223812270299e-01
5.924292698344328478e+00 0.000000000000000000e+00 0.000000000000000000e+00 1.332441185431801622e-01
6.650813755741415534e+00 0.000000000000000000e+00 0.000000000000000000e+00 8.984646601355343598e-02
7.466431161634059954e+00 0.000000000000000000e+00 0.000000000000000000e+00 6.075468790842265127e-02
8.382071177875818790e+00 0.000000000000000000e+00 0.000000000000000000e+00 0.000000000000000000e+00
9.410000000000001918e+00 0.000000000000000000e+00 0.000000000000000000e+00 0.000000000000000000e+00
