1.000000000230258569e-04 1.454654118975158781e+02 6.248997062667394431e+01 3.526144805718652719e+01
1.115026695290953366e-04 1.640207210755973506e+02 7.043063081718015894e+01 3.973779916653845135e+01
1.243284530925187648e-04 1.851030100638707836e+02 7.944757648635911096e+01 4.481953202290029026e+01
1.386295441504667143e-04 2.066828158289301598e+02 8.865277948083819126e+01 4.999980966334949528e+01
1.545756424481938766e-04 2.281415226232558666e+02 9.776456097041675264e+01 5.512294804381882329e+01
1.723559677317991945e-04 2.524979350511698613e+02 1.080854562987903620e+02 6.091977268309123872e+01
1.921815050694108094e-04 2.830943770855417370e+02 1.210554800577194499e+02 6.820710637837483148e+01
2.142875084442451923e-04 3.171763290579475552e+02 1.354775638712994805e+02 7.630118505149548014e+01
2.389362923277018713e-04 3.514528669647826291e+02 1.499049795044778648e+02 8.438209741084045845e+01
2.664203443578849946e-04 3.922738839436808007e+02 1.670807623763618324e+02 9.399802213923328509e+01
2.970657960592480913e-04 4.389675810501018987e+02 1.867239981910731217e+02 1.049897432061629416e+02
3.312362927876497001e-04 4.874978597156407432e+02 2.070758006066127166e+02 1.163583535031573319e+02
3.693373088223966556e-04 5.457326193479699441e+02 2.315718630929053177e+02 1.300496275001987669e+02
4.118209588090659132e-04 6.063811091021752873e+02 2.570711650038953735e+02 1.442862247751698419e+02
4.591913626466918256e-04 6.769555973085651885e+02 2.868892870613248078e+02 1.609538305644035461e+02
5.120106274801957584e-04 7.534351593848861057e+02 3.193316165320034656e+02 1.791000794756960772e+02
5.709055177816341068e-04 8.366787723834546568e+02 3.548438678659420589e+02 1.989937088529314337e+02
6.365748926688486646e-04 9.294450027866416804e+02 3.946929664646398237e+02 2.213690186947204950e+02
7.097979987143026312e-04 1.031371603764696829e+03 4.387988635170307816e+02 2.462028942031881229e+02
7.914437166483044659e-04 1.142650069950776242e+03 4.872885063681604834e+02 2.735834798114928503e+02
8.824808716799498404e-04 1.264434395253423418e+03 5.406768880552637029e+02 3.038153402998448200e+02
9.839897297802024153e-04 1.398906988770618909e+03 5.999167933487613027e+02 3.374509566494088517e+02
1.097174816344422205e-03 1.544925660865305872e+03 6.644899159952447008e+02 3.741998750270019514e+02
1.223379209343287413e-03 1.705653356385267671e+03 7.357105551682371924e+02 4.147962245277421971e+02
1.364100476567608111e-03 1.881037140031052331e+03 8.134836285379855099e+02 4.591724819218384255e+02
1.521008446081769522e-03 2.074454753227996662e+03 8.992270192179566948e+02 5.081192341653904805e+02
1.695965020753673102e-03 2.287483807739889926e+03 9.935948793580829488e+02 5.619952614617312747e+02
1.891046271984591709e-03 2.520531180421205590e+03 1.096706840045051194e+03 6.208471154061015795e+02
2.108567074807741158e-03 2.776539697792883089e+03 1.209828884592068562e+03 6.853837513932443244e+02
2.351108576680822643e-03 3.055886062617370953e+03 1.333113749419566147e+03 7.556876916312999128e+02
2.621548825923003187e-03 3.360090409026007819e+03 1.467217588001121385e+03 8.321275145139225060e+02
2.923096923239734257e-03 3.691531546683815577e+03 1.613222341237810951e+03 9.153217121696490040e+02
3.259331101584665453e-03 4.050234383790375887e+03 1.771123785409938819e+03 1.005258284050050634e+03
3.634241186222156913e-03 4.437207462517645581e+03 1.941381706782580750e+03 1.102194010725818998e+03
4.052275938830490927e-03 4.852208123267930205e+03 2.123911364083789067e+03 1.206090566359858485e+03
4.518395847440812539e-03 5.295090264327533987e+03 2.318685906154618806e+03 1.316964934135916792e+03
5.038131988628217865e-03 5.764682122164828797e+03 2.525228454745546514e+03 1.434581891682331616e+03
5.617651660426248826e-03 6.259330446500672224e+03 2.742787005876480180e+03 1.558456393118246979e+03
6.263831564778516575e-03 6.776445596301046862e+03 2.970276770525273605e+03 1.687985913610257512e+03
6.984339407925946493e-03 7.310839720309027143e+03 3.205467811987578443e+03 1.821919130793114846e+03
7.787724887016851671e-03 7.856728385170299589e+03 3.445870056316462069e+03 1.958852747458631484e+03
8.683521142606049834e-03 8.406871205592064143e+03 3.688357671703015058e+03 2.097021251192602449e+03
9.682357880899711625e-03 8.952475376700345805e+03 3.929140868269456860e+03 2.234283683609595300e+03
1.079608750807801998e-02 9.481612852130114334e+03 4.163053880783068053e+03 2.367716636237578314e+03
1.203792577343234388e-02 9.980240579192703080e+03 4.384002938504540907e+03 2.493861412000697783e+03
1.342260859021738965e-02 1.043198498677402858e+04 4.584885549875339166e+03 2.608689724119103630e+03
1.496656689508787767e-02 1.081842253001232893e+04 4.757696003017894327e+03 2.707661120285802099e+03
1.668812162103823840e-02 1.111953833952696550e+04 4.893714377405231062e+03 2.785825729846282684e+03
1.860770109743517184e-02 1.131516970745388608e+04 4.984107089643174731e+03 2.838149199827989833e+03
2.074808345685756270e-02 1.138614730511701782e+04 5.020474658910095059e+03 2.859843916505838024e+03
2.313466692519383291e-02 1.131743173028644560e+04 4.996168892893566408e+03 2.847126243928619260e+03
2.579577120231610690e-02 1.110159134645382437e+04 4.907789353524041871e+03 2.798017149874337520e+03
2.876297350957714855e-02 1.074301541518423619e+04 4.757087957974209530e+03 2.713469117304371593e+03
3.207148329174031032e-02 1.026091946530741734e+04 4.552322692300813287e+03 2.598151834035156298e+03
3.576056001963404812e-02 9.689669206805489011e+03 4.308424761181987378e+03 2.460520597459522378e+03
3.987397905126498221e-02 9.075625071889338869e+03 4.045758529450625247e+03 2.312163613784570316e+03
4.446055107939526907e-02 8.468718258403547225e+03 3.786495876387015414e+03 2.165734981184668868e+03
4.957470132945773766e-02 7.906713120937482927e+03 3.547701041946978876e+03 2.031023536964200957e+03
5.527711538069327024e-02 7.400111170944694095e+03 3.334472086747760386e+03 1.911014314635100845e+03
6.163545927395905344e-02 6.912876675523203630e+03 3.130755255623689209e+03 1.796526768031113534e+03
6.872518245115814828e-02 6.378094993205126229e+03 2.905517435211362226e+03 1.669610549644033426e+03
7.663041305413779980e-02 5.737176508044443835e+03 2.629906638336652577e+03 1.513291560423815099e+03
8.544495620686157200e-02 5.005308176650655696e+03 2.308203805995901803e+03 1.329567925861959338e+03
9.527340712667957401e-02 4.293431397956307592e+03 1.991396182173089301e+03 1.147843050224526905e+03
1.062323922731101822e-01 3.723780383931974939e+03 1.740629730922039926e+03 1.004276640641473705e+03
1.184519532618636822e-01 3.297627286903407821e+03 1.560983222955688461e+03 9.026547940224395461e+02
1.320770899659224340e-01 2.885654185923758178e+03 1.386873245469756057e+03 8.040387408445658366e+02
1.472694811144383831e-01 2.419675826202250846e+03 1.176235545288948060e+03 6.820369054673225264e+02
1.642094028064348954e-01 2.007519037425644001e+03 9.879301364528193972e+02 5.723705196328921829e+02
1.830978677048002712e-01 1.700240700082946660e+03 8.594617186818859409e+02 4.997761542131402734e+02
2.041590102946942431e-01 1.407655408919093361e+03 7.325793947288034360e+02 4.270542613624271553e+02
2.276427465103479653e-01 1.137254757256537687e+03 6.092236386478300574e+02 3.547764071335587914e+02
2.538277392899435103e-01 9.180424463530654293e+02 5.178283797672121409e+02 3.034329980117595369e+02
2.830247052484705095e-01 7.206676654523597563e+02 4.302912331347768031e+02 2.527136151648726070e+02
3.155801017062329072e-01 5.538074490232278322e+02 3.588838833457839996e+02 2.124453418148205799e+02
3.518802378240603601e-01 4.111937151492139151e+02 2.961112610505317662e+02 1.767121839248015078e+02
3.923558586288135031e-01 2.920355992460220591e+02 2.433935217570427483e+02 1.473184833305543862e+02
4.374872563241952172e-01 1.941872961640694086e+02 1.981243965358828234e+02 1.221073731343624900e+02
4.878099695387512202e-01 1.162912328752879887e+02 1.596991456006402075e+02 1.009424341082432477e+02
5.439211381395319123e-01 5.685029497832427836e+01 1.271244450555670653e+02 8.316302046977453699e+01
6.064865890189676811e-01 1.418656275173841230e+01 9.959093023074696305e+01 6.821108299705122135e+01
6.762487369363893164e-01 -1.375729243129987722e+01 7.645552448012243474e+01 5.564576207459198542e+01
7.540353941672404137e-01 -2.948999731078901121e+01 5.719143466028123868e+01 4.509340491249631810e+01
8.407695934971151086e-01 -3.587406514433696003e+01 4.136875003829798203e+01 3.623893020329663983e+01
9.374805411223435803e-01 -3.585583475970948797e+01 2.862501493159245669e+01 2.881699255450886454e+01
1.045315829426528564e+00 -3.211511868720927509e+01 1.864032434999680632e+01 2.261205227213047664e+01
1.165555054552403824e+00 -2.676581828663818996e+01 1.110490164213248399e+01 1.745027233312597303e+01
1.299625000357985227e+00 -2.122346178863828925e+01 5.695345449516151071e+00 1.318916790212563761e+01
1.449116568932995452e+00 -1.625891313551088402e+01 2.062678453640859555e+00 9.714353163379085387e+00
1.615803658576671964e+00 -1.217004396088856133e+01 -1.617937824699655081e-01 6.929411227857660727e+00
1.801664213246928048e+00 -8.972881874793948498e+00 -1.344602550801445640e+00 4.749145209496457909e+00
2.008903693258128342e+00 -6.553433645271166341e+00 -1.820409838682701231e+00 3.093813458380129777e+00
2.239981245735629400e+00 -4.759204308174129316e+00 -1.865681537135433832e+00 1.884656814188074403e+00
2.497638885371206374e+00 -3.444534081268897818e+00 -1.685434904914243415e+00 1.042461434228750150e+00
2.784934031744384253e+00 -2.488137510929063545e+00 -1.415162259870011541e+00 4.890112148712203455e-01
3.105275789304232426e+00 -1.795012593226301023e+00 -1.133677530983082660e+00 1.508446027500451037e-01
3.462465400517639402e+00 -1.293701696486341701e+00 -8.799155434210517157e-01 -3.650551499777692638e-02
3.860741352209485999e+00 -9.316091254615439521e-01 -6.683033740531435507e-01 -1.253714737424776460e-01
4.304829670336041580e+00 -6.701836269141309144e-01 -4.999840142116772634e-01 -1.549309222613326209e-01
4.799999999999999822e+00 -4.815504104098308757e-01 -3.701233871896241201e-01 -1.522273344916332261e-01
