1.000000000230258569e-04 8.261535599408058488e+02 3.922529914746873487e+02 2.218211957166230093e+02
1.115026695290953366e-04 9.248873301057572007e+02 4.392076346965407083e+02 2.483917017518924979e+02
1.243284530925187648e-04 1.044201277520470512e+03 4.959425201490409449e+02 2.804990090504550153e+02
1.386295441504667143e-04 1.175238541733646343e+03 5.582813213979211469e+02 3.157854840701502894e+02
1.545756424481938766e-04 1.306194801911050490e+03 6.206537018721662662e+02 3.511087995130209833e+02
1.723559677317991945e-04 1.439695294292270319e+03 6.843246759279076059e+02 3.871925426865271902e+02
1.921815050694108094e-04 1.598526686146791462e+03 7.600933264878677846e+02 4.301393805692504770e+02
2.142875084442451923e-04 1.793582302427939339e+03 8.531225775308503216e+02 4.828703372599748604e+02
2.389362923277018713e-04 1.998393698474774510e+03 9.508903473905779720e+02 5.383186606411339881e+02
2.664203443578849946e-04 2.210213537183196422e+03 1.052112253054845041e+03 5.957653467938473568e+02
2.970657960592480913e-04 2.470600440181597151e+03 1.176459696083726158e+03 6.663267743870220556e+02
3.312362927876497001e-04 2.747647287788724498e+03 1.308788007700589787e+03 7.414443369052319213e+02
3.693373088223966556e-04 3.053543340976396394e+03 1.454843182797431155e+03 8.243637159020291847e+02
4.118209588090659132e-04 3.403626050707370268e+03 1.621822757629741773e+03 9.191399586819918568e+02
4.591913626466918256e-04 3.784452435311937734e+03 1.803297216301551316e+03 1.022128050095055528e+03
5.120106274801957584e-04 4.208161930461580596e+03 2.004918330699666058e+03 1.136494459749289263e+03
5.709055177816341068e-04 4.691362792282466216e+03 2.234470678114346811e+03 1.266615351914761050e+03
6.365748926688486646e-04 5.217425138809577220e+03 2.483994493573671662e+03 1.407968037240815420e+03
7.097979987143026312e-04 5.799872508282330273e+03 2.759841218660179948e+03 1.564119008490846909e+03
7.914437166483044659e-04 6.449397885167826644e+03 3.067037984467557180e+03 1.737887383747842705e+03
8.824808716799498404e-04 7.171674110970638139e+03 3.408275956079358366e+03 1.930787878641433281e+03
9.839897297802024153e-04 7.971960505726610791e+03 3.786094171099900905e+03 2.144258806106616703e+03
1.097174816344422205e-03 8.845710997773721829e+03 4.198394826031104458e+03 2.377122060345770024e+03
1.223379209343287413e-03 9.810012386733014864e+03 4.653338613803523913e+03 2.634006965059114464e+03
1.364100476567608111e-03 1.086519205157580654e+04 5.151172104599890190e+03 2.915083395142774407e+03
1.521008446081769522e-03 1.202392102954546681e+04 5.698009963173625692e+03 3.223845561576605633e+03
1.695965020753673102e-03 1.328080132486011462e+04 6.291324428304139474e+03 3.558881495331993847e+03
1.891046271984591709e-03 1.464301222196385970e+04 6.934568263543435023e+03 3.922165242434315587e+03
2.108567074807741158e-03 1.612201856774620501e+04 7.633276582689330098e+03 4.316861189125796955e+03
2.351108576680822643e-03 1.770685942287330545e+04 8.382247406191037953e+03 4.740034530282064225e+03
2.621548825923003187e-03 1.940272914809377471e+04 9.184020558458532832e+03 5.193142395305567334e+03
2.923096923239734257e-03 2.120542840458108185e+04 1.003663426912343311e+04 5.675089032391864748e+03
3.259331101584665453e-03 2.311523123770656093e+04 1.094030709841648240e+04 6.186047796032507904e+03
3.634241186222156913e-03 2.512266828466627703e+04 1.189056779819390613e+04 6.723540309533889740e+03
4.052275938830490927e-03 2.721268871878281789e+04 1.288039094347022728e+04 7.283517976696291043e+03
4.518395847440812539e-03 2.937329860789130908e+04 1.390429623768985766e+04 7.862966823578115509e+03
5.038131988628217865e-03 3.157830393759119761e+04 1.494997971491359749e+04 8.454993681982561611e+03
5.617651660426248826e-03 3.380052153845733847e+04 1.600463707276171044e+04 9.052372983293398647e+03
6.263831564778516575e-03 3.600110135603439994e+04 1.705001463896294808e+04 9.644798783761092636e+03
6.984339407925946493e-03 3.814284738070672756e+04 1.806870254082526662e+04 1.022248610894210105e+04
7.787724887016851671e-03 4.017452026238200051e+04 1.903666061937515042e+04 1.077191636160611415e+04
8.683521142606049834e-03 4.203373373851466749e+04 1.992446942044479147e+04 1.127644286190222010e+04
9.682357880899711625e-03 4.365325347380006860e+04 2.070048257703651325e+04 1.171815880232126074e+04
1.079608750807801998e-02 4.495429677787531546e+04 2.132751311174310831e+04 1.207603055940257946e+04
1.203792577343234388e-02 4.585022082120012055e+04 2.176463947972597089e+04 1.232693035063166644e+04
1.342260859021738965e-02 4.624964556889051164e+04 2.196829244097594710e+04 1.244608613771394448e+04
1.496656689508787767e-02 4.606439101249532541e+04 2.189630876140750115e+04 1.240946223386852944e+04
1.668812162103823840e-02 4.521515859255421674e+04 2.151065108467516256e+04 1.219543060432404673e+04
1.860770109743517184e-02 4.364470055683921964e+04 2.078303951158867494e+04 1.178771295922825448e+04
2.074808345685756270e-02 4.133555817818724609e+04 1.970367825333927613e+04 1.118030280469345962e+04
2.313466692519383291e-02 3.833347128841540689e+04 1.829264117364362392e+04 1.038420995444415348e+04
2.579577120231610690e-02 3.476282442004728364e+04 1.660703723941475619e+04 9.431368132197689192e+03
2.876297350957714855e-02 3.083471316476266293e+04 1.474557719045396880e+04 8.377346732965623232e+03
3.207148329174031032e-02 2.683757804409397068e+04 1.284477957621399946e+04 7.299419067552614251e+03
3.576056001963404812e-02 2.309248626347988102e+04 1.105853158347232238e+04 6.285118395793798300e+03
3.987397905126498221e-02 1.989653774585619976e+04 9.531790553991759225e+03 5.417450516516140851e+03
4.446055107939526907e-02 1.744567837104461432e+04 8.363633740166123971e+03 4.753903123300742664e+03
4.957470132945773766e-02 1.576491435712764360e+04 7.572395568015763274e+03 4.306302297876235571e+03
5.527711538069327024e-02 1.467141622281831042e+04 7.074697556534819341e+03 4.028166017712001576e+03
6.163545927395905344e-02 1.374241800235690243e+04 6.663198681200777173e+03 3.800540624339447731e+03
6.872518245115814828e-02 1.245361247514157549e+04 6.067085423370783246e+03 3.465038904465452561e+03
7.663041305413779980e-02 1.055911212740500923e+04 5.143078016973386184e+03 2.934335942898059329e+03
8.544495620686157200e-02 8.405220031907270823e+03 4.056077032500716541e+03 2.301779532767579894e+03
9.527340712667957401e-02 6.689784616335467035e+03 3.185010159161557567e+03 1.793210027359855076e+03
1.062323922731101822e-01 5.747809705871943152e+03 2.743923874172624892e+03 1.543558090276666462e+03
1.184519532618636822e-01 5.224607737912157063e+03 2.554831932842002971e+03 1.450372093127243716e+03
1.320770899659224340e-01 4.492326143215391312e+03 2.222150943745518816e+03 1.264324351880170980e+03
1.472694811144383831e-01 3.573557190074826849e+03 1.726051300685740898e+03 9.644183409964877001e+02
1.642094028064348954e-01 2.943143596223017084e+03 1.415936211379426140e+03 7.841346060735849051e+02
1.830978677048002712e-01 2.516322499029069149e+03 1.259088616588897139e+03 7.093901971054400519e+02
2.041590102946942431e-01 2.050013161232758193e+03 1.024847497958943222e+03 5.698190818147294294e+02
2.276427465103479653e-01 1.666613270831325281e+03 8.414500411174780083e+02 4.635818403653877908e+02
2.538277392899435103e-01 1.354468625007979199e+03 7.106878283043134843e+02 3.960876643404348556e+02
2.830247052484705095e-01 1.079412139049614325e+03 5.802576460260488602e+02 3.194128239322985223e+02
3.155801017062329072e-01 8.503867566579345976e+02 4.810380821365854445e+02 2.673840354994659378e+02
3.518802378240603601e-01 6.568975438516569056e+02 3.937392489043321007e+02 2.189334804027351709e+02
3.923558586288135031e-01 4.961232795138035385e+02 3.215039403927955277e+02 1.803426670744365197e+02
4.374872563241952172e-01 3.642573214253468450e+02 2.609158676586797014e+02 1.484238602906283973e+02
4.878099695387512202e-01 2.582716871829127285e+02 2.099390039139217379e+02 1.217010385189143591e+02
5.439211381395319123e-01 1.753866883469698905e+02 1.672336794357146914e+02 9.956818470373430330e+01
6.064865890189676811e-01 1.127962260825232335e+02 1.315691144041208247e+02 8.122591194913007939e+01
6.762487369363893164e-01 6.755026367993937697e+01 1.019317814982469059e+02 6.598797330818977969e+01
7.540353941672404137e-01 3.653372786852018805e+01 7.751424469364005176e+01 5.332797541625949833e+01
8.407695934971151086e-01 1.659205020677965692e+01 5.764856113874076726e+01 4.281224140723931271e+01
9.374805411223435803e-01 4.748127888510552452e+00 4.176095017382179719e+01 3.408058999392029875e+01
1.045315829426528564e+00 -1.577841629207891394e+00 2.933888631192851193e+01 2.684724050578869736e+01
1.165555054552403824e+00 -4.424461462470126172e+00 1.989594144017837252e+01 2.088060507915104935e+01
1.299625000357985227e+00 -5.261263926313568540e+00 1.295496114076717120e+01 1.599296901951817418e+01
1.449116568932995452e+00 -5.057350219379883605e+00 8.046114445130822190e+00 1.203128237382571086e+01
1.615803658576671964e+00 -4.399232006946562912e+00 4.720572191452149902e+00 8.865366546030687189e+00
1.801664213246928048e+00 -3.611517715334028988e+00 2.571396912565571569e+00 6.381758108674818963e+00
2.008903693258128342e+00 -2.855993711939723845e+00 1.252757143538389739e+00 4.477001816592395045e+00
2.239981245735629400e+00 -2.200497986033189246e+00 4.906071746129583300e-01 3.054325000531926460e+00
2.497638885371206374e+00 -1.663188788576929644e+00 8.199844505317614718e-02 2.022623949583790992e+00
2.784934031744384253e+00 -1.238486409501551977e+00 -1.139427702812387672e-01 1.297786972697191565e+00
3.105275789304232426e+00 -9.109321210830569893e-01 -1.893818288182257947e-01 8.050756162765935198e-01
3.462465400517639402e+00 -6.628395549192152014e-01 -2.014020133003934787e-01 4.812383350238365609e-01
3.860741352209485999e+00 0.000000000000000000e+00 -1.835379057011491122e-01 2.755646147919049715e-01
4.304829670336041580e+00 0.000000000000000000e+00 -1.543824629536921511e-01 1.494745709771100328e-01
4.799999999999999822e+00 0.000000000000000000e+00 -1.235588079507801557e-01 7.505688132917558153e-02
