1.000000000230258569e-04 3.628726810120577284e+03 1.505502815402744773e+03 8.409022270242363675e+02
1.115486563971542785e-04 4.020410801277286282e+03 1.666565107859262525e+03 9.303227275404608463e+02
1.244310274114527074e-04 4.394972297825365786e+03 1.819636578733805436e+03 1.014934806467438534e+03
1.388011391866901154e-04 4.828219008277808825e+03 1.996557379273873721e+03 1.112621127632043681e+03
1.548308057910457113e-04 5.386977910153198536e+03 2.225537321943935240e+03 1.239273327034481554e+03
1.727116835090306587e-04 5.990190978339052890e+03 2.472493685536107023e+03 1.375615351671208600e+03
1.926575623508681512e-04 6.578716472083907320e+03 2.712504667275284646e+03 1.507494490850488319e+03
2.149069222004190347e-04 7.305391024126977754e+03 3.010381794947839808e+03 1.671494000684435377e+03
2.397257841638464457e-04 8.103242864679425111e+03 3.338742212183431093e+03 1.852328213333828899e+03
2.674108912107391479e-04 8.926849478229130909e+03 3.679163882189690412e+03 2.039684801594156852e+03
2.982932561365508645e-04 9.902504683618775744e+03 4.086386672817436647e+03 2.264821298227820535e+03
3.327421192670277522e-04 1.089210647185585549e+04 4.503422421225280232e+03 2.495959171609060377e+03
3.711693632243215748e-04 1.200402210019316954e+04 4.977867839753986118e+03 2.760636449724464910e+03
4.140344375392690035e-04 1.320302123556253900e+04 5.496397234284968363e+03 3.051980266434292389e+03
4.618498519902246974e-04 1.443988584320730115e+04 6.039325211644221781e+03 3.359542535530359601e+03
5.151873043487156757e-04 1.576238177583125616e+04 6.627199171920710796e+03 3.695524992102846682e+03
5.746845157973842983e-04 1.716957985327535425e+04 7.259512995693757148e+03 4.060162684927584905e+03
6.410528557468661917e-04 1.865749364046638584e+04 7.933483257297533783e+03 4.451896252441539218e+03
7.150858472165629249e-04 2.024074265875665151e+04 8.653306596198706757e+03 4.872739663192735861e+03
7.976686544726134401e-04 2.191277685351348191e+04 9.413826565130770177e+03 5.319205569094964630e+03
8.897886663605780169e-04 2.364987275027966098e+04 1.020347601086212489e+04 5.784097969666744575e+03
9.925473018708411317e-04 2.554593525636873164e+04 1.106054411914786215e+04 6.288167053063456478e+03
1.107173179088194286e-03 2.755775671371622229e+04 1.196550462912914008e+04 6.819424197562694644e+03
1.235036804978161722e-03 2.969925285100609472e+04 1.292400001583758240e+04 7.380664328761140496e+03
1.377666961646263968e-03 3.197242487493301087e+04 1.393717242446603268e+04 7.972388664827313733e+03
1.536768984990051967e-03 3.441883393257631542e+04 1.502305510184070954e+04 8.604665889957075706e+03
1.714245154289869167e-03 3.700061072190047707e+04 1.616627956230266500e+04 9.268884513171966319e+03
1.912217436523370962e-03 3.974730318093562528e+04 1.737995456052463487e+04 9.972566110307992858e+03
2.133052857342773462e-03 4.262309255372900952e+04 1.864967932390136411e+04 1.070779427003300225e+04
2.379391802059096454e-03 4.563855984128117416e+04 1.997949561333037491e+04 1.147698843651999414e+04
2.654179585009814029e-03 4.876737655489031022e+04 2.135696557624562047e+04 1.227323277858868278e+04
2.960701664764286197e-03 5.199410815811717475e+04 2.277599799017632540e+04 1.309270975809881020e+04
3.302622926212283368e-03 5.528161305402244034e+04 2.422456689327788990e+04 1.392916512876869456e+04
3.684031499205906151e-03 5.859427069526322157e+04 2.568380638389671367e+04 1.477236065058657550e+04
4.109487637665882979e-03 6.189568691957287228e+04 2.713853544616229556e+04 1.561275820099512748e+04
4.584078243567925488e-03 6.513571722979710466e+04 2.856723970401884071e+04 1.643822905026214357e+04
5.113477687716873853e-03 6.825324907518991677e+04 2.994350917406834924e+04 1.723375000329181785e+04
5.704015654503047893e-03 7.119325677614875895e+04 3.124356111273715214e+04 1.798578633267276382e+04
6.362752821816417166e-03 7.383889762117982900e+04 3.241641845428238594e+04 1.866502475070486253e+04
7.097565280973966440e-03 7.610137561688080314e+04 3.342336142211563856e+04 1.924923182186180929e+04
7.917238706014356406e-03 7.790208840206240711e+04 3.423020415317396692e+04 1.971882849179275581e+04
8.831573398280912271e-03 7.912982424898320460e+04 3.478824119152455387e+04 2.004579276616085554e+04
9.851501462242475554e-03 7.966613999096845509e+04 3.504537867264173110e+04 2.020004906613968342e+04
1.098921751354712747e-02 7.940230000830137578e+04 3.495373834967217408e+04 2.015394290946342880e+04
1.225832448210000328e-02 7.824345535915008804e+04 3.447115615885224543e+04 1.988306372175940487e+04
1.367399625343743499e-02 7.611571185471383797e+04 3.356421870365583891e+04 1.936788740632510599e+04
1.525315909299450497e-02 7.299533851266380225e+04 3.222090854144799232e+04 1.860096160566711478e+04
1.701469402243795462e-02 6.892627129076939309e+04 3.045894438681294196e+04 1.759212341501937044e+04
1.897966256774625410e-02 6.403906055453220324e+04 2.833353630761129898e+04 1.637274679582785575e+04
2.117155857815964867e-02 5.856518679506087938e+04 2.594430658492317161e+04 1.499972695092013964e+04
2.361658912683562567e-02 5.283170541711480473e+04 2.343389560482044908e+04 1.355500779125668851e+04
2.634398785175567220e-02 4.722384578137746576e+04 2.097222505782810185e+04 1.213676180043039858e+04
2.938636448329653983e-02 4.211854335743058618e+04 1.872774504770681233e+04 1.084263005226137648e+04
3.278009473753994152e-02 3.778817594543310406e+04 1.682521110059600323e+04 9.745604803037089368e+03
3.656575523702054742e-02 3.429367262047894474e+04 1.529677231634792224e+04 8.865314083658060554e+03
4.078860865897657173e-02 3.143728553195225322e+04 1.405776052750163763e+04 8.153391131912001583e+03
4.549914491170512637e-02 2.869151265144264471e+04 1.286745365668095656e+04 7.469247505304972947e+03
5.075368480951484434e-02 2.554541163087982932e+04 1.148171369071536174e+04 6.668145595145386324e+03
5.661505346402430361e-02 2.184150875374647512e+04 9.810917740497461637e+03 5.694215569729468370e+03
6.315333144310807112e-02 1.808108925272400302e+04 8.082178010960068605e+03 4.679704627990081462e+03
7.044669267860774464e-02 1.506838880518977021e+04 6.696198333975078640e+03 3.865472888905001128e+03
7.858233914112514040e-02 1.309058297287645473e+04 5.826294995934302278e+03 3.361732110275556806e+03
8.765754345719625751e-02 1.157171966115243958e+04 5.193698197750542931e+03 3.002736586600422925e+03
9.778081193473929511e-02 9.808179423016725195e+03 4.396570367379837990e+03 2.536003568065322270e+03
1.090731819023149224e-01 8.033201441537577921e+03 3.543953054789074940e+03 2.024925640465635752e+03
1.216696688736408766e-01 6.773303617227305040e+03 2.985856160432830620e+03 1.700427244307953515e+03
1.357208808401622890e-01 5.763148690107343100e+03 2.570119206087468228e+03 1.467066054539370271e+03
1.513948189927238619e-01 4.763458099192443115e+03 2.101076831098041112e+03 1.185992730757091067e+03
1.688788864024014236e-01 3.963326356592238881e+03 1.754484002398933399e+03 9.864894747705467353e+02
1.883821286769788717e-01 3.282513331987532638e+03 1.463822418602439939e+03 8.203931324834503584e+02
2.101377333831422056e-01 2.697062944037400484e+03 1.209139776443321807e+03 6.724615444864806477e+02
2.344058181183555356e-01 2.203879820067582386e+03 1.002567830897810609e+03 5.559063389814348284e+02
2.614765405675759102e-01 1.785480971059814237e+03 8.277920246309585082e+02 4.571801696921580174e+02
2.916735677297306317e-01 1.432306115986544683e+03 6.816993671921624127e+02 3.754867799293044754e+02
3.253579457932418983e-01 1.135671272880061906e+03 5.600242586156988409e+02 3.085193463409877950e+02
3.629324169301749725e-01 8.882260476132748863e+02 4.582917051972961531e+02 2.531412951113549923e+02
4.048462346221089470e-01 6.839138188568313126e+02 3.732504368829154373e+02 2.074311350679217298e+02
4.516005350914485406e-01 5.175559398626140819e+02 3.021919870355010858e+02 1.697245955096030059e+02
5.037543290608768043e-01 3.844849141945668407e+02 2.428758951998827627e+02 1.386116749566294004e+02
5.619311854805180140e-01 2.802865555240752542e+02 1.934564784257315182e+02 1.129095536056573081e+02
6.268266871357865977e-01 2.006381169080676443e+02 1.524419889680036135e+02 9.166062889174743589e+01
6.992167472777639503e-01 1.412837696436623105e+02 1.186187187554245384e+02 7.408408904718460519e+01
7.799668867126374749e-01 9.814334181713135763e+01 9.098434659007504877e+01 5.954506294879541173e+01
8.700425822703268253e-01 6.749007001792755034e+01 6.868702198584321650e+01 4.752359078540858661e+01
9.705208103821856280e-01 4.611280773090243201e+01 5.098287757446956903e+01 3.760426647703737757e+01
1.082602923786821769e+00 3.140803878072707178e+01 3.719234315997547213e+01 2.945198674269357042e+01
1.207629015322442267e+00 2.138126645380464552e+01 2.667877288918235834e+01 2.279326086379537486e+01
1.347093940544190405e+00 1.457330747564840578e+01 1.884333863361639416e+01 1.740323708568422845e+01
1.502665190738521561e+00 9.954204199081011950e+00 1.313317939708485582e+01 1.309258802095166629e+01
1.676202830030598223e+00 6.814950928808613639e+00 9.056898882870008549e+00 9.696687684822370201e+00
1.869781734959676811e+00 4.674808261941301168e+00 6.198033765584314736e+00 7.067807056257308318e+00
2.085716402426663674e+00 3.210386485766471232e+00 4.220764342115344903e+00 5.071884894895825724e+00
2.326588622626292402e+00 2.204604696055235458e+00 2.866736530326574162e+00 3.586917606430497507e+00
2.595278347831105226e+00 1.511599524405074391e+00 1.945219015027266130e+00 2.503999035589731026e+00
2.894998126105261083e+00 1.033007252172131407e+00 1.319931437078821324e+00 1.728934078017662523e+00
3.229331511649635278e+00 0.000000000000000000e+00 8.958698130163119666e-01 1.183282291673266373e+00
3.602275911025628830e+00 0.000000000000000000e+00 6.079685202255723508e-01 8.043794358511879850e-01
4.018290377542188097e+00 0.000000000000000000e+00 4.121316999929992564e-01 5.440690990270223848e-01
4.482348925252354732e+00 0.000000000000000000e+00 2.786537062919223762e-01 3.666176459300526380e-01
5.000000000000000888e+00 0.000000000000000000e+00 0.000000000000000000e+00 2.462730343858691162e-01
