1.000000000230258569e-04 3.862693339640649128e+02 1.753052460404027784e+02 9.892306045347666554e+01
1.115026695290953366e-04 4.321026119017739120e+02 1.960675053269200987e+02 1.106372810465812933e+02
1.243284530925187648e-04 4.877134572797242527e+02 2.212634250670611209e+02 1.248521372099587978e+02
1.386295441504667143e-04 5.490073370973592546e+02 2.490205857591061545e+02 1.405102828299743862e+02
1.545756424481938766e-04 6.103966971651930180e+02 2.767856631583530316e+02 1.561689900831309785e+02
1.723559677317991945e-04 6.728213979569999310e+02 3.049693585684394179e+02 1.720607763161480079e+02
1.921815050694108094e-04 7.468790683212533850e+02 3.383943395221708101e+02 1.909042546800620528e+02
2.142875084442451923e-04 8.383219482998282501e+02 3.796752399046655455e+02 2.141784612600166895e+02
2.389362923277018713e-04 9.348815441752511788e+02 4.232167335906048038e+02 2.387215840802425078e+02
2.664203443578849946e-04 1.034449985611174498e+03 4.680430913213670010e+02 2.639809660182427820e+02
2.970657960592480913e-04 1.156716352397615765e+03 5.231195386338216622e+02 2.950182442670874252e+02
3.312362927876497001e-04 1.287623811502154240e+03 5.820582608546899337e+02 3.282274882126828288e+02
3.693373088223966556e-04 1.431032232563356956e+03 6.466157973125227727e+02 3.645998924527090139e+02
4.118209588090659132e-04 1.596048416006106436e+03 7.209744822938532707e+02 4.065006524080843633e+02
4.591913626466918256e-04 1.774030247766108914e+03 8.012144741631716442e+02 4.517180977370207415e+02
5.120106274801957584e-04 1.972389194181369930e+03 8.907701472587048102e+02 5.021993763650947358e+02
5.709055177816341068e-04 2.196959614077119113e+03 9.923365686863199926e+02 5.594717007517417642e+02
6.365748926688486646e-04 2.439986648467827308e+03 1.102423046886084876e+03 6.215694574690871832e+02
7.097979987143026312e-04 2.708345743194742226e+03 1.224203712612998743e+03 6.902937902435918431e+02
7.914437166483044659e-04 3.006577430464802546e+03 1.359781263435459095e+03 7.668402249536984527e+02
8.824808716799498404e-04 3.337030852527326715e+03 1.510235699822064134e+03 8.518198790168369214e+02
9.839897297802024153e-04 3.702601755975580090e+03 1.676881686384351269e+03 9.459766934662732183e+02
1.097174816344422205e-03 4.102049504062481901e+03 1.859135606968173306e+03 1.048979463332633486e+03
1.223379209343287413e-03 4.541380399521097388e+03 2.059706195027327340e+03 1.162354492049723831e+03
1.364100476567608111e-03 5.025394401219944484e+03 2.280764777293069073e+03 1.287328774623286108e+03
1.521008446081769522e-03 5.557816123918177254e+03 2.523957047457990939e+03 1.424825121905319747e+03
1.695965020753673102e-03 6.137950653639132724e+03 2.788945077321070130e+03 1.574650149273565148e+03
1.891046271984591709e-03 6.769297076352459044e+03 3.077301835814437709e+03 1.737690792538156984e+03
2.108567074807741158e-03 7.460242607365808908e+03 3.392845461295632049e+03 1.916108659690074091e+03
2.351108576680822643e-03 8.205299160549931912e+03 3.733049977561042851e+03 2.108471982940254293e+03
2.621548825923003187e-03 9.009942188112778240e+03 4.100428852473804909e+03 2.316209447587527393e+03
2.923096923239734257e-03 9.872216999453374228e+03 4.494091665573871069e+03 2.538820245922409413e+03
3.259331101584665453e-03 1.079488163006064497e+04 4.915335378354719978e+03 2.777049034931289498e+03
3.634241186222156913e-03 1.177522755858023811e+04 5.362964770616167698e+03 3.030228226796473336e+03
4.052275938830490927e-03 1.280885815849669598e+04 5.835000790163794591e+03 3.297240615963824439e+03
4.518395847440812539e-03 1.389133979549385549e+04 6.329448742059137658e+03 3.576988199146574971e+03
5.038131988628217865e-03 1.501615152255937028e+04 6.843401518189063609e+03 3.867840155018838232e+03
5.617651660426248826e-03 1.617410265459963375e+04 7.372744686027978787e+03 4.167483165991205169e+03
6.263831564778516575e-03 1.734795890509421952e+04 7.909689362043450274e+03 4.471532784822238682e+03
6.984339407925946493e-03 1.852301290545034135e+04 8.447609573134879611e+03 4.776263344086113648e+03
7.787724887016851671e-03 1.967635123904217471e+04 8.976146860499315153e+03 5.075836460883071595e+03
8.683521142606049834e-03 2.078638788346946239e+04 9.485579807554733634e+03 5.364794624387062868e+03
9.682357880899711625e-03 2.182195430099769510e+04 9.961808748166886289e+03 5.635189529076394138e+03
1.079608750807801998e-02 2.274647463849790074e+04 1.038822476375368933e+04 5.877626239177654497e+03
1.203792577343234388e-02 2.352126513672385045e+04 1.074728873209554513e+04 6.082196016391964804e+03
1.342260859021738965e-02 2.410227390381986697e+04 1.101899424969307984e+04 6.237590624661632319e+03
1.496656689508787767e-02 2.444305535924828291e+04 1.118214297726438963e+04 6.331814388719342787e+03
1.668812162103823840e-02 2.449705303779601672e+04 1.121532743134731209e+04 6.352677417206720747e+03
1.860770109743517184e-02 2.422312140383033329e+04 1.109958458369875189e+04 6.289385323266035812e+03
2.074808345685756270e-02 2.359180790732212336e+04 1.082110276744869043e+04 6.134064534832219579e+03
2.313466692519383291e-02 2.259404880228132242e+04 1.037511401133324580e+04 5.883836000149355641e+03
2.579577120231610690e-02 2.125255268981007612e+04 9.771270514423851637e+03 5.543982656820493503e+03
2.876297350957714855e-02 1.962741953919368825e+04 9.036304510599349669e+03 5.129502277211490764e+03
3.207148329174031032e-02 1.782117392388636654e+04 8.216425188717048513e+03 4.666403300927365308e+03
3.576056001963404812e-02 1.597194478926912961e+04 7.374631492082189652e+03 4.190340803413227150e+03
3.987397905126498221e-02 1.423104233558949636e+04 6.580747784911725830e+03 3.740985141681469486e+03
4.446055107939526907e-02 1.273155937562251347e+04 5.897251553660730679e+03 3.354052641668562956e+03
4.957470132945773766e-02 1.154689752043028238e+04 5.360047451445086153e+03 3.050357680398009961e+03
5.527711538069327024e-02 1.065655746625601569e+04 4.961818199876514882e+03 2.826176879682669096e+03
6.163545927395905344e-02 9.911375134930167405e+03 4.633627778664344987e+03 2.642326016555181468e+03
6.872518245115814828e-02 9.078820233909966191e+03 4.263219797143716278e+03 2.434021828994468251e+03
7.663041305413779980e-02 7.977583706625630839e+03 3.757327408482080045e+03 2.146298858073362226e+03
8.544495620686157200e-02 6.661390619066806721e+03 3.134554171428707832e+03 1.788404935209498717e+03
9.527340712667957401e-02 5.442372289709956021e+03 2.548600187070152970e+03 1.449640618374949327e+03
1.062323922731101822e-01 4.610894102365143226e+03 2.156911503220981103e+03 1.224533131516206140e+03
1.184519532618636822e-01 4.122394554091570171e+03 1.949615939114697085e+03 1.110075778596015880e+03
1.320770899659224340e-01 3.636071138391600471e+03 1.740509090157855780e+03 9.941600556566942259e+02
1.472694811144383831e-01 2.994036059246515379e+03 1.422757335706671711e+03 8.077581108926422075e+02
1.642094028064348954e-01 2.453863173775660925e+03 1.151882945242503865e+03 6.477733636376279946e+02
1.830978677048002712e-01 2.112156295056781801e+03 1.009450793282810196e+03 5.708267756871069878e+02
2.041590102946942431e-01 1.775451594373498210e+03 8.542789104592786771e+02 4.826378143155127987e+02
2.276427465103479653e-01 1.462613289661927411e+03 6.957570566631756037e+02 3.878805433446802340e+02
2.538277392899435103e-01 1.225605692991156729e+03 5.936107134622428703e+02 3.329674338250375740e+02
2.830247052484705095e-01 1.012773835772823304e+03 4.899721051181188614e+02 2.721092347351445824e+02
3.155801017062329072e-01 8.372134087426658198e+02 4.098897943940572191e+02 2.278287802365523476e+02
3.518802378240603601e-01 6.884398403648514204e+02 3.395549707345529669e+02 1.875866107043077875e+02
3.923558586288135031e-01 5.640573245586962230e+02 2.820786544671937008e+02 1.558657027969467208e+02
4.374872563241952172e-01 4.598144141097058082e+02 2.333663145138217772e+02 1.287242626739013076e+02
4.878099695387512202e-01 3.727685791944609264e+02 1.926359486248493909e+02 1.062615916436575105e+02
5.439211381395319123e-01 3.002970668432681691e+02 1.586060958234052123e+02 8.768835998619364602e+01
6.064865890189676811e-01 2.401888803691425096e+02 1.301475459076671086e+02 7.226975710159304356e+01
6.762487369363893164e-01 1.906018300807803314e+02 1.063724188369151307e+02 5.948014974252255627e+01
7.540353941672404137e-01 1.499430320864097439e+02 8.651807271411995259e+01 4.886981599077569882e+01
8.407695934971151086e-01 1.168742010161236777e+02 6.996250417023716750e+01 4.006000855201632760e+01
9.374805411223435803e-01 9.023479588518863181e+01 5.619146556262813874e+01 3.274232860830777270e+01
1.045315829426528564e+00 6.900649182264184844e+01 4.477794946296988599e+01 2.666130441808460105e+01
1.165555054552403824e+00 5.229091610975964954e+01 3.537166739709789454e+01 2.161062288105717499e+01
1.299625000357985227e+00 3.928705149014228937e+01 2.767570267923119331e+01 1.741889349427796674e+01
1.449116568932995452e+00 2.929021771483657588e+01 2.143741656431352638e+01 1.394657601936461866e+01
1.615803658576671964e+00 2.168949604139585574e+01 1.643687750599760733e+01 1.108060520757740264e+01
1.801664213246928048e+00 1.596746830719986932e+01 1.247806630380821780e+01 8.726980537219038325e+00
2.008903693258128342e+00 1.169632533334097424e+01 9.384932415052098520e+00 6.808109650120100831e+00
2.239981245735629400e+00 8.530813713147665567e+00 6.999426169968802292e+00 5.258135655826801091e+00
2.497638885371206374e+00 6.198504198989129854e+00 5.181924589422352234e+00 4.019685710493103414e+00
2.784934031744384253e+00 4.488416635578007075e+00 3.812186467415774160e+00 3.042343367123348852e+00
3.105275789304232426e+00 3.239644903132128828e+00 2.789532862807662994e+00 2.281079571478836332e+00
3.462465400517639402e+00 2.330930956356234596e+00 2.031993577167493292e+00 1.695828032683462494e+00
3.860741352209485999e+00 1.671657755675445500e+00 1.474403588314740832e+00 1.251396612319335855e+00
4.304829670336041580e+00 1.194628095190023886e+00 1.066088742163818326e+00 9.175712327002164548e-01
4.799999999999999822e+00 0.000000000000000000e+00 7.683384471617252798e-01 6.691719444655621629e-01
