1.000000000230258569e-04 4.896894672423031807e+02 2.313182956127399450e+02 1.319294550089941822e+02
1.115026695290953366e-04 5.453105853513322927e+02 2.575665712303629675e+02 1.468965082266830962e+02
1.243284530925187648e-04 6.143359143730612004e+02 2.901452123925364504e+02 1.654709927320848522e+02
1.386295441504667143e-04 6.945812091514412714e+02 3.280160057537316902e+02 1.870635503341384265e+02
1.545756424481938766e-04 7.790647971852320097e+02 3.678739856533978809e+02 2.097861822090565056e+02
1.723559677317991945e-04 8.634634013243627351e+02 4.076619467101765508e+02 2.324639262609491652e+02
1.921815050694108094e-04 9.557726652032002903e+02 4.511600865645090153e+02 2.572515996681726733e+02
2.142875084442451923e-04 1.070122170307843362e+03 5.050511930559278539e+02 2.879629079499899831e+02
2.389362923277018713e-04 1.202074720872507214e+03 5.672378124039929617e+02 3.234001507818367713e+02
2.664203443578849946e-04 1.335431834945193486e+03 6.300496687800878135e+02 3.591859767548041305e+02
2.970657960592480913e-04 1.487106512754799269e+03 7.014871250027773613e+02 3.998828602906541505e+02
3.312362927876497001e-04 1.667019083672963461e+03 7.862610721719476032e+02 4.481836673017468797e+02
3.693373088223966556e-04 1.851303247905611897e+03 8.730858771253141413e+02 4.976486871905289036e+02
4.118209588090659132e-04 2.071337428303866545e+03 9.768306104026754610e+02 5.567669684656282243e+02
4.591913626466918256e-04 2.302720151734991305e+03 1.085975433553873017e+03 6.189719568813925434e+02
5.120106274801957584e-04 2.572916734489782357e+03 1.213542529771612408e+03 6.917012260631055369e+02
5.709055177816341068e-04 2.861000849699831178e+03 1.349659886124743252e+03 7.693308922239822323e+02
6.365748926688486646e-04 3.184396272770361520e+03 1.502609642039701839e+03 8.565978409075487434e+02
7.097979987143026312e-04 3.546933455665817291e+03 1.674212856119498383e+03 9.545468525538711901e+02
7.914437166483044659e-04 3.945978527608305740e+03 1.863233896646111816e+03 1.062479064281343199e+03
8.824808716799498404e-04 4.385068135469975459e+03 2.071352793760963777e+03 1.181357120387964869e+03
9.839897297802024153e-04 4.867682718497356291e+03 2.300209221903671732e+03 1.312115435152471946e+03
1.097174816344422205e-03 5.398919497767431494e+03 2.552192678729887575e+03 1.456112065572682695e+03
1.223379209343287413e-03 5.990021795492091769e+03 2.832622194749794744e+03 1.616382697219995862e+03
1.364100476567608111e-03 6.628933890425058053e+03 3.135765105393280464e+03 1.789650960083852624e+03
1.521008446081769522e-03 7.335249891380916779e+03 3.470898680893739765e+03 1.981214172101274698e+03
1.695965020753673102e-03 8.102526535406495896e+03 3.834946368936459294e+03 2.189311787703827576e+03
1.891046271984591709e-03 8.933392280727877733e+03 4.229155608130732617e+03 2.414658793610413795e+03
2.108567074807741158e-03 9.833240542444604216e+03 4.656089520392382838e+03 2.658721887689353025e+03
2.351108576680822643e-03 1.080310976995404235e+04 5.116262693671761554e+03 2.921801802475215936e+03
2.621548825923003187e-03 1.184248897283186852e+04 5.609449508052215606e+03 3.203775051605623048e+03
2.923096923239734257e-03 1.294942674933848866e+04 6.134760994266501257e+03 3.504143096276628512e+03
3.259331101584665453e-03 1.412152279074327635e+04 6.691090184286154908e+03 3.822285266078955374e+03
3.634241186222156913e-03 1.535349581869359827e+04 7.275973881528469065e+03 4.156815229288657065e+03
4.052275938830490927e-03 1.663995663528632213e+04 7.886928990235147467e+03 4.506345511523471032e+03
4.518395847440812539e-03 1.796907712169293518e+04 8.518341277882629583e+03 4.867660872981731700e+03
5.038131988628217865e-03 1.932976307058791645e+04 9.165100597528813523e+03 5.237879646580009648e+03
5.617651660426248826e-03 2.070086174967043917e+04 9.817182105627580313e+03 5.611264170288070090e+03
6.263831564778516575e-03 2.206120833106130522e+04 1.046462633315105631e+04 5.982149768139750449e+03
6.984339407925946493e-03 2.338981795056590636e+04 1.109759337210428021e+04 6.344942589727839731e+03
7.787724887016851671e-03 2.465652873251254641e+04 1.170189125375958247e+04 6.691578096109133185e+03
8.683521142606049834e-03 2.582486384970003564e+04 1.226027213577361908e+04 7.012186709403174063e+03
9.682357880899711625e-03 2.685546385351205754e+04 1.275414988857577919e+04 7.296133938567759287e+03
1.079608750807801998e-02 2.770367639622425122e+04 1.316244318558974919e+04 7.531369620947215481e+03
1.203792577343234388e-02 2.832110710431813277e+04 1.346225383586698626e+04 7.704812104323184030e+03
1.342260859021738965e-02 2.865730321018001632e+04 1.362949926452210093e+04 7.802632734602600067e+03
1.496656689508787767e-02 2.866188503179484178e+04 1.364012482991080105e+04 7.810972864627492527e+03
1.668812162103823840e-02 2.828922173626872973e+04 1.347233249351471386e+04 7.717342087323580927e+03
1.860770109743517184e-02 2.750515563188762462e+04 1.310940218018962332e+04 7.512061463999137231e+03
2.074808345685756270e-02 2.629766639419980129e+04 1.254497469032874324e+04 7.191258770259336416e+03
2.313466692519383291e-02 2.468718116069198004e+04 1.178813090849143191e+04 6.760002006636765145e+03
2.579577120231610690e-02 2.273528591478412636e+04 1.086731308792800701e+04 6.234396544607820033e+03
2.876297350957714855e-02 2.054960580981242310e+04 9.832998418474320715e+03 5.643177335038120873e+03
3.207148329174031032e-02 1.828210582081852408e+04 8.757131991023567025e+03 5.027480762939082524e+03
3.576056001963404812e-02 1.610863504110910981e+04 7.723762249178068487e+03 4.435535951263124844e+03
3.987397905126498221e-02 1.419654322458012211e+04 6.813864894393246686e+03 3.914023347933993591e+03
4.446055107939526907e-02 1.266327128981068017e+04 6.085614381978608435e+03 3.496763903948610277e+03
4.957470132945773766e-02 1.153000267123069898e+04 5.551609098429927144e+03 3.191508195366579912e+03
5.527711538069327024e-02 1.069084290126318047e+04 5.162573946194857854e+03 2.970268308166543193e+03
6.163545927395905344e-02 9.921321483855070255e+03 4.808998690652483674e+03 2.769730396579638182e+03
6.872518245115814828e-02 8.917936946486930538e+03 4.336831695126390514e+03 2.499576546654433514e+03
7.663041305413779980e-02 7.584208135564391341e+03 3.690205944271674525e+03 2.125629780770523212e+03
8.544495620686157200e-02 6.144693370530588254e+03 2.977309973294764859e+03 1.710123612302902302e+03
9.527340712667957401e-02 5.004741475798510692e+03 2.411487578952045624e+03 1.379806678242631961e+03
1.062323922731101822e-01 4.344170756560733025e+03 2.101251522622825632e+03 1.202135008924565454e+03
1.184519532618636822e-01 3.914064317658308937e+03 1.920704940220111439e+03 1.103475657718277034e+03
1.320770899659224340e-01 3.333189091533883584e+03 1.644773187601744667e+03 9.444917047414801345e+02
1.472694811144383831e-01 2.666384921994444994e+03 1.298083555125807379e+03 7.373474559475212118e+02
1.642094028064348954e-01 2.218689405517396608e+03 1.083172735818772026e+03 6.128550359064031454e+02
1.830978677048002712e-01 1.898287994589607706e+03 9.512865135667964296e+02 5.423418756558913856e+02
2.041590102946942431e-01 1.544355787981961839e+03 7.732478203916035682e+02 4.362542446087044823e+02
2.276427465103479653e-01 1.262846525627860728e+03 6.409552818746441289e+02 3.600796991327685532e+02
2.538277392899435103e-01 1.030521987130125353e+03 5.386931287571821940e+02 3.035828524826978310e+02
2.830247052484705095e-01 8.251424952522096419e+02 4.416537703159127659e+02 2.469521315640447483e+02
3.155801017062329072e-01 6.544875466395136527e+02 3.664459574469602217e+02 2.056061042769773621e+02
3.518802378240603601e-01 5.093783385469513973e+02 3.010501640481696199e+02 1.688083084005371575e+02
3.923558586288135031e-01 3.878470934747330716e+02 2.467736958153137152e+02 1.388983747884292370e+02
4.374872563241952172e-01 2.869633458016760414e+02 2.014382975938773086e+02 1.142859766344152774e+02
4.878099695387512202e-01 2.044602201227411911e+02 1.633835231130373415e+02 9.380224086245232229e+01
5.439211381395319123e-01 1.384722884620052525e+02 1.315172088876508099e+02 7.686816596250599787e+01
6.064865890189676811e-01 8.729072414163468352e+01 1.048647141455820702e+02 6.287549991561273544e+01
6.762487369363893164e-01 4.921106000105270084e+01 8.261189807280335629e+01 5.130111920595265929e+01
7.540353941672404137e-01 2.242071578700912582e+01 6.410186311695508721e+01 4.171648922608613219e+01
8.407695934971151086e-01 4.953849720624314834e+00 4.880963069316024416e+01 3.377646449124955552e+01
9.374805411223435803e-01 -5.248927256304829037e+00 3.630499467920954260e+01 2.719239341775649166e+01
1.045315829426528564e+00 -1.020342203142805104e+01 2.623404466797800083e+01 2.173280250281734993e+01
1.165555054552403824e+00 -1.170891645090642896e+01 1.829088899274470492e+01 1.721099898352171564e+01
1.299625000357985227e+00 -1.121219936433358377e+01 1.219501733359778406e+01 1.347411799174868463e+01
1.449116568932995452e+00 -9.752463590633970725e+00 7.676530185377509419e+00 1.040090796629038472e+01
1.615803658576671964e+00 -7.990635759751127942e+00 4.467539598898118136e+00 7.892822815473525822e+00
1.801664213246928048e+00 -6.291389805857194872e+00 2.304130194543134724e+00 5.868881559954161276e+00
2.008903693258128342e+00 -4.819461462329699408e+00 9.357498347792462257e-01 4.260982902085904023e+00
2.239981245735629400e+00 -3.621504259327018804e+00 1.384313499178899121e-01 3.008953872323358869e+00
2.497638885371206374e+00 -2.684041877300314294e+00 -2.742813925039312428e-01 2.057965518298704666e+00
2.784934031744384253e+00 -1.969248955327772999e+00 -4.461758665578159366e-01 1.356549629371982535e+00
3.105275789304232426e+00 -1.433579622626259154e+00 -4.798579968589488098e-01 8.563618729447646238e-01
3.462465400517639402e+00 -1.036917255791401482e+00 -4.430897973239983911e-01 5.128445958312374264e-01
3.860741352209485999e+00 -7.457238245716625302e-01 -3.772046382342251758e-01 2.865617318048394591e-01
4.304829670336041580e+00 -5.332615471290786946e-01 -3.052420854611596068e-01 1.443238759444327446e-01
4.799999999999999822e+00 0.000000000000000000e+00 -2.386217633077945821e-01 5.968596346172007350e-02
