1.000000000230258569e-04 3.504413274860251590e+02 1.565992051607647966e+02 8.896769186359628634e+01
1.115026695290953366e-04 3.918914004088936167e+02 1.750435740026440783e+02 9.943144643662131443e+01
1.243284530925187648e-04 4.421108925281272377e+02 1.973940061570825719e+02 1.121163206804604755e+02
1.386295441504667143e-04 4.972022661295476951e+02 2.218841170551536663e+02 1.260078846019225978e+02
1.545756424481938766e-04 5.520953227941982959e+02 2.462033406343510080e+02 1.397898294091506273e+02
1.723559677317991945e-04 6.080246528734944604e+02 2.708878573266223384e+02 1.537604324243260407e+02
1.921815050694108094e-04 6.750074937353512041e+02 3.004293329064815339e+02 1.704755540736717307e+02
2.142875084442451923e-04 7.576617596333168194e+02 3.368979916476424705e+02 1.911113566758129991e+02
2.389362923277018713e-04 8.443228363050917551e+02 3.750251370721188096e+02 2.126624387797191673e+02
2.664203443578849946e-04 9.341627150708343379e+02 4.144069249970931992e+02 2.348899081120632957e+02
2.970657960592480913e-04 1.045054536017591090e+03 4.630935343914063083e+02 2.623768549640251422e+02
3.312362927876497001e-04 1.162701021045035759e+03 5.146776645759555322e+02 2.914747522024860018e+02
3.693373088223966556e-04 1.292763612934139928e+03 5.717162843765869411e+02 3.236369234832411621e+02
4.118209588090659132e-04 1.440826718335262512e+03 6.368094794205075004e+02 3.603547172975026456e+02
4.591913626466918256e-04 1.601387977471228623e+03 7.075341423317410090e+02 4.002562733698816260e+02
5.120106274801957584e-04 1.778192940172217959e+03 7.857219931053340360e+02 4.444099062597578609e+02
5.709055177816341068e-04 1.978392916318632615e+03 8.747013793172952774e+02 4.947331380804023411e+02
6.365748926688486646e-04 2.193976897762218869e+03 9.709758223040174698e+02 5.492619020430935279e+02
7.097979987143026312e-04 2.429928527503858277e+03 1.076903938196492618e+03 6.093726976751814846e+02
7.914437166483044659e-04 2.690107582574502430e+03 1.194316341662655987e+03 6.761397229303024687e+02
8.824808716799498404e-04 2.976773743005912365e+03 1.324247888090899551e+03 7.501657161511221830e+02
9.839897297802024153e-04 3.292104164169290016e+03 1.467652271230678025e+03 8.320009435984960646e+02
1.097174816344422205e-03 3.634212743638666780e+03 1.623621284708396843e+03 9.211265425049022042e+02
1.223379209343287413e-03 4.011892331784723410e+03 1.796040259535759787e+03 1.019743680430730592e+03
1.364100476567608111e-03 4.424385002799785070e+03 1.984485077655219129e+03 1.127591904780140112e+03
1.521008446081769522e-03 4.879446630193143392e+03 2.192310788993640472e+03 1.246549562485203296e+03
1.695965020753673102e-03 5.375632535974588791e+03 2.418810677897441565e+03 1.376197767204733282e+03
1.891046271984591709e-03 5.917419298688656454e+03 2.665952831953940859e+03 1.517641114908066356e+03
2.108567074807741158e-03 6.510388188660241212e+03 2.936209463079006127e+03 1.672272006603338241e+03
2.351108576680822643e-03 7.152211814456653883e+03 3.228507277751944912e+03 1.839469160077421293e+03
2.621548825923003187e-03 7.845185369099126547e+03 3.543887138940714067e+03 2.019825712976920613e+03
2.923096923239734257e-03 8.590176407160197414e+03 3.882753647082201041e+03 2.213573590514856733e+03
3.259331101584665453e-03 9.387793595219951385e+03 4.245399820105199069e+03 2.420884831517090788e+03
3.634241186222156913e-03 1.023567604453848253e+04 4.630783124561420664e+03 2.641171850234197336e+03
4.052275938830490927e-03 1.112942648602917870e+04 5.036951888150064406e+03 2.873331162937065983e+03
4.518395847440812539e-03 1.206417591045764675e+04 5.461766626341102892e+03 3.116101248031927298e+03
5.038131988628217865e-03 1.303333657404695987e+04 5.902251272482574677e+03 3.367956331258674254e+03
5.617651660426248826e-03 1.402768915659159393e+04 6.354272382516109246e+03 3.626408660184691144e+03
6.263831564778516575e-03 1.503589623210951686e+04 6.812777133129472531e+03 3.888624396497461021e+03
6.984339407925946493e-03 1.604369050427405455e+04 7.271382123053182113e+03 4.150985395216105644e+03
7.787724887016851671e-03 1.703353852312353774e+04 7.722231923143183849e+03 4.409032166659103495e+03
8.683521142606049834e-03 1.798491834467264562e+04 8.156110594690127982e+03 4.657528978771966649e+03
9.682357880899711625e-03 1.887709149194505517e+04 8.563721200023610436e+03 4.891191920970481988e+03
1.079608750807801998e-02 1.967052405262780303e+04 8.927231410194715863e+03 5.099854367697066664e+03
1.203792577343234388e-02 2.033509045085396792e+04 9.233051809268004945e+03 5.275768857216678043e+03
1.342260859021738965e-02 2.083347974674869693e+04 9.464332156719889099e+03 5.409324170769647935e+03
1.496656689508787767e-02 2.113275433607794184e+04 9.606142412075641914e+03 5.491987007201769302e+03
1.668812162103823840e-02 2.119087453714372896e+04 9.639338938239470735e+03 5.512790897206632508e+03
1.860770109743517184e-02 2.097251189223336041e+04 9.547738212624846710e+03 5.462447357142216788e+03
2.074808345685756270e-02 2.045284867864586704e+04 9.319832459604485848e+03 5.334309023248328231e+03
2.313466692519383291e-02 1.962058871453280881e+04 8.950004629088045476e+03 5.125042255057733200e+03
2.579577120231610690e-02 1.848968676442847936e+04 8.444021864147876840e+03 4.837760859640922718e+03
2.876297350957714855e-02 1.710566337924535037e+04 7.821964178127651394e+03 4.483806356967427746e+03
3.207148329174031032e-02 1.554865187501490436e+04 7.119645341929051938e+03 4.083510013088662163e+03
3.576056001963404812e-02 1.393058078005911375e+04 6.387647283625052296e+03 3.665718654447195604e+03
3.987397905126498221e-02 1.237870199176824281e+04 5.684101239311752579e+03 3.263739401986942084e+03
4.446055107939526907e-02 1.101328813459359480e+04 5.064764158454157041e+03 2.909711138543304514e+03
4.957470132945773766e-02 9.913202500023036919e+03 4.567230843447856387e+03 2.625508113880097881e+03
5.527711538069327024e-02 9.085372794932773104e+03 4.196496658479811231e+03 2.414382669008127777e+03
6.163545927395905344e-02 8.429099527493424830e+03 3.906944347351505712e+03 2.250269831504173453e+03
6.872518245115814828e-02 7.763470138016694364e+03 3.613000580058598189e+03 2.083514054110340112e+03
7.663041305413779980e-02 6.905466324721577621e+03 3.223963485000645505e+03 1.860643392307875956e+03
8.544495620686157200e-02 5.830360979645613043e+03 2.721976780321045680e+03 1.570035879463375750e+03
9.527340712667957401e-02 4.754119083832914839e+03 2.209730355962595240e+03 1.271384670352505054e+03
1.062323922731101822e-01 3.959779301196070264e+03 1.833730983568246756e+03 1.052374622505304160e+03
1.184519532618636822e-01 3.502732732048381877e+03 1.633096641317281637e+03 9.385742931752541836e+02
1.320770899659224340e-01 3.134853947455140315e+03 1.480366963668577228e+03 8.539576123725905745e+02
1.472694811144383831e-01 2.624229986811914841e+03 1.236560338211041653e+03 7.111552343733953876e+02
1.642094028064348954e-01 2.124622701541782135e+03 9.847263683983427427e+02 5.604588292570938393e+02
1.830978677048002712e-01 1.814572771455800421e+03 8.485504135454510788e+02 4.835285235856933355e+02
2.041590102946942431e-01 1.549021788401889580e+03 7.349469463329483006e+02 4.204087979548124281e+02
2.276427465103479653e-01 1.270950204294580544e+03 5.932653814877622835e+02 3.345406175389737200e+02
2.538277392899435103e-01 1.065813541421556010e+03 5.035144456245926676e+02 2.845845820283016110e+02
2.830247052484705095e-01 8.846482543150998481e+02 4.187951562030062860e+02 2.354052617956517395e+02
3.155801017062329072e-01 7.320674811366843642e+02 3.480559322965524984e+02 1.947108238762647545e+02
3.518802378240603601e-01 6.040203735152149420e+02 2.891533705464433410e+02 1.610991233398753195e+02
3.923558586288135031e-01 4.965966053461909837e+02 2.401535498424527759e+02 1.335135313616507347e+02
4.374872563241952172e-01 4.064048075578366479e+02 1.986093637590946059e+02 1.099245551527525322e+02
4.878099695387512202e-01 3.310404071895641778e+02 1.641777952962910945e+02 9.073980949121524020e+01
5.439211381395319123e-01 2.681560670167590956e+02 1.354243239647472592e+02 7.483874835133019587e+01
6.064865890189676811e-01 2.158245642826115613e+02 1.113955648828359841e+02 6.164215277869242016e+01
6.762487369363893164e-01 1.724544557076333717e+02 9.134210678990046972e+01 5.072220815874489830e+01
7.540353941672404137e-01 1.366889349041297521e+02 7.460807079596196445e+01 4.168323608687472870e+01
8.407695934971151086e-01 1.073940076616367634e+02 6.065565218925321034e+01 3.420114078599603857e+01
9.374805411223435803e-01 8.359838066582823046e+01 4.903878465264543252e+01 2.800542536538984706e+01
1.045315829426528564e+00 6.445429145268053617e+01 3.938434925476821036e+01 2.286930321738240224e+01
1.165555054552403824e+00 4.922307845019327033e+01 3.138983501889470418e+01 1.861063109699379581e+01
1.299625000357985227e+00 3.724865745328069266e+01 2.480356290297934052e+01 1.507920793307420659e+01
1.449116568932995452e+00 2.794909798884040342e+01 1.941546952207152898e+01 1.215248817600600795e+01
1.615803658576671964e+00 2.081254621905829794e+01 1.504804774148850477e+01 9.731906154860693547e+00
1.801664213246928048e+00 1.539497482696165598e+01 1.154551838926034790e+01 7.735506745088591707e+00
2.008903693258128342e+00 1.132204192416548061e+01 8.770731963638057849e+00 6.096866873597708292e+00
2.239981245735629400e+00 8.285199566836674023e+00 6.600665325873341871e+00 4.760989097640162981e+00
2.497638885371206374e+00 6.036826853799951209e+00 4.925419212247150291e+00 3.681294346401754680e+00
2.784934031744384253e+00 4.381863480878612549e+00 3.647922190538545717e+00 2.817892838940730282e+00
3.105275789304232426e+00 3.169503989621304640e+00 2.684373720624144255e+00 2.135651713744219915e+00
3.462465400517639402e+00 2.284933187005608435e+00 1.964480289607939634e+00 1.603372823958817417e+00
3.860741352209485999e+00 1.641700026939084678e+00 1.430853699893252617e+00 1.193387541247285855e+00
4.304829670336041580e+00 1.175391801341458375e+00 1.037893440654436894e+00 8.814530097845114653e-01
4.799999999999999822e+00 8.382944903725072505e-01 7.500670657224456361e-01 6.467485293565623516e-01
