1.000000000230258569e-04 1.932181720176112321e+03 9.245932221034748864e+02 5.421675136713681695e+02
1.115486563971542785e-04 2.160062317776703367e+03 1.032574722882189917e+03 6.052080910178965496e+02
1.244310274114527074e-04 2.388666884911751822e+03 1.140278966556933710e+03 6.679086182864468810e+02
1.388011391866901154e-04 2.652773886569266324e+03 1.264507938304218214e+03 7.401637587219504439e+02
1.548308057910457113e-04 2.982217879349950636e+03 1.419767249731301035e+03 8.305180957392099117e+02
1.727116835090306587e-04 3.342031418216980455e+03 1.588955669252741700e+03 9.288273421789708664e+02
1.926575623508681512e-04 3.709466693718632087e+03 1.760851770994821663e+03 1.028392392494431988e+03
2.149069222004190347e-04 4.154033105921111201e+03 1.969413397232935949e+03 1.149278614449509178e+03
2.397257841638464457e-04 4.645473778686017795e+03 2.200208157589345319e+03 1.282993204207237795e+03
2.674108912107391479e-04 5.169480238880980323e+03 2.446425051338346748e+03 1.425514805659293870e+03
2.982932561365508645e-04 5.782185699857805048e+03 2.736081907171443163e+03 1.593536284418051309e+03
3.327421192670277522e-04 6.427495215254779396e+03 3.042297211394832630e+03 1.771281072281270326e+03
3.711693632243215748e-04 7.155355758410504677e+03 3.390324847226279871e+03 1.973937028597098106e+03
4.140344375392690035e-04 7.957266747824865888e+03 3.776737580423106010e+03 2.199704240933457186e+03
4.618498519902246974e-04 8.813774569831279223e+03 4.192727826600088520e+03 2.443630530031730814e+03
5.151873043487156757e-04 9.752240051708104147e+03 4.652085325327981991e+03 2.714100634293781695e+03
5.746845157973842983e-04 1.077906280960235017e+04 5.158227466236533473e+03 3.013354688771222754e+03
6.410528557468661917e-04 1.189840487308898446e+04 5.713099702599825832e+03 3.342602833951801585e+03
7.150858472165629249e-04 1.312317850376555725e+04 6.322550354269739728e+03 3.705251349694284727e+03
7.976686544726134401e-04 1.445649173318533394e+04 6.987439324568510528e+03 4.101683381231838212e+03
8.897886663605780169e-04 1.589412628950062572e+04 7.705150115662339886e+03 4.530193850246570037e+03
9.925473018708411317e-04 1.748533393871464068e+04 8.499092515863287190e+03 5.004404890187112869e+03
1.107173179088194286e-03 1.921636760730060996e+04 9.361809754381907624e+03 5.519611340793715499e+03
1.235036804978161722e-03 2.109843636298743513e+04 1.029846760483980142e+04 6.078724882262663414e+03
1.377666961646263968e-03 2.313678067766620370e+04 1.131146561754940194e+04 6.683061755688776429e+03
1.536768984990051967e-03 2.535459486557576747e+04 1.241196286685686027e+04 7.339104287396931795e+03
1.714245154289869167e-03 2.773532136576492485e+04 1.359188311876640364e+04 8.042053166501254964e+03
1.912217436523370962e-03 3.029272870495444295e+04 1.485799261788311560e+04 8.795933176534716040e+03
2.133052857342773462e-03 3.300679566444884404e+04 1.620061595543324074e+04 9.595060808413838458e+03
2.379391802059096454e-03 3.587576119039571495e+04 1.761902622367946242e+04 1.043902235280950663e+04
2.654179585009814029e-03 3.887625856910822040e+04 1.910191393668491946e+04 1.132110722319504021e+04
2.960701664764286197e-03 4.198729826332025550e+04 2.063924661016808750e+04 1.223530475919069431e+04
3.302622926212283368e-03 4.517829206838218670e+04 2.221609984457425162e+04 1.317333337500658854e+04
3.684031499205906151e-03 4.840819221369434672e+04 2.381215355519939840e+04 1.412295302101700690e+04
4.109487637665882979e-03 5.163563505027918291e+04 2.540748555264099923e+04 1.507224683488893061e+04
4.584078243567925488e-03 5.480758590316338086e+04 2.697627058807823050e+04 1.600606113160648420e+04
5.113477687716873853e-03 5.786189689406577963e+04 2.848819235984199622e+04 1.690650661809371013e+04
5.704015654503047893e-03 6.072687508281045302e+04 2.990822796783539161e+04 1.775290400155661700e+04
6.362752821816417166e-03 6.332975888949719956e+04 3.120082992437727080e+04 1.852425094630821332e+04
7.097565280973966440e-03 6.553530622280070384e+04 3.229950192659448294e+04 1.918104889051737700e+04
7.917238706014356406e-03 6.724474853929111850e+04 3.315574226511271263e+04 1.969454802554750495e+04
8.831573398280912271e-03 6.837311089423504018e+04 3.372780205894397659e+04 2.003998629113197967e+04
9.851501462242475554e-03 6.880773413651842566e+04 3.395993863054004032e+04 2.018415265962215562e+04
1.098921751354712747e-02 6.843006306400116591e+04 3.379337016660989320e+04 2.009199364086521018e+04
1.225832448210000328e-02 6.715394486843475897e+04 3.318503638862627122e+04 1.973773671228278181e+04
1.367399625343743499e-02 6.492601198743210989e+04 3.210775422305228130e+04 1.910498371910343121e+04
1.525315909299450497e-02 6.174269950089861231e+04 3.055818980957959502e+04 1.819118075801216401e+04
1.701469402243795462e-02 5.768373176591623633e+04 2.857422996094249902e+04 1.701828939301105129e+04
1.897966256774625410e-02 5.292247586860308365e+04 2.623979172461461349e+04 1.563577494772473074e+04
2.117155857815964867e-02 4.773503454492454330e+04 2.368968837270899894e+04 1.412329922176961736e+04
2.361658912683562567e-02 4.248055646251411235e+04 2.110072676756443252e+04 1.258580902033880011e+04
2.634398785175567220e-02 3.755233286613135715e+04 1.866833266726695001e+04 1.113992312656800641e+04
2.938636448329653983e-02 3.329903000195644563e+04 1.656774822794256033e+04 9.890697807647566151e+03
3.278009473753994152e-02 2.992523481513472507e+04 1.490456490124659103e+04 8.902148006460731267e+03
3.656575523702054742e-02 2.738870262175139578e+04 1.366194904423140179e+04 8.165295281705179150e+03
4.078860865897657173e-02 2.535992383484861784e+04 1.267700806728902899e+04 7.583194573670442878e+03
4.549914491170512637e-02 2.323637694117807405e+04 1.164217023547360259e+04 6.970318203794113288e+03
5.075368480951484434e-02 2.047992740953668908e+04 1.027247035628345293e+04 6.152283177231729496e+03
5.661505346402430361e-02 1.712293708849255563e+04 8.571172484037761024e+03 5.127825781764677231e+03
6.315333144310807112e-02 1.389887493062816975e+04 6.917404350797828556e+03 4.126806451685158208e+03
7.044669267860774464e-02 1.162657087598107682e+04 5.761079036539003937e+03 3.428594202298273103e+03
7.858233914112514040e-02 1.033925672709498031e+04 5.145065739034696890e+03 3.065762704855510037e+03
8.765754345719625751e-02 9.199935464415080787e+03 4.609221068258975720e+03 2.752548060363174500e+03
9.778081193473929511e-02 7.618161153994224151e+03 3.788351726721301020e+03 2.251700343084097312e+03
1.090731819023149224e-01 6.181288750120194891e+03 3.025135326203152545e+03 1.781003326481848489e+03
1.216696688736408766e-01 5.316659123065939639e+03 2.618774892766630728e+03 1.544163805528629609e+03
1.357208808401622890e-01 4.513589203043251473e+03 2.232163897168028143e+03 1.316011688198218508e+03
1.513948189927238619e-01 3.704866186386464051e+03 1.802308298556731643e+03 1.048792357898162436e+03
1.688788864024014236e-01 3.117017122097026004e+03 1.528397799174189004e+03 8.908303860757689563e+02
1.883821286769788717e-01 2.582791007338138115e+03 1.261094093680194192e+03 7.289288700464560407e+02
2.101377333831422056e-01 2.139500914354064207e+03 1.048558606929740108e+03 6.039222713801920008e+02
2.344058181183555356e-01 1.762204721135238515e+03 8.667633597156199130e+02 4.960596663736239407e+02
2.614765405675759102e-01 1.444668249521637563e+03 7.177830519717996367e+02 4.096251832854713939e+02
2.916735677297306317e-01 1.175869818655857671e+03 5.919489539178255200e+02 3.363973535430356492e+02
3.253579457932418983e-01 9.494090802230359714e+02 4.873836319813539149e+02 2.764189604279057448e+02
3.629324169301749725e-01 7.591015103195591109e+02 4.002814333776388480e+02 2.270601690481587980e+02
4.048462346221089470e-01 5.998876793224221728e+02 3.275749043770172761e+02 1.863187002628239384e+02
4.516005350914485406e-01 4.676750061231131212e+02 2.668759020674292515e+02 1.527155020818850630e+02
5.037543290608768043e-01 3.590450972976573780e+02 2.162060485849683857e+02 1.249940648003957762e+02
5.619311854805180140e-01 2.710443966366441941e+02 1.739291194302658994e+02 1.021036649311865006e+02
6.268266871357865977e-01 2.010137862565757416e+02 1.387184853397133111e+02 8.318547697328151003e+01
6.992167472777639503e-01 1.464428209731913455e+02 1.094989226658481414e+02 6.753712658653842027e+01
7.799668867126374749e-01 1.048963014266162901e+02 8.539494284796934664e+01 5.458683924986394942e+01
8.700425822703268253e-01 7.401963284009013933e+01 6.568129789791224482e+01 4.386487364977456593e+01
9.705208103821856280e-01 5.160048505751981196e+01 4.975108433193497603e+01 3.499549915544863410e+01
1.082602923786821769e+00 3.565521621015957976e+01 3.707409163606440927e+01 2.767599972058193458e+01
1.207629015322442267e+00 2.450371153400950064e+01 2.716943906119454155e+01 2.166043784979007469e+01
1.347093940544190405e+00 1.679944329407168979e+01 1.958949168933638774e+01 1.674907794326698962e+01
1.502665190738521561e+00 1.151688830823942133e+01 1.391432369985951212e+01 1.277717167781502816e+01
1.676202830030598223e+00 7.907570602942641358e+00 9.756598366435511593e+00 9.605021986457884964e+00
1.869781734959676811e+00 5.442434216927439117e+00 6.771351118881224984e+00 7.109883935143924027e+00
2.085716402426663674e+00 3.755744257296995237e+00 4.664865411686120567e+00 5.181862196366360251e+00
2.326588622626292402e+00 2.598079822227036928e+00 3.198793016084418017e+00 3.720654877682636474e+00
2.595278347831105226e+00 1.800574210610025316e+00 2.188518983919717886e+00 2.635152716345113166e+00
2.894998126105261083e+00 1.249124177246632161e+00 1.496657300982225713e+00 1.844332390808226974e+00
3.229331511649635278e+00 8.664922162488950530e-01 1.024255344659297906e+00 1.278406537878947313e+00
3.602275911025628830e+00 0.000000000000000000e+00 7.018468367542967101e-01 8.796308435258849423e-01
4.018290377542188097e+00 0.000000000000000000e+00 4.815124949183750003e-01 6.021227306576214522e-01
4.482348925252354732e+00 0.000000000000000000e+00 3.305812436972657697e-01 4.108016625979782344e-01
5.000000000000000888e+00 0.000000000000000000e+00 0.000000000000000000e+00 2.797306387644207804e-01
