1.000000000230258569e-04 2.799244385508389428e+02 1.183455699133187267e+02 6.481359731137948188e+01
1.115026695290953366e-04 3.109747672936999265e+02 1.314868783457977202e+02 7.201373195760753276e+01
1.243284530925187648e-04 3.493500827829444120e+02 1.477276962050424913e+02 8.090931427431725353e+01
1.386295441504667143e-04 3.918954789926405056e+02 1.657365462290969447e+02 9.077708371780005336e+01
1.545756424481938766e-04 4.337394837474645897e+02 1.834628780528011589e+02 1.004919551597625826e+02
1.723559677317991945e-04 4.746734440993505473e+02 2.008216246692837217e+02 1.100075472883376762e+02
1.921815050694108094e-04 5.226603592315987044e+02 2.211741093428240674e+02 1.211674389184634038e+02
2.142875084442451923e-04 5.833595432645519168e+02 2.469183038459012494e+02 1.352830938157771641e+02
2.389362923277018713e-04 6.475910093338274010e+02 2.741769130643071435e+02 1.502328888586368976e+02
2.664203443578849946e-04 7.111257304765960043e+02 3.011685783546148514e+02 1.650435544381023760e+02
2.970657960592480913e-04 7.897674758394919081e+02 3.345702800950560913e+02 1.833710902795527886e+02
3.312362927876497001e-04 8.748260614045370858e+02 3.707087112451270059e+02 2.032047847679989161e+02
3.693373088223966556e-04 9.647573339057487374e+02 4.089233342604902077e+02 2.241843226088497261e+02
4.118209588090659132e-04 1.071032801469345713e+03 4.540586087599785401e+02 2.489615870869203036e+02
4.591913626466918256e-04 1.182132572035768590e+03 5.012274713482674429e+02 2.748578918022519701e+02
5.120106274801957584e-04 1.308512836828388117e+03 5.548370256576175734e+02 3.042858175719764517e+02
5.709055177816341068e-04 1.450086669143703148e+03 6.148240023075118188e+02 3.372057670742626669e+02
6.365748926688486646e-04 1.602172663073973354e+03 6.791897397376161507e+02 3.725192176299962057e+02
7.097979987143026312e-04 1.771156889178778101e+03 7.506195266801186108e+02 4.116930345842932297e+02
7.914437166483044659e-04 1.959307311130023663e+03 8.300531266711736862e+02 4.552360681802250042e+02
8.824808716799498404e-04 2.167561432350782525e+03 9.178789395679441441e+02 5.033581772401759054e+02
9.839897297802024153e-04 2.398375430098486049e+03 1.015140202393862410e+03 5.566289436174567982e+02
1.097174816344422205e-03 2.651793894932961848e+03 1.121865181664332340e+03 6.150625577213788802e+02
1.223379209343287413e-03 2.926862199228688496e+03 1.237638033467651894e+03 6.784287943988741745e+02
1.364100476567608111e-03 3.233501870668859738e+03 1.366710086335184997e+03 7.490658972753335547e+02
1.521008446081769522e-03 3.567914072393692095e+03 1.507469324424913793e+03 8.260903222932688550e+02
1.695965020753673102e-03 3.932449892228923090e+03 1.660931512127081533e+03 9.100640675390919796e+02
1.891046271984591709e-03 4.328412836999513274e+03 1.827652089499904605e+03 1.001294322408838752e+03
2.108567074807741158e-03 4.760415132875812560e+03 2.009610337112888828e+03 1.100874282010139950e+03
2.351108576680822643e-03 5.226911333330452180e+03 2.206142251220334401e+03 1.208440373842482586e+03
2.621548825923003187e-03 5.731740981834282138e+03 2.418913164617972598e+03 1.324913958795305462e+03
2.923096923239734257e-03 6.273727438921499925e+03 2.647400622169381677e+03 1.450006008441925587e+03
3.259331101584665453e-03 6.852913056755362049e+03 2.891656919208104682e+03 1.583752861952200647e+03
3.634241186222156913e-03 7.467849979813822756e+03 3.151045467088558325e+03 1.725802404423643793e+03
4.052275938830490927e-03 8.118733093031099088e+03 3.425721830720215621e+03 1.876254963506648210e+03
4.518395847440812539e-03 8.802588396809105689e+03 3.714461654064111372e+03 2.034460475798865446e+03
5.038131988628217865e-03 9.514938914747866875e+03 4.015342219218045557e+03 2.199331879350722829e+03
5.617651660426248826e-03 1.025115573038326511e+04 4.326506672858134152e+03 2.369895498606039382e+03
6.263831564778516575e-03 1.100439820903235159e+04 4.645102846442415284e+03 2.544591822356160719e+03
6.984339407925946493e-03 1.176644580498830328e+04 4.967716158595218076e+03 2.721562576003169852e+03
7.787724887016851671e-03 1.252673445256963896e+04 5.289963472169953093e+03 2.898419184936728470e+03
8.683521142606049834e-03 1.327414565284758828e+04 5.607235452377964975e+03 3.072654718771470925e+03
9.682357880899711625e-03 1.398816498914451768e+04 5.910959721298590921e+03 3.239586835285309917e+03
1.079608750807801998e-02 1.465020694009626277e+04 6.193384081654722650e+03 3.394980549268605955e+03
1.203792577343234388e-02 1.524237084753413546e+04 6.447064708451309343e+03 3.534777717768248749e+03
1.342260859021738965e-02 1.574078152357296676e+04 6.662020717287710795e+03 3.653526564084269467e+03
1.496656689508787767e-02 1.611913557609191412e+04 6.827219932894067824e+03 3.745183251669329820e+03
1.668812162103823840e-02 1.635093133403284810e+04 6.931518459114136022e+03 3.803638584709919087e+03
1.860770109743517184e-02 1.641109545229116338e+04 6.964346370331014441e+03 3.823091888774878498e+03
2.074808345685756270e-02 1.627787167234847220e+04 6.916429327370144165e+03 3.798428672904824452e+03
2.313466692519383291e-02 1.593789312606860221e+04 6.781905670947794533e+03 3.726359925536251467e+03
2.579577120231610690e-02 1.539065573289597341e+04 6.560302916710410500e+03 3.606568455710577837e+03
2.876297350957714855e-02 1.465184812323017104e+04 6.257858178246892749e+03 3.442398952351109983e+03
3.207148329174031032e-02 1.375763880725853596e+04 5.889431446437745763e+03 3.241905051167195779e+03
3.576056001963404812e-02 1.276522788679594851e+04 5.478910920275197896e+03 3.018117317368539716e+03
3.987397905126498221e-02 1.174592854340680969e+04 5.056481000780331669e+03 2.787602162824687184e+03
4.446055107939526907e-02 1.077219157807813826e+04 4.653232033739212056e+03 2.567477246033794017e+03
4.957470132945773766e-02 9.896787647512437616e+03 4.292386894484672666e+03 2.370627665080376573e+03
5.527711538069327024e-02 9.132417871402691162e+03 3.980252668510395779e+03 2.200660389656426560e+03
6.163545927395905344e-02 8.430294868287466670e+03 3.696022840308382911e+03 2.046126322896378042e+03
6.872518245115814828e-02 7.696274208088799242e+03 3.397361738989548485e+03 1.883381386599875668e+03
7.663041305413779980e-02 6.848207392904241715e+03 3.044653451296645471e+03 1.689884362449810624e+03
8.544495620686157200e-02 5.897249213275031252e+03 2.638763338624095013e+03 1.465462367090122143e+03
9.527340712667957401e-02 4.977834508600999470e+03 2.239875759741641559e+03 1.243685481662037319e+03
1.062323922731101822e-01 4.244866165075611207e+03 1.925167584138536540e+03 1.068911094790534889e+03
1.184519532618636822e-01 3.709647746417279905e+03 1.707455659623599558e+03 9.496684329983866064e+02
1.320770899659224340e-01 3.219738476077929135e+03 1.510598222645069200e+03 8.421892611532401816e+02
1.472694811144383831e-01 2.677180072770960123e+03 1.273932151819565206e+03 7.095197022603834967e+02
1.642094028064348954e-01 2.188633970521347692e+03 1.055528082821705766e+03 5.858599117740026259e+02
1.830978677048002712e-01 1.823852482657400969e+03 9.086542629526360315e+02 5.055565275163358478e+02
2.041590102946942431e-01 1.493032359194099627e+03 7.736493959055803771e+02 4.313892356618923714e+02
2.276427465103479653e-01 1.187294701770284746e+03 6.386281218199976593e+02 3.546140006823233080e+02
2.538277392899435103e-01 9.383059954713332900e+02 5.389748723703453379e+02 3.006394658195551415e+02
2.830247052484705095e-01 7.201532426970211418e+02 4.471423819578321286e+02 2.496089642972730189e+02
3.155801017062329072e-01 5.361061048349117755e+02 3.709526599426521898e+02 2.081162042803431405e+02
3.518802378240603601e-01 3.817191164456942829e+02 3.056132607529837060e+02 1.725421806582401700e+02
3.923558586288135031e-01 2.548632470852421932e+02 2.507067142771780368e+02 1.431886472399169747e+02
4.374872563241952172e-01 1.532973685972707472e+02 2.039732695766215045e+02 1.182944612641102538e+02
4.878099695387512202e-01 7.514022020453568018e+01 1.645635291433734722e+02 9.760540407595333079e+01
5.439211381395319123e-01 1.831938646779244451e+01 1.313222477774206709e+02 8.035095241841061409e+01
6.064865890189676811e-01 -1.958131597513867561e+01 1.033463177670709143e+02 6.594971734227267746e+01
6.762487369363893164e-01 -4.149441111776318536e+01 7.991823926697674096e+01 5.394239167866340523e+01
7.540353941672404137e-01 -5.083041707070618287e+01 6.043987126130033261e+01 4.392319223491228541e+01
8.407695934971151086e-01 -5.123548057983495596e+01 4.443241994889572766e+01 3.556227818883203184e+01
9.374805411223435803e-01 -4.618681116209364035e+01 3.149825208836332990e+01 2.858776544840956291e+01
1.045315829426528564e+00 -3.858501222848590828e+01 2.129144260302888725e+01 2.277407996813629509e+01
1.165555054552403824e+00 -3.050004323772790471e+01 1.349072004258090729e+01 1.793932772852840429e+01
1.299625000357985227e+00 -2.314856159414969738e+01 7.774226009546802096e+00 1.393515683265322380e+01
1.449116568932995452e+00 -1.705866662844530879e+01 3.807350189542427543e+00 1.064172226700112489e+01
1.615803658576671964e+00 -1.231221649595568657e+01 1.243911782928628362e+00 7.961780143747050786e+00
1.801664213246928048e+00 -8.761351259699717176e+00 -2.579235610420361757e-01 5.813381843863000498e+00
2.008903693258128342e+00 -6.177163834312810131e+00 -1.012711921660374825e+00 4.125195743505446266e+00
2.239981245735629400e+00 -4.330988209971288860e+00 -1.285597706419641106e+00 2.831715324236371512e+00
2.497638885371206374e+00 -3.027480388187651084e+00 -1.279809473392195418e+00 1.870382785819114879e+00
2.784934031744384253e+00 -2.113832724010316522e+00 -1.136341224052651810e+00 1.180814302288307083e+00
3.105275789304232426e+00 -1.476039559269874957e+00 -9.432883506174560839e-01 7.056215907790043262e-01
3.462465400517639402e+00 -1.031427871000008212e+00 -7.494694938707813225e-01 3.924423994987868425e-01
3.860741352209485999e+00 -7.214700003172576093e-01 -5.778689261592906412e-01 1.960526159730152096e-01
4.304829670336041580e+00 -5.050964081775910497e-01 -4.362295594322636028e-01 7.978377437654736448e-02
4.799999999999999822e+00 0.000000000000000000e+00 -3.243216269497743443e-01 1.574038080199263376e-02
