1.000000000230258569e-04 2.799247033980040555e+02 1.183455687517939339e+02 6.481355707918564235e+01
1.115026695290953366e-04 3.109749476211762271e+02 1.314870735655987914e+02 7.201373908959456571e+01
1.243284530925187648e-04 3.493502787032837205e+02 1.477277088238487295e+02 8.090928408888512990e+01
1.386295441504667143e-04 3.918954826338463704e+02 1.657370175391361613e+02 9.077709124234816329e+01
1.545756424481938766e-04 4.337396202073994118e+02 1.834628642697039709e+02 1.004919506964870237e+02
1.723559677317991945e-04 4.746733790635993273e+02 2.008211309095554782e+02 1.100075952432302557e+02
1.921815050694108094e-04 5.226604497384473689e+02 2.211740598536674440e+02 1.211674480642570444e+02
2.142875084442451923e-04 5.833595202769882917e+02 2.469182354661623435e+02 1.352830819208091953e+02
2.389362923277018713e-04 6.475913085515979901e+02 2.741769235153443560e+02 1.502328831219748793e+02
2.664203443578849946e-04 7.111258146501318151e+02 3.011685218842809491e+02 1.650435336896946410e+02
2.970657960592480913e-04 7.897675818587327967e+02 3.345702384905242184e+02 1.833710423372377534e+02
3.312362927876497001e-04 8.748264074214124548e+02 3.707087679011613659e+02 2.032048376593393186e+02
3.693373088223966556e-04 9.647571781209460369e+02 4.089232941690362395e+02 2.241843704168371119e+02
4.118209588090659132e-04 1.071033251582238563e+03 4.540585897947059379e+02 2.489615780651223247e+02
4.591913626466918256e-04 1.182132820232050335e+03 5.012274859638853286e+02 2.748578803526711454e+02
5.120106274801957584e-04 1.308513500267203653e+03 5.548370560201755097e+02 3.042858171638764020e+02
5.709055177816341068e-04 1.450087439042766846e+03 6.148241102204302706e+02 3.372057677545077468e+02
6.365748926688486646e-04 1.602173250503165491e+03 6.791897290449163620e+02 3.725192249407171516e+02
7.097979987143026312e-04 1.771157782064505454e+03 7.506195310666256546e+02 4.116930688107053129e+02
7.914437166483044659e-04 1.959308532011843909e+03 8.300531431585208111e+02 4.552360663621394110e+02
8.824808716799498404e-04 2.167562969137783057e+03 9.178789658871455686e+02 5.033581840032276205e+02
9.839897297802024153e-04 2.398378059938249862e+03 1.015140218946887330e+03 5.566289167882584934e+02
1.097174816344422205e-03 2.651798485868898297e+03 1.121865239497506536e+03 6.150625546522735476e+02
1.223379209343287413e-03 2.926867068407974330e+03 1.237638144121361165e+03 6.784287802364563049e+02
1.364100476567608111e-03 3.233509833891957442e+03 1.366710208771380394e+03 7.490658587121683922e+02
1.521008446081769522e-03 3.567924977916190073e+03 1.507469480492375169e+03 8.260902801203064882e+02
1.695965020753673102e-03 3.932464617811452626e+03 1.660931744327152273e+03 9.100640563880828040e+02
1.891046271984591709e-03 4.328431884414980232e+03 1.827652375489800761e+03 1.001294291432276168e+03
2.108567074807741158e-03 4.760441422107150174e+03 2.009610725887566332e+03 1.100874238094443172e+03
2.351108576680822643e-03 5.226945884728172132e+03 2.206142783171012525e+03 1.208440313814526007e+03
2.621548825923003187e-03 5.731789473330304645e+03 2.418913857845241182e+03 1.324913869692028584e+03
2.923096923239734257e-03 6.273793360003022826e+03 2.647401562415470835e+03 1.450005888333897701e+03
3.259331101584665453e-03 6.853003299415710899e+03 2.891658268139903612e+03 1.583752697117497064e+03
3.634241186222156913e-03 7.467969540465732280e+03 3.151047221595264091e+03 1.725802185858151915e+03
4.052275938830490927e-03 8.118894732829985514e+03 3.425724208389365231e+03 1.876254687404858259e+03
4.518395847440812539e-03 8.802810580923271118e+03 3.714464961259924621e+03 2.034460071259112283e+03
5.038131988628217865e-03 9.515235786800627466e+03 4.015346612396160708e+03 2.199331365617879328e+03
5.617651660426248826e-03 1.025155329128016092e+04 4.326512579829230162e+03 2.369894804669470432e+03
6.263831564778516575e-03 1.100492877990666966e+04 4.645110704514785539e+03 2.544590887270190706e+03
6.984339407925946493e-03 1.176715108594276717e+04 4.967726584362208996e+03 2.721561343536348431e+03
7.787724887016851671e-03 1.252766791489625939e+04 5.289977275554818334e+03 2.898417542250568204e+03
8.683521142606049834e-03 1.327537535230630965e+04 5.607253644680003163e+03 3.072652550283899927e+03
9.682357880899711625e-03 1.398977595815792301e+04 5.910983563703260188e+03 3.239583999972138827e+03
1.079608750807801998e-02 1.465230439749511970e+04 6.193415136644917766e+03 3.394976854365192594e+03
1.203792577343234388e-02 1.524508363245895453e+04 6.447104898965145367e+03 3.534772935181299090e+03
1.342260859021738965e-02 1.574426402068493189e+04 6.662072345844379015e+03 3.653520418775755843e+03
1.496656689508787767e-02 1.612356853018155016e+04 6.827285706977044356e+03 3.745175419950277956e+03
1.668812162103823840e-02 1.635652068752544983e+04 6.931601469914975496e+03 3.803628695146492191e+03
1.860770109743517184e-02 1.641806814338842378e+04 6.964450045775669423e+03 3.823079533494130374e+03
2.074808345685756270e-02 1.628646724776545307e+04 6.916557307504954224e+03 3.798413412033336954e+03
2.313466692519383291e-02 1.594835203734498100e+04 6.782061646649905015e+03 3.726341315076278079e+03
2.579577120231610690e-02 1.540320584834405417e+04 6.560490436869396945e+03 3.606546065405779245e+03
2.876297350957714855e-02 1.466669259063256141e+04 6.258080475322348320e+03 3.442372388142451655e+03
3.207148329174031032e-02 1.377495425232879643e+04 5.889691416653683518e+03 3.241873956751769583e+03
3.576056001963404812e-02 1.278518343352064767e+04 5.479211419405987726e+03 3.018081338009763385e+03
3.987397905126498221e-02 1.176873121567168710e+04 5.056825540870405348e+03 2.787560862486127462e+03
4.446055107939526907e-02 1.079815627338966806e+04 4.653625882489174728e+03 2.567429973359369342e+03
4.957470132945773766e-02 9.926400471272103459e+03 4.292838124576655900e+03 2.370573423871241175e+03
5.527711538069327024e-02 9.166334801825943941e+03 3.980772271871662724e+03 2.200597820338125985e+03
6.163545927395905344e-02 8.469151797991909916e+03 3.696621935730880523e+03 2.046054033052877003e+03
6.872518245115814828e-02 7.740293408164504399e+03 3.398045380114353975e+03 1.883298704021651929e+03
7.663041305413779980e-02 6.896801527016819819e+03 3.045413862541965500e+03 1.689792179401016938e+03
8.544495620686157200e-02 5.949152644017595776e+03 2.639581078878670723e+03 1.465363036431625915e+03
9.527340712667957401e-02 5.032175021227109937e+03 2.240736814962749122e+03 1.243580736100924469e+03
1.062323922731101822e-01 4.302386042906464354e+03 1.926085580044017433e+03 1.068799222024441178e+03
1.184519532618636822e-01 3.772145571160020609e+03 1.708465737863194818e+03 9.495448964863284118e+02
1.320770899659224340e-01 3.287285730256969146e+03 1.511706923725359047e+03 8.420530603140311996e+02
1.472694811144383831e-01 2.747195147615568203e+03 1.275091941707446267e+03 7.093770021683216100e+02
1.642094028064348954e-01 2.260166131613685138e+03 1.056720134881952390e+03 5.857133197643888707e+02
1.830978677048002712e-01 1.898739252766851223e+03 9.099281460701050719e+02 5.053991032703269184e+02
2.041590102946942431e-01 1.570461428683657687e+03 7.749965011949940390e+02 4.312219546798285705e+02
2.276427465103479653e-01 1.265564750339289276e+03 6.400097533810697996e+02 3.544426104664523223e+02
2.538277392899435103e-01 1.017788777259257472e+03 5.404253459211046220e+02 3.004582925388327794e+02
2.830247052484705095e-01 7.996013467333453946e+02 4.486407403861804823e+02 2.494212080862749872e+02
3.155801017062329072e-01 6.146627847913485994e+02 3.725026295422534304e+02 2.079206665224650408e+02
3.518802378240603601e-01 4.582062207653655719e+02 3.072081065004468314e+02 1.723394964544923198e+02
3.923558586288135031e-01 3.280166005442800383e+02 2.523440695666160707e+02 1.429781805534917964e+02
4.374872563241952172e-01 2.217335077326346493e+02 2.056445258604937294e+02 1.180766928169124128e+02
4.878099695387512202e-01 1.375124461712867401e+02 1.662601998516821027e+02 9.738020182033538674e+01
5.439211381395319123e-01 7.344423418794627878e+01 1.330325003270548336e+02 8.011841170213870100e+01
6.064865890189676811e-01 2.744277526810660106e+01 1.050547762470709330e+02 6.571012768640650847e+01
6.762487369363893164e-01 -2.946848011397958711e+00 8.160608718302613340e+01 5.369619266104295718e+01
7.540353941672404137e-01 -2.057931750380106450e+01 6.208463724267821249e+01 4.367113578995317624e+01
8.407695934971151086e-01 -2.856933476637797042e+01 4.600882916552386348e+01 3.530546373657656289e+01
9.374805411223435803e-01 -2.999698589726965281e+01 3.297961617620050134e+01 2.832770655571104612e+01
1.045315829426528564e+00 -2.756889675262288364e+01 2.265175425890141980e+01 2.251279845970967841e+01
1.165555054552403824e+00 -2.336660296023252670e+01 1.470746572152606646e+01 1.767936547037605166e+01
1.299625000357985227e+00 -1.876763862427242913e+01 8.831217281925432872e+00 1.367958805682592249e+01
1.449116568932995452e+00 -1.453144884016649208e+01 4.697060683832129158e+00 1.039407736409772731e+01
1.615803658576671964e+00 -1.097511354631713054e+01 1.968541907795281265e+00 7.725852857124181128e+00
1.801664213246928048e+00 -8.152224347071951982e+00 3.129383360651197266e-01 5.592976800715764973e+00
2.008903693258128342e+00 -5.988935179849264934e+00 -5.773840670332814895e-01 3.923768891030469330e+00
2.239981245735629400e+00 -4.367968890941407167e+00 -9.637283197254888911e-01 2.651997049866321454e+00
2.497638885371206374e+00 -3.170150036878048638e+00 -1.048572042245424774e+00 1.714064830697208608e+00
2.784934031744384253e+00 -2.292789424996721337e+00 -9.745515720263085990e-01 1.048355522075763879e+00
3.105275789304232426e+00 -1.653776298802573264e+00 -8.328078852957099265e-01 5.962523014725105153e-01
3.462465400517639402e+00 -1.189915754638156242e+00 -6.757073554938348714e-01 3.043557143333722181e-01
3.860741352209485999e+00 -8.540654700872749583e-01 -5.296493904817675125e-01 1.267291671051595514e-01
4.304829670336041580e+00 -6.113630552094058146e-01 -4.053288888347988950e-01 2.635529943578655138e-02
4.799999999999999822e+00 0.000000000000000000e+00 -3.048875011475622454e-01 -2.468726243012376101e-02
