1.000000000230258569e-04 4.565174280458393810e+02 1.906382948041264171e+02 1.042846427207786490e+02
1.115026695290953366e-04 5.026641710917606360e+02 2.099546683291106319e+02 1.148517768907223484e+02
1.243284530925187648e-04 5.615259910120416862e+02 2.345839573303321686e+02 1.283257899214067379e+02
1.386295441504667143e-04 6.314504025778622918e+02 2.638456027670835624e+02 1.443312135229507192e+02
1.545756424481938766e-04 7.048456205794175276e+02 2.945869797292771750e+02 1.611466558748676050e+02
1.723559677317991945e-04 7.752457852934206812e+02 3.241280860431015753e+02 1.773067396770084656e+02
1.921815050694108094e-04 8.486950052851376540e+02 3.549935404155395986e+02 1.941902958545080367e+02
2.142875084442451923e-04 9.407374381968199941e+02 3.936694691432760465e+02 2.153478911006437500e+02
2.389362923277018713e-04 1.050529564440955710e+03 4.398114832521436597e+02 2.405891604195477385e+02
2.664203443578849946e-04 1.158455273830491478e+03 4.852605110610402335e+02 2.654518518481540923e+02
2.970657960592480913e-04 1.275971139283685716e+03 5.348034949909750821e+02 2.925541721296347646e+02
3.312362927876497001e-04 1.420989992561245572e+03 5.959020216569568902e+02 3.259795971507109584e+02
3.693373088223966556e-04 1.565094042577479740e+03 6.567112108120027187e+02 3.592478677605886901e+02
4.118209588090659132e-04 1.736193622433037717e+03 7.288569042942289116e+02 3.987220139513589743e+02
4.591913626466918256e-04 1.916726169635752740e+03 8.049930161271537372e+02 4.403827779469803545e+02
5.120106274801957584e-04 2.126027739661256874e+03 8.931611700092429373e+02 4.886323730390445235e+02
5.709055177816341068e-04 2.345587141222134960e+03 9.855944512596349796e+02 5.392227414147326954e+02
6.365748926688486646e-04 2.596995528422564803e+03 1.091264302566907645e+03 5.970670503109190577e+02
7.097979987143026312e-04 2.875987506799703624e+03 1.208359038517319959e+03 6.611742544907910997e+02
7.914437166483044659e-04 3.180816522814148811e+03 1.336108908036325374e+03 7.311253651974629975e+02
8.824808716799498404e-04 3.516472861334448226e+03 1.476569889682081111e+03 8.080466073045172379e+02
9.839897297802024153e-04 3.885912652287960555e+03 1.630968188581537561e+03 8.926089041886510813e+02
1.097174816344422205e-03 4.289700487283202165e+03 1.799537225507492849e+03 9.849366135338202639e+02
1.223379209343287413e-03 4.737635271166593157e+03 1.986381571342804818e+03 1.087274856865211177e+03
1.364100476567608111e-03 5.229276675636415348e+03 2.191345942566037593e+03 1.199540659054044227e+03
1.521008446081769522e-03 5.768176422123472548e+03 2.415937677015091140e+03 1.322553680572629219e+03
1.695965020753673102e-03 6.353695272537205710e+03 2.659928100462416751e+03 1.456188654906545025e+03
1.891046271984591709e-03 6.993034228906871249e+03 2.926359999441574473e+03 1.602114631275937882e+03
2.108567074807741158e-03 7.683505884585068088e+03 3.214125193762195067e+03 1.759722733223723026e+03
2.351108576680822643e-03 8.435438600452782339e+03 3.527604852608159945e+03 1.931421325824231872e+03
2.621548825923003187e-03 9.242550940835144502e+03 3.864170706873660492e+03 2.115768656923039543e+03
2.923096923239734257e-03 1.010722039246691747e+04 4.224839546198965763e+03 2.313325224500117201e+03
3.259331101584665453e-03 1.102992627405004896e+04 4.609867820860141364e+03 2.524244035031919339e+03
3.634241186222156913e-03 1.200752859262592574e+04 5.017949360574340062e+03 2.747812645148220781e+03
4.052275938830490927e-03 1.303468880646668185e+04 5.446871004689100118e+03 2.982826360713675058e+03
4.518395847440812539e-03 1.410794138207752258e+04 5.895255917626162955e+03 3.228545453666713911e+03
5.038131988628217865e-03 1.521860958771490368e+04 6.359559574217468253e+03 3.483056359133331171e+03
5.617651660426248826e-03 1.635614531811993947e+04 6.835395364275044813e+03 3.743960862902873487e+03
6.263831564778516575e-03 1.750792840579842959e+04 7.317565475641904413e+03 4.008430336697182156e+03
6.984339407925946493e-03 1.865829135219012460e+04 7.799617344940125804e+03 4.272955668906280152e+03
7.787724887016851671e-03 1.978918129200408293e+04 8.274108175938428758e+03 4.533484901121149051e+03
8.683521142606049834e-03 2.087907818054391828e+04 8.732172318946008090e+03 4.785186474263799937e+03
9.682357880899711625e-03 2.190221596622790821e+04 9.163159340706988587e+03 5.022257382603316728e+03
1.079608750807801998e-02 2.283555149594658360e+04 9.557581682047191862e+03 5.239528018584175697e+03
1.203792577343234388e-02 2.362993159147955521e+04 9.894998130487358139e+03 5.425814098563937478e+03
1.342260859021738965e-02 2.424954155655422801e+04 1.016053744495916180e+04 5.572978021909210838e+03
1.496656689508787767e-02 2.466465199357948950e+04 1.034183598426324352e+04 5.674257647745534996e+03
1.668812162103823840e-02 2.483442686105260873e+04 1.042177711732461285e+04 5.720252758437356533e+03
1.860770109743517184e-02 2.471938344622657678e+04 1.038370691539769723e+04 5.701787637819525116e+03
2.074808345685756270e-02 2.428945643952392493e+04 1.021477044766808649e+04 5.611754979867408110e+03
2.313466692519383291e-02 2.352991774436920969e+04 9.908362189331712216e+03 5.446435166920364281e+03
2.579577120231610690e-02 2.244465174808146185e+04 9.465377411999419564e+03 5.206137676759324677e+03
2.876297350957714855e-02 2.106736301402824756e+04 8.899167358949729532e+03 4.897994698439403692e+03
3.207148329174031032e-02 1.946531918343021607e+04 8.237138266274194393e+03 4.536882125187543352e+03
3.576056001963404812e-02 1.773710476542868491e+04 7.519975293912582856e+03 4.144975742897868258e+03
3.987397905126498221e-02 1.600554235936374607e+04 6.799094992177394488e+03 3.750465147840469854e+03
4.446055107939526907e-02 1.439553824787307349e+04 6.127701715289455933e+03 3.382719351024612024e+03
4.957470132945773766e-02 1.300293249203418054e+04 5.547704321812268972e+03 3.065083492544881665e+03
5.527711538069327024e-02 1.186125448240504375e+04 5.075264641610325270e+03 2.806831799467500787e+03
6.163545927395905344e-02 1.091771132705386663e+04 4.689345760630939367e+03 2.596630185990122300e+03
6.872518245115814828e-02 1.001277207712542622e+04 4.320122471488129122e+03 2.395570762172423201e+03
7.663041305413779980e-02 8.978776300646193704e+03 3.889802310860532543e+03 2.159474371520741443e+03
8.544495620686157200e-02 7.752759216509422004e+03 3.363289987004088289e+03 1.867327988360360450e+03
9.527340712667957401e-02 6.483984456206610048e+03 2.804139879410518461e+03 1.554141639529129861e+03
1.062323922731101822e-01 5.435880314573229953e+03 2.340259640770367696e+03 1.293623995106764369e+03
1.184519532618636822e-01 4.723551326154214621e+03 2.040105277531650927e+03 1.127672920197655458e+03
1.320770899659224340e-01 4.180805181484124660e+03 1.827541010644230482e+03 1.013431012605932665e+03
1.472694811144383831e-01 3.572518356331458108e+03 1.567541736202531183e+03 8.687348532210552321e+02
1.642094028064348954e-01 2.948890588874313835e+03 1.277530391712993605e+03 7.017535686110235247e+02
1.830978677048002712e-01 2.484336779596611905e+03 1.077289839483785954e+03 5.896867335209296925e+02
2.041590102946942431e-01 2.114026139722122934e+03 9.336440963932776640e+02 5.136071510081023916e+02
2.276427465103479653e-01 1.753465829437054708e+03 7.717340517927250403e+02 4.207062990001497838e+02
2.538277392899435103e-01 1.455280130970348182e+03 6.456463166608511983e+02 3.506403153525328094e+02
2.830247052484705095e-01 1.202151257467862251e+03 5.427896357810727750e+02 2.951182184827262063e+02
3.155801017062329072e-01 9.829138339605760848e+02 4.499937521184706952e+02 2.431505170025196776e+02
3.518802378240603601e-01 7.972162204707944966e+02 3.746948927427223452e+02 2.028419682288230774e+02
3.923558586288135031e-01 6.393106392811715750e+02 3.099511762227625127e+02 1.677706317917306365e+02
4.374872563241952172e-01 5.061887854186559252e+02 2.555413172845696010e+02 1.387867264460956278e+02
4.878099695387512202e-01 3.949028156667848748e+02 2.097024393473875818e+02 1.147112098893483392e+02
5.439211381395319123e-01 3.029931807707627058e+02 1.710162608027735587e+02 9.457380249323784938e+01
6.064865890189676811e-01 2.282926717301668020e+02 1.384395790410960387e+02 7.779264381858655497e+01
6.762487369363893164e-01 1.687740327317523850e+02 1.110646455222150593e+02 6.380673162880361815e+01
7.540353941672404137e-01 1.224408480733598026e+02 8.815088255587011190e+01 5.214736502782163541e+01
8.407695934971151086e-01 8.727856028824568568e+01 6.908726285679730950e+01 4.242328829854425720e+01
9.374805411223435803e-01 6.128054944189047148e+01 5.336757465348736673e+01 3.431106086394643029e+01
1.045315829426528564e+00 4.252494716018439647e+01 4.056582998512647009e+01 2.755030667395097055e+01
1.165555054552403824e+00 2.927967584509082855e+01 3.030594048798750251e+01 2.192677343593346961e+01
1.299625000357985227e+00 2.007854282844546390e+01 2.224171351054532764e+01 1.726748755041527161e+01
1.449116568932995452e+00 1.375663233064827118e+01 1.604218127734811361e+01 1.343233639272627400e+01
1.615803658576671964e+00 9.438561133254079749e+00 1.138753677388656094e+01 1.030390312205521042e+01
1.801664213246928048e+00 6.494152697290338061e+00 7.974395417058826041e+00 7.783740920676345709e+00
2.008903693258128342e+00 4.483839092562708295e+00 5.525823115024208754e+00 5.785223328674534038e+00
2.239981245735629400e+00 3.107042448762699305e+00 3.801902197723673993e+00 4.229596924845562711e+00
2.497638885371206374e+00 2.160176776412871646e+00 2.605615902834059749e+00 3.043532712195718748e+00
2.784934031744384253e+00 1.506008632759821220e+00 1.783654254025227592e+00 2.158559315973036519e+00
3.105275789304232426e+00 1.052030470826984976e+00 1.222031081516714135e+00 1.512107651595649083e+00
3.462465400517639402e+00 7.356597888842104638e-01 8.390240808100378755e-01 1.048969538254800993e+00
3.860741352209485999e+00 5.144297762613833092e-01 5.776546959937681747e-01 7.226633424082682389e-01
4.304829670336041580e+00 3.593056221658322280e-01 3.988400616363600437e-01 4.957561079065146981e-01
4.799999999999999822e+00 0.000000000000000000e+00 2.760680914010277820e-01 3.394352679906125214e-01
