1.000000000230258569e-04 2.845828341585644807e+02 1.190018869396511718e+02 6.541322883377281983e+01
1.115026695290953366e-04 3.107612791662800191e+02 1.299241621277760430e+02 7.141685660642107791e+01
1.243284530925187648e-04 3.429505637500099056e+02 1.433531380506612720e+02 7.879772647071303027e+01
1.386295441504667143e-04 3.837074149607111622e+02 1.603589726152874846e+02 8.814701929706762940e+01
1.545756424481938766e-04 4.325624266495074721e+02 1.807426610330280141e+02 9.935266423986311679e+01
1.723559677317991945e-04 4.851319853302206297e+02 2.026607957188827527e+02 1.114017542913729670e+02
1.921815050694108094e-04 5.368977395418266951e+02 2.242117698598209188e+02 1.232496884262629635e+02
2.142875084442451923e-04 5.905886349745258030e+02 2.465325512279692930e+02 1.355212102301538835e+02
2.389362923277018713e-04 6.562961486221021232e+02 2.738470786785868540e+02 1.505389744058840904e+02
2.664203443578849946e-04 7.356503898929610159e+02 3.068385915782652660e+02 1.686784343347906940e+02
2.970657960592480913e-04 8.163130062749357876e+02 3.403264162819732519e+02 1.870914160466185763e+02
3.312362927876497001e-04 9.023985814414677407e+02 3.760264147224052635e+02 2.067217827914944905e+02
3.693373088223966556e-04 1.008526676288702220e+03 4.200766361761246799e+02 2.309447675300105232e+02
4.118209588090659132e-04 1.117209592938984315e+03 4.651500832414996012e+02 2.557318514918983112e+02
4.591913626466918256e-04 1.242360883904712182e+03 5.170851505212634720e+02 2.842928707998974005e+02
5.120106274801957584e-04 1.378969069023135035e+03 5.738094413847377382e+02 3.154896426165957450e+02
5.709055177816341068e-04 1.532966431770018744e+03 6.378160187348896670e+02 3.506919487737843042e+02
6.365748926688486646e-04 1.697592754565596579e+03 7.063073481100217350e+02 3.883617324910877642e+02
7.097979987143026312e-04 1.886378470030232620e+03 7.849847578951396372e+02 4.316351734331773287e+02
7.914437166483044659e-04 2.093204084707904258e+03 8.712887800267618559e+02 4.791028815486237704e+02
8.824808716799498404e-04 2.319273859425300998e+03 9.657442496047284521e+02 5.310539081984651375e+02
9.839897297802024153e-04 2.568877644914109169e+03 1.070165487583427193e+03 5.884864791835556161e+02
1.097174816344422205e-03 2.844481131609945351e+03 1.185587968571925785e+03 6.519698223241178994e+02
1.223379209343287413e-03 3.146213272472255085e+03 1.312054504782459844e+03 7.215268370337339547e+02
1.364100476567608111e-03 3.475880490436927175e+03 1.450297328773335494e+03 7.975581579301298234e+02
1.521008446081769522e-03 3.843214834995098954e+03 1.604424186239674100e+03 8.823303831339540011e+02
1.695965020753673102e-03 4.239780294979464088e+03 1.770837967116382060e+03 9.738602135370143742e+02
1.891046271984591709e-03 4.673657348934052607e+03 1.952939637847035556e+03 1.074026087293137607e+03
2.108567074807741158e-03 5.147510893642880546e+03 2.151837647335116799e+03 1.183440384542205493e+03
2.351108576680822643e-03 5.663033112177987277e+03 2.368246543047598152e+03 1.302501749668082539e+03
2.621548825923003187e-03 6.216903395528935107e+03 2.600714941860748695e+03 1.430406434807501682e+03
2.923096923239734257e-03 6.815690646490389554e+03 2.852059009601773596e+03 1.568715575033764480e+03
3.259331101584665453e-03 7.458742332796763549e+03 3.122013803528337121e+03 1.717285100156994758e+03
3.634241186222156913e-03 8.143899150112165444e+03 3.409652464968595723e+03 1.875601526884474197e+03
4.052275938830490927e-03 8.871200312895498428e+03 3.715031490567683704e+03 2.043705875359435595e+03
4.518395847440812539e-03 9.638825502067653360e+03 4.037452759635252733e+03 2.221229239450688510e+03
5.038131988628217865e-03 1.044157081938396550e+04 4.374678514276188253e+03 2.406918721151291720e+03
5.617651660426248826e-03 1.127466374601415009e+04 4.724818316240587592e+03 2.599752860276799311e+03
6.263831564778516575e-03 1.213071429946803801e+04 5.084849454344706828e+03 2.798092380502669130e+03
6.984339407925946493e-03 1.300021412613168650e+04 5.450805988086344769e+03 2.999745703118409438e+03
7.787724887016851671e-03 1.387134975210246921e+04 5.817819483912985561e+03 3.202041385360271761e+03
8.683521142606049834e-03 1.472939488627023820e+04 6.179800577166653056e+03 3.401647531113366313e+03
9.682357880899711625e-03 1.555658727681040727e+04 6.529404968732166708e+03 3.594522019725161044e+03
1.079608750807801998e-02 1.633184019677733704e+04 6.857925610846309610e+03 3.775891683326903149e+03
1.203792577343234388e-02 1.703168141064548763e+04 7.155585891583961711e+03 3.940398562520046653e+03
1.342260859021738965e-02 1.762937732495824821e+04 7.411368403054973896e+03 4.081964322548374184e+03
1.496656689508787767e-02 1.809550636404211036e+04 7.613033416745464820e+03 4.193914532402600344e+03
1.668812162103823840e-02 1.839923201874228107e+04 7.747661467364341661e+03 4.269095011079290089e+03
1.860770109743517184e-02 1.851009365257048557e+04 7.802572811066404029e+03 4.300519983738574410e+03
2.074808345685756270e-02 1.840117559531795268e+04 7.766387957580340299e+03 4.281932408483134168e+03
2.313466692519383291e-02 1.805277133165176201e+04 7.630672107623112424e+03 4.208645264205273634e+03
2.579577120231610690e-02 1.745807375475755180e+04 7.392241359625701079e+03 4.078851608927210236e+03
2.876297350957714855e-02 1.662691736978134213e+04 7.054756373590455041e+03 3.894488921928193122e+03
3.207148329174031032e-02 1.559271699221955350e+04 6.631683949629403287e+03 3.662886563704551008e+03
3.576056001963404812e-02 1.441425032965527862e+04 6.147205060773429977e+03 3.397276148694168569e+03
3.987397905126498221e-02 1.317147402738119308e+04 5.634681924306473775e+03 3.115993637758547720e+03
4.446055107939526907e-02 1.195495279545203994e+04 5.132497768710399214e+03 2.840219022631598818e+03
4.957470132945773766e-02 1.084510812499494205e+04 4.675496052537913783e+03 2.589292653893663555e+03
5.527711538069327024e-02 9.887445065061036075e+03 4.284379539832869341e+03 2.374844921603503280e+03
6.163545927395905344e-02 9.070112940642540707e+03 3.955402206172883780e+03 2.194994228694400135e+03
6.872518245115814828e-02 8.319594826112037481e+03 3.657013801242031150e+03 2.032266845735709467e+03
7.663041305413779980e-02 7.502706029400184889e+03 3.327889153828934468e+03 1.852064486050911000e+03
8.544495620686157200e-02 6.552668414491184194e+03 2.932667105367400382e+03 1.633753913040415000e+03
9.527340712667957401e-02 5.526034671949850235e+03 2.491668326816167792e+03 1.387931168193304984e+03
1.062323922731101822e-01 4.598912225907543871e+03 2.088059983848329466e+03 1.161843826982076735e+03
1.184519532618636822e-01 3.904934551993409968e+03 1.795719926590800242e+03 9.992118184449425371e+02
1.320770899659224340e-01 3.388857440860972929e+03 1.596041663707345378e+03 8.908133158066892747e+02
1.472694811144383831e-01 2.878644474478213851e+03 1.393112500112369389e+03 7.796850867621820953e+02
1.642094028064348954e-01 2.337082324061336749e+03 1.153026721671010364e+03 6.433775956416898225e+02
1.830978677048002712e-01 1.886633269983944729e+03 9.560802285236803755e+02 5.317522448474740031e+02
2.041590102946942431e-01 1.537723261199516628e+03 8.234342365108695958e+02 4.607177963448525588e+02
2.276427465103479653e-01 1.214187849461117366e+03 6.896249422315977426e+02 3.863869923518034284e+02
2.538277392899435103e-01 9.327754062551579182e+02 5.688336622974286456e+02 3.180907844894205709e+02
2.830247052484705095e-01 6.993639126496665313e+02 4.766839873302353112e+02 2.689487026263869325e+02
3.155801017062329072e-01 5.001851984063600867e+02 3.919920190718365802e+02 2.219353189116509952e+02
3.518802378240603601e-01 3.361359170481943579e+02 3.227259890918280121e+02 1.849672987444811270e+02
3.923558586288135031e-01 2.036026993616520144e+02 2.630106645550093845e+02 1.528086487238273037e+02
4.374872563241952172e-01 1.005364281200562999e+02 2.128401935281818567e+02 1.263797314713810493e+02
4.878099695387512202e-01 2.453335349893754724e+01 1.703563972323240989e+02 1.041478884192898420e+02
5.439211381395319123e-01 -2.712610823732751797e+01 1.345382467339457264e+02 8.557715077390302838e+01
6.064865890189676811e-01 -5.781275086852239298e+01 1.044673325560622743e+02 7.008221577199003605e+01
6.762487369363893164e-01 -7.157980771483559579e+01 7.938366632918386756e+01 5.714472452119746038e+01
7.540353941672404137e-01 -7.293792476322227003e+01 5.866986752577390263e+01 4.633620540665044985e+01
8.407695934971151086e-01 -6.639437959313386273e+01 4.182624799892341372e+01 3.730846277185102622e+01
9.374805411223435803e-01 -5.589744106894734443e+01 2.842655668239194711e+01 2.977348389614358837e+01
1.045315829426528564e+00 -4.441396119213819560e+01 1.808381835792660297e+01 2.349516683951958029e+01
1.165555054552403824e+00 -3.379038406973811703e+01 1.041773119843456108e+01 1.828431417539500003e+01
1.299625000357985227e+00 -2.489676543225200689e+01 5.032011129733230170e+00 1.398603977226610695e+01
1.449116568932995452e+00 -1.792636713126848491e+01 1.509636219952929848e+00 1.047541027174375294e+01
1.615803658576671964e+00 -1.270335093231038748e+01 -5.740347462175278137e-01 7.648997592876669138e+00
1.801664213246928048e+00 -8.907106897543455304e+00 -1.623335802470513567e+00 5.417212777537645962e+00
2.008903693258128342e+00 -6.203952825128121518e+00 -1.992012833804973404e+00 3.698927693766087543e+00
2.239981245735629400e+00 -4.305132055183451101e+00 -1.960745436266443820e+00 2.416732613051056244e+00
2.497638885371206374e+00 -2.982400665710394083e+00 -1.730279088093060302e+00 1.495134671012253280e+00
2.784934031744384253e+00 -2.065544390393432739e+00 -1.429080561030760199e+00 8.610772015293097770e-01
3.105275789304232426e+00 -1.431469736402978254e+00 -1.129565414844444948e+00 4.463993497483110806e-01
3.462465400517639402e+00 -9.930585796272068944e-01 -8.659816833759090837e-01 1.908702193168227701e-01
3.860741352209485999e+00 -6.896788833034798172e-01 -6.496693680902634327e-01 4.463760401559741658e-02
4.304829670336041580e+00 -4.793179590017609404e-01 -4.798328457920368328e-01 -3.081458795100870326e-02
4.799999999999999822e+00 0.000000000000000000e+00 -3.503670369865520273e-01 -6.328147605504048923e-02
