1.000000000230258569e-04 5.003252649930193911e+03 2.030299026733113351e+03 1.131103249045647317e+03
1.115486563971542785e-04 5.553801496165497156e+03 2.250769316549359246e+03 1.253463162638075119e+03
1.244310274114527074e-04 6.085762171293738902e+03 2.461905639962179521e+03 1.370319028080492672e+03
1.388011391866901154e-04 6.699695160776846933e+03 2.705178720125685231e+03 1.504862725082138695e+03
1.548308057910457113e-04 7.483570717417637752e+03 3.017125960960695011e+03 1.677560643062019835e+03
1.727116835090306587e-04 8.329850704155691346e+03 3.353055680226821551e+03 1.863308021668788797e+03
1.926575623508681512e-04 9.161499127502434931e+03 3.680697438925907136e+03 2.043923835307946320e+03
2.149069222004190347e-04 1.018117360498771632e+04 4.084617364138081484e+03 2.266837412200847211e+03
2.397257841638464457e-04 1.129927540948118622e+04 4.528588184583448310e+03 2.511840890098399541e+03
2.674108912107391479e-04 1.245919625018607985e+04 4.989523721585665044e+03 2.766009559912196437e+03
2.982932561365508645e-04 1.382870825065165809e+04 5.538912201990643553e+03 3.069693014334540749e+03
3.327421192670277522e-04 1.523073588304185614e+04 6.104064037962278235e+03 3.382300163119236458e+03
3.711693632243215748e-04 1.681401231993793044e+04 6.748755242246738817e+03 3.740013399106876932e+03
4.140344375392690035e-04 1.854213591524981166e+04 7.458973750141858545e+03 4.135287962251901263e+03
4.618498519902246974e-04 2.035853814698945644e+04 8.212261503720686960e+03 4.555864165778782990e+03
5.151873043487156757e-04 2.233945776194915015e+04 9.040527117018744320e+03 5.019894303849346215e+03
5.746845157973842983e-04 2.449814453590178164e+04 9.949048607416441882e+03 5.530546296916607389e+03
6.410528557468661917e-04 2.683994357622262396e+04 1.093934543974531152e+04 6.088660095901704153e+03
7.150858472165629249e-04 2.939414605368991033e+04 1.202227389499912169e+04 6.700145748456285219e+03
7.976686544726134401e-04 3.216126877659203092e+04 1.319642211686592236e+04 7.363936863671446190e+03
8.897886663605780169e-04 3.511612548078488180e+04 1.445011417934699966e+04 8.073212660102487462e+03
9.925473018708411317e-04 3.838715889971736760e+04 1.583576906565956415e+04 8.857094455891126927e+03
1.107173179088194286e-03 4.191927934951166390e+04 1.732931347311497302e+04 9.701687476812412569e+03
1.235036804978161722e-03 4.573387384196541825e+04 1.893930712519693770e+04 1.061162971440649380e+04
1.377666961646263968e-03 4.983595507203068701e+04 2.066773056688634097e+04 1.158792214227061413e+04
1.536768984990051967e-03 5.428197706928729895e+04 2.253801414495309291e+04 1.264360597561351096e+04
1.714245154289869167e-03 5.902393358641945815e+04 2.453025269705403480e+04 1.376748601084764232e+04
1.912217436523370962e-03 6.410403562436969514e+04 2.666201873565622736e+04 1.496945856160389303e+04
2.133052857342773462e-03 6.947497795289712667e+04 2.891364617610934147e+04 1.623849795849479960e+04
2.379391802059096454e-03 7.514439937174686929e+04 3.128903712552977231e+04 1.757681226434961718e+04
2.654179585009814029e-03 8.106480851919867564e+04 3.376933726925802330e+04 1.897374210685475191e+04
2.960701664764286197e-03 8.720248209387274983e+04 3.634087229556166130e+04 2.042212343195514040e+04
3.302622926212283368e-03 9.350493510825627891e+04 3.898071006072489399e+04 2.190920812420265429e+04
3.684031499205906151e-03 9.989474669715484197e+04 4.165732803777718073e+04 2.341671624021198295e+04
4.109487637665882979e-03 1.062906723274775140e+05 4.433761413529836136e+04 2.492634235139067459e+04
4.584078243567925488e-03 1.125858107718533865e+05 4.697756244381482247e+04 2.641348366657595761e+04
5.113477687716873853e-03 1.186528093086899316e+05 4.952464269125337887e+04 2.784872741705224325e+04
5.704015654503047893e-03 1.243426383333053236e+05 5.191734161595045589e+04 2.919761310569271882e+04
6.362752821816417166e-03 1.294840681091485603e+05 5.408495064814021316e+04 3.042050916643699384e+04
7.097565280973966440e-03 1.338830441002619918e+05 5.594716147699992143e+04 3.147237212033941978e+04
7.917238706014356406e-03 1.373299724358349631e+05 5.741715665379924758e+04 3.230449252062001324e+04
8.831573398280912271e-03 1.395993573014889262e+05 5.840125544421785162e+04 3.286426170528507646e+04
9.851501462242475554e-03 1.404632236496146361e+05 5.880439982311592030e+04 3.309822401426787110e+04
1.098921751354712747e-02 1.397038800555383787e+05 5.853521163993940718e+04 3.295492139731510542e+04
1.225832448210000328e-02 1.371379360910691903e+05 5.751584009736073494e+04 3.239032623072274146e+04
1.367399625343743499e-02 1.326527321830098808e+05 5.569682165901063854e+04 3.137621563013511695e+04
1.525315909299450497e-02 1.262474328972156218e+05 5.307425843525971868e+04 2.990977055529946665e+04
1.701469402243795462e-02 1.180781191420299147e+05 4.970871084069291101e+04 2.802423762587055535e+04
1.897966256774625410e-02 1.084927489642909495e+05 4.574049826529205893e+04 2.579769557679323407e+04
2.117155857815964867e-02 9.804306937219573592e+04 4.139608789917502145e+04 2.335677397605573424e+04
2.361658912683562567e-02 8.744197026884018851e+04 3.697227420876110409e+04 2.086822752516481705e+04
2.634398785175567220e-02 7.745731738977045461e+04 3.279400755570553883e+04 1.851549955692711228e+04
2.938636448329653983e-02 6.875490139741230814e+04 2.915006813682584834e+04 1.646284671802369485e+04
3.278009473753994152e-02 6.170467478821565601e+04 2.621047619398750976e+04 1.480858605677748892e+04
3.656575523702054742e-02 5.619651215821588994e+04 2.394250182738401782e+04 1.353666310261100080e+04
4.078860865897657173e-02 5.160713607374885760e+04 2.208469322617843864e+04 1.249987913258166736e+04
4.549914491170512637e-02 4.682101377455861075e+04 2.013412905289102855e+04 1.140871260221489501e+04
5.075368480951484434e-02 4.102159825130322861e+04 1.768711126554087605e+04 1.002438459945631803e+04
5.661505346402430361e-02 3.439687412275259703e+04 1.478376867111881802e+04 8.361623425635549211e+03
6.315333144310807112e-02 2.823967663034013094e+04 1.202579685966269972e+04 6.769893082157040226e+03
7.044669267860774464e-02 2.376828002790109167e+04 1.006850100683661731e+04 5.646904854056598197e+03
7.858233914112514040e-02 2.083581768860881857e+04 8.920068792916956227e+03 5.013613512634948165e+03
8.765754345719625751e-02 1.815562331674930829e+04 7.887016752746784732e+03 4.448566201283652845e+03
9.778081193473929511e-02 1.508761381972546042e+04 6.506483710875339057e+03 3.644804831390598338e+03
1.090731819023149224e-01 1.242208208520739208e+04 5.275059026476216786e+03 2.918188833647131105e+03
1.216696688736408766e-01 1.048647189286435969e+04 4.528379855344825046e+03 2.513580683069837505e+03
1.357208808401622890e-01 8.744706176400184631e+03 3.828855593331511955e+03 2.126437740094812852e+03
1.513948189927238619e-01 7.179927647923391305e+03 3.134456725005791668e+03 1.717002174577734195e+03
1.688788864024014236e-01 5.896075990932920831e+03 2.634627942266609352e+03 1.448896808149603430e+03
1.883821286769788717e-01 4.786959857150132848e+03 2.178752316198728749e+03 1.191224557342954540e+03
2.101377333831422056e-01 3.848291080954818881e+03 1.804698528747342380e+03 9.873086897796995345e+02
2.344058181183555356e-01 3.055302388030509974e+03 1.487076711055223086e+03 8.134348548205235829e+02
2.614765405675759102e-01 2.391025160203745145e+03 1.221605625238401672e+03 6.714841939063508107e+02
2.916735677297306317e-01 1.840441501260325595e+03 9.977365939605177800e+02 5.523179721207588955e+02
3.253579457932418983e-01 1.390847045870188140e+03 8.097941551482349496e+02 4.536554373254100483e+02
3.629324169301749725e-01 1.030550866593324372e+03 6.521531936775393206e+02 3.718444040081721482e+02
4.048462346221089470e-01 7.482847326170260658e+02 5.201871409587820381e+02 3.038701176695286108e+02
4.516005350914485406e-01 5.327705510001012499e+02 4.101928081323569018e+02 2.473713940043681987e+02
5.037543290608768043e-01 3.726529421594939890e+02 3.191440951937821069e+02 2.003998991144785293e+02
5.619311854805180140e-01 2.568672119888596512e+02 2.445236957684234653e+02 1.613468348416541005e+02
6.268266871357865977e-01 1.751701847427738983e+02 1.841935618175990612e+02 1.289100418555284477e+02
6.992167472777639503e-01 1.186786207100694526e+02 1.362545552342942869e+02 1.020364777683244313e+02
7.799668867126374749e-01 8.018706824883423678e+01 9.894105055440473961e+01 7.987286594662187156e+01
8.700425822703268253e-01 5.419637134167627579e+01 7.056447393840971927e+01 6.171865426232229623e+01
9.705208103821856280e-01 3.671658130426457944e+01 4.950714307971381345e+01 4.699808269053215071e+01
1.082602923786821769e+00 2.496135391394095748e+01 3.425384246153146250e+01 3.522047080700941990e+01
1.207629015322442267e+00 1.703558534122562307e+01 2.344719017891073420e+01 2.595239371826230013e+01
1.347093940544190405e+00 1.166943437838669873e+01 1.593309543964607933e+01 1.879928218143795959e+01
1.502665190738521561e+00 8.018208134145904609e+00 1.078300210568534290e+01 1.339507240109786146e+01
1.676202830030598223e+00 5.521147370399651422e+00 7.287578420442985205e+00 9.401431273843613212e+00
1.869781734959676811e+00 3.805212650373761996e+00 4.928197274479175327e+00 6.513126744630622689e+00
2.085716402426663674e+00 2.621221954435692947e+00 3.338671582001809579e+00 4.465135598529797356e+00
2.326588622626292402e+00 1.801672703446659751e+00 2.266941883946890890e+00 3.037377984306571577e+00
2.595278347831105226e+00 0.000000000000000000e+00 1.542478706039345004e+00 2.055412168448530696e+00
2.894998126105261083e+00 0.000000000000000000e+00 1.051043670940355668e+00 1.386720076211473973e+00
3.229331511649635278e+00 0.000000000000000000e+00 7.164103464295591417e-01 9.342735331211609040e-01
3.602275911025628830e+00 0.000000000000000000e+00 4.877471485060386747e-01 6.291865594760319702e-01
4.018290377542188097e+00 0.000000000000000000e+00 0.000000000000000000e+00 4.236698613088487608e-01
4.482348925252354732e+00 0.000000000000000000e+00 0.000000000000000000e+00 2.851385535646706604e-01
5.000000000000000888e+00 0.000000000000000000e+00 0.000000000000000000e+00 0.000000000000000000e+00
