1.000000000230258569e-04 3.673994906494704651e+02 1.619095296262199497e+02 9.265152366114369897e+01
1.122634227564673579e-04 4.113411762227197528e+02 1.811303037101811810e+02 1.036166070074081063e+02
1.260307608609534901e-04 4.664423228366088665e+02 2.052543373107991158e+02 1.173833707680663423e+02
1.414864458359461712e-04 5.288695666493800900e+02 2.325458371891248248e+02 1.329484291784764594e+02
1.588375267953347550e-04 5.917353115053630290e+02 2.598933190332908794e+02 1.485117785146414064e+02
1.783164441611049004e-04 6.552900954705093000e+02 2.873647931908201372e+02 1.640991789370059166e+02
2.001841435067871621e-04 7.320011380200490976e+02 3.204877047439518947e+02 1.828799282615365200e+02
2.247335712646909519e-04 8.276460637424376046e+02 3.618300799583078060e+02 2.063237510735017395e+02
2.522935991264941354e-04 9.268519938010573469e+02 4.045142766796638512e+02 2.304626528301751307e+02
2.832334297096662638e-04 1.033611476187545350e+03 4.502843807886205809e+02 2.562820743276285498e+02
3.179675425093897337e-04 1.165831622784610545e+03 5.071790676244576161e+02 2.884039724167484451e+02
3.569612463934728852e-04 1.301160544099578601e+03 5.653186792528980504e+02 3.211540393645871632e+02
4.007369130231864672e-04 1.462125456801917380e+03 6.348584667052085706e+02 3.603810138957035178e+02
4.498809747048478080e-04 1.631192736158714297e+03 7.082063161827048816e+02 4.017635011248068508e+02
5.050517804175268938e-04 1.827868708512041621e+03 7.942873633888643781e+02 4.504871391469025070e+02
5.669884152586394726e-04 2.036706017077134220e+03 8.865513846824637767e+02 5.028726289631723034e+02
6.365206014554368984e-04 2.264436069128747476e+03 9.882767378896309083e+02 5.608956831613976419e+02
7.145798135793877959e-04 2.515055785518138237e+03 1.101447686973130203e+03 6.257889071271412149e+02
8.022117568662883325e-04 2.787390760139527629e+03 1.225722777115315012e+03 6.974599205404641680e+02
9.005903758055168549e-04 3.083097755877731743e+03 1.361848887010943145e+03 7.763851186259767019e+02
1.011033580661806338e-03 3.406795367189691206e+03 1.511739819888281545e+03 8.636711269618076585e+02
1.135020902606864940e-03 3.755436171483157068e+03 1.673799610080466664e+03 9.583792113534923374e+02
1.274213313974418031e-03 4.136952481823933340e+03 1.851329236124900035e+03 1.062348384499939357e+03
1.430475479156914512e-03 4.551791938367063267e+03 2.044293536864841144e+03 1.175472075796408944e+03
1.605900734223756829e-03 5.008522240160317779e+03 2.256216470785162073e+03 1.299662084065923182e+03
1.802839129895710598e-03 5.511114693496493601e+03 2.488794191688030878e+03 1.435845483020789516e+03
2.023928913547812410e-03 6.058704055557360334e+03 2.741605762841701107e+03 1.583732708212388616e+03
2.272131871983379750e-03 6.659222930890003227e+03 3.018178131559615395e+03 1.745312183654346200e+03
2.550773008441800313e-03 7.311281472721117098e+03 3.317916102271985892e+03 1.920237075809398675e+03
2.863585085365514225e-03 8.019704221766623050e+03 3.643055222609686552e+03 2.109809015611585437e+03
3.214758629634808552e-03 8.784472606101424390e+03 3.993647153724878990e+03 2.314070066994023364e+03
3.608998070155939632e-03 9.605220494136783600e+03 4.369561195167553706e+03 2.532954837034338198e+03
4.051584759838999447e-03 1.048034481656131356e+04 4.770139093917757236e+03 2.766101790988395351e+03
4.548447726227339283e-03 1.140611511525382048e+04 5.193684583443946394e+03 3.012416913312564247e+03
5.106243098575769836e-03 1.237540143789908143e+04 5.637219933083379146e+03 3.270514379861790530e+03
5.732443275407110572e-03 1.338051418982203722e+04 6.097039005109644677e+03 3.538016076246229204e+03
6.435437027063155117e-03 1.441017101663669200e+04 6.568141049096261668e+03 3.812039654326667915e+03
7.224641874254610074e-03 1.544863331070073218e+04 7.043445461976810293e+03 4.088513744130606028e+03
8.110630248067678127e-03 1.647674547765117677e+04 7.514318919605298106e+03 4.362456741926681389e+03
9.105271121505569346e-03 1.747091543149876816e+04 7.970100782830616481e+03 4.627698724094091631e+03
1.022188900990466699e-02 1.840181378909449268e+04 8.397530131590774545e+03 4.876566020751605720e+03
1.147544247024383408e-02 1.923695280606375673e+04 8.781893130433052647e+03 5.100541295745581010e+03
1.288272449057868002e-02 1.993626790576120402e+04 9.105038764466620705e+03 5.289095904461530154e+03
1.446258745407916733e-02 2.045945860501895731e+04 9.348683406890040715e+03 5.431649957737765362e+03
1.623619569135818438e-02 2.076050989434311487e+04 9.491854239678415979e+03 5.516014832543816738e+03
1.822730900435978393e-02 2.079865309957968930e+04 9.515945244648475636e+03 5.531380644449741339e+03
2.046260095998037737e-02 2.053755204825943656e+04 9.404227699423661761e+03 5.468007598007195156e+03
2.297201621738221775e-02 1.995727506231910229e+04 9.147311541663211756e+03 5.320381346829341965e+03
2.578917167586586637e-02 1.906148068387188687e+04 8.746410830535043715e+03 5.089113473605136278e+03
2.895180681720203528e-02 1.788645265522105547e+04 8.217508431968610239e+03 4.783371430569245604e+03
3.250228927534733192e-02 1.650825300137232625e+04 7.594765351706490037e+03 4.422881204598557815e+03
3.648818240631140908e-02 1.503646573591995366e+04 6.927896407633392300e+03 4.036456124550116328e+03
4.096288246151627566e-02 1.360092384635336384e+04 6.276450459024239535e+03 3.658737734896532402e+03
4.598633390041809155e-02 1.231695345781524520e+04 5.694112154108584036e+03 3.321109161822644637e+03
5.162583242493973962e-02 1.124584531505432824e+04 5.210445293764312737e+03 3.041062000538805023e+03
5.795692649341043640e-02 1.036116654917264350e+04 4.814528323427083706e+03 2.812482519557226624e+03
6.506442939097074885e-02 9.511950225384489386e+03 4.435516350959496776e+03 2.593822800833821475e+03
7.304355541444980393e-02 8.523399505677016350e+03 3.987646046185137948e+03 2.334020676636342159e+03
8.200119539239680844e-02 7.327573175132177312e+03 3.432440663540820879e+03 2.009115332378119092e+03
9.205734862752627812e-02 6.096310855070968501e+03 2.849522459105120561e+03 1.665514500251653544e+03
1.033467304443183715e-01 5.117132944934926854e+03 2.386121610273180977e+03 1.392153905656732150e+03
1.160205768769771578e-01 4.470768979788873366e+03 2.094493812512828754e+03 1.222939504922154129e+03
1.302486706739022226e-01 3.919084740332900310e+03 1.852259402414418219e+03 1.083898079950607325e+03
1.462216157596530064e-01 3.264659347570315731e+03 1.538634321996144763e+03 8.974657340974789577e+02
1.641533906237988560e-01 2.680794997474846241e+03 1.251908286474301804e+03 7.250758264829714790e+02
1.842842148426375448e-01 2.275432008302880604e+03 1.074475474236567152e+03 6.236446290895930815e+02
2.068837671345900298e-01 1.895061809004145971e+03 8.995131579728204088e+02 5.211650297374153524e+02
2.322547980593316352e-01 1.555510167559263209e+03 7.362820723008819641e+02 4.231391785997920465e+02
2.607371857574901086e-01 1.283554478338774743e+03 6.174216419085659027e+02 3.557822255062675367e+02
2.927124890628471365e-01 1.044508004905580947e+03 5.063614527426388463e+02 2.899208682081160759e+02
3.286090589819373742e-01 8.449646826493458320e+02 4.183040019055221137e+02 2.398967687036815732e+02
3.689077770159973624e-01 6.757571200194220182e+02 3.426667510804200560e+02 1.963380245371517105e+02
4.141484971975938345e-01 5.337705927362767397e+02 2.798764645392642478e+02 1.608258406660003459e+02
4.649372781414354283e-01 4.153749171644032003e+02 2.274623935535322516e+02 1.315299666911904808e+02
5.219545019921476570e-01 3.176492250557746502e+02 1.836527353765216901e+02 1.072786553106230087e+02
5.859639890329354506e-01 2.381668384579376152e+02 1.470991404123634823e+02 8.724938406218818443e+01
6.578232300572349756e-01 1.747639475710263639e+02 1.166680013133807279e+02 7.070917248403969779e+01
7.384948735793578356e-01 1.253900962514724995e+02 9.143144363883064329e+01 5.705061240855582838e+01
8.290596217703356530e-01 8.800689131658855047e+01 7.063822786971266510e+01 4.576549524174361494e+01
9.307307078768926045e-01 6.054430618817632137e+01 5.367317318263741299e+01 3.644255925967819820e+01
1.044870149067508081e+00 4.097379058735807433e+01 4.002749568505650757e+01 2.875513960839958472e+01
1.173006992433692330e+00 2.740401000937609766e+01 2.925093758527372145e+01 2.243522775046733031e+01
1.316857798575541416e+00 1.820498421231533470e+01 2.093325126501911271e+01 1.727106383905132603e+01
1.478349637175967013e+00 1.206648148089063710e+01 1.467814655631429765e+01 1.308961518709844540e+01
1.659645902619409696e+00 8.007832688172516811e+00 1.010376706297386207e+01 9.748340791006937067e+00
1.863175295489004624e+00 5.333246201692841026e+00 6.849311424259426850e+00 7.123954556922386772e+00
2.091664358187257822e+00 3.568955321511659395e+00 4.591030872553826470e+00 5.105499682148492369e+00
2.348174000537423645e+00 2.400780981908501754e+00 3.056047181741077701e+00 3.589960317556879055e+00
2.636140504673786467e+00 1.623016830002513178e+00 2.028183088478682006e+00 2.480543912679712637e+00
2.959421558534973240e+00 1.102114058966148891e+00 1.346419280881907987e+00 1.688807091652637205e+00
3.322347934639153344e+00 7.510244207701877173e-01 8.960403860095733641e-01 1.136639233272483507e+00
3.729781506445900785e+00 5.130752277986030396e-01 5.986224687422619928e-01 7.591035885510022396e-01
4.187180379509764627e+00 3.509641335533597584e-01 4.016567533364698850e-01 5.048007745873451801e-01
4.700672009942531204e+00 0.000000000000000000e+00 2.706462532488766448e-01 3.352699012388224986e-01
5.277135289701610610e+00 0.000000000000000000e+00 1.830368530898931478e-01 2.228923110896152970e-01
5.924292698344328478e+00 0.000000000000000000e+00 1.241272721984138100e-01 1.485395825834032457e-01
6.650813755741415534e+00 0.000000000000000000e+00 0.000000000000000000e+00 9.929660485370590817e-02
7.466431161634059954e+00 0.000000000000000000e+00 0.000000000000000000e+00 6.658070758152709323e-02
8.382071177875818790e+00 0.000000000000000000e+00 0.000000000000000000e+00 4.475828240625422810e-02
9.410000000000001918e+00 0.000000000000000000e+00 0.000000000000000000e+00 0.000000000000000000e+00
