1.000000000230258569e-04 6.560194715504254646e+02 2.999840163019445640e+02 1.705626189205364369e+02
1.115026695290953366e-04 7.214362241285518849e+02 3.298036911505044486e+02 1.874925258941757988e+02
1.243284530925187648e-04 8.049622875402943691e+02 3.678998836656527942e+02 2.091260176013882131e+02
1.386295441504667143e-04 9.057254440172207524e+02 4.138586500620989455e+02 2.352236479043785380e+02
1.545756424481938766e-04 1.013994323435128308e+03 4.631991908456524243e+02 2.632290111471607474e+02
1.723559677317991945e-04 1.119182053310702031e+03 5.110431070606002208e+02 2.903569215317620547e+02
1.921815050694108094e-04 1.226699907173472411e+03 5.598538614152982973e+02 3.180037508854740622e+02
2.142875084442451923e-04 1.358779139534722390e+03 6.198292555101700145e+02 3.519732930433136744e+02
2.389362923277018713e-04 1.520159913668529271e+03 6.931469037549026098e+02 3.935034936970660624e+02
2.664203443578849946e-04 1.683251332852212045e+03 7.671403261235567470e+02 4.353738595083049177e+02
2.970657960592480913e-04 1.854573894680756212e+03 8.447973317463023477e+02 4.792785854461865824e+02
3.312362927876497001e-04 2.068055179815963129e+03 9.417325651319487179e+02 5.341157433374133916e+02
3.693373088223966556e-04 2.285285505035270944e+03 1.040375110430500854e+03 5.898883226519072878e+02
4.118209588090659132e-04 2.533085699696841402e+03 1.153092026347850606e+03 6.536474138436357180e+02
4.591913626466918256e-04 2.804286967640616695e+03 1.276717295617274431e+03 7.236204380256591548e+02
5.120106274801957584e-04 3.106281751682352933e+03 1.414712594128883666e+03 8.018009579924345189e+02
5.709055177816341068e-04 3.427354015482329032e+03 1.561856900946318319e+03 8.852644487957951469e+02
6.365748926688486646e-04 3.794265650444116091e+03 1.730530649656213200e+03 9.811008537004768186e+02
7.097979987143026312e-04 4.191355340957598855e+03 1.913595512861044199e+03 1.085273188342420781e+03
7.914437166483044659e-04 4.621398900862607661e+03 2.112369595472148831e+03 1.198566305209544225e+03
8.824808716799498404e-04 5.093109000444377671e+03 2.330855703405082295e+03 1.323281916558501962e+03
9.839897297802024153e-04 5.610796413918881626e+03 2.570985849086493090e+03 1.460515856523228877e+03
1.097174816344422205e-03 6.173682909589449082e+03 2.832308786512929146e+03 1.609991529212953765e+03
1.223379209343287413e-03 6.782645120759960264e+03 3.115103295764998620e+03 1.771837235391418290e+03
1.364100476567608111e-03 7.459419633672268901e+03 3.429298010178588811e+03 1.951689081784574682e+03
1.521008446081769522e-03 8.182576268620984592e+03 3.764964537101883252e+03 2.143858519394776067e+03
1.695965020753673102e-03 8.971232764730819326e+03 4.130813355839860378e+03 2.353274835157788857e+03
1.891046271984591709e-03 9.825965553612313670e+03 4.527086331653691559e+03 2.580061500256085765e+03
2.108567074807741158e-03 1.074911608626920679e+04 4.954868941177751367e+03 2.824828062960201351e+03
2.351108576680822643e-03 1.172801416781715670e+04 5.408324099513639339e+03 3.084235791141396930e+03
2.621548825923003187e-03 1.277529226393996942e+04 5.893288343773757333e+03 3.361619206930644395e+03
2.923096923239734257e-03 1.388281971553425319e+04 6.406044003330246596e+03 3.654872192125301353e+03
3.259331101584665453e-03 1.504552676520081150e+04 6.944295364446617896e+03 3.962698046154408075e+03
3.634241186222156913e-03 1.625456368997848404e+04 7.504027706985090845e+03 4.282798990897165822e+03
4.052275938830490927e-03 1.750030524061006145e+04 8.080899743510528424e+03 4.612685157492545841e+03
4.518395847440812539e-03 1.877097051779463072e+04 8.669446865072810397e+03 4.949392876513403280e+03
5.038131988628217865e-03 2.005119262799598437e+04 9.262653842186153270e+03 5.288850133759447999e+03
5.617651660426248826e-03 2.132452738259474427e+04 9.853046329911017892e+03 5.626804117342279824e+03
6.263831564778516575e-03 2.256983911606102629e+04 1.043094185907732572e+04 5.957761913903103050e+03
6.984339407925946493e-03 2.376403275767915329e+04 1.098577838197176607e+04 6.275725575483171269e+03
7.787724887016851671e-03 2.488010961272097848e+04 1.150520141683538714e+04 6.573668537126935007e+03
8.683521142606049834e-03 2.589486142526134063e+04 1.197860609572668545e+04 6.845568281505593404e+03
9.682357880899711625e-03 2.675603018521120612e+04 1.238191539921760887e+04 7.077678015650342786e+03
1.079608750807801998e-02 2.743355257857268953e+04 1.270127897382500851e+04 7.262076201862369089e+03
1.203792577343234388e-02 2.788626911414813731e+04 1.291773806608165432e+04 7.387942423559401504e+03
1.342260859021738965e-02 2.808474498474504435e+04 1.301763737775929803e+04 7.447455565855199893e+03
1.496656689508787767e-02 2.798497074512003019e+04 1.298047922642846061e+04 7.428832803381871599e+03
1.668812162103823840e-02 2.755322287647362100e+04 1.279046864799285322e+04 7.322984818878988335e+03
1.860770109743517184e-02 2.676967284283659319e+04 1.243809618312512066e+04 7.124393838540440811e+03
2.074808345685756270e-02 2.562609487811703730e+04 1.191900271955346034e+04 6.830407045556929006e+03
2.313466692519383291e-02 2.414001703211496351e+04 1.124061310972526735e+04 6.445021592515972770e+03
2.579577120231610690e-02 2.236049812134995227e+04 1.042502107472048920e+04 5.980721082304428819e+03
2.876297350957714855e-02 2.037095032095124770e+04 9.510082622981821260e+03 5.458963079379504961e+03
3.207148329174031032e-02 1.828810069565108643e+04 8.549446089107150328e+03 4.910314276825667548e+03
3.576056001963404812e-02 1.625036208599361271e+04 7.607387259697004993e+03 4.371592396230225859e+03
3.987397905126498221e-02 1.439382258365011512e+04 6.747913229488492107e+03 3.879672986802919240e+03
4.446055107939526907e-02 1.282246510919494540e+04 6.020950469209502444e+03 3.463513022537793859e+03
4.957470132945773766e-02 1.156964256382658641e+04 5.444015492483049456e+03 3.133599589959770128e+03
5.527711538069327024e-02 1.057207642912319170e+04 4.988841362282489172e+03 2.873971590773689059e+03
6.163545927395905344e-02 9.677691187531050673e+03 4.583286409410098713e+03 2.642963412166388935e+03
6.872518245115814828e-02 8.663313091683059611e+03 4.116927637284133198e+03 2.375857338838366104e+03
7.663041305413779980e-02 7.439019578198248382e+03 3.540358326763290734e+03 2.042721791924694344e+03
8.544495620686157200e-02 6.134221323679200395e+03 2.913060277710715582e+03 1.677525884743986353e+03
9.527340712667957401e-02 5.035488010582801508e+03 2.381843003875525483e+03 1.367393133439581334e+03
1.062323922731101822e-01 4.307903205694857206e+03 2.041854510318735947e+03 1.170976041844268366e+03
1.184519532618636822e-01 3.809554729324969685e+03 1.825955366989004460e+03 1.049653732345252820e+03
1.320770899659224340e-01 3.257844435650563810e+03 1.572817753283522734e+03 9.041072469849572144e+02
1.472694811144383831e-01 2.642875851704628985e+03 1.265959698006355438e+03 7.218444543352569553e+02
1.642094028064348954e-01 2.181059773737707928e+03 1.044721769925462695e+03 5.922498892710804057e+02
1.830978677048002712e-01 1.848123059275206742e+03 9.046797662612984823e+02 5.149848042454065080e+02
2.041590102946942431e-01 1.513469295532726392e+03 7.455789503412439672e+02 4.215696045065590738e+02
2.276427465103479653e-01 1.231879981558900681e+03 6.134856141849156757e+02 3.443680458607714172e+02
2.538277392899435103e-01 1.003014591108576496e+03 5.148221123474814931e+02 2.895105250026049930e+02
2.830247052484705095e-01 8.020044477981609816e+02 4.225229111158448063e+02 2.357293523454999047e+02
3.155801017062329072e-01 6.345095042797465794e+02 3.500304359855898610e+02 1.954468879843864499e+02
3.518802378240603601e-01 4.925713506914556774e+02 2.875686581890381603e+02 1.601444367417162198e+02
3.923558586288135031e-01 3.739071722903565842e+02 2.359910925089010902e+02 1.316468379690238635e+02
4.374872563241952172e-01 2.755138910459260728e+02 1.928769724866527611e+02 1.080587418394252950e+02
4.878099695387512202e-01 1.951719202207321473e+02 1.568441490192269612e+02 8.856409390343722521e+01
5.439211381395319123e-01 1.309908506038807730e+02 1.267624596674411208e+02 7.251703076606456477e+01
6.064865890189676811e-01 8.127354173517269942e+01 1.016519795642183084e+02 5.929809198142842774e+01
6.762487369363893164e-01 4.435197462524240564e+01 8.071460850748024995e+01 4.840434840436364539e+01
7.540353941672404137e-01 1.846846338455525327e+01 6.329611403702994465e+01 3.941820431902701216e+01
8.407695934971151086e-01 1.722236702798543684e+00 4.887429150793448684e+01 3.200184001647827614e+01
9.374805411223435803e-01 -7.885117659986022431e+00 3.702341885407135180e+01 2.587515255126287173e+01
1.045315829426528564e+00 -1.232214031166773616e+01 2.739616134454254848e+01 2.080966949169372882e+01
1.165555054552403824e+00 -1.336294145105871145e+01 1.970242762850126894e+01 1.662270937460899844e+01
1.299625000357985227e+00 -1.244891288306546961e+01 1.368692862099604923e+01 1.316461164498128866e+01
1.449116568932995452e+00 -1.062551763965016782e+01 9.114014383748394010e+00 1.031600617678678766e+01
1.615803658576671964e+00 -8.561805995754813381e+00 5.756266768689244806e+00 7.981040622763109660e+00
1.801664213246928048e+00 -6.626151526332922259e+00 3.391357717010454742e+00 6.080980057079329981e+00
2.008903693258128342e+00 -4.980483659018367426e+00 1.805898414125490792e+00 4.551636948057246279e+00
2.239981245735629400e+00 -3.663694152721488351e+00 8.038046075096840770e-01 3.338479924730399340e+00
2.497638885371206374e+00 -2.651713276140303943e+00 2.153117354638435232e-01 2.393709665096337424e+00
2.784934031744384253e+00 -1.895629094499027278e+00 -9.694775351925974394e-02 1.674090767777040689e+00
3.105275789304232426e+00 -1.341991328144104267e+00 -2.365143748155808801e-01 1.139671218816513898e+00
3.462465400517639402e+00 -9.424431702737305905e-01 -2.761366945966067799e-01 7.537314574033309178e-01
3.860741352209485999e+00 -6.572258755981552625e-01 -2.635171373368062064e-01 4.832042709866666841e-01
4.304829670336041580e+00 -4.552368827836919540e-01 -2.278130441919569427e-01 2.994170386695930164e-01
4.799999999999999822e+00 0.000000000000000000e+00 -1.855051907896055619e-01 1.785233969842679735e-01
