1.000000000230258569e-04 2.272774904355143008e+03 1.058500510969025072e+03 6.057393830699854789e+02
1.115486563971542785e-04 2.538161638755848344e+03 1.182118959942638412e+03 6.760896297742617662e+02
1.244310274114527074e-04 2.803110473433116567e+03 1.305583907656961628e+03 7.461195188896728041e+02
1.388011391866901154e-04 3.109284881682639480e+03 1.448351842301722627e+03 8.270072567352950728e+02
1.548308057910457113e-04 3.492580743253713081e+03 1.627241657335906211e+03 9.284502005352350125e+02
1.727116835090306587e-04 3.910906832246319937e+03 1.822790708040823802e+03 1.039165698132777379e+03
1.926575623508681512e-04 4.336556526372682129e+03 2.022305247520348075e+03 1.151742749463589689e+03
2.149069222004190347e-04 4.852943381691528884e+03 2.264955818911729239e+03 1.288838749937013063e+03
2.397257841638464457e-04 5.423790670736952052e+03 2.534298510571553834e+03 1.441071979339276368e+03
2.674108912107391479e-04 6.030972576648544418e+03 2.822491494242581666e+03 1.604001855625916505e+03
2.982932561365508645e-04 6.741595079870188783e+03 3.161552648698796020e+03 1.796443776081976466e+03
3.327421192670277522e-04 7.486277380474122765e+03 3.519943761713810090e+03 2.000503677470043613e+03
3.711693632243215748e-04 8.322901091272675330e+03 3.925564786078384259e+03 2.232898976647207746e+03
4.140344375392690035e-04 9.237496953005960677e+03 4.372817147427864256e+03 2.490990106084900617e+03
4.618498519902246974e-04 1.020240536510609491e+04 4.849270804519110243e+03 2.768190784929852725e+03
5.151873043487156757e-04 1.124439062257137812e+04 5.367569545818065308e+03 3.072383846230151903e+03
5.746845157973842983e-04 1.236397863158234759e+04 5.927794377623012224e+03 3.404122427018365215e+03
6.410528557468661917e-04 1.355981182352298129e+04 6.528575769666625092e+03 3.762672386470173933e+03
7.150858472165629249e-04 1.484069622750849885e+04 7.172750871834107784e+03 4.149395060523484972e+03
7.976686544726134401e-04 1.620342597072007811e+04 7.857227239718866258e+03 4.561999861911699554e+03
8.897886663605780169e-04 1.763774459776158255e+04 8.576260290341386280e+03 4.996581223959377894e+03
9.925473018708411317e-04 1.919847369097709816e+04 9.354723985212634943e+03 5.466760970083587381e+03
1.107173179088194286e-03 2.086536385372845325e+04 1.018245631056932871e+04 5.965776056790722578e+03
1.235036804978161722e-03 2.264854092168556235e+04 1.106421817180448124e+04 6.496018720457361269e+03
1.377666961646263968e-03 2.455186797658739306e+04 1.200230064634054725e+04 7.058691647752641074e+03
1.536768984990051967e-03 2.660174766609378639e+04 1.300977917849085861e+04 7.661280358723013705e+03
1.714245154289869167e-03 2.877764034064640873e+04 1.407747307662296225e+04 8.298530014552445209e+03
1.912217436523370962e-03 3.109653449579946391e+04 1.521369499404270573e+04 8.975373749549735294e+03
2.133052857342773462e-03 3.353721725357301329e+04 1.640891414653596439e+04 9.686499457204330611e+03
2.379391802059096454e-03 3.610144985132864531e+04 1.766410651020458681e+04 1.043255615681044583e+04
2.654179585009814029e-03 3.876722898252494633e+04 1.896884989589577890e+04 1.120752877063742744e+04
2.960701664764286197e-03 4.151818340585503756e+04 2.031530896727890286e+04 1.200687565501119389e+04
3.302622926212283368e-03 4.433126005021722813e+04 2.169283484698459870e+04 1.282391365314805444e+04
3.684031499205906151e-03 4.716772677965465118e+04 2.308217275197657364e+04 1.364893457753476468e+04
4.109487637665882979e-03 4.999498579711803905e+04 2.446787487990619411e+04 1.447157917824032302e+04
4.584078243567925488e-03 5.277036836284455785e+04 2.582916446297569200e+04 1.527984354121777324e+04
5.113477687716873853e-03 5.544352356771501218e+04 2.714166943452242413e+04 1.605947075235131160e+04
5.704015654503047893e-03 5.795616740004159510e+04 2.837713969953613196e+04 1.679385872982603178e+04
6.362752821816417166e-03 6.024771781649660261e+04 2.950618982060404960e+04 1.746573232872858716e+04
7.097565280973966440e-03 6.223438837298910948e+04 3.048800705018916778e+04 1.805099804657122149e+04
7.917238706014356406e-03 6.380659839357450255e+04 3.126906042249320308e+04 1.851798347447830747e+04
8.831573398280912271e-03 6.487080807153695787e+04 3.180365752549586250e+04 1.883966293347140891e+04
9.851501462242475554e-03 6.535734943173189822e+04 3.205769879302655681e+04 1.899587272198939900e+04
1.098921751354712747e-02 6.517178105349432735e+04 3.198462440772955961e+04 1.895889845273895480e+04
1.225832448210000328e-02 6.421498387899043155e+04 3.153544261018295219e+04 1.869957591066490932e+04
1.367399625343743499e-02 6.243378381559661648e+04 3.068337107341452065e+04 1.820182503789045586e+04
1.525315909299450497e-02 5.981011428867316863e+04 2.941849501088025136e+04 1.745949211026891135e+04
1.701469402243795462e-02 5.638380343348151655e+04 2.775876198852344169e+04 1.648261274682934891e+04
1.897966256774625410e-02 5.227851102081601857e+04 2.576328386727603356e+04 1.530576818211457794e+04
2.117155857815964867e-02 4.770422887676025130e+04 2.353368683521452476e+04 1.398882639697522245e+04
2.361658912683562567e-02 4.295160110382123821e+04 2.121165398958649894e+04 1.261547968949138703e+04
2.634398785175567220e-02 3.835593805826008611e+04 1.896205641178669248e+04 1.128354492561647021e+04
2.938636448329653983e-02 3.423951644298314932e+04 1.694531836758904683e+04 1.008879708346014013e+04
3.278009473753994152e-02 3.082524163330125157e+04 1.527457436809242063e+04 9.099296913137055526e+03
3.656575523702054742e-02 2.814111729671969442e+04 1.396752777209773558e+04 8.326558720760995129e+03
4.078860865897657173e-02 2.597437496097301846e+04 1.292093668872986564e+04 7.709635689544482375e+03
4.549914491170512637e-02 2.382980154065948591e+04 1.188430355754440097e+04 7.098076647769058582e+03
5.075368480951484434e-02 2.122850203123038955e+04 1.060646209170451584e+04 6.338867105025150522e+03
5.661505346402430361e-02 1.807310250544303562e+04 9.024622022859768549e+03 5.390996917283547191e+03
6.315333144310807112e-02 1.488927644595985475e+04 7.404943907948385458e+03 4.414366427143352666e+03
7.044669267860774464e-02 1.243685372134277713e+04 6.159314890018938058e+03 3.663188468169861153e+03
7.858233914112514040e-02 1.092426504681913502e+04 5.423982825370331739e+03 3.227208735579719360e+03
8.765754345719625751e-02 9.734179601827238002e+03 4.868154997224958606e+03 2.903316594646876183e+03
9.778081193473929511e-02 8.214149694748173715e+03 4.097119313115609657e+03 2.437401768928420097e+03
1.090731819023149224e-01 6.699531954888657310e+03 3.295178660017022594e+03 1.943494521690467991e+03
1.216696688736408766e-01 5.701576679245609739e+03 2.809626897975255361e+03 1.655323085917679691e+03
1.357208808401622890e-01 4.876303333440327151e+03 2.423748157870523755e+03 1.431095809749760519e+03
1.513948189927238619e-01 4.023219785831760873e+03 1.975074665438181228e+03 1.153428080634876096e+03
1.688788864024014236e-01 3.371730893157968694e+03 1.663064969297851349e+03 9.700848602003653696e+02
1.883821286769788717e-01 2.804480179580730237e+03 1.386828480158731736e+03 8.056855310545684006e+02
2.101377333831422056e-01 2.319117273948992533e+03 1.150339610992366488e+03 6.646373996851402808e+02
2.344058181183555356e-01 1.909760844997603726e+03 9.554762567793123935e+02 5.503042590146695829e+02
2.614765405675759102e-01 1.562315130476250715e+03 7.915915750975239007e+02 4.547200119914276684e+02
2.916735677297306317e-01 1.267958465224865449e+03 6.536026567577310971e+02 3.745396113788932553e+02
3.253579457932418983e-01 1.019619578952396409e+03 5.385561266968833252e+02 3.086995632128715101e+02
3.629324169301749725e-01 8.108411671506302127e+02 4.421931639715088522e+02 2.541052261936346213e+02
4.048462346221089470e-01 6.364355213634185020e+02 3.614501702586869101e+02 2.088528480496580357e+02
4.516005350914485406e-01 4.921268569078543464e+02 2.938228538569314310e+02 1.713790975621710118e+02
5.037543290608768043e-01 3.742629164304719893e+02 2.372230214951002267e+02 1.403403759532315576e+02
5.619311854805180140e-01 2.795911334055688258e+02 1.899223624422829459e+02 1.146043301057091526e+02
6.268266871357865977e-01 2.050742663301872426e+02 1.505208345255355198e+02 9.324888731790316854e+01
6.992167472777639503e-01 1.477600950431007050e+02 1.178798841467417731e+02 7.552007060164876862e+01
7.799668867126374749e-01 1.047489574922638695e+02 9.106305992637722113e+01 6.080348357218829847e+01
8.700425822703268253e-01 7.325251866841749404e+01 6.928034448997146910e+01 4.859479005682632646e+01
9.705208103821856280e-01 5.070140337821545984e+01 5.184925238797451641e+01 3.849025733308878472e+01
1.082602923786821769e+00 3.485666473783495434e+01 3.815131633921951959e+01 3.016353064610030899e+01
1.207629015322442267e+00 2.388177422427296648e+01 2.760806213842052870e+01 2.334758227775197170e+01
1.347093940544190405e+00 1.635072661650762527e+01 1.967188803418334686e+01 1.782187873062490979e+01
1.502665190738521561e+00 1.120779448671875045e+01 1.383033834569494402e+01 1.339930310685435799e+01
1.676202830030598223e+00 7.700070344344847939e+00 9.619742641863258115e+00 9.915393992565178394e+00
1.869781734959676811e+00 5.304503788852199087e+00 6.639514221199226185e+00 7.220802944811415713e+00
2.085716402426663674e+00 3.663735394254362898e+00 4.560520084712789135e+00 5.178347827823445826e+00
2.326588622626292402e+00 2.535759432264035329e+00 3.125234687891843333e+00 3.662054790296882079e+00
2.595278347831105226e+00 1.757285805993094474e+00 2.140770931294602164e+00 2.558902930966115097e+00
2.894998126105261083e+00 1.218071876970976630e+00 1.467626070954521023e+00 1.771025756369086102e+00
3.229331511649635278e+00 8.434204897935300149e-01 1.007551952430941977e+00 1.217114598729283292e+00
3.602275911025628830e+00 0.000000000000000000e+00 6.926730371309797185e-01 8.325326766154473868e-01
4.018290377542188097e+00 0.000000000000000000e+00 4.766353863157075654e-01 5.679289752745638742e-01
4.482348925252354732e+00 0.000000000000000000e+00 3.279892366791958280e-01 3.869348654324646919e-01
5.000000000000000888e+00 0.000000000000000000e+00 0.000000000000000000e+00 2.635085642856417332e-01
