1.000000000230258569e-04 3.119278365920993679e+02 1.429428023406470629e+02 8.223777871590343125e+01
1.122634227564673579e-04 3.458059352228270313e+02 1.583493716080618583e+02 9.107202993386158596e+01
1.260307608609534901e-04 3.888558936912180570e+02 1.779447871869899700e+02 1.023115567172656171e+02
1.414864458359461712e-04 4.421627532702552230e+02 2.022146199327213765e+02 1.162345418859804766e+02
1.588375267953347550e-04 5.020059590171210857e+02 2.294180997585946500e+02 1.318264011091924601e+02
1.783164441611049004e-04 5.625931523618290839e+02 2.568499336477015049e+02 1.475197827901183132e+02
2.001841435067871621e-04 6.253886702177491088e+02 2.851593323323102140e+02 1.636784887044199763e+02
2.247335712646909519e-04 7.019076242744381489e+02 3.196548468193269628e+02 1.833608212079673478e+02
2.522935991264941354e-04 7.951316558827085146e+02 3.617165142771756905e+02 2.073596927357876325e+02
2.832334297096662638e-04 8.912412568488043689e+02 4.049587995490657590e+02 2.319819652262314094e+02
3.179675425093897337e-04 9.974454195914771617e+02 4.527179279385901509e+02 2.591450252712008364e+02
3.569612463934728852e-04 1.126252836145434458e+03 5.108496498299906534e+02 2.922412704490002966e+02
4.007369130231864672e-04 1.258342456181441321e+03 5.705179442724852379e+02 3.261845857278539142e+02
4.498809747048478080e-04 1.416037413990934965e+03 6.421641392961167867e+02 3.670281158517354925e+02
5.050517804175268938e-04 1.580766746620477761e+03 7.173750585323531368e+02 4.099575868965096674e+02
5.669884152586394726e-04 1.771719978707412338e+03 8.051745944160511499e+02 4.602343840999470785e+02
6.365206014554368984e-04 1.977777849569027239e+03 9.006130855730916664e+02 5.150670570184176995e+02
7.145798135793877959e-04 2.201453576863963008e+03 1.004977964806808473e+03 5.752529823972615759e+02
8.022117568662883325e-04 2.448807439956082817e+03 1.121105114861820994e+03 6.424685333080979035e+02
9.005903758055168549e-04 2.720505638270383315e+03 1.249303689356530185e+03 7.169264626985038831e+02
1.011033580661806338e-03 3.019559401341881312e+03 1.390899430797411242e+03 7.993903657232134492e+02
1.135020902606864940e-03 3.348323817853223773e+03 1.546847183117958821e+03 8.903822902441396536e+02
1.274213313974418031e-03 3.703665912444947935e+03 1.715520036118688722e+03 9.889147305074551468e+02
1.430475479156914512e-03 4.099605698414185099e+03 1.903281084474597492e+03 1.098621726326421140e+03
1.605900734223756829e-03 4.529010439880482409e+03 2.106745270727801653e+03 1.217504156005020377e+03
1.802839129895710598e-03 5.000582218532415027e+03 2.329829942114441565e+03 1.347772842850003599e+03
2.023928913547812410e-03 5.515976819718717707e+03 2.573282170316081192e+03 1.489843757229330095e+03
2.272131871983379750e-03 6.072370754147548723e+03 2.835802939192484246e+03 1.642957023212661852e+03
2.550773008441800313e-03 6.676736763332402006e+03 3.120625927396900352e+03 1.808970814767178581e+03
2.863585085365514225e-03 7.326524381948197515e+03 3.426586935458290100e+03 1.987207003549431420e+03
3.214758629634808552e-03 8.021400200491860232e+03 3.753556099334685769e+03 2.177586433388737532e+03
3.608998070155939632e-03 8.756626716913955534e+03 4.099364212396692892e+03 2.378862124918449354e+03
4.051584759838999447e-03 9.528686476874356231e+03 4.462392812856654928e+03 2.590118868027693679e+03
4.548447726227339283e-03 1.033276800094542159e+04 4.840412895060450865e+03 2.810134798845078421e+03
5.106243098575769836e-03 1.115885464276549828e+04 5.228746952568002598e+03 3.036151057911421503e+03
5.732443275407110572e-03 1.199716706741707276e+04 5.622833455488460459e+03 3.265481160217044817e+03
6.435437027063155117e-03 1.283289721105355784e+04 6.015777144973480063e+03 3.494152225053823258e+03
7.224641874254610074e-03 1.364868626540118385e+04 6.399485021804896860e+03 3.717478757630862674e+03
8.110630248067678127e-03 1.442604555910826821e+04 6.765333714035094999e+03 3.930469552003733497e+03
9.105271121505569346e-03 1.513936201506145335e+04 7.101352631258744623e+03 4.126182467635072499e+03
1.022188900990466699e-02 1.576263081756907195e+04 7.395374758282166113e+03 4.297548902320195339e+03
1.147544247024383408e-02 1.626413773328564639e+04 7.632559046264695098e+03 4.435947945795035594e+03
1.288272449057868002e-02 1.661114160423286012e+04 7.797584725717779293e+03 4.532479689515932478e+03
1.446258745407916733e-02 1.676834169260679482e+04 7.873861099874130559e+03 4.577499176769364567e+03
1.623619569135818438e-02 1.670183744170104183e+04 7.845425854839513704e+03 4.561696472631801953e+03
1.822730900435978393e-02 1.638298024997960056e+04 7.698753211918963643e+03 4.477193131212210574e+03
2.046260095998037737e-02 1.579178589218768866e+04 7.424280652028114673e+03 4.318392010503338497e+03
2.297201621738221775e-02 1.492811448088737961e+04 7.021673291398074980e+03 4.085020533706127480e+03
2.578917167586586637e-02 1.381500363823179396e+04 6.501446339992317007e+03 3.783130279225179493e+03
2.895180681720203528e-02 1.251021893358486705e+04 5.890398641893119020e+03 3.428228258349539828e+03
3.250228927534733192e-02 1.110314724161487538e+04 5.230265832355808925e+03 3.044530931120629248e+03
3.648818240631140908e-02 9.709969258256320245e+03 4.575606836495415337e+03 2.663764158131999466e+03
4.096288246151627566e-02 8.451911377664098836e+03 3.983738485896171369e+03 2.319341205799099953e+03
4.598633390041809155e-02 7.425717762196324657e+03 3.500913017315596790e+03 2.038331660832385296e+03
5.162583242493973962e-02 6.669531015973660942e+03 3.146097134431946870e+03 1.831992901983320962e+03
5.795692649341043640e-02 6.134061983986391169e+03 2.896811105099227007e+03 1.687394426377346463e+03
6.506442939097074885e-02 5.677044547615448209e+03 2.685454353303281096e+03 1.565057089145804639e+03
7.304355541444980393e-02 5.087861182634070246e+03 2.409433642893267006e+03 1.404532712270662842e+03
8.200119539239680844e-02 4.279000570818499909e+03 2.023370376261879528e+03 1.178504205815084788e+03
9.205734862752627812e-02 3.400380616375799491e+03 1.598297002896463937e+03 9.284059467094388083e+02
1.033467304443183715e-01 2.736681930934248157e+03 1.277038477863185562e+03 7.392919566010841663e+02
1.160205768769771578e-01 2.390868399045164097e+03 1.116993444305524008e+03 6.465778104777693898e+02
1.302486706739022226e-01 2.146995535170085986e+03 1.010075941894509015e+03 5.859544437671481774e+02
1.462216157596530064e-01 1.763687821759506278e+03 8.236724949891312235e+02 4.758452371345928213e+02
1.641533906237988560e-01 1.389714117868797075e+03 6.359627385318227653e+02 3.635866198776143960e+02
1.842842148426375448e-01 1.188403746762030323e+03 5.466751355172352760e+02 3.128618816571506613e+02
2.068837671345900298e-01 9.971031567760874168e+02 4.587881037799481874e+02 2.620972442394001973e+02
2.322547980593316352e-01 8.034425487245806607e+02 3.617173863661083146e+02 2.037543576728122048e+02
2.607371857574901086e-01 6.717334566629838264e+02 3.047095310879547014e+02 1.719464338771685448e+02
2.927124890628471365e-01 5.475498292612539899e+02 2.447888735023246909e+02 1.363224723376791303e+02
3.286090589819373742e-01 4.499684748531498144e+02 2.015966359258608520e+02 1.119467143624024601e+02
3.689077770159973624e-01 3.666437777161690974e+02 1.634149532116277044e+02 8.976244113619476650e+01
4.141484971975938345e-01 2.980237903462717100e+02 1.331306499159534269e+02 7.262230520631096908e+01
4.649372781414354283e-01 2.409719257640937542e+02 1.083214804569915231e+02 5.866222232951184878e+01
5.219545019921476570e-01 1.935009768000500117e+02 8.794855710236664947e+01 4.727966636453003701e+01
5.859639890329354506e-01 1.540941547602916728e+02 7.131348972230100003e+01 3.810013822013835494e+01
6.578232300572349756e-01 1.214550502329263537e+02 5.772348071791383717e+01 3.070271769337209022e+01
7.384948735793578356e-01 9.454515004386955468e+01 4.660698833653052731e+01 2.473736589613966075e+01
8.290596217703356530e-01 7.251940010022745753e+01 3.750168761195033085e+01 1.992067714797890332e+01
9.307307078768926045e-01 5.469330091732254573e+01 3.004031859099463730e+01 1.603543770458438189e+01
1.044870149067508081e+00 4.048387097306211047e+01 2.392203780580963013e+01 1.289762737141215965e+01
1.173006992433692330e+00 2.937664489041006277e+01 1.890704604904094310e+01 1.035955387338142586e+01
1.316857798575541416e+00 2.089405427726223508e+01 1.480398610083441291e+01 8.304221486127030261e+00
1.478349637175967013e+00 1.458057488990888650e+01 1.145991484333467447e+01 6.637362722771859680e+00
1.659645902619409696e+00 1.000579646346793616e+01 8.752959809504739397e+00 5.284052514286154967e+00
1.863175295489004624e+00 6.773882872716288972e+00 6.583204896126064298e+00 4.184343161240140496e+00
2.091664358187257822e+00 4.541741054031871450e+00 4.868064529217176251e+00 3.291066143767030550e+00
2.348174000537423645e+00 3.027216486173724075e+00 3.535301453940402183e+00 2.566392374065249005e+00
2.636140504673786467e+00 2.012723080356458638e+00 2.520844147129047030e+00 1.980683373940294922e+00
2.959421558534973240e+00 1.338264822828601597e+00 1.765908990160500514e+00 1.510088384847793730e+00
3.322347934639153344e+00 8.913284737471519614e-01 1.217197075248991789e+00 1.135394029994765352e+00
3.729781506445900785e+00 5.951182972707531604e-01 8.274045940112013664e-01 8.406676312475915847e-01
4.187180379509764627e+00 3.983164314258644256e-01 5.562065592482158261e-01 6.123401615631564043e-01
4.700672009942531204e+00 2.670935402194371533e-01 3.708577445530019112e-01 4.386140529938338806e-01
5.277135289701610610e+00 1.792229700982358731e-01 2.459198282546033731e-01 3.089997856813218591e-01
5.924292698344328478e+00 0.000000000000000000e+00 1.625587538630183237e-01 2.142974285875027529e-01
6.650813755741415534e+00 0.000000000000000000e+00 1.072784533014949637e-01 1.464932139350271223e-01
7.466431161634059954e+00 0.000000000000000000e+00 7.074191914616430321e-02 9.888683555961512439e-02
8.382071177875818790e+00 0.000000000000000000e+00 0.000000000000000000e+00 6.603556882429711949e-02
9.410000000000001918e+00 0.000000000000000000e+00 0.000000000000000000e+00 4.370515882007994235e-02
