1.000000000230258569e-04 6.973975604783950075e+02 3.221289398198219942e+02 1.850101150663027170e+02
1.115026695290953366e-04 7.691310973496842962e+02 3.550681374011485332e+02 2.038892552442129329e+02
1.243284530925187648e-04 8.604137715511997158e+02 3.970264914809910692e+02 2.279458285575432228e+02
1.386295441504667143e-04 9.681576518867100276e+02 4.465398448282743971e+02 2.563310062420347890e+02
1.545756424481938766e-04 1.080673814502627010e+03 4.981307836824767037e+02 2.858817651884676820e+02
1.723559677317991945e-04 1.189180344972548028e+03 5.476680795266429413e+02 3.142085880292797242e+02
1.921815050694108094e-04 1.304456136688616880e+03 6.001278294910080149e+02 3.441678101896004591e+02
2.142875084442451923e-04 1.449893356708173542e+03 6.663819769453056097e+02 3.820107618481408736e+02
2.389362923277018713e-04 1.621412189059595903e+03 7.445271976092586783e+02 4.266390690158677330e+02
2.664203443578849946e-04 1.790077403083266290e+03 8.210744645782577891e+02 4.702720726755120495e+02
2.970657960592480913e-04 1.977686237767180501e+03 9.061481884943360683e+02 5.187284075606760325e+02
3.312362927876497001e-04 2.206063999488352238e+03 1.009994728814878499e+03 5.779180529907240498e+02
3.693373088223966556e-04 2.432839698748258797e+03 1.112978049310194365e+03 6.365438227395699187e+02
4.118209588090659132e-04 2.703852997315359062e+03 1.236544949600688824e+03 7.069708147760295560e+02
4.591913626466918256e-04 2.984730372690909007e+03 1.364915229486997077e+03 7.801553155951140752e+02
5.120106274801957584e-04 3.311022356604066317e+03 1.514782330408870621e+03 8.657494558704764813e+02
5.709055177816341068e-04 3.649195748229602032e+03 1.670830375737861004e+03 9.550072033957367239e+02
6.365748926688486646e-04 4.028791025876989352e+03 1.847007920952454924e+03 1.056021770765634074e+03
7.097979987143026312e-04 4.447475659770014317e+03 2.042322287002423082e+03 1.168267652090828051e+03
7.914437166483044659e-04 4.899356320953373142e+03 2.254143678894265577e+03 1.290287782347322491e+03
8.824808716799498404e-04 5.389469638774428859e+03 2.484845260003313342e+03 1.423481994708024331e+03
9.839897297802024153e-04 5.921247123266522976e+03 2.735936962421250428e+03 1.568713026437562121e+03
1.097174816344422205e-03 6.497426702134083826e+03 3.008504008918299405e+03 1.726573826238110087e+03
1.223379209343287413e-03 7.134725099259278977e+03 3.310140709168591457e+03 1.901399943633562771e+03
1.364100476567608111e-03 7.819901011669577201e+03 3.634582678479680908e+03 2.089551916778537816e+03
1.521008446081769522e-03 8.572792766755252160e+03 3.990839424785229312e+03 2.296152433146906787e+03
1.695965020753673102e-03 9.383668048471679867e+03 4.374242866612760736e+03 2.518463200216675432e+03
1.891046271984591709e-03 1.025866151829848241e+04 4.787602866482826357e+03 2.758078418957689792e+03
2.108567074807741158e-03 1.119680234948341058e+04 5.230418897218840357e+03 3.014679776780614702e+03
2.351108576680822643e-03 1.221123427366377473e+04 5.708807350705318640e+03 3.291780252192188527e+03
2.621548825923003187e-03 1.328748384486396390e+04 6.216009020988795783e+03 3.585497684488057530e+03
2.923096923239734257e-03 1.442369232438273866e+04 6.751177433406581258e+03 3.895374141113863061e+03
3.259331101584665453e-03 1.562274269584968170e+04 7.315719392307669295e+03 4.222234818929485300e+03
3.634241186222156913e-03 1.686880467012431109e+04 7.902288475924287923e+03 4.561782242357106952e+03
4.052275938830490927e-03 1.815702331119773226e+04 8.508738016467976195e+03 4.912707126088698715e+03
4.518395847440812539e-03 1.947355153216863982e+04 9.128595255048820036e+03 5.271560081847186666e+03
5.038131988628217865e-03 2.080289778583298175e+04 9.754562187072120651e+03 5.634062713686455027e+03
5.617651660426248826e-03 2.212902311339179141e+04 1.037929496413638117e+04 5.995925428802501301e+03
6.263831564778516575e-03 2.343005564612786111e+04 1.099264461685614333e+04 6.351337756664418521e+03
6.984339407925946493e-03 2.468218621033727686e+04 1.158354427142559871e+04 6.693946615914845097e+03
7.787724887016851671e-03 2.585885316402750323e+04 1.213965746375230083e+04 7.016659883565432210e+03
8.683521142606049834e-03 2.692863814791238474e+04 1.264636096912172798e+04 7.311061723211531898e+03
9.682357880899711625e-03 2.784415027202086640e+04 1.308146219838639627e+04 7.564313716834295519e+03
1.079608750807801998e-02 2.856544589173437271e+04 1.342628673357551634e+04 7.765641354672594389e+03
1.203792577343234388e-02 2.905990983075274562e+04 1.366558094772944969e+04 7.906245577046914150e+03
1.342260859021738965e-02 2.928419564336085023e+04 1.377892381117650621e+04 7.974278451306327952e+03
1.496656689508787767e-02 2.919162858864277223e+04 1.374426268634291591e+04 7.956941666947460362e+03
1.668812162103823840e-02 2.874659890061489932e+04 1.354466544980441904e+04 7.844377798275435453e+03
1.860770109743517184e-02 2.792272795975299960e+04 1.316739860033536388e+04 7.629131824633000178e+03
2.074808345685756270e-02 2.670998090802601655e+04 1.260709266037363886e+04 7.307876100515902181e+03
2.313466692519383291e-02 2.512688573664241630e+04 1.187184349317721899e+04 6.885069063050867953e+03
2.579577120231610690e-02 2.322555750121468009e+04 1.098537142487305209e+04 6.374268361702258517e+03
2.876297350957714855e-02 2.109730870038124340e+04 9.989853551724094359e+03 5.799653289553803006e+03
3.207148329174031032e-02 1.886919557041612643e+04 8.944563179709119140e+03 5.195398892217496723e+03
3.576056001963404812e-02 1.669507403678990886e+04 7.922104061723674022e+03 4.603610535961689493e+03
3.987397905126498221e-02 1.472703658657153210e+04 6.995065820968799017e+03 4.066575413056412799e+03
4.446055107939526907e-02 1.307996851595571570e+04 6.219416299782725218e+03 3.617148868267071521e+03
4.957470132945773766e-02 1.179389857973966537e+04 5.616262692998679086e+03 3.268084477207189138e+03
5.527711538069327024e-02 1.080136274048269479e+04 5.155138304355778928e+03 3.002029911458987499e+03
6.163545927395905344e-02 9.932852109676183318e+03 4.754678154627640652e+03 2.771493763289805429e+03
6.872518245115814828e-02 8.935489770676529588e+03 4.288588622908605430e+03 2.501666667364230307e+03
7.663041305413779980e-02 7.689728155580631210e+03 3.691944993492409594e+03 2.152969558471075743e+03
8.544495620686157200e-02 6.324633914530367292e+03 3.024201936582243434e+03 1.759536978177938408e+03
9.527340712667957401e-02 5.163517942509050954e+03 2.452147545467130840e+03 1.421360551619579610e+03
1.062323922731101822e-01 4.411255941903214989e+03 2.093006359162948684e+03 1.211288754073638074e+03
1.184519532618636822e-01 3.929119619281393170e+03 1.881933033221292362e+03 1.092033922186478776e+03
1.320770899659224340e-01 3.390236158578652521e+03 1.632405594061738611e+03 9.476210832933579695e+02
1.472694811144383831e-01 2.755341343516610777e+03 1.309322462466778916e+03 7.532345454242895357e+02
1.642094028064348954e-01 2.276380996249248710e+03 1.073339043770310354e+03 6.128627004315976592e+02
1.830978677048002712e-01 1.948480489774356101e+03 9.345144372362203740e+02 5.362400073090545902e+02
2.041590102946942431e-01 1.611566668127216190e+03 7.717723146123291826e+02 4.397743468256852566e+02
2.276427465103479653e-01 1.324294558674490872e+03 6.327194990214501331e+02 3.570605338319598445e+02
2.538277392899435103e-01 1.095456970770639600e+03 5.331759884391299238e+02 3.016705961923022983e+02
2.830247052484705095e-01 8.920164464376108526e+02 4.373216174728908641e+02 2.448982667662292556e+02
3.155801017062329072e-01 7.230695714395774303e+02 3.631884595076490427e+02 2.034490603891593139e+02
3.518802378240603601e-01 5.790473271552060623e+02 2.987612120658437789e+02 1.665110415737916583e+02
3.923558586288135031e-01 4.579282028838687211e+02 2.458441568921733733e+02 1.370060324897568194e+02
4.374872563241952172e-01 3.563057081101667904e+02 2.015449242586110188e+02 1.124863034981209893e+02
4.878099695387512202e-01 2.717892274450152286e+02 1.645016733668905431e+02 9.219835366714103486e+01
5.439211381395319123e-01 2.023948772549250918e+02 1.335931665984818437e+02 7.551631741424283462e+01
6.064865890189676811e-01 1.464123331753351636e+02 1.077830957931728619e+02 6.177095335436411716e+01
6.762487369363893164e-01 1.023079312786789643e+02 8.624674007923661634e+01 5.044021301297090076e+01
7.540353941672404137e-01 6.859635582659706188e+01 6.830821221841183899e+01 4.108994035849033821e+01
8.407695934971151086e-01 4.376798434465993637e+01 5.342047963747972972e+01 3.336677119220584586e+01
9.374805411223435803e-01 2.626848664195775385e+01 4.114396910748430258e+01 2.698475069099417567e+01
1.045315829426528564e+00 1.454579094461391264e+01 3.111663459422490163e+01 2.170682717728788802e+01
1.165555054552403824e+00 7.135510281608734573e+00 2.303759092278489717e+01 1.734248067104195812e+01
1.299625000357985227e+00 2.757049340614932564e+00 1.664562910279511954e+01 1.373897666707953213e+01
1.449116568932995452e+00 3.789545049890312156e-01 1.170211061502052807e+01 1.077108211574944008e+01
1.615803658576671964e+00 -7.638338255512897579e-01 7.981872077825251210e+00 8.339294930165975117e+00
1.801664213246928048e+00 -1.196201453158192374e+00 5.268338435585338431e+00 6.362357865646885990e+00
2.008903693258128342e+00 -1.253085146289296237e+00 3.355993245478349873e+00 4.772837353491445889e+00
2.239981245735629400e+00 -1.134241748100774494e+00 2.056525321067827150e+00 3.513505030148400099e+00
2.497638885371206374e+00 -9.509377570755955800e-01 1.206268029207361536e+00 2.533660171528390848e+00
2.784934031744384253e+00 -7.602563112311270244e-01 6.711603202892882925e-01 1.787402328658078465e+00
3.105275789304232426e+00 -5.882783237420899924e-01 3.478240732252558254e-01 1.232489252156099724e+00
3.462465400517639402e+00 -4.442357534941859809e-01 1.610196296607706579e-01 8.303634127472874216e-01
3.860741352209485999e+00 -3.289396028959654661e-01 5.874897179165503025e-02 5.466070758745804614e-01
4.304829670336041580e+00 -2.394900023227994335e-01 6.729781023928654848e-03 3.516400179915316060e-01
4.799999999999999822e+00 0.000000000000000000e+00 -1.670507765874443620e-02 2.211233748455912751e-01
