1.000000000230258569e-04 8.123695027831997777e+02 3.678401456411245363e+02 2.080302214280473265e+02
1.115026695290953366e-04 8.915030681481269994e+02 4.036017463095536755e+02 2.282279583400340641e+02
1.243284530925187648e-04 9.928603007583108138e+02 4.494213912287945618e+02 2.541120300930302562e+02
1.386295441504667143e-04 1.116364655401886466e+03 5.052581406021698740e+02 2.856539836741870317e+02
1.545756424481938766e-04 1.250535610670827509e+03 5.658887167898682264e+02 3.198947531196316731e+02
1.723559677317991945e-04 1.381227023459853854e+03 6.248819498591549291e+02 3.531815781068805791e+02
1.921815050694108094e-04 1.512543277815331066e+03 6.840868650911131681e+02 3.865566376631911112e+02
2.142875084442451923e-04 1.671628971001764285e+03 7.558179645817265282e+02 4.269873304279367972e+02
2.389362923277018713e-04 1.868881889579659855e+03 8.447983764379162039e+02 4.771482502885107806e+02
2.664203443578849946e-04 2.070884172709075301e+03 9.358683520889240981e+02 5.284471478832174398e+02
2.970657960592480913e-04 2.278108177945422995e+03 1.029241742522549885e+03 5.809972463211300919e+02
3.312362927876497001e-04 2.537192560832802428e+03 1.146123997020545858e+03 6.468137014327519410e+02
3.693373088223966556e-04 2.805179404870779308e+03 1.267077603935389789e+03 7.148977635399620567e+02
4.118209588090659132e-04 3.103112367455228195e+03 1.401706604805643337e+03 7.906992134572927853e+02
4.591913626466918256e-04 3.437930953886855150e+03 1.553273585432601749e+03 8.760961484183366110e+02
5.120106274801957584e-04 3.801853829493759804e+03 1.718310269614610661e+03 9.691484142326339679e+02
5.709055177816341068e-04 4.196244686520154573e+03 1.897571431036754120e+03 1.070336629032193287e+03
6.365748926688486646e-04 4.645497643560628603e+03 2.102212825660324597e+03 1.186018250741174143e+03
7.097979987143026312e-04 5.127420949982722959e+03 2.322207163162040160e+03 1.310547828867543785e+03
7.914437166483044659e-04 5.651389881917556522e+03 2.561836912858329924e+03 1.446385079782457979e+03
8.824808716799498404e-04 6.228066276962837037e+03 2.825933362240435599e+03 1.596289828431451269e+03
9.839897297802024153e-04 6.862196428969428780e+03 3.116603778636533661e+03 1.761451967462597395e+03
1.097174816344422205e-03 7.555172379670882037e+03 3.434391966697286534e+03 1.942159044227040113e+03
1.223379209343287413e-03 8.300703614005245981e+03 3.776323558412874263e+03 2.136693417001914440e+03
1.364100476567608111e-03 9.125324100781359448e+03 4.154386446683225586e+03 2.351820747063548879e+03
1.521008446081769522e-03 1.001012018842324869e+04 4.559942684563341572e+03 2.582620507887086660e+03
1.695965020753673102e-03 1.097856742298580684e+04 5.003588495788369983e+03 2.835055371603186813e+03
1.891046271984591709e-03 1.202173100924710343e+04 5.481250713093412742e+03 3.106804040693720708e+03
2.108567074807741158e-03 1.314689263509452940e+04 5.996256138027151792e+03 3.399743124953144616e+03
2.351108576680822643e-03 1.434902208036678167e+04 6.546346661658107223e+03 3.712587274083802185e+03
2.621548825923003187e-03 1.563027847201134318e+04 7.132525619535014812e+03 4.045907957558492853e+03
2.923096923239734257e-03 1.697964985988750050e+04 7.749805149524469016e+03 4.396885969739884786e+03
3.259331101584665453e-03 1.840135706006347027e+04 8.400196271608099778e+03 4.766684159509071833e+03
3.634241186222156913e-03 1.987821103179029524e+04 9.075894183018890544e+03 5.150875264354181127e+03
4.052275938830490927e-03 2.140082643926099990e+04 9.772700533509718298e+03 5.547082966373926865e+03
4.518395847440812539e-03 2.295530516475782133e+04 1.048433624787282679e+04 5.951880588519959019e+03
5.038131988628217865e-03 2.452392462664798950e+04 1.120279927529578526e+04 6.360676516909561542e+03
5.617651660426248826e-03 2.608387567364569259e+04 1.191772803105058119e+04 6.767588098006854125e+03
6.263831564778516575e-03 2.761162549690524611e+04 1.261853438551810177e+04 7.166658611635644775e+03
6.984339407925946493e-03 2.907730281894168365e+04 1.329168074520216942e+04 7.550238099279553353e+03
7.787724887016851671e-03 3.044667985106295964e+04 1.392166565701490254e+04 7.909556848055812225e+03
8.683521142606049834e-03 3.168936367073372458e+04 1.449474401017299533e+04 8.236854922864495165e+03
9.682357880899711625e-03 3.274214763412272805e+04 1.498206750044700493e+04 8.515730785413383273e+03
1.079608750807801998e-02 3.355865306079792208e+04 1.536251071810010944e+04 8.734184724085382186e+03
1.203792577343234388e-02 3.409908339250988502e+04 1.561792828198164898e+04 8.881924287033623841e+03
1.342260859021738965e-02 3.430983218213731016e+04 1.572369107210271068e+04 8.944907347402715459e+03
1.496656689508787767e-02 3.413385502293684112e+04 1.565350725587479064e+04 8.908113388834732177e+03
1.668812162103823840e-02 3.352707665481448930e+04 1.538690128086712321e+04 8.759817762732374831e+03
1.860770109743517184e-02 3.245633593658619793e+04 1.490821065272354099e+04 8.490995247459713937e+03
2.074808345685756270e-02 3.090631584313010535e+04 1.420957517776258646e+04 8.096911019188983119e+03
2.313466692519383291e-02 2.889679589312529788e+04 1.329912192567506281e+04 7.581877419674351586e+03
2.579577120231610690e-02 2.648914631476034629e+04 1.220398248562529989e+04 6.961096399582637787e+03
2.876297350957714855e-02 2.379435240865973901e+04 1.097386394081002982e+04 6.262555747097989297e+03
3.207148329174031032e-02 2.097343434487407649e+04 9.681895451040301850e+03 5.527689643003852325e+03
3.576056001963404812e-02 1.821969249367183147e+04 8.416889434348402574e+03 4.807122554526126805e+03
3.987397905126498221e-02 1.573289336789304980e+04 7.271807261696651949e+03 4.154114070116967014e+03
4.446055107939526907e-02 1.367444760149733884e+04 6.323355714914018790e+03 3.612944918088257054e+03
4.957470132945773766e-02 1.211924550426672067e+04 5.609349070967165062e+03 3.205937565332553731e+03
5.527711538069327024e-02 1.102179606335330027e+04 5.111774600237624327e+03 2.923462809977485904e+03
6.163545927395905344e-02 1.020091744224740978e+04 4.747282460670851833e+03 2.717997604050055088e+03
6.872518245115814828e-02 9.345335919253784596e+03 4.365767185569578942e+03 2.502443044553570871e+03
7.663041305413779980e-02 8.189012643710933844e+03 3.831712446710048425e+03 2.196653247040824226e+03
8.544495620686157200e-02 6.743973061662501095e+03 3.141868506511766100e+03 1.796828225679042134e+03
9.527340712667957401e-02 5.359321204066890459e+03 2.468489374794959986e+03 1.403762682560271060e+03
1.062323922731101822e-01 4.406787029367717878e+03 2.012496312227320459e+03 1.138826713301007430e+03
1.184519532618636822e-01 3.896885473186435775e+03 1.795696517046789950e+03 1.018562564819996851e+03
1.320770899659224340e-01 3.470040426517215110e+03 1.624201049516392686e+03 9.258978345897983218e+02
1.472694811144383831e-01 2.860380492162208611e+03 1.327658789522489997e+03 7.517175801221128495e+02
1.642094028064348954e-01 2.293016680729746895e+03 1.038388708176382579e+03 5.783573622205466336e+02
1.830978677048002712e-01 1.946093644658211815e+03 8.932112798504848570e+02 4.989915592026933382e+02
2.041590102946942431e-01 1.639725451409856987e+03 7.651823981189946835e+02 4.290449468455379360e+02
2.276427465103479653e-01 1.332755064589258382e+03 6.114589616647516550e+02 3.360194508182634650e+02
2.538277392899435103e-01 1.101286345662694885e+03 5.154010535696627358e+02 2.843340362208300007e+02
2.830247052484705095e-01 8.977316309679739561e+02 4.245488210681719465e+02 2.322817563498796289e+02
3.155801017062329072e-01 7.262725222386930000e+02 3.503961613991457966e+02 1.908704130477067622e+02
3.518802378240603601e-01 5.815524843741828818e+02 2.884569564184220667e+02 1.563870429942134592e+02
3.923558586288135031e-01 4.597991497692589178e+02 2.373449031337537178e+02 1.285799645964832791e+02
4.374872563241952172e-01 3.577570499852962485e+02 1.943482878983188300e+02 1.050992413605782758e+02
4.878099695387512202e-01 2.730442095456590437e+02 1.587053384263542739e+02 8.604401668818292137e+01
5.439211381395319123e-01 2.035479918952697460e+02 1.290260729330000515e+02 7.040387883078679465e+01
6.064865890189676811e-01 1.475127158979525746e+02 1.042855316897545208e+02 5.753317234709417960e+01
6.762487369363893164e-01 1.033645288081436888e+02 8.367044217302955644e+01 4.694743605269606945e+01
7.540353941672404137e-01 6.959492308312434261e+01 6.651877536115682688e+01 3.824505954227377913e+01
8.407695934971151086e-01 4.468121937759055839e+01 5.228909707729658152e+01 3.108234439372169078e+01
9.374805411223435803e-01 2.706976055289986149e+01 4.053972587981025555e+01 2.517699358846351387e+01
1.045315829426528564e+00 1.521668498747343534e+01 3.091682812971430749e+01 2.030577792952809446e+01
1.165555054552403824e+00 7.671985064522659492e+00 2.312678566031798866e+01 1.628601189920872372e+01
1.299625000357985227e+00 3.168620099754126507e+00 1.691943303531781240e+01 1.296949279556644541e+01
1.449116568932995452e+00 6.840988915239564205e-01 1.207274730064107437e+01 1.023840123891197251e+01
1.615803658576671964e+00 -5.432172704923917683e-01 8.380246395955152749e+00 7.996440144566041575e+00
1.801664213246928048e+00 -1.039070140713855617e+00 5.646175550659936704e+00 6.166457980621652624e+00
2.008903693258128342e+00 -1.141763888929345327e+00 3.684716071406612947e+00 4.685601275535243637e+00
2.239981245735629400e+00 -1.055083822964775209e+00 2.324417019038302001e+00 3.501132026719037782e+00
2.497638885371206374e+00 -8.939640866830065313e-01 1.413536812145629540e+00 2.568018823899927305e+00
2.784934031744384253e+00 -7.185981575441547919e-01 8.250125597294386548e-01 1.846288281843230905e+00
3.105275789304232426e+00 -5.571944007477686034e-01 4.583702676725300851e-01 1.299722451777226118e+00
3.462465400517639402e+00 -4.205643586830479785e-01 2.384969505241326948e-01 8.953358107866113968e-01
3.860741352209485999e+00 -3.105937516849242019e-01 1.120858821166714619e-01 6.034342198988030814e-01
4.304829670336041580e+00 0.000000000000000000e+00 4.302093821962205134e-02 3.979772156155549911e-01
4.799999999999999822e+00 0.000000000000000000e+00 7.833724181160442793e-03 2.569398310617170833e-01
