1.000000000230258569e-04 2.890570250644281600e+02 1.243434860578652206e+02 6.984510219634933037e+01
1.115026695290953366e-04 3.169658894679035939e+02 1.362697957902453254e+02 7.653311343949185641e+01
1.243284530925187648e-04 3.513884433474209459e+02 1.509859435207342528e+02 8.478352450118957506e+01
1.386295441504667143e-04 3.945887335648587850e+02 1.694611971126792298e+02 9.514410853741297558e+01
1.545756424481938766e-04 4.456958818552062098e+02 1.913075755613044180e+02 1.073923973535066665e+02
1.723559677317991945e-04 5.002035964396229701e+02 2.145586795190336602e+02 1.204200991380646286e+02
1.921815050694108094e-04 5.543830946179155035e+02 2.375802002311926628e+02 1.333015595647399891e+02
2.142875084442451923e-04 6.123263449588266667e+02 2.621227891864137405e+02 1.470205201137907807e+02
2.389362923277018713e-04 6.838319919374428082e+02 2.924204650451452494e+02 1.639558255437585217e+02
2.664203443578849946e-04 7.683542055182415424e+02 3.282329342405617467e+02 1.839677440963402262e+02
2.970657960592480913e-04 8.540820830654895417e+02 3.644350919714001975e+02 2.041703532563033718e+02
3.312362927876497001e-04 9.488785915765430445e+02 4.044238289707969898e+02 2.264686017393813700e+02
3.693373088223966556e-04 1.063645010898662122e+03 4.529575771668145876e+02 2.535446334604683614e+02
4.118209588090659132e-04 1.180774723432781229e+03 5.024539325758424297e+02 2.811341836326994326e+02
4.591913626466918256e-04 1.318419101069313228e+03 5.608302872126795364e+02 3.136991491487345343e+02
5.120106274801957584e-04 1.464759664163381558e+03 6.230712225108762823e+02 3.484344435289221451e+02
5.709055177816341068e-04 1.632844700145030174e+03 6.949014091173709176e+02 3.885776695501483573e+02
6.365748926688486646e-04 1.810196511431689032e+03 7.710550303064468380e+02 4.311943721342667004e+02
7.097979987143026312e-04 2.010558874594443751e+03 8.575843291474021726e+02 4.797180098805652619e+02
7.914437166483044659e-04 2.231604917292951541e+03 9.535266550870812807e+02 5.336261996339779898e+02
8.824808716799498404e-04 2.472066785910662475e+03 1.058380932172256962e+03 5.926607468432796395e+02
9.839897297802024153e-04 2.735255209839983763e+03 1.173594489281025744e+03 6.576524601977332622e+02
1.097174816344422205e-03 3.023456840253154496e+03 1.300120019263005588e+03 7.291364050606308638e+02
1.223379209343287413e-03 3.337690191746352411e+03 1.438308893358295109e+03 8.072988036134951244e+02
1.364100476567608111e-03 3.685114065927552474e+03 1.591169601564004324e+03 8.938178919000062024e+02
1.521008446081769522e-03 4.065351528495698858e+03 1.758503331391883876e+03 9.885714387851779748e+02
1.695965020753673102e-03 4.482024039601000368e+03 1.941776590741672408e+03 1.092358552763754233e+03
1.891046271984591709e-03 4.934747429990637102e+03 2.140760322318626095e+03 1.205029925648109611e+03
2.108567074807741158e-03 5.428388843933423232e+03 2.357554334899089099e+03 1.327761174092965575e+03
2.351108576680822643e-03 5.961200933558775432e+03 2.591379251040712916e+03 1.460102325845218047e+03
2.621548825923003187e-03 6.539914281000853407e+03 2.845171386202241592e+03 1.603705441756312666e+03
2.923096923239734257e-03 7.159745302931487458e+03 3.116841940171275382e+03 1.757394773838673700e+03
3.259331101584665453e-03 7.821612292534055996e+03 3.406796897548585548e+03 1.921406680545145946e+03
3.634241186222156913e-03 8.525177265695563619e+03 3.714944248471965238e+03 2.095700885977953476e+03
4.052275938830490927e-03 9.267180865963391625e+03 4.039896122792748429e+03 2.279483433700067053e+03
4.518395847440812539e-03 1.004297866171419264e+04 4.379704229299756662e+03 2.471644816664123027e+03
5.038131988628217865e-03 1.084871310145176358e+04 4.732737953038715204e+03 2.671381646959592672e+03
5.617651660426248826e-03 1.167731677669540477e+04 5.095877241132653580e+03 2.876868932527323068e+03
6.263831564778516575e-03 1.251989138552549412e+04 5.465340482028985207e+03 3.085979960797979857e+03
6.984339407925946493e-03 1.336645721684720593e+04 5.836845168272086084e+03 3.296323133662783675e+03
7.787724887016851671e-03 1.420158166099561095e+04 6.203745874760072184e+03 3.504171184115961296e+03
8.683521142606049834e-03 1.500792810570635083e+04 6.558539731492116516e+03 3.705290946825179617e+03
9.682357880899711625e-03 1.576586776059565091e+04 6.892743838861947552e+03 3.894909619355698396e+03
1.079608750807801998e-02 1.645825029064267073e+04 7.198977257577133969e+03 4.068885418001128073e+03
1.203792577343234388e-02 1.705943696558065130e+04 7.466112495505558400e+03 4.220946152485080347e+03
1.342260859021738965e-02 1.754217440482033271e+04 7.682304839451740918e+03 4.344394552728485905e+03
1.496656689508787767e-02 1.787890253019382362e+04 7.835578414743763460e+03 4.432465638585605120e+03
1.668812162103823840e-02 1.804152108189458886e+04 7.913704351923834110e+03 4.478243423574821463e+03
1.860770109743517184e-02 1.800370540776392954e+04 7.905061832264334953e+03 4.475121526688842096e+03
2.074808345685756270e-02 1.774413003633675180e+04 7.800156048034617925e+03 4.417643707211434048e+03
2.313466692519383291e-02 1.724997743774982519e+04 7.593163842895325615e+03 4.302471306108157478e+03
2.579577120231610690e-02 1.652236518108412201e+04 7.284142912338544193e+03 4.129551862890521988e+03
2.876297350957714855e-02 1.558161921655400511e+04 6.881447911610626761e+03 3.903469994483611117e+03
3.207148329174031032e-02 1.447155741304692674e+04 6.403764486300231511e+03 3.634691003642682062e+03
3.576056001963404812e-02 1.326006883981420469e+04 5.880463086341477720e+03 3.339778762103544977e+03
3.987397905126498221e-02 1.203070686341877263e+04 5.348094006522966993e+03 3.039390028567022000e+03
4.446055107939526907e-02 1.087094469481678789e+04 4.845497801710631393e+03 2.755606766452294778e+03
4.957470132945773766e-02 9.850104407895789336e+03 4.404146718731755755e+03 2.506434387130078903e+03
5.527711538069327024e-02 8.993740916865464897e+03 4.036567903767663211e+03 2.299197244272250828e+03
6.163545927395905344e-02 8.265641402498924435e+03 3.727519726406685550e+03 2.125375864259895934e+03
6.872518245115814828e-02 7.572631981229143094e+03 3.434744880058010040e+03 1.960801141535029046e+03
7.663041305413779980e-02 6.781211637174013049e+03 3.094408421116184400e+03 1.768393805986073403e+03
8.544495620686157200e-02 5.855415095071777614e+03 2.685256840670896054e+03 1.535143044413871621e+03
9.527340712667957401e-02 4.897837684245824676e+03 2.252472651797876097e+03 1.286651078725945354e+03
1.062323922731101822e-01 4.094731016314246062e+03 1.888537578248010504e+03 1.077259246946159692e+03
1.184519532618636822e-01 3.532531614254905435e+03 1.644544332761239502e+03 9.384304498520428979e+02
1.320770899659224340e-01 3.096551839231614849e+03 1.466684596188296837e+03 8.391647974720165166e+02
1.472694811144383831e-01 2.618073364201260119e+03 1.257706882556719393e+03 7.197896584451383433e+02
1.642094028064348954e-01 2.129077634204465994e+03 1.028217022086697398e+03 5.853678884338547732e+02
1.830978677048002712e-01 1.758126752891997967e+03 8.646612569104390786e+02 4.914085580135466671e+02
2.041590102946942431e-01 1.461935634522119017e+03 7.457629212961641088e+02 4.257440072712155938e+02
2.276427465103479653e-01 1.175035007598685979e+03 6.163290162342829035e+02 3.503732638696712343e+02
2.538277392899435103e-01 9.361617252231498014e+02 5.131111512975124924e+02 2.914286784138549251e+02
2.830247052484705095e-01 7.343824305201261495e+02 4.293208096727115617e+02 2.447610074282340236e+02
3.155801017062329072e-01 5.603969205900203860e+02 3.539669886338231208e+02 2.017398991775784509e+02
3.518802378240603601e-01 4.147988938526170841e+02 2.926000517983626423e+02 1.678612720176789708e+02
3.923558586288135031e-01 2.935045681670442264e+02 2.399465927491818320e+02 1.386382156448648288e+02
4.374872563241952172e-01 1.946642643170237648e+02 1.957234464194336852e+02 1.144761300207480446e+02
4.878099695387512202e-01 1.163438377414463787e+02 1.584844253920545896e+02 9.438092862711637565e+01
5.439211381395319123e-01 5.677214844063032473e+01 1.271097816277892321e+02 7.761965564565343811e+01
6.064865890189676811e-01 1.407362586708671692e+01 1.007396089622303066e+02 6.367245370904718271e+01
6.762487369363893164e-01 -1.392499770771380696e+01 7.865104954104685930e+01 5.206802666205958019e+01
7.540353941672404137e-01 -2.976307381420499709e+01 6.024786157645561246e+01 4.240661827259163630e+01
8.407695934971151086e-01 -3.627182751717216291e+01 4.505204692452581838e+01 3.436042621701464128e+01
9.374805411223435803e-01 -3.633925176928930512e+01 3.267324230946800867e+01 2.765932914257485109e+01
1.045315829426528564e+00 -3.259693101070602950e+01 2.278130213119692726e+01 2.207894663960913562e+01
1.165555054552403824e+00 -2.714787953868320614e+01 1.508400427474028227e+01 1.744005930682831362e+01
1.299625000357985227e+00 -2.143522908998627940e+01 9.301626114598294137e+00 1.359692451394216484e+01
1.449116568932995452e+00 -1.627692552442924168e+01 5.151498087773433987e+00 1.043189743269199710e+01
1.615803658576671964e+00 -1.201423544977449254e+01 2.342369330459550092e+00 7.850098033409799392e+00
1.801664213246928048e+00 -8.689832110209165350e+00 5.815216093462119984e-01 5.772009406280248278e+00
2.008903693258128342e+00 -6.196790509758199228e+00 -4.092677378025375567e-01 4.129659020722853846e+00
2.239981245735629400e+00 -4.376895007380234404e+00 -8.750504139980399554e-01 2.861739963817814925e+00
2.497638885371206374e+00 -3.072288052459692498e+00 -1.013632893607632646e+00 1.910624247622293215e+00
2.784934031744384253e+00 -2.148417462126294808e+00 -9.706205018096610848e-01 1.220918920223132531e+00
3.105275789304232426e+00 -1.499331685210776977e+00 -8.433550147964975485e-01 7.397530522120248087e-01
3.462465400517639402e+00 -1.045325898294457989e+00 -6.905273094079698026e-01 4.183354295104174114e-01
3.860741352209485999e+00 -7.285219070050202861e-01 -5.434541758519984000e-01 2.138418584626699537e-01
4.304829670336041580e+00 -5.075919143431374403e-01 -4.160373725314523985e-01 9.087870688091631566e-02
4.799999999999999822e+00 0.000000000000000000e+00 -3.121983602967793869e-01 2.194379616687321122e-02
