1.000000000230258569e-04 1.348296059942383863e+03 6.553276691866080910e+02 3.601842146146066170e+02
1.115486563971542785e-04 1.506085901589926607e+03 7.333449200705035764e+02 4.032850147246365395e+02
1.244310274114527074e-04 1.663018744213068658e+03 8.117414495267397569e+02 4.467250077179952541e+02
1.388011391866901154e-04 1.842864051881875412e+03 9.018925665133629082e+02 4.967376003801808793e+02
1.548308057910457113e-04 2.066086111304749465e+03 1.013537439462403199e+03 5.586493367066639166e+02
1.727116835090306587e-04 2.307779668735521227e+03 1.135072330545825935e+03 6.261781532640948171e+02
1.926575623508681512e-04 2.551737377962866958e+03 1.259105926015002979e+03 6.953537434354331026e+02
2.149069222004190347e-04 2.846958575672215375e+03 1.408752919390999978e+03 7.787825294537202581e+02
2.397257841638464457e-04 3.173102559912551442e+03 1.574240339408551336e+03 8.711318992674233641e+02
2.674108912107391479e-04 3.521819808861093406e+03 1.751657293947202106e+03 9.702957201129610212e+02
2.982932561365508645e-04 3.935126101585494325e+03 1.960327407592262944e+03 1.086738471573124571e+03
3.327421192670277522e-04 4.377177877953952702e+03 2.183086617545623085e+03 1.211062834563073011e+03
3.711693632243215748e-04 4.888087443937452008e+03 2.438109000255335559e+03 1.353046358193299056e+03
4.140344375392690035e-04 5.467881348074684865e+03 2.724841827262025163e+03 1.512276563128823454e+03
4.618498519902246974e-04 6.108219627260164998e+03 3.038692078480719829e+03 1.686121561728669121e+03
5.151873043487156757e-04 6.834135236258794976e+03 3.390946089284732807e+03 1.880617594281965694e+03
5.746845157973842983e-04 7.656195825942127158e+03 3.786094651111742678e+03 2.098095827904291582e+03
6.410528557468661917e-04 8.581173735977366960e+03 4.227134262108158509e+03 2.340141964511914011e+03
7.150858472165629249e-04 9.620556994261909495e+03 4.719568749329782804e+03 2.609760440299049606e+03
7.976686544726134401e-04 1.077795205613164399e+04 5.265371663926202018e+03 2.908067176001891312e+03
8.897886663605780169e-04 1.205160398998857636e+04 5.864000221825010158e+03 3.234819441208205717e+03
9.925473018708411317e-04 1.347607132765512688e+04 6.532363287708378266e+03 3.599358095407133078e+03
1.107173179088194286e-03 1.504043964294976831e+04 7.266002243046939839e+03 3.999393019863312475e+03
1.235036804978161722e-03 1.675324096979529713e+04 8.069400402556390873e+03 4.437456064894007795e+03
1.377666961646263968e-03 1.861918865523668865e+04 8.945181056311532302e+03 4.915045553278124316e+03
1.536768984990051967e-03 2.065492714493915628e+04 9.901786195469339873e+03 5.436872278406599435e+03
1.714245154289869167e-03 2.284995305262804322e+04 1.093441925180139151e+04 6.000392377339670929e+03
1.912217436523370962e-03 2.521502646864543203e+04 1.204838784507673881e+04 6.608618485700762903e+03
2.133052857342773462e-03 2.773656202521934392e+04 1.323723217167944495e+04 7.258099537791370494e+03
2.379391802059096454e-03 3.041192918170052872e+04 1.449992503858619784e+04 7.948230388814606158e+03
2.654179585009814029e-03 3.322157683475784143e+04 1.582731904224110804e+04 8.673807986275436633e+03
2.960701664764286197e-03 3.614515198898842209e+04 1.720992061837227084e+04 9.429555053427031453e+03
3.302622926212283368e-03 3.915094079967455036e+04 1.863284584860370160e+04 1.020790150076076497e+04
3.684031499205906151e-03 4.219980239024590264e+04 2.007740512664221023e+04 1.099846761963249810e+04
4.109487637665882979e-03 4.524787798048141121e+04 2.152282329161795496e+04 1.178988985594806400e+04
4.584078243567925488e-03 4.824172510206093284e+04 2.294382433883592967e+04 1.256838028133320768e+04
5.113477687716873853e-03 5.111995784965447820e+04 2.431143392017444421e+04 1.331813215486095214e+04
5.704015654503047893e-03 5.381399027608529286e+04 2.559324939380315845e+04 1.402146677059001013e+04
6.362752821816417166e-03 5.624860826555959648e+04 2.675370884950755499e+04 1.465897107532624432e+04
7.097565280973966440e-03 5.834088640709696483e+04 2.775361392533625258e+04 1.520924067335909604e+04
7.917238706014356406e-03 6.000140582886389166e+04 2.855060563158503282e+04 1.564911679624695535e+04
8.831573398280912271e-03 6.116256663336684869e+04 2.911266689532187229e+04 1.596108026609975423e+04
9.851501462242475554e-03 6.164646539289801149e+04 2.935507217786794354e+04 1.609862871742772950e+04
1.098921751354712747e-02 6.137466020422859583e+04 2.924032913972479946e+04 1.604112689047444110e+04
1.225832448210000328e-02 6.029738060389795282e+04 2.874419644120918383e+04 1.577509056517184945e+04
1.367399625343743499e-02 5.837419321486842091e+04 2.784661292231391417e+04 1.528920344084493991e+04
1.525315909299450497e-02 5.558573726898781024e+04 2.653718745535305425e+04 1.457740615691119274e+04
1.701469402243795462e-02 5.200003388812205230e+04 2.484682820244667892e+04 1.365619880637266215e+04
1.897966256774625410e-02 4.777738397472491488e+04 2.285028140059353245e+04 1.256612565318139787e+04
2.117155857815964867e-02 4.315683255337282026e+04 2.065999932428173634e+04 1.136843203395721503e+04
2.361658912683562567e-02 3.845836374884168617e+04 1.842803762844262019e+04 1.014649669414511845e+04
2.634398785175567220e-02 3.403023836474420386e+04 1.632107267742621298e+04 8.991945057846605778e+03
2.938636448329653983e-02 3.018440341895591700e+04 1.449020083736789820e+04 7.988303598978483024e+03
3.278009473753994152e-02 2.710880918184831535e+04 1.302857667354883051e+04 7.187624166021503697e+03
3.656575523702054742e-02 2.477757844413966814e+04 1.192731525466501262e+04 6.585929472201531098e+03
4.078860865897657173e-02 2.291969968895793863e+04 1.105737544498696479e+04 6.112385829753627149e+03
4.549914491170512637e-02 2.099548906487442582e+04 1.015334055956448174e+04 5.619129447120810255e+03
5.075368480951484434e-02 1.854006646038234248e+04 8.978295285571935892e+03 4.972137640937643482e+03
5.661505346402430361e-02 1.554675620731748131e+04 7.517724081683274562e+03 4.160576957246410529e+03
6.315333144310807112e-02 1.263957941446370387e+04 6.081542456331352696e+03 3.357864053934867570e+03
7.044669267860774464e-02 1.055789653163719049e+04 5.059282613483479508e+03 2.787465543776291270e+03
7.858233914112514040e-02 9.373355289706567419e+03 4.508914809571460864e+03 2.487492089158946328e+03
8.765754345719625751e-02 8.358743446037809917e+03 4.047833337749630118e+03 2.238658562546263056e+03
9.778081193473929511e-02 6.944131973211169679e+03 3.341428024632708002e+03 1.840448537619607350e+03
1.090731819023149224e-01 5.627093654378004430e+03 2.665722091965770687e+03 1.454558408346279975e+03
1.216696688736408766e-01 4.838989191963733902e+03 2.304385424179284200e+03 1.258866052563402491e+03
1.357208808401622890e-01 4.123412782232428071e+03 1.972689858161923212e+03 1.078136261920731386e+03
1.513948189927238619e-01 3.383436739279317862e+03 1.591247929343497162e+03 8.580380365511440459e+02
1.688788864024014236e-01 2.852195736789427883e+03 1.350454541369222852e+03 7.290347821704170883e+02
1.883821286769788717e-01 2.368661134615616902e+03 1.116096595584243232e+03 5.974473527385063107e+02
2.101377333831422056e-01 1.966657309419743797e+03 9.281719497493550080e+02 4.945062162204845322e+02
2.344058181183555356e-01 1.625082150626163184e+03 7.682508551291390404e+02 4.063876764399161630e+02
2.614765405675759102e-01 1.337672587743327767e+03 6.371084944278352395e+02 3.356438394367804676e+02
2.916735677297306317e-01 1.094154061061004768e+03 5.261287364099338220e+02 2.754824433642428971e+02
3.253579457932418983e-01 8.888735838080215217e+02 4.340928601429594096e+02 2.263870089700565700e+02
3.629324169301749725e-01 7.160381277818027002e+02 3.574659255946353937e+02 1.859966268846422111e+02
4.048462346221089470e-01 5.709455786780166591e+02 2.935315188554226893e+02 1.526812510094918878e+02
4.516005350914485406e-01 4.498135795030194686e+02 2.401835967724306045e+02 1.252482321628121440e+02
5.037543290608768043e-01 3.495185344970021788e+02 1.956572702089665654e+02 1.026627180225243876e+02
5.619311854805180140e-01 2.674205634852363005e+02 1.584847344803921771e+02 8.405513873589546847e+01
6.268266871357865977e-01 2.012205926262045637e+02 1.274721150903273639e+02 6.871436262969987752e+01
6.992167472777639503e-01 1.488163693674967760e+02 1.016493340826375089e+02 5.605518199071050844e+01
7.799668867126374749e-01 1.082054706020873454e+02 8.022863051701789061e+01 4.559971973853048155e+01
8.700425822703268253e-01 7.744930999174802366e+01 6.256331017918569160e+01 3.695351461253154213e+01
9.705208103821856280e-01 5.469174484136026138e+01 4.812460752739906411e+01 2.979981106142504288e+01
1.082602923786821769e+00 3.821478859065757661e+01 3.646537690578114876e+01 2.388281108871315084e+01
1.207629015322442267e+00 2.650736346669164334e+01 2.719361669524171887e+01 1.899464824814591424e+01
1.347093940544190405e+00 1.831033324258322637e+01 1.995376373000519266e+01 1.496798923635129697e+01
1.502665190738521561e+00 1.262918514293811079e+01 1.441455435751522529e+01 1.166787587167353202e+01
1.676202830030598223e+00 8.714866581481377494e+00 1.026604268197276504e+01 8.984045524137798111e+00
1.869781734959676811e+00 6.024182166330090737e+00 7.223577350713934919e+00 6.823734250902960596e+00
2.085716402426663674e+00 4.174015487878416586e+00 5.034848627146186750e+00 5.107921991266624495e+00
2.326588622626292402e+00 2.899138048568313142e+00 3.485875396155800665e+00 3.766734232450021480e+00
2.595278347831105226e+00 2.017992070461613885e+00 2.403667938330365406e+00 2.737038472357072649e+00
2.894998126105261083e+00 1.406899980069644007e+00 1.654424414844311908e+00 1.961475988997440023e+00
3.229331511649635278e+00 9.816491086053208415e-01 1.138546970136230740e+00 1.388425043519426971e+00
3.602275911025628830e+00 0.000000000000000000e+00 7.842306394006841597e-01 9.726321607319964313e-01
4.018290377542188097e+00 0.000000000000000000e+00 5.409110145088683597e-01 6.757913601663211312e-01
4.482348925252354732e+00 0.000000000000000000e+00 3.735748303677590698e-01 4.667347290670879056e-01
5.000000000000000888e+00 0.000000000000000000e+00 2.582220320879142217e-01 3.210553945624067262e-01
