1.000000000230258569e-04 8.233440464802575889e+02 3.854944661944995801e+02 2.164741410089672797e+02
1.115026695290953366e-04 9.222699976012238494e+02 4.319127922233388404e+02 2.425621247502296285e+02
1.243284530925187648e-04 1.039486694841443750e+03 4.869128652041429746e+02 2.734714793231365775e+02
1.386295441504667143e-04 1.163388085947061882e+03 5.451027198891100625e+02 3.061866402073193854e+02
1.545756424481938766e-04 1.283754698087605902e+03 6.017493772476684626e+02 3.380582325902300340e+02
1.723559677317991945e-04 1.409611620559100857e+03 6.610842565795716155e+02 3.714674845417738993e+02
1.921815050694108094e-04 1.565786901374912759e+03 7.347008317373495174e+02 4.129190153229045563e+02
2.142875084442451923e-04 1.752198573575043838e+03 8.225659346533041116e+02 4.623977241395452324e+02
2.389362923277018713e-04 1.938089619342020114e+03 9.103617331330052593e+02 5.118828378452840866e+02
2.664203443578849946e-04 2.139789898476732560e+03 1.005726827541790726e+03 5.656697896946706123e+02
2.970657960592480913e-04 2.387781419315586390e+03 1.122853334786925188e+03 6.317135646394893911e+02
3.312362927876497001e-04 2.637701306193157507e+03 1.241019017813018081e+03 6.983954080537230311e+02
3.693373088223966556e-04 2.931933131144629442e+03 1.379960193429126321e+03 7.767821401975343178e+02
4.118209588090659132e-04 3.246692412870380394e+03 1.528485453572303641e+03 8.605828636685911306e+02
4.591913626466918256e-04 3.609405658845439575e+03 1.699322059353434724e+03 9.569207011178597213e+02
5.120106274801957584e-04 3.994191795818447190e+03 1.880244402107419319e+03 1.058908127052484133e+03
5.709055177816341068e-04 4.436516982665993964e+03 2.087694413994016031e+03 1.175741945780097694e+03
6.365748926688486646e-04 4.927903788619549232e+03 2.317633405983140165e+03 1.305130801696711387e+03
7.097979987143026312e-04 5.467554243783210950e+03 2.569586976967518240e+03 1.446776940555080728e+03
7.914437166483044659e-04 6.065129430157305251e+03 2.848004188164848529e+03 1.603151951051758942e+03
8.824808716799498404e-04 6.725923752797710222e+03 3.155362281031587827e+03 1.775639098643649049e+03
9.839897297802024153e-04 7.450803599852102707e+03 3.492112915357809470e+03 1.964491713393899317e+03
1.097174816344422205e-03 8.253066126095034633e+03 3.864541806000709585e+03 2.173246359044153451e+03
1.223379209343287413e-03 9.139649124484136337e+03 4.275968423787111533e+03 2.403786210806299096e+03
1.364100476567608111e-03 1.010761043774365680e+04 4.725121443776200977e+03 2.655424443811099536e+03
1.521008446081769522e-03 1.116076500649808440e+04 5.213904144456099857e+03 2.929264829533472948e+03
1.695965020753673102e-03 1.231028331462390270e+04 5.747601427691988647e+03 3.228296948183246514e+03
1.891046271984591709e-03 1.355187971479301996e+04 6.324253385500248442e+03 3.551441926114780472e+03
2.108567074807741158e-03 1.489557004226685603e+04 6.948621333992881773e+03 3.901401305511289593e+03
2.351108576680822643e-03 1.633519496665924271e+04 7.617862502573932034e+03 4.276583170585484368e+03
2.621548825923003187e-03 1.787418329954865112e+04 8.333646300467971741e+03 4.677932768002638113e+03
2.923096923239734257e-03 1.950344832954844969e+04 9.091756489386412795e+03 5.103093822835628089e+03
3.259331101584665453e-03 2.122279698435681348e+04 9.892147814686113634e+03 5.552103222255446781e+03
3.634241186222156913e-03 2.301771693714780122e+04 1.072799066317910365e+04 6.021185491382945656e+03
4.052275938830490927e-03 2.487922117260576488e+04 1.159530730064830823e+04 6.508037334529943109e+03
4.518395847440812539e-03 2.678835162413666694e+04 1.248548714935167118e+04 7.007860895343511402e+03
5.038131988628217865e-03 2.872314941989450381e+04 1.338825538748255713e+04 7.514983227599663223e+03
5.617651660426248826e-03 3.065900319227225555e+04 1.429228690678962084e+04 8.023067360156956056e+03
6.263831564778516575e-03 3.256551395240010606e+04 1.518357110321085747e+04 8.524286504472558590e+03
6.984339407925946493e-03 3.440687323603688856e+04 1.604558920634509377e+04 9.009415466007632858e+03
7.787724887016851671e-03 3.614122776277022786e+04 1.685904298159697646e+04 9.467677141345415293e+03
8.683521142606049834e-03 3.772100830136561854e+04 1.760194393515752745e+04 9.886768638896359334e+03
9.682357880899711625e-03 3.907110279650759912e+04 1.823942232734540448e+04 1.024712144598119448e+04
1.079608750807801998e-02 4.012935884381466167e+04 1.874262715239592580e+04 1.053256664739704138e+04
1.203792577343234388e-02 4.084184020205178967e+04 1.908650134424800126e+04 1.072904248718846975e+04
1.342260859021738965e-02 4.113714892485660675e+04 1.923763089055761156e+04 1.081773328206977203e+04
1.496656689508787767e-02 4.093964008051569544e+04 1.916048972536980364e+04 1.077858849924725109e+04
1.668812162103823840e-02 4.019218054428388859e+04 1.882795289059035349e+04 1.059624525588090910e+04
1.860770109743517184e-02 3.885705268835904280e+04 1.822167087333127711e+04 1.026020442984256442e+04
2.074808345685756270e-02 3.692657473251957708e+04 1.733685906925934614e+04 9.767392207500168297e+03
2.313466692519383291e-02 3.444384743717628589e+04 1.619224864727521344e+04 9.127942080826951496e+03
2.579577120231610690e-02 3.150871005071156469e+04 1.483303327428510784e+04 8.366919240422654184e+03
2.876297350957714855e-02 2.828841761670348569e+04 1.333601578551843158e+04 7.527137001828563371e+03
3.207148329174031032e-02 2.500525541695927677e+04 1.180456894087060209e+04 6.666588429603383702e+03
3.576056001963404812e-02 2.190804057071188799e+04 1.035603383396847858e+04 5.851543478158097969e+03
3.987397905126498221e-02 1.922484622084116927e+04 9.099882806191628333e+03 5.144242774764829846e+03
4.446055107939526907e-02 1.709873947613580094e+04 8.107453649217635757e+03 4.585823733033887947e+03
4.957470132945773766e-02 1.553427515774470521e+04 7.385384000298844512e+03 4.181038690766515174e+03
5.527711538069327024e-02 1.436839112878109336e+04 6.858979918470261509e+03 3.888218664965656899e+03
6.163545927395905344e-02 1.323586914976219123e+04 6.349695034125372331e+03 3.605181304706009087e+03
6.872518245115814828e-02 1.178831736743156398e+04 5.677614243862178228e+03 3.226889620790913796e+03
7.663041305413779980e-02 9.933537285477354089e+03 4.782790469443929396e+03 2.715763995473234900e+03
8.544495620686157200e-02 8.024304244717468464e+03 3.837582899491998887e+03 2.170378369046525222e+03
9.527340712667957401e-02 6.578395005122290968e+03 3.123562605241414076e+03 1.758333047880410277e+03
1.062323922731101822e-01 5.743489283986810733e+03 2.744628260322365350e+03 1.546732040883810214e+03
1.184519532618636822e-01 5.139186155633246926e+03 2.498775919257135683e+03 1.416635319576102575e+03
1.320770899659224340e-01 4.333873205687761583e+03 2.109863316713423046e+03 1.193638893239173512e+03
1.472694811144383831e-01 3.496077666730954206e+03 1.666722323287972131e+03 9.292098098134285920e+02
1.642094028064348954e-01 2.944562378386675391e+03 1.410227157136402411e+03 7.850159992021888229e+02
1.830978677048002712e-01 2.511226215001908713e+03 1.228897273217224438e+03 6.900217306205735213e+02
2.041590102946942431e-01 2.064805228113089015e+03 9.960317531588575548e+02 5.502892263353658109e+02
2.276427465103479653e-01 1.717178933884522166e+03 8.344594810579026216e+02 4.604631304534017886e+02
2.538277392899435103e-01 1.423566017301998954e+03 6.980601680412667065e+02 3.848872613940999372e+02
2.830247052484705095e-01 1.172891712875945359e+03 5.767944222488453079e+02 3.152965669374348181e+02
3.155801017062329072e-01 9.641690392030194516e+02 4.794949832131172798e+02 2.619492727133762742e+02
3.518802378240603601e-01 7.888997527485122419e+02 3.968384564772777594e+02 2.161107244210995191e+02
3.923558586288135031e-01 6.422855408110227700e+02 3.276812524269448090e+02 1.780006267177328709e+02
4.374872563241952172e-01 5.200012141099794007e+02 2.701770350104826548e+02 1.468533837032508131e+02
4.878099695387512202e-01 4.182562581522435607e+02 2.220978252189154318e+02 1.209568848954049685e+02
5.439211381395319123e-01 3.339557262966612257e+02 1.819464151327200341e+02 9.949645518202865446e+01
6.064865890189676811e-01 2.644743052205604386e+02 1.484448370226680538e+02 8.173748931391486394e+01
6.762487369363893164e-01 2.075884587902854719e+02 1.205114304556239517e+02 6.704202321318244628e+01
7.540353941672404137e-01 1.614112382499752982e+02 9.725847407707871639e+01 5.487147727799237629e+01
8.407695934971151086e-01 1.242963616820999988e+02 7.794640871665691861e+01 4.478011807422989676e+01
9.374805411223435803e-01 9.480043922620482988e+01 6.197110954515777337e+01 3.641044261545908256e+01
1.045315829426528564e+00 7.164262845818232961e+01 4.883388780360933623e+01 2.947210514225973554e+01
1.165555054552403824e+00 5.368054320992236228e+01 3.811029130431706591e+01 2.372269190449479837e+01
1.299625000357985227e+00 3.991300092808250355e+01 2.944140887208412138e+01 1.896838910264190048e+01
1.449116568932995452e+00 2.947499484258815272e+01 2.251268471659659554e+01 1.505040979178825467e+01
1.615803658576671964e+00 2.163785635044180466e+01 1.704416857792578455e+01 1.183796080862799727e+01
1.801664213246928048e+00 1.580235778986566331e+01 1.278466709395402567e+01 9.223201057072447639e+00
2.008903693258128342e+00 1.148734439098511650e+01 9.509223584374439042e+00 7.114016723425847566e+00
2.239981245735629400e+00 8.315243648217906625e+00 7.020624588935481469e+00 5.431099563358635862e+00
2.497638885371206374e+00 5.994603509543424913e+00 5.149855054759941986e+00 4.104668652090804670e+00
2.784934031744384253e+00 4.304149092916214947e+00 3.756518934654439867e+00 3.072716002612390085e+00
3.105275789304232426e+00 3.077326283940687190e+00 2.726719106755506328e+00 2.280229086714731235e+00
3.462465400517639402e+00 2.189989664879377074e+00 1.970394519701985869e+00 1.679039914818975188e+00
3.860741352209485999e+00 1.550311287650103953e+00 1.417817264836612745e+00 1.227954678972705160e+00
4.304829670336041580e+00 0.000000000000000000e+00 1.015851573135242436e+00 8.926879420372968443e-01
4.799999999999999822e+00 0.000000000000000000e+00 7.245735538509003870e-01 6.454913227859827574e-01
