1.000000000230258569e-04 6.806872490167637579e+02 3.027329600122210422e+02 1.663056784185693857e+02
1.115026695290953366e-04 7.467084448502911300e+02 3.322919815406098110e+02 1.825706535690669341e+02
1.243284530925187648e-04 8.314413529945001073e+02 3.701907148734931639e+02 2.034203193556438123e+02
1.386295441504667143e-04 9.341726644121436038e+02 4.161333414796565648e+02 2.286940580764144215e+02
1.545756424481938766e-04 1.044631658976609060e+03 4.656223304269990990e+02 2.559322917920412124e+02
1.723559677317991945e-04 1.151033891545634106e+03 5.134965069469109267e+02 2.823114085847952310e+02
1.921815050694108094e-04 1.257710602550725071e+03 5.617103338782407036e+02 3.089099470005361354e+02
2.142875084442451923e-04 1.387986452001396856e+03 6.205874637895183241e+02 3.413950593454680984e+02
2.389362923277018713e-04 1.548672792452140811e+03 6.931420264748835507e+02 3.814238212769720349e+02
2.664203443578849946e-04 1.710541714441908880e+03 7.664906144746848895e+02 4.219380819460950534e+02
2.970657960592480913e-04 1.877278496549115061e+03 8.422929860080134858e+02 4.638570662580247017e+02
3.312362927876497001e-04 2.086758453952052605e+03 9.372350949864799077e+02 5.163320810178083775e+02
3.693373088223966556e-04 2.300547437635798360e+03 1.034261479638528044e+03 5.700026448565330384e+02
4.118209588090659132e-04 2.542358609840719964e+03 1.143793470666628082e+03 6.305812025340428590e+02
4.591913626466918256e-04 2.811862284601715601e+03 1.265510240532991247e+03 6.978716738722317814e+02
5.120106274801957584e-04 3.110663186908898751e+03 1.400029654629300239e+03 7.721967947504923586e+02
5.709055177816341068e-04 3.433788991728284600e+03 1.544919462897400308e+03 8.521866711065707705e+02
6.365748926688486646e-04 3.807559313165138065e+03 1.711677847893321768e+03 9.441218679315143163e+02
7.097979987143026312e-04 4.214478151522742337e+03 1.892455203131648204e+03 1.043670662599979551e+03
7.914437166483044659e-04 4.660961930418317934e+03 2.089990179975317005e+03 1.152309573910418294e+03
8.824808716799498404e-04 5.156788254975865129e+03 2.308562090178090330e+03 1.272367453188680656e+03
9.839897297802024153e-04 5.705901059181266646e+03 2.549948786863953956e+03 1.404818210837340075e+03
1.097174816344422205e-03 6.308531297787182666e+03 2.814351267768829075e+03 1.549780793827790831e+03
1.223379209343287413e-03 6.960934711714309742e+03 3.100239859927098678e+03 1.706429971553089899e+03
1.364100476567608111e-03 7.687604989078911785e+03 3.418594623877620506e+03 1.880817546920235145e+03
1.521008446081769522e-03 8.465463772599359800e+03 3.759287367207616171e+03 2.067408192131521901e+03
1.695965020753673102e-03 9.315076276463625618e+03 4.131627512535634196e+03 2.271354020591929839e+03
1.891046271984591709e-03 1.023235434048414572e+04 4.533870941906314329e+03 2.491712029915789117e+03
2.108567074807741158e-03 1.122249708223808739e+04 4.968412668858986763e+03 2.729816045365062109e+03
2.351108576680822643e-03 1.227337084198078446e+04 5.429902560458686821e+03 2.982739469873549751e+03
2.621548825923003187e-03 1.339623704152812206e+04 5.923429753816833909e+03 3.253308665463156103e+03
2.923096923239734257e-03 1.457977553238653854e+04 6.443971951966494998e+03 3.538786941549780295e+03
3.259331101584665453e-03 1.582599121313121941e+04 6.992494681413128092e+03 3.839735738205980851e+03
3.634241186222156913e-03 1.712046477917131779e+04 7.562633574589066484e+03 4.152638223349000327e+03
4.052275938830490927e-03 1.845528583694516783e+04 8.150958756050574266e+03 4.475573454373973618e+03
4.518395847440812539e-03 1.982292076143229133e+04 8.754332564909369466e+03 4.806879998863227229e+03
5.038131988628217865e-03 2.120569549876493329e+04 9.364921022097034438e+03 5.142344490541955565e+03
5.617651660426248826e-03 2.258564746766528697e+04 9.974864296700285195e+03 5.477637919459393743e+03
6.263831564778516575e-03 2.394285344930797874e+04 1.057547306042571836e+04 5.808007144699535274e+03
6.984339407925946493e-03 2.525337228366412455e+04 1.115629476959895510e+04 6.127737401196292922e+03
7.787724887016851671e-03 2.649592487244406948e+04 1.170806950996351770e+04 6.431785546260512092e+03
8.683521142606049834e-03 2.762100609138003711e+04 1.220904280077031035e+04 6.708210994585372646e+03
9.682357880899711625e-03 2.860012068748630918e+04 1.264672114234055152e+04 6.950158645224980319e+03
1.079608750807801998e-02 2.938628782701324235e+04 1.300047189773384525e+04 7.146312716431663830e+03
1.203792577343234388e-02 2.995035600492959929e+04 1.325747668780898675e+04 7.289648179893684755e+03
1.342260859021738965e-02 3.024540419097143604e+04 1.339696512852293563e+04 7.368715269968074608e+03
1.496656689508787767e-02 3.022574120849527390e+04 1.339865728641114583e+04 7.372333133027707845e+03
1.668812162103823840e-02 2.985546408848545980e+04 1.324649913793189080e+04 7.291628952441779802e+03
1.860770109743517184e-02 2.910547762416445403e+04 1.292726144238095549e+04 7.119241530746916396e+03
2.074808345685756270e-02 2.796458653181658156e+04 1.243533496755444685e+04 6.851844076009151649e+03
2.313466692519383291e-02 2.644684602121187709e+04 1.177629673660978915e+04 6.492324041466433300e+03
2.579577120231610690e-02 2.459876875811639547e+04 1.096979626392550381e+04 6.051293274936430862e+03
2.876297350957714855e-02 2.250285045055779483e+04 1.005139671565459867e+04 5.548076190901349946e+03
3.207148329174031032e-02 2.028041703219281044e+04 9.074162151013879338e+03 5.011700116247083315e+03
3.576056001963404812e-02 1.807930016536922994e+04 8.103609396521655071e+03 4.478267223706488039e+03
3.987397905126498221e-02 1.604925581010654241e+04 7.207019650767358144e+03 3.984991583196048850e+03
4.446055107939526907e-02 1.430886552582970216e+04 6.438961712568872827e+03 3.562320060199861928e+03
4.957470132945773766e-02 1.290427134467242104e+04 5.822387936968276335e+03 3.223376173333427232e+03
5.527711538069327024e-02 1.178056634514171492e+04 5.334555630176297200e+03 2.955944537636376936e+03
6.163545927395905344e-02 1.078450174316368430e+04 4.906058747212206981e+03 2.721519219631866235e+03
6.872518245115814828e-02 9.679135133903717360e+03 4.423945929939982307e+03 2.456376365941605400e+03
7.663041305413779980e-02 8.352758905909187888e+03 3.828935814615569143e+03 2.125983977789590426e+03
8.544495620686157200e-02 6.921155536373134964e+03 3.170100906740621667e+03 1.756923289341132886e+03
9.527340712667957401e-02 5.682928822139942895e+03 2.595109123855385860e+03 1.433552191458441939e+03
1.062323922731101822e-01 4.835079274224708570e+03 2.214807200424453640e+03 1.221742110468504961e+03
1.184519532618636822e-01 4.254397360715788636e+03 1.976519015249347831e+03 1.093089622425326979e+03
1.320770899659224340e-01 3.644910957208391210e+03 1.714280681502203834e+03 9.488767073379972317e+02
1.472694811144383831e-01 2.964506901911707246e+03 1.389580683968129506e+03 7.631723147339891966e+02
1.642094028064348954e-01 2.429836855645413834e+03 1.141877682234896611e+03 6.227290975801696504e+02
1.830978677048002712e-01 2.041654761131208943e+03 9.874928569989244806e+02 5.410762927126386330e+02
2.041590102946942431e-01 1.664747212993073163e+03 8.193911800174653308e+02 4.467500205708581689e+02
2.276427465103479653e-01 1.340087026828196031e+03 6.727489353962607765e+02 3.637149213994715069e+02
2.538277392899435103e-01 1.075440548582262409e+03 5.650086429477553338e+02 3.065701529988899665e+02
2.830247052484705095e-01 8.444967023668619959e+02 4.640866804634097775e+02 2.500464562489318894e+02
3.155801017062329072e-01 6.514973814856483614e+02 3.841388129367418287e+02 2.075117144841649122e+02
3.518802378240603601e-01 4.891576756942925499e+02 3.152825058358250203e+02 1.702191633224765894e+02
3.923558586288135031e-01 3.548130801035084119e+02 2.582715652438401435e+02 1.401564355275548905e+02
4.374872563241952172e-01 2.454068145372867775e+02 2.104127740574819541e+02 1.151328984337800136e+02
4.878099695387512202e-01 1.585436954013992192e+02 1.703236583288951920e+02 9.443413811471850750e+01
5.439211381395319123e-01 9.197609757157317745e+01 1.367864853180342948e+02 7.737005975086312048e+01
6.064865890189676811e-01 4.341133228075444350e+01 1.087570748066968918e+02 6.328767000007641741e+01
6.762487369363893164e-01 1.034270744547574239e+01 8.538684702502412449e+01 5.165987959433905985e+01
7.540353941672404137e-01 -1.000193855265314724e+01 6.598631144436754425e+01 4.204888966420173801e+01
8.407695934971151086e-01 -2.056846049005707044e+01 5.000402800996336339e+01 3.410105896523906210e+01
9.374805411223435803e-01 -2.425211078905151396e+01 3.698714120819043671e+01 2.752228567995493691e+01
1.045315829426528564e+00 -2.362972340582255271e+01 2.655818498781066239e+01 2.207495976771670243e+01
1.165555054552403824e+00 -2.074574879944145067e+01 1.838690294340404208e+01 1.756867805520287718e+01
1.299625000357985227e+00 -1.702822863303650536e+01 1.216575521131108850e+01 1.384627678642657145e+01
1.449116568932995452e+00 -1.333838856078460822e+01 7.596745707838667983e+00 1.078330014211575794e+01
1.615803658576671964e+00 -1.010391622989956950e+01 4.384798326262721702e+00 8.278890167555772450e+00
1.801664213246928048e+00 -7.469677954557478294e+00 2.242783436103036987e+00 6.250244436051036523e+00
2.008903693258128342e+00 -5.424766596690970388e+00 9.030222520580188927e-01 4.628503892186384583e+00
2.239981245735629400e+00 -3.888429036790429727e+00 1.312796921109282422e-01 3.353779174775726624e+00
2.497638885371206374e+00 -2.760106037794624267e+00 -2.632302150349190017e-01 2.372458458778716306e+00
2.784934031744384253e+00 -1.944762820434768447e+00 -4.246364431535514239e-01 1.635173297467060971e+00
3.105275789304232426e+00 -1.362231657826253439e+00 -4.539293189019442121e-01 1.096151396606018125e+00
3.462465400517639402e+00 -9.493600802635413505e-01 -4.167792976298065333e-01 7.134906035954703407e-01
3.860741352209485999e+00 -6.584562473201944766e-01 -3.527324818057209765e-01 4.500547166592800963e-01
4.304829670336041580e+00 0.000000000000000000e+00 -2.835889474183908021e-01 2.743308460875565347e-01
4.799999999999999822e+00 0.000000000000000000e+00 -2.200238338108572167e-01 1.608302009702626545e-01
