1.000000000230258569e-04 2.605245281106048765e+02 1.082766619713624578e+02 6.006751391152955932e+01
1.115026695290953366e-04 2.855485911168642588e+02 1.186292086484585155e+02 6.580261925366119158e+01
1.243284530925187648e-04 3.160999390641504760e+02 1.312679041878520820e+02 7.280374807500831480e+01
1.386295441504667143e-04 3.544880326155537773e+02 1.471548356921398693e+02 8.160494682595481208e+01
1.545756424481938766e-04 4.004611884272658244e+02 1.661761851317533285e+02 9.214142685595422222e+01
1.723559677317991945e-04 4.503436113153624092e+02 1.867870331146057481e+02 1.035530451078956276e+02
1.921815050694108094e-04 5.002017053389553212e+02 2.073341485122228676e+02 1.149181073652938494e+02
2.142875084442451923e-04 5.524169236494431061e+02 2.287976686658011829e+02 1.267796181929978019e+02
2.389362923277018713e-04 6.158702790480554086e+02 2.548786257027157092e+02 1.411889201505339599e+02
2.664203443578849946e-04 6.923499171446035234e+02 2.863200878630749457e+02 1.585584648727007959e+02
2.970657960592480913e-04 7.712739163883219362e+02 3.186995122223861472e+02 1.764278441649918250e+02
3.312362927876497001e-04 8.559150621801858279e+02 3.533745320072724780e+02 1.955477742246078492e+02
3.693373088223966556e-04 9.595856363034619108e+02 3.959271429205451227e+02 2.190199818715038020e+02
4.118209588090659132e-04 1.067168688044579767e+03 4.400752939451798511e+02 2.433568033464680695e+02
4.591913626466918256e-04 1.190301091405325451e+03 4.907131953869584891e+02 2.712808828583868035e+02
5.120106274801957584e-04 1.325534247777801738e+03 5.464758141860299929e+02 3.020457321884622388e+02
5.709055177816341068e-04 1.477105980950401317e+03 6.091803021627490580e+02 3.366721036821653570e+02
6.365748926688486646e-04 1.639850237635882195e+03 6.767711660150430362e+02 3.740402234160761168e+02
7.097979987143026312e-04 1.825337020049612420e+03 7.541543738314652501e+02 4.168965455772929545e+02
7.914437166483044659e-04 2.027863997188640042e+03 8.389868199526964645e+02 4.639547872641280719e+02
8.824808716799498404e-04 2.248786908575170401e+03 9.318741807942856212e+02 5.155726808207689373e+02
9.839897297802024153e-04 2.492245143392441150e+03 1.034561112892748270e+03 5.727348751256855621e+02
1.097174816344422205e-03 2.760750632024678907e+03 1.148074585409532347e+03 6.360139019383399273e+02
1.223379209343287413e-03 3.054783666710006855e+03 1.272558003374076179e+03 7.054831583994251787e+02
1.364100476567608111e-03 3.375901520516497840e+03 1.408581542577818254e+03 7.814470353943736427e+02
1.521008446081769522e-03 3.733838032281265441e+03 1.560191230254029733e+03 8.661477446012837618e+02
1.695965020753673102e-03 4.121054604450323495e+03 1.724161266145836635e+03 9.577717521574973034e+02
1.891046271984591709e-03 4.546436039682579576e+03 1.904167996786492495e+03 1.058346780896943756e+03
2.108567074807741158e-03 5.011847101600284077e+03 2.100975909172770116e+03 1.168289832683914710e+03
2.351108576680822643e-03 5.519406373586530208e+03 2.315482252459946267e+03 1.288094790700688463e+03
2.621548825923003187e-03 6.065529279799981850e+03 2.546160820436838549e+03 1.416902222199393464e+03
2.923096923239734257e-03 6.656792793198555046e+03 2.795793454366761580e+03 1.556267668156155651e+03
3.259331101584665453e-03 7.291618528768961369e+03 3.063716479900292597e+03 1.705829606695294615e+03
3.634241186222156913e-03 7.969171998545823953e+03 3.349592946694167495e+03 1.865407289194650048e+03
4.052275938830490927e-03 8.687535668412423547e+03 3.652690197558681120e+03 2.034587605206136686e+03
4.518395847440812539e-03 9.443920205198337499e+03 3.971956541320565520e+03 2.212776140661168938e+03
5.038131988628217865e-03 1.023410146125459869e+04 4.305592879763892597e+03 2.399030756515021949e+03
5.617651660426248826e-03 1.105258271111216709e+04 4.651233916918206887e+03 2.592049090776511093e+03
6.263831564778516575e-03 1.189216453786727652e+04 5.005985063263796292e+03 2.790190447406851490e+03
6.984339407925946493e-03 1.274310324717680851e+04 5.365795476274688554e+03 2.991220782652495927e+03
7.787724887016851671e-03 1.359503777817603441e+04 5.726404134951908418e+03 3.192792218007236897e+03
8.683521142606049834e-03 1.442841941446622513e+04 6.079650942459680664e+03 3.390366698429023472e+03
9.682357880899711625e-03 1.522565200559844197e+04 6.418211710696323280e+03 3.579874359441003435e+03
1.079608750807801998e-02 1.596821693744879667e+04 6.734388860080263839e+03 3.757043399298143413e+03
1.203792577343234388e-02 1.663326739366583570e+04 7.018662714782210060e+03 3.916592610209873783e+03
1.342260859021738965e-02 1.719247333073044138e+04 7.259165768169943476e+03 4.051905437144995176e+03
1.496656689508787767e-02 1.761638980140013155e+04 7.443554636805968585e+03 4.156098762587392230e+03
1.668812162103823840e-02 1.787476416931800486e+04 7.559134789822470339e+03 4.222084766084937655e+03
1.860770109743517184e-02 1.793716143831358931e+04 7.593050258323107300e+03 4.242682460728767182e+03
2.074808345685756270e-02 1.777660832424823093e+04 7.533745389208452252e+03 4.211369609784370368e+03
2.313466692519383291e-02 1.737348180379052428e+04 7.372705018721650958e+03 4.123315191324899388e+03
2.579577120231610690e-02 1.672009859380677881e+04 7.106314309875013350e+03 3.976438625089216202e+03
2.876297350957714855e-02 1.582748238169412070e+04 6.738641645863343001e+03 3.772883043709485719e+03
3.207148329174031032e-02 1.473094037336371912e+04 6.283944688332509031e+03 3.520460130996617863e+03
3.576056001963404812e-02 1.349305267192909378e+04 5.768143184417544944e+03 3.233563826147773852e+03
3.987397905126498221e-02 1.220073007379673436e+04 5.227701130103401738e+03 2.932517386973442171e+03
4.446055107939526907e-02 1.095188669955371734e+04 4.704309325649048333e+03 2.640663387955896269e+03
4.957470132945773766e-02 9.837550573237544086e+03 4.237503129152141810e+03 2.380276653945358248e+03
5.527711538069327024e-02 8.914626390665242070e+03 3.853017326200186289e+03 2.166031231560255492e+03
6.163545927395905344e-02 8.179286192618877067e+03 3.550809639885721936e+03 1.998174642607919850e+03
6.872518245115814828e-02 7.558556751065149911e+03 3.300146037297174644e+03 1.859550743076006484e+03
7.663041305413779980e-02 6.901166528238468345e+03 3.032961711445801484e+03 1.711409413700559753e+03
8.544495620686157200e-02 6.092352401717152134e+03 2.693504856758788719e+03 1.521324301744538843e+03
9.527340712667957401e-02 5.145137972610021279e+03 2.281863958800127875e+03 1.288363290647189388e+03
1.062323922731101822e-01 4.238731452596212876e+03 1.879740813282313184e+03 1.059211697443730372e+03
1.184519532618636822e-01 3.565304470015830702e+03 1.585837373597934175e+03 8.922441376725500959e+02
1.320770899659224340e-01 3.126989587826783463e+03 1.411821010510151837e+03 7.961598253246978629e+02
1.472694811144383831e-01 2.730633276244737317e+03 1.258682351513203002e+03 7.124336614854396430e+02
1.642094028064348954e-01 2.254541461897570116e+03 1.047370664872793668e+03 5.911322107720311578e+02
1.830978677048002712e-01 1.826275913921343090e+03 8.502750227074213853e+02 4.763036281587718008e+02
2.041590102946942431e-01 1.525056715499665870e+03 7.326633863481007438e+02 4.119717820064998932e+02
2.276427465103479653e-01 1.252174447427209543e+03 6.242903644898249240e+02 3.523113924515722033e+02
2.538277392899435103e-01 9.969172919829179591e+02 5.095807692793123920e+02 2.851842774863053478e+02
2.830247052484705095e-01 7.918337209627057973e+02 4.295598637533589681e+02 2.419684771085216823e+02
3.155801017062329072e-01 6.127575770914522764e+02 3.549547743186657840e+02 1.999334683667687784e+02
3.518802378240603601e-01 4.619828120300781507e+02 2.933879494135921391e+02 1.661324906968706046e+02
3.923558586288135031e-01 3.358800938604359203e+02 2.408893746697026472e+02 1.373196125871590709e+02
4.374872563241952172e-01 2.323859795780299180e+02 1.968876904073124763e+02 1.136715474213097679e+02
4.878099695387512202e-01 1.495251855413078772e+02 1.595251302829279609e+02 9.362582089984613276e+01
5.439211381395319123e-01 8.556311763439975948e+01 1.280972061961002169e+02 7.702378282793392827e+01
6.064865890189676811e-01 3.861756459450140255e+01 1.016547272857487627e+02 6.319810012481733708e+01
6.762487369363893164e-01 6.549734546777998823e+00 7.946912144293817448e+01 5.166726711940741268e+01
7.540353941672404137e-01 -1.312676668715032591e+01 6.096464540818741540e+01 4.205604870476845747e+01
8.407695934971151086e-01 -2.316777771680704490e+01 4.566657122812593883e+01 3.404043179966650712e+01
9.374805411223435803e-01 -2.638205271862279844e+01 3.319075315899161893e+01 2.735664316193585321e+01
1.045315829426528564e+00 -2.533358462254582832e+01 2.321221069603846843e+01 2.178806390421814498e+01
1.165555054552403824e+00 -2.208727865233019827e+01 1.543966113073013346e+01 1.715614312413803688e+01
1.299625000357985227e+00 -1.808864845229682672e+01 9.594071868677124471e+00 1.331877400140863266e+01
1.449116568932995452e+00 -1.419773291562242079e+01 5.391858156095110211e+00 1.016056723656881999e+01
1.615803658576671964e+00 -1.082436385157116021e+01 2.540128653986881702e+00 7.587775985996875860e+00
1.801664213246928048e+00 -8.091311037946409712e+00 7.438566612383993304e-01 5.522739572405508390e+00
2.008903693258128342e+00 -5.968709307189454805e+00 -2.771997468091140226e-01 3.897660371901748189e+00
2.239981245735629400e+00 -4.363963116177234980e+00 -7.694894802711343962e-01 2.651082859265724068e+00
2.497638885371206374e+00 -3.171610606863194182e+00 -9.314610436765264900e-01 1.724481066246718486e+00
2.784934031744384253e+00 -2.295143036096702005e+00 -9.087673636239496089e-01 1.061145015845066153e+00
3.105275789304232426e+00 -1.655339199561808972e+00 -7.985812990024746538e-01 6.066142566228519550e-01
3.462465400517639402e+00 -1.190443683123582730e+00 -6.595348490884709314e-01 3.105562129548560812e-01
3.860741352209485999e+00 -8.536043409930916814e-01 -5.230627086832982942e-01 1.289418521163566700e-01
4.304829670336041580e+00 -6.101523671422411921e-01 -4.034100165078812750e-01 2.562736575529118294e-02
4.799999999999999822e+00 0.000000000000000000e+00 -3.049868591770951709e-01 -2.713792194853578005e-02
