1.000000000230258569e-04 3.202385570743527410e+02 1.368768819917850408e+02 7.493928717818114649e+01
1.122634227564673579e-04 3.603615941897302264e+02 1.540628104582642948e+02 8.435224430758138681e+01
1.260307608609534901e-04 4.096560208248377535e+02 1.751722245168024870e+02 9.591660038657872178e+01
1.414864458359461712e-04 4.641907810495710009e+02 1.985418166069394772e+02 1.087208636796160590e+02
1.588375267953347550e-04 5.185822136051118605e+02 2.218891885166225961e+02 1.215174037194111634e+02
1.783164441611049004e-04 5.749158618179116047e+02 2.461103271132431303e+02 1.348004186329560525e+02
2.001841435067871621e-04 6.441195255576527643e+02 2.758730877680563367e+02 1.511236624127097627e+02
2.247335712646909519e-04 7.276043225226798086e+02 3.117867854967290668e+02 1.708231297265857620e+02
2.522935991264941354e-04 8.122197955832012894e+02 3.482560354407831937e+02 1.908407007172769170e+02
2.832334297096662638e-04 9.068431530489585839e+02 3.890768161218216505e+02 2.132554548930492047e+02
3.179675425093897337e-04 1.020977023666668742e+03 4.382990356793532101e+02 2.402846373717517281e+02
3.569612463934728852e-04 1.137874079680926570e+03 4.887705324348698923e+02 2.680163635236267510e+02
4.007369130231864672e-04 1.279342838686652840e+03 5.497806977630350502e+02 3.015353364463499588e+02
4.498809747048478080e-04 1.428000652090550830e+03 6.138767803361744200e+02 3.367574099542051727e+02
5.050517804175268938e-04 1.602445701476044178e+03 6.889570294805237154e+02 3.780036482933942352e+02
5.669884152586394726e-04 1.795825471449849374e+03 7.720311253409274741e+02 4.236266583251247084e+02
6.365206014554368984e-04 2.009448775393014557e+03 8.636059678565964077e+02 4.738956037937495580e+02
7.145798135793877959e-04 2.250190696295062025e+03 9.665704885733480296e+02 5.303826096046890370e+02
8.022117568662883325e-04 2.520949554056473062e+03 1.082109370581628582e+03 5.937237584115738400e+02
9.005903758055168549e-04 2.825155579004544052e+03 1.211671131403208847e+03 6.647058241827372740e+02
1.011033580661806338e-03 3.164293961199357454e+03 1.355894485480462663e+03 7.436741848026605339e+02
1.135020902606864940e-03 3.538022953173675887e+03 1.514629412226270460e+03 8.305386093412460013e+02
1.274213313974418031e-03 3.959755318714462646e+03 1.693670981982385911e+03 9.284856061506949345e+02
1.430475479156914512e-03 4.424657967799013932e+03 1.890966088010326530e+03 1.036388368377208963e+03
1.605900734223756829e-03 4.939220320956700562e+03 2.109361932319237894e+03 1.155821888637127813e+03
1.802839129895710598e-03 5.506540919185667917e+03 2.350199480925672106e+03 1.287525519791466877e+03
2.023928913547812410e-03 6.131146156031466489e+03 2.615438144062823085e+03 1.432581235560168352e+03
2.272131871983379750e-03 6.816065480261059747e+03 2.906407430778344860e+03 1.591728738966272203e+03
2.550773008441800313e-03 7.566379038885486807e+03 3.225318645646727418e+03 1.766189195166023183e+03
2.863585085365514225e-03 8.380805348058884192e+03 3.571572569805394323e+03 1.955621289009410475e+03
3.214758629634808552e-03 9.264438924701920769e+03 3.947436719273471681e+03 2.161292018006413855e+03
3.608998070155939632e-03 1.021652174430366358e+04 4.352603356020184947e+03 2.383040333141893825e+03
4.051584759838999447e-03 1.123530703371053278e+04 4.786265835537980820e+03 2.620408164157292958e+03
4.548447726227339283e-03 1.231888826618894018e+04 5.247736458849759401e+03 2.873059280198323904e+03
5.106243098575769836e-03 1.346200281677616294e+04 5.734792267011647709e+03 3.139740661643041221e+03
5.732443275407110572e-03 1.465678946265667037e+04 6.244190340282183570e+03 3.418737192038966441e+03
6.435437027063155117e-03 1.589171875951085894e+04 6.771077438106172849e+03 3.707394792260504801e+03
7.224641874254610074e-03 1.715173058520565610e+04 7.309147913522281669e+03 4.002282010096962495e+03
8.110630248067678127e-03 1.841659755713971026e+04 7.849921432424962404e+03 4.298784636852817130e+03
9.105271121505569346e-03 1.966012338491934133e+04 8.382391593313279373e+03 4.590903515397019873e+03
1.022188900990466699e-02 2.084867676063672116e+04 8.892414565192129885e+03 4.870931136157002584e+03
1.147544247024383408e-02 2.194815037531176858e+04 9.365664242003977051e+03 5.131061510650105447e+03
1.288272449057868002e-02 2.291235159888950875e+04 9.782666705569503392e+03 5.360673740490329692e+03
1.446258745407916733e-02 2.369255484571453417e+04 1.012283989071222641e+04 5.548527183322250494e+03
1.623619569135818438e-02 2.423509497548648142e+04 1.036346355347735152e+04 5.682201428742768258e+03
1.822730900435978393e-02 2.448687122849569641e+04 1.048194934101672334e+04 5.749331202028655753e+03
2.046260095998037737e-02 2.440118869289482245e+04 1.045823107309966690e+04 5.738884815086934395e+03
2.297201621738221775e-02 2.394435435874611358e+04 1.027757420461146103e+04 5.642704945525050789e+03
2.578917167586586637e-02 2.311102339412509536e+04 9.937065020263586121e+03 5.459082022350763509e+03
2.895180681720203528e-02 2.192865218317048129e+04 9.447509972740728699e+03 5.193753367556477315e+03
3.250228927534733192e-02 2.047357780276310586e+04 8.840553967310863300e+03 4.863867782478392655e+03
3.648818240631140908e-02 1.886226746760381866e+04 8.165260664367360732e+03 4.496193645859869321e+03
4.096288246151627566e-02 1.724067266922799172e+04 7.484092795863214633e+03 4.124981457370691714e+03
4.598633390041809155e-02 1.574585840480070510e+04 6.856873828035801125e+03 3.783260202327244770e+03
5.162583242493973962e-02 1.445889106545288632e+04 6.320448461935837258e+03 3.491642137296046712e+03
5.795692649341043640e-02 1.336109540415859192e+04 5.868563808313196205e+03 3.247031457565298297e+03
6.506442939097074885e-02 1.229563543819110055e+04 5.431670524495460995e+03 3.010814933112960716e+03
7.304355541444980393e-02 1.106694402019564950e+04 4.917400141421942863e+03 2.730622061928267158e+03
8.200119539239680844e-02 9.596426445146251353e+03 4.280583073191222866e+03 2.379302844172405912e+03
9.205734862752627812e-02 8.074121963171828611e+03 3.602980520960912145e+03 2.001599166538755753e+03
1.033467304443183715e-01 6.826265541367371952e+03 3.046893778933514568e+03 1.691100370054788527e+03
1.160205768769771578e-01 5.953799309109319438e+03 2.679332587055365821e+03 1.489891420138019157e+03
1.302486706739022226e-01 5.202213483064350839e+03 2.373364297853116113e+03 1.324860292114492040e+03
1.462216157596530064e-01 4.357856058795986428e+03 1.992857969930574427e+03 1.110684678444135670e+03
1.641533906237988560e-01 3.598051926383827777e+03 1.638361564007496781e+03 9.077125748629207465e+02
1.842842148426375448e-01 3.034797026287808421e+03 1.405640068659416102e+03 7.819176815259345403e+02
2.068837671345900298e-01 2.519555126562810983e+03 1.183171027938186171e+03 6.589686418926280567e+02
2.322547980593316352e-01 2.062103444947214030e+03 9.748175868305406766e+02 5.398437674584363322e+02
2.607371857574901086e-01 1.684391731249397935e+03 8.172718324776055852e+02 4.555033890680180662e+02
2.927124890628471365e-01 1.356567811838303669e+03 6.725963553953145038e+02 3.742261460809440337e+02
3.286090589819373742e-01 1.080312814753089469e+03 5.547984939171481074e+02 3.108988640797102789e+02
3.689077770159973624e-01 8.472894025921332286e+02 4.535048583579352339e+02 2.557038117559961847e+02
4.141484971975938345e-01 6.531616318482224415e+02 3.684906941529590654e+02 2.101959281374454918e+02
4.649372781414354283e-01 4.936407303015233197e+02 2.969189186299932430e+02 1.722238674853682312e+02
5.219545019921476570e-01 3.649991680760518875e+02 2.367872701005472322e+02 1.404957281382827432e+02
5.859639890329354506e-01 2.636979031164984235e+02 1.865015936701538237e+02 1.140290577677079398e+02
6.578232300572349756e-01 1.861618282169263807e+02 1.447482471733031559e+02 9.197195179427896505e+01
7.384948735793578356e-01 1.286368053202634201e+02 1.104290736863765261e+02 7.360635268711178014e+01
8.290596217703356530e-01 8.730716692155382930e+01 8.263030688596398932e+01 5.834015280654276836e+01
9.307307078768926045e-01 5.847937706071656550e+01 6.053638878103376442e+01 4.569545639337680143e+01
1.044870149067508081e+00 3.886566007657889799e+01 4.339006493901501926e+01 3.529075053946485241e+01
1.173006992433692330e+00 2.575689773497743573e+01 3.044190715887822662e+01 2.681179479334839755e+01
1.316857798575541416e+00 1.708818684204296900e+01 2.094822537652179051e+01 1.999791459779575931e+01
1.478349637175967013e+00 1.137937718226753070e+01 1.418813640109028640e+01 1.462141762678182921e+01
1.659645902619409696e+00 7.617075227576245666e+00 9.500370484317357977e+00 1.047294329829127513e+01
1.863175295489004624e+00 5.128307014988489954e+00 6.319563939800911356e+00 7.353395327720608776e+00
2.091664358187257822e+00 3.472454236318607723e+00 4.194039786447294027e+00 5.070447167589538395e+00
2.348174000537423645e+00 2.363822381601164313e+00 2.786744110808569541e+00 3.444466428603524921e+00
2.636140504673786467e+00 1.616523969856302312e+00 1.858072183090663687e+00 2.314185461092500340e+00
2.959421558534973240e+00 1.109683390417407711e+00 1.244876318411318517e+00 1.544290640387260272e+00
3.322347934639153344e+00 7.639175416893058124e-01 8.384823994713083151e-01 1.027535093847600889e+00
3.729781506445900785e+00 5.268766952357852862e-01 5.677401827838776116e-01 6.839071236393892139e-01
4.187180379509764627e+00 0.000000000000000000e+00 3.862742553496273379e-01 4.563746556969824342e-01
4.700672009942531204e+00 0.000000000000000000e+00 2.638863245109797639e-01 3.057473213240586851e-01
5.277135289701610610e+00 0.000000000000000000e+00 1.808616698911434395e-01 2.057807413725847301e-01
5.924292698344328478e+00 0.000000000000000000e+00 1.242302591455857336e-01 1.391334748511732222e-01
6.650813755741415534e+00 0.000000000000000000e+00 0.000000000000000000e+00 9.447136966483547782e-02
7.466431161634059954e+00 0.000000000000000000e+00 0.000000000000000000e+00 6.436736296207723473e-02
8.382071177875818790e+00 0.000000000000000000e+00 0.000000000000000000e+00 0.000000000000000000e+00
9.410000000000001918e+00 0.000000000000000000e+00 0.000000000000000000e+00 0.000000000000000000e+00
