1.000000000230258569e-04 2.845829520641701151e+02 1.190018375237917070e+02 6.541323084628200490e+01
1.115026695290953366e-04 3.107617772392325719e+02 1.299241786121454254e+02 7.141675732751704686e+01
1.243284530925187648e-04 3.429505283144437726e+02 1.433531243987168580e+02 7.879773636137632309e+01
1.386295441504667143e-04 3.837070706893632064e+02 1.603589813239409807e+02 8.814702404666493862e+01
1.545756424481938766e-04 4.325624507582519414e+02 1.807426147901215643e+02 9.935266201337572056e+01
1.723559677317991945e-04 4.851320752435730697e+02 2.026607953994868581e+02 1.114017550754994659e+02
1.921815050694108094e-04 5.368980820220491523e+02 2.242116963652747188e+02 1.232497045772264528e+02
2.142875084442451923e-04 5.905889382497470024e+02 2.465324574395036450e+02 1.355212449326023432e+02
2.389362923277018713e-04 6.562961213579885680e+02 2.738470661087141593e+02 1.505389659006642944e+02
2.664203443578849946e-04 7.356503938035289138e+02 3.068385052017888484e+02 1.686783507255314021e+02
2.970657960592480913e-04 8.163131119177772916e+02 3.403264326475176063e+02 1.870915209049358339e+02
3.312362927876497001e-04 9.023985892399832665e+02 3.760263507018475480e+02 2.067217714279097152e+02
3.693373088223966556e-04 1.008526851605121578e+03 4.200768255750238040e+02 2.309447971173663348e+02
4.118209588090659132e-04 1.117209687303153260e+03 4.651499639596724478e+02 2.557318788464864667e+02
4.591913626466918256e-04 1.242360920824170307e+03 5.170850721865589321e+02 2.842928844773850869e+02
5.120106274801957584e-04 1.378969198334615157e+03 5.738094516847181694e+02 3.154896502723923959e+02
5.709055177816341068e-04 1.532966537670413345e+03 6.378159871730441637e+02 3.506919745455073212e+02
6.365748926688486646e-04 1.697592815487789494e+03 7.063073578555230370e+02 3.883617395408839457e+02
7.097979987143026312e-04 1.886378540165477489e+03 7.849847609204075525e+02 4.316351708778980765e+02
7.914437166483044659e-04 2.093204214270497687e+03 8.712888097722731118e+02 4.791028729763284559e+02
8.824808716799498404e-04 2.319274056931300038e+03 9.657443086449205794e+02 5.310539118742423170e+02
9.839897297802024153e-04 2.568878004633210821e+03 1.070165487007295269e+03 5.884864795434001508e+02
1.097174816344422205e-03 2.844481542122296105e+03 1.185587975144426309e+03 6.519698191112372569e+02
1.223379209343287413e-03 3.146213921611616115e+03 1.312054497907693076e+03 7.215268397612580884e+02
1.364100476567608111e-03 3.475881216825000138e+03 1.450297392415294098e+03 7.975581632534533583e+02
1.521008446081769522e-03 3.843215922047475033e+03 1.604424281281286994e+03 8.823303930090228278e+02
1.695965020753673102e-03 4.239781765466010256e+03 1.770838071180874749e+03 9.738602386748343633e+02
1.891046271984591709e-03 4.673659281534601178e+03 1.952939785735647547e+03 1.074026131984379617e+03
2.108567074807741158e-03 5.147513684110280337e+03 2.151837853776220982e+03 1.183440433391203214e+03
2.351108576680822643e-03 5.663036923737561665e+03 2.368246821084935618e+03 1.302501794897761556e+03
2.621548825923003187e-03 6.216908492240493615e+03 2.600715327854805309e+03 1.430406497542391890e+03
2.923096923239734257e-03 6.815697630207339898e+03 2.852059565379036940e+03 1.568715656825345604e+03
3.259331101584665453e-03 7.458751882816713987e+03 3.122014529852827309e+03 1.717285226964340836e+03
3.634241186222156913e-03 8.143912048885958939e+03 3.409653435429121146e+03 1.875601709570310277e+03
4.052275938830490927e-03 8.871217762269187006e+03 3.715032806678570523e+03 2.043706101365384484e+03
4.518395847440812539e-03 9.638849297327740715e+03 4.037454592432377012e+03 2.221229587310509032e+03
5.038131988628217865e-03 1.044160274959563321e+04 4.374680946731969925e+03 2.406919175709999763e+03
5.617651660426248826e-03 1.127470658389606251e+04 4.724821584264936064e+03 2.599753449726924828e+03
6.263831564778516575e-03 1.213077161282464840e+04 5.084853821035131659e+03 2.798093177426690545e+03
6.984339407925946493e-03 1.300029049118434159e+04 5.450811814550088457e+03 2.999746769015270274e+03
7.787724887016851671e-03 1.387145105178406629e+04 5.817827220391425726e+03 3.202042805209587641e+03
8.683521142606049834e-03 1.472952860708484513e+04 6.179810797319256380e+03 3.401649405765967458e+03
9.682357880899711625e-03 1.555676285566116167e+04 6.529418381297891756e+03 3.594524480390854933e+03
1.079608750807801998e-02 1.633206934090630421e+04 6.857943131098813865e+03 3.775894898539838778e+03
1.203792577343234388e-02 1.703197847089741481e+04 7.155608615000644022e+03 3.940402733681185055e+03
1.342260859021738965e-02 1.762975954842654392e+04 7.411397662414578008e+03 4.081969694220428664e+03
1.496656689508787767e-02 1.809599403894343050e+04 7.613070778048966531e+03 4.193921393529710258e+03
1.668812162103823840e-02 1.839984835121134529e+04 7.747708729815683910e+03 4.269103692790054083e+03
1.860770109743517184e-02 1.851086429408768527e+04 7.802631976878014029e+03 4.300530855762152896e+03
2.074808345685756270e-02 1.840212769833569473e+04 7.766461156548144572e+03 4.281945864635717044e+03
2.313466692519383291e-02 1.805393206962904515e+04 7.630761495231050503e+03 4.208661704697845380e+03
2.579577120231610690e-02 1.745946847426893510e+04 7.392348979055941527e+03 4.078871415107301800e+03
2.876297350957714855e-02 1.662856757876811025e+04 7.054884004651750729e+03 3.894512427866109647e+03
3.207148329174031032e-02 1.559463923733095362e+04 6.631833026062522549e+03 3.662914042131821134e+03
3.576056001963404812e-02 1.441645705411970994e+04 6.147376740891259942e+03 3.397307823962481052e+03
3.987397905126498221e-02 1.317397757277503297e+04 5.634877403693440101e+03 3.116029743486482857e+03
4.446055107939526907e-02 1.195777328017710533e+04 5.132718913299677297e+03 2.840259920139023961e+03
4.957470132945773766e-02 1.084828323260255092e+04 4.675746209363350317e+03 2.589338984174062261e+03
5.527711538069327024e-02 9.891036503703746348e+03 4.284664134880725214e+03 2.374897721472118519e+03
6.163545927395905344e-02 9.074199818673616392e+03 3.955728346329976375e+03 2.195054866292135102e+03
6.872518245115814828e-02 8.324244503127938515e+03 3.657388018994040976e+03 2.032336603796097052e+03
7.663041305413779980e-02 7.507905873946358952e+03 3.328311659053205403e+03 1.852143476055917290e+03
8.544495620686157200e-02 6.558298311057502360e+03 2.933128884193378326e+03 1.633840491191239835e+03
9.527340712667957401e-02 5.531918618265217447e+03 2.492154709098821513e+03 1.388022557570636536e+03
1.062323922731101822e-01 4.604982677221856648e+03 2.088565113104608372e+03 1.161938891708657820e+03
1.184519532618636822e-01 3.911335673367169875e+03 1.796258294845262526e+03 9.993134292574389974e+02
1.320770899659224340e-01 3.395775553739802035e+03 1.596634831298608333e+03 8.909259260086860195e+02
1.472694811144383831e-01 2.885978972525853806e+03 1.393754244065238936e+03 7.798076552904504979e+02
1.642094028064348954e-01 2.344529246684324789e+03 1.153684743525808472e+03 6.435034325456116449e+02
1.830978677048002712e-01 1.894191249909249791e+03 9.567563643131426261e+02 5.318816998778191873e+02
2.041590102946942431e-01 1.545537225991441346e+03 8.241566634866613867e+02 4.608574520327142068e+02
2.276427465103479653e-01 1.222085751739904936e+03 6.903757543422163963e+02 3.865329658465378770e+02
2.538277392899435103e-01 9.406455480700047929e+02 5.696026485249565212e+02 3.182406797201890640e+02
2.830247052484705095e-01 7.071786918912342799e+02 4.774855075902717658e+02 2.691068638384388692e+02
3.155801017062329072e-01 5.078065942109873845e+02 3.928128212499350980e+02 2.220983948408446906e+02
3.518802378240603601e-01 3.434590680260297972e+02 3.235693305962912518e+02 1.851372259390045087e+02
3.923558586288135031e-01 2.104977196682714577e+02 2.638704795993337484e+02 1.529843657838980562e+02
4.374872563241952172e-01 1.068776743532501712e+02 2.137134189774631352e+02 1.265617748193434835e+02
4.878099695387512202e-01 3.020516299232474466e+01 1.712371080864249109e+02 1.043360043171151688e+02
5.439211381395319123e-01 -2.221360702729838010e+01 1.354192502968774647e+02 8.577115350251781933e+01
6.064865890189676811e-01 -5.370956427391906374e+01 1.053397910910720583e+02 7.028181762686283207e+01
6.762487369363893164e-01 -6.828651973024950905e+01 8.023698270280208078e+01 5.734942520012122458e+01
7.540353941672404137e-01 -7.040453374605172598e+01 5.949183802990479819e+01 4.654521621620126837e+01
8.407695934971151086e-01 -6.452908892653005068e+01 4.260367854820053424e+01 3.752067489172301151e+01
9.374805411223435803e-01 -5.458334704941518112e+01 2.914616288249780141e+01 2.998740004876232490e+01
1.045315829426528564e+00 -4.352822108609683482e+01 1.873348903745261396e+01 2.370884558458087454e+01
1.165555054552403824e+00 -3.322002157522451427e+01 1.098800110887888515e+01 1.849538272911738801e+01
1.299625000357985227e+00 -2.454781878358406644e+01 5.517359894390396313e+00 1.419170539588177604e+01
1.449116568932995452e+00 -1.772644707075377823e+01 1.909338657438440112e+00 1.067258212840160070e+01
1.615803658576671964e+00 -1.259981679864296567e+01 -2.558648309103984109e-01 7.834489814082947312e+00
1.801664213246928048e+00 -8.863330020687991251e+00 -1.378542997373267465e+00 5.588001269702738583e+00
2.008903693258128342e+00 -6.195328518195442058e+00 -1.809832888572671328e+00 3.852475402356940748e+00
2.239981245735629400e+00 -4.315657222646797742e+00 -1.829426678210946955e+00 2.551284662438885853e+00
2.497638885371206374e+00 -3.002006616674200767e+00 -1.638480765643623771e+00 1.609927860410238942e+00
2.784934031744384253e+00 -2.088157968658749475e+00 -1.366799670238113329e+00 9.564055494395791168e-01
3.105275789304232426e+00 -1.453640272746534512e+00 -1.088566432845164966e+00 5.235093043519445377e-01
3.462465400517639402e+00 -1.013007794674962936e+00 -8.398416125277111677e-01 2.517179376670691249e-01
3.860741352209485999e+00 -7.066663985405043924e-01 -6.335913915822239950e-01 9.157933459152052535e-02
4.304829670336041580e+00 -4.932138017669163710e-01 -4.703635451526594347e-01 4.680405223042726978e-03
4.799999999999999822e+00 0.000000000000000000e+00 -3.450983333798995911e-01 -3.690200751764471238e-02
