1.000000000230258569e-04 4.682844327275271326e+02 1.946721637812871393e+02 1.046311954286244088e+02
1.122634227564673579e-04 5.211956001316597167e+02 2.168542123603220944e+02 1.165672233029960978e+02
1.260307608609534901e-04 5.883171086957927400e+02 2.449578186205151269e+02 1.316867932063701687e+02
1.414864458359461712e-04 6.639179112704354111e+02 2.766702876777650317e+02 1.487516123686999094e+02
1.588375267953347550e-04 7.377831273157966052e+02 3.078379985481896028e+02 1.655380701261209424e+02
1.783164441611049004e-04 8.095655552849096921e+02 3.383759262852304346e+02 1.820024101525976903e+02
2.001841435067871621e-04 8.961542435525848305e+02 3.752649425802146652e+02 2.018978121912549852e+02
2.247335712646909519e-04 1.005355678217956893e+03 4.217305271610115938e+02 2.269565224521234370e+02
2.522935991264941354e-04 1.115137590609174822e+03 4.687640418315667716e+02 2.523491755004832839e+02
2.832334297096662638e-04 1.229934091894992889e+03 5.182543546688343667e+02 2.790986257569621216e+02
3.179675425093897337e-04 1.374703918960887449e+03 5.804375491790460728e+02 3.126986906284660108e+02
3.569612463934728852e-04 1.518374385267598882e+03 6.424951575439085900e+02 3.462706356974602500e+02
4.007369130231864672e-04 1.691959081200502396e+03 7.171363302929756856e+02 3.866376586855279243e+02
4.498809747048478080e-04 1.872491776227972878e+03 7.947565686162589600e+02 4.286342827479121524e+02
5.050517804175268938e-04 2.087785929571153247e+03 8.866637497794951059e+02 4.783219945917439304e+02
5.669884152586394726e-04 2.318675533849632757e+03 9.847240473573257304e+02 5.313123127606061189e+02
6.365206014554368984e-04 2.576486767878102455e+03 1.093401650207935745e+03 5.899856259118340631e+02
7.145798135793877959e-04 2.868569452310286124e+03 1.215569671182415277e+03 6.558647707878525352e+02
8.022117568662883325e-04 3.195443903684022644e+03 1.351269288075426630e+03 7.289483522471041397e+02
9.005903758055168549e-04 3.560414244677084753e+03 1.501797429784098767e+03 8.099197001663383162e+02
1.011033580661806338e-03 3.969730668435691769e+03 1.669765467206609856e+03 9.001782420231196511e+02
1.135020902606864940e-03 4.418814087682794707e+03 1.853362688917222840e+03 9.987492379519765109e+02
1.274213313974418031e-03 4.917067922490773526e+03 2.056580520772491127e+03 1.107782418292661760e+03
1.430475479156914512e-03 5.462868684884148024e+03 2.278904051339942271e+03 1.227017457078880398e+03
1.605900734223756829e-03 6.064994887456407923e+03 2.524185123740226118e+03 1.358547468796157773e+03
1.802839129895710598e-03 6.726732853299031376e+03 2.793897384336797131e+03 1.503180407984347767e+03
2.023928913547812410e-03 7.444788618603064606e+03 3.086764954709942231e+03 1.660244776263765061e+03
2.272131871983379750e-03 8.227524908171148127e+03 3.406386054770886403e+03 1.831695547783185475e+03
2.550773008441800313e-03 9.071587120711496027e+03 3.751403667806768681e+03 2.016797553625736100e+03
2.863585085365514225e-03 9.982051397912691755e+03 4.124005630759996166e+03 2.216730361436820658e+03
3.214758629634808552e-03 1.095745248409457963e+04 4.523587698597462804e+03 2.431174064354725942e+03
3.608998070155939632e-03 1.199645075110879588e+04 4.949593528592383336e+03 2.659875707373329078e+03
4.051584759838999447e-03 1.309645788645907487e+04 5.400926599576735498e+03 2.902288942815747305e+03
4.548447726227339283e-03 1.425076092331224572e+04 5.875069023954386466e+03 3.156929187763164009e+03
5.106243098575769836e-03 1.545149844313278663e+04 6.368655639499344943e+03 3.422073400942584158e+03
5.732443275407110572e-03 1.668769437719697453e+04 6.877297414759518688e+03 3.695398139270705542e+03
6.435437027063155117e-03 1.794493736759042076e+04 7.395104125072190072e+03 3.973737059150894311e+03
7.224641874254610074e-03 1.920417414279795776e+04 7.914313683787374430e+03 4.252940949774460933e+03
8.110630248067678127e-03 2.044221887549826715e+04 8.425499341637614634e+03 4.527962617693729953e+03
9.105271121505569346e-03 2.163140031170056682e+04 8.917401704813040851e+03 4.792781952124410964e+03
1.022188900990466699e-02 2.273837398422250044e+04 9.376442316985609068e+03 5.040133599682732893e+03
1.147544247024383408e-02 2.372166831666630969e+04 9.785704801762967691e+03 5.260953416362670396e+03
1.288272449057868002e-02 2.453462261841494910e+04 1.012612579207913586e+04 5.445023089221513146e+03
1.446258745407916733e-02 2.513452283723750588e+04 1.038024571692286918e+04 5.582987230667255062e+03
1.623619569135818438e-02 2.546887820479914080e+04 1.052649189847532398e+04 5.663254818165773031e+03
1.822730900435978393e-02 2.549077183834896641e+04 1.054548714699667289e+04 5.675398453321443412e+03
2.046260095998037737e-02 2.516039560259201971e+04 1.042060962012311393e+04 5.610444419967009708e+03
2.297201621738221775e-02 2.445588454418661422e+04 1.014241657855299127e+04 5.463229713471361720e+03
2.578917167586586637e-02 2.338194032295813304e+04 9.712139858437320072e+03 5.234275510707730973e+03
2.895180681720203528e-02 2.197953614134278905e+04 9.145839933314611699e+03 4.932051766012944427e+03
3.250228927534733192e-02 2.033431403699847942e+04 8.477978577884376136e+03 4.574926564953551861e+03
3.648818240631140908e-02 1.856887037632220381e+04 7.758575620730948685e+03 4.189684740543248154e+03
4.096288246151627566e-02 1.682914996497264292e+04 7.048084175012739252e+03 3.808866593947660476e+03
4.598633390041809155e-02 1.524606312207154224e+04 6.401791564132511667e+03 3.462428873856221799e+03
5.162583242493973962e-02 1.389171432038075727e+04 5.851490416397357876e+03 3.167827023227551308e+03
5.795692649341043640e-02 1.274195630045196049e+04 5.388719333339829063e+03 2.920777410930758379e+03
6.506442939097074885e-02 1.163887213172737211e+04 4.945808881907625619e+03 2.684429333094753929e+03
7.304355541444980393e-02 1.039994414761565167e+04 4.439688727853891578e+03 2.412668167793052362e+03
8.200119539239680844e-02 8.957459014690492040e+03 3.832763360309270411e+03 2.083422608716786726e+03
9.205734862752627812e-02 7.493159643034969122e+03 3.201473908861828932e+03 1.737951319272713363e+03
1.033467304443183715e-01 6.305730445711135872e+03 2.689541386729722944e+03 1.457432354119821866e+03
1.160205768769771578e-01 5.476869982146371512e+03 2.350539828673845477e+03 1.274820022090328166e+03
1.302486706739022226e-01 4.765230355952409809e+03 2.068086595258328998e+03 1.124418927794411502e+03
1.462216157596530064e-01 3.977366119645770596e+03 1.724623168563001400e+03 9.346837711526222847e+02
1.641533906237988560e-01 3.276675981232527192e+03 1.410152546387531174e+03 7.585701109356955385e+02
1.842842148426375448e-01 2.760044423601322251e+03 1.204349651587219114e+03 6.491726012503895618e+02
2.068837671345900298e-01 2.289651885189387031e+03 1.008648749231423380e+03 5.429006954219621548e+02
2.322547980593316352e-01 1.874751955027703161e+03 8.277891097838291898e+02 4.418831155707438256e+02
2.607371857574901086e-01 1.533949982719805121e+03 6.920559864185082688e+02 3.705085586527313239e+02
2.927124890628471365e-01 1.239022854041173787e+03 5.682747023197761109e+02 3.025367268670784711e+02
3.286090589819373742e-01 9.911613600113730627e+02 4.684563234106331038e+02 2.500163529323559430e+02
3.689077770159973624e-01 7.821724077377957656e+02 3.832254836949974219e+02 2.046847960743359067e+02
4.141484971975938345e-01 6.077607350805294573e+02 3.122057018914887294e+02 1.676392829610673516e+02
4.649372781414354283e-01 4.638107298598928878e+02 2.527964751168611599e+02 1.370356755869038921e+02
5.219545019921476570e-01 3.468357282330960061e+02 2.031036685981401888e+02 1.117084593898023286e+02
5.859639890329354506e-01 2.537146314289978761e+02 1.616361808790482542e+02 9.078426322571657181e+01
6.578232300572349756e-01 1.814305458834545846e+02 1.271582019598437370e+02 7.349937256294519727e+01
7.384948735793578356e-01 1.269208852598063828e+02 9.865910608052095654e+01 5.922108968402609008e+01
8.290596217703356530e-01 8.707076190569895857e+01 7.531890162913215647e+01 4.742216867174678896e+01
9.307307078768926045e-01 5.880426498037466843e+01 5.645141706710598584e+01 3.767659608886448552e+01
1.044870149067508081e+00 3.929148132109273917e+01 4.146912970574219770e+01 2.964549628642994250e+01
1.173006992433692330e+00 2.610402507055437837e+01 2.982908627752595621e+01 2.305144362745396336e+01
1.316857798575541416e+00 1.732041925142732097e+01 2.101639027675660287e+01 1.767475851297876943e+01
1.478349637175967013e+00 1.151433578533936952e+01 1.452719072226839181e+01 1.333509475111270781e+01
1.659645902619409696e+00 7.684673041582924746e+00 9.881253349052668611e+00 9.882235955696078378e+00
1.863175295489004624e+00 5.153928012790538027e+00 6.640101381588365825e+00 7.184829974706313571e+00
2.091664358187257822e+00 3.474194413741387599e+00 4.427518899512616457e+00 5.123205219332326976e+00
2.348174000537423645e+00 2.353107432521925890e+00 2.941588649071222417e+00 3.585812303097403841e+00
2.636140504673786467e+00 1.600189465256465660e+00 1.953838137808690423e+00 2.468099694978187930e+00
2.959421558534973240e+00 1.091597881141938897e+00 1.300649265637995100e+00 1.675515193265212144e+00
3.322347934639153344e+00 7.461007015258055430e-01 8.689320708691079531e-01 1.125723019375618916e+00
3.729781506445900785e+00 5.103360573979248693e-01 5.829733321380966560e-01 7.513123958687585313e-01
4.187180379509764627e+00 0.000000000000000000e+00 3.927340884376941954e-01 4.997465284172405431e-01
4.700672009942531204e+00 0.000000000000000000e+00 2.655260514699692154e-01 3.322111930357262710e-01
5.277135289701610610e+00 0.000000000000000000e+00 1.800015384819204645e-01 2.211326110585090932e-01
5.924292698344328478e+00 0.000000000000000000e+00 1.222042217672573011e-01 1.475517884072312658e-01
6.650813755741415534e+00 0.000000000000000000e+00 0.000000000000000000e+00 9.873350353367392473e-02
7.466431161634059954e+00 0.000000000000000000e+00 0.000000000000000000e+00 6.623248808023433909e-02
8.382071177875818790e+00 0.000000000000000000e+00 0.000000000000000000e+00 4.450964867157534283e-02
9.410000000000001918e+00 0.000000000000000000e+00 0.000000000000000000e+00 0.000000000000000000e+00
