1.000000000230258569e-04 9.469553790862030382e+02 4.414092795539910412e+02 2.542237521633966537e+02
1.115026695290953366e-04 1.035076351484503448e+03 4.821631005424869159e+02 2.776355370482438616e+02
1.243284530925187648e-04 1.145880256407082697e+03 5.334472779363594555e+02 3.071050669864389420e+02
1.386295441504667143e-04 1.285477628823333589e+03 5.981013408441889396e+02 3.442644031198910852e+02
1.545756424481938766e-04 1.448116802631985820e+03 6.733777816454538652e+02 3.875160031281376405e+02
1.723559677317991945e-04 1.616872113019994458e+03 7.512683897259364585e+02 4.322265551238223793e+02
1.921815050694108094e-04 1.781590394457539333e+03 8.269403167046259568e+02 4.755911626436268875e+02
2.142875084442451923e-04 1.961538753948543899e+03 9.093908657372377320e+02 5.227877208558388702e+02
2.389362923277018713e-04 2.188330546445440177e+03 1.013449011337666775e+03 5.823718229109873619e+02
2.664203443578849946e-04 2.448934972350292355e+03 1.133009101762185765e+03 6.508101937224630547e+02
2.970657960592480913e-04 2.706128708871976414e+03 1.250573940333744304e+03 7.179910744603930652e+02
3.312362927876497001e-04 3.000682704215254944e+03 1.385315376885778733e+03 7.949753361845260997e+02
3.693373088223966556e-04 3.349655484652145788e+03 1.545425602634817324e+03 8.865181091452651572e+02
4.118209588090659132e-04 3.698928612538912148e+03 1.705648385288532381e+03 9.780645841436565888e+02
4.591913626466918256e-04 4.118746607500764185e+03 1.899220018538245995e+03 1.088845562754792809e+03
5.120106274801957584e-04 4.548356172461496499e+03 2.097928613931351265e+03 1.202643370350446276e+03
5.709055177816341068e-04 5.050686987877651518e+03 2.331562782165250610e+03 1.336721365026133753e+03
6.365748926688486646e-04 5.575026587586404275e+03 2.576671753850387631e+03 1.477642017746202782e+03
7.097979987143026312e-04 6.153483456227504576e+03 2.848575728622101906e+03 1.634326871862077951e+03
7.914437166483044659e-04 6.795598802914862972e+03 3.151795311612084788e+03 1.809425153044127455e+03
8.824808716799498404e-04 7.492955341285868599e+03 3.482404664512805084e+03 2.000715111347639322e+03
9.839897297802024153e-04 8.248895244194100087e+03 3.841919108035484896e+03 2.209083006036531060e+03
1.097174816344422205e-03 9.068380708568653063e+03 4.232492496101586767e+03 2.435738982442737324e+03
1.223379209343287413e-03 9.963710356081202917e+03 4.659585131597192230e+03 2.683766582727673267e+03
1.364100476567608111e-03 1.095096373556478648e+04 5.130520668498624218e+03 2.957338103150631014e+03
1.521008446081769522e-03 1.200101041106798948e+04 5.631471218744677572e+03 3.248425432439713859e+03
1.695965020753673102e-03 1.315322599681929023e+04 6.180696073802229876e+03 3.567499679041241961e+03
1.891046271984591709e-03 1.439372551922994717e+04 6.771518821708760697e+03 3.910657349216443890e+03
2.108567074807741158e-03 1.571945495307976853e+04 7.402463899205325106e+03 4.277034794919077285e+03
2.351108576680822643e-03 1.714321274137880391e+04 8.079512016662351016e+03 4.670076247712708209e+03
2.621548825923003187e-03 1.864376863738178872e+04 8.792692422424686811e+03 5.084013745508775173e+03
2.923096923239734257e-03 2.022688456304014835e+04 9.544735688740387559e+03 5.520411092359464419e+03
3.259331101584665453e-03 2.188110444710724914e+04 1.033035311313737475e+04 5.976209806858602860e+03
3.634241186222156913e-03 2.358110338233489165e+04 1.113764786217886831e+04 6.444557457010370854e+03
4.052275938830490927e-03 2.532036992942673533e+04 1.196358239516529102e+04 6.923802932794890694e+03
4.518395847440812539e-03 2.707076887544705460e+04 1.279486376211154857e+04 7.406371956993165441e+03
5.038131988628217865e-03 2.880721166056974835e+04 1.361990377786162935e+04 7.885432326492540597e+03
5.617651660426248826e-03 3.050373288846869764e+04 1.442652743607779485e+04 8.353980233954649520e+03
6.263831564778516575e-03 3.212671178808073455e+04 1.519899367008085210e+04 8.802972696439937863e+03
6.984339407925946493e-03 3.364166583214314596e+04 1.592113763371786263e+04 9.223098571247584914e+03
7.787724887016851671e-03 3.501034763113223744e+04 1.657504714287167735e+04 9.604026779148145579e+03
8.683521142606049834e-03 3.619030398781273834e+04 1.714078644264063405e+04 9.934259623935820855e+03
9.682357880899711625e-03 3.714899224432985648e+04 1.760309959863068434e+04 1.020497975377703187e+04
1.079608750807801998e-02 3.780099617913781549e+04 1.792154450550013280e+04 1.039271727590139380e+04
1.203792577343234388e-02 3.810319927294344234e+04 1.807572287805327869e+04 1.048562014923293100e+04
1.342260859021738965e-02 3.802827474781443743e+04 1.805261944500435857e+04 1.047613523934733530e+04
1.496656689508787767e-02 3.752721380204798334e+04 1.782865856928202993e+04 1.035043514098096239e+04
1.668812162103823840e-02 3.655867667029250879e+04 1.738377258757005984e+04 1.009672544013521838e+04
1.860770109743517184e-02 3.510382410717356834e+04 1.670837437992803098e+04 9.709268734898056209e+03
2.074808345685756270e-02 3.317241720297541178e+04 1.580620601831440581e+04 9.190014524487260132e+03
2.313466692519383291e-02 3.080059317205418483e+04 1.469313381844203832e+04 8.547765770613488712e+03
2.579577120231610690e-02 2.807087524662831856e+04 1.340727771940106686e+04 7.804352615612206137e+03
2.876297350957714855e-02 2.511284563316914500e+04 1.200916707618317560e+04 6.994662890787982178e+03
3.207148329174031032e-02 2.209671243924637383e+04 1.057911287234773772e+04 6.165118308819873164e+03
3.576056001963404812e-02 1.921679224842120311e+04 9.209850162537239157e+03 5.369653333255362668e+03
3.987397905126498221e-02 1.665967035141437736e+04 7.991829107908237347e+03 4.661291481053846837e+03
4.446055107939526907e-02 1.455945348501433546e+04 6.991770230103475114e+03 4.079513604892801141e+03
4.957470132945773766e-02 1.295925563332684214e+04 6.233726941605179491e+03 3.639142991671525124e+03
5.527711538069327024e-02 1.177439959738459584e+04 5.679673310990320715e+03 3.318599239960291925e+03
6.163545927395905344e-02 1.078774001805542321e+04 5.224303671141576160e+03 3.056203676887635993e+03
6.872518245115814828e-02 9.718802432208978644e+03 4.725536425924135074e+03 2.767376100046762531e+03
7.663041305413779980e-02 8.354018396213927190e+03 4.067496537924218501e+03 2.381490033882456373e+03
8.544495620686157200e-02 6.814756031699377672e+03 3.304291424166655361e+03 1.929182622640822274e+03
9.527340712667957401e-02 5.468380495957906533e+03 2.629193636674611753e+03 1.527162969606591332e+03
1.062323922731101822e-01 4.582830052178464030e+03 2.199318228700064992e+03 1.273886338016036234e+03
1.184519532618636822e-01 4.049177731453711658e+03 1.968734749470088445e+03 1.144279937811203581e+03
1.320770899659224340e-01 3.508030285728631043e+03 1.726910092770638585e+03 1.006247841351050511e+03
1.472694811144383831e-01 2.843859658289788968e+03 1.386794971549284583e+03 8.006019413413127950e+02
1.642094028064348954e-01 2.306936936434165546e+03 1.114138364376457957e+03 6.360025856549731316e+02
1.830978677048002712e-01 1.948530348447620327e+03 9.632121829224033718e+02 5.530606168116273693e+02
2.041590102946942431e-01 1.604492815021284969e+03 8.030751202435588993e+02 4.597050779127484930e+02
2.276427465103479653e-01 1.297409153148346377e+03 6.512259125807780720e+02 3.679054511857368084e+02
2.538277392899435103e-01 1.054921791504443945e+03 5.467391272294646569e+02 3.102807432387867266e+02
2.830247052484705095e-01 8.427186155682334174e+02 4.479685991576192805e+02 2.520292682045370327e+02
3.155801017062329072e-01 6.657425293479262791e+02 3.699731584206028288e+02 2.083064531720230264e+02
3.518802378240603601e-01 5.165144818271979830e+02 3.033529542139268074e+02 1.703252733890271315e+02
3.923558586288135031e-01 3.921038056296808350e+02 2.485347120708723025e+02 1.399181450594484488e+02
4.374872563241952172e-01 2.892421843891893332e+02 2.026706152288020064e+02 1.146001576288360440e+02
4.878099695387512202e-01 2.055143761406750116e+02 1.644426579001629420e+02 9.377797408778583588e+01
5.439211381395319123e-01 1.388392607183843666e+02 1.326069761788813537e+02 7.669004974794134455e+01
6.064865890189676811e-01 8.732556451973096046e+01 1.060771785700287211e+02 6.262791264247587719e+01
6.762487369363893164e-01 4.913077756110768490e+01 8.399571690506822108e+01 5.104823004990257829e+01
7.540353941672404137e-01 2.233253797173020061e+01 6.567199190235595552e+01 4.150842084548100530e+01
8.407695934971151086e-01 4.894543360202276538e+00 5.054145689570533051e+01 3.363890337111134698e+01
9.374805411223435803e-01 -5.280923631915578120e+00 3.815258970928933735e+01 2.714290542088518166e+01
1.045315829426528564e+00 -1.021763782112209462e+01 2.813294389891768077e+01 2.177833059009930494e+01
1.165555054552403824e+00 -1.170731454024064355e+01 2.016655200458591679e+01 1.734808204718098423e+01
1.299625000357985227e+00 -1.118724824903107518e+01 1.397429856934682846e+01 1.369554054836598311e+01
1.449116568932995452e+00 -9.693459216415092783e+00 9.296171422827667286e+00 1.069345040112390244e+01
1.615803658576671964e+00 -7.890766086339027652e+00 5.882156223371953985e+00 8.239546464548213933e+00
1.801664213246928048e+00 -6.151697171500203787e+00 3.490414991281465706e+00 6.251021361247257602e+00
2.008903693258128342e+00 -4.648009178891185478e+00 1.892726454226781874e+00 4.658168555650975762e+00
2.239981245735629400e+00 -3.430442693444202718e+00 8.834651665493864492e-01 3.401887289043219464e+00
2.497638885371206374e+00 -2.486518697472315242e+00 2.880535517299149806e-01 2.429792011331094237e+00
2.784934031744384253e+00 -1.776500466765654540e+00 -3.231861983489083684e-02 1.694301111431001594e+00
3.105275789304232426e+00 -1.254042075668052370e+00 -1.809175639173452865e-01 1.151696144190424986e+00
3.462465400517639402e+00 -8.758591522530132512e-01 -2.296608121924056667e-01 7.621497440553710589e-01
3.860741352209485999e+00 -6.055084828208701087e-01 -2.255004582615019737e-01 4.903716781961464655e-01
4.304829670336041580e+00 0.000000000000000000e+00 -1.971553455617343908e-01 3.062399920871767822e-01
4.799999999999999822e+00 0.000000000000000000e+00 -1.609702667633955975e-01 1.851680183967148174e-01
