1.000000000230258569e-04 5.684724880426551863e+02 2.537515095510765661e+02 1.378363374229850251e+02
1.122634227564673579e-04 6.365365268880751728e+02 2.844624381800695119e+02 1.545531197278088200e+02
1.260307608609534901e-04 7.216762773425886053e+02 3.228336241846000689e+02 1.754338620348642905e+02
1.414864458359461712e-04 8.179411946362332628e+02 3.663100032993043556e+02 1.991060238575388723e+02
1.588375267953347550e-04 9.145080624966402638e+02 4.102272206275044937e+02 2.230534691551749233e+02
1.783164441611049004e-04 1.010979175396295204e+03 4.545060025730412576e+02 2.472439817843162473e+02
2.001841435067871621e-04 1.125881691901438671e+03 5.073508938470031353e+02 2.761298218504676925e+02
2.247335712646909519e-04 1.268527498057937237e+03 5.728736722176455487e+02 3.119451658874586428e+02
2.522935991264941354e-04 1.415599691077966781e+03 6.408923976239032072e+02 3.491883463451787861e+02
2.832334297096662638e-04 1.571450650036779052e+03 7.134110283659001652e+02 3.889616191765459803e+02
3.179675425093897337e-04 1.764870049753857757e+03 8.030099235688479666e+02 4.380792329063039574e+02
3.569612463934728852e-04 1.962667724486935867e+03 8.949976080525574389e+02 4.885777973963805607e+02
4.007369130231864672e-04 2.198946496133103665e+03 1.004250751431826529e+03 5.485102383105479475e+02
4.498809747048478080e-04 2.450893784704783684e+03 1.120444374748884229e+03 6.122554717687062293e+02
5.050517804175268938e-04 2.749417688860247381e+03 1.256950441572426143e+03 6.870281122718882898e+02
5.669884152586394726e-04 3.074300230358325734e+03 1.404468567445868985e+03 7.677366404242436602e+02
6.365206014554368984e-04 3.440697495475993492e+03 1.569352938813464561e+03 8.577794047095856058e+02
7.145798135793877959e-04 3.857612884469163419e+03 1.755376155692234306e+03 9.591648144217239178e+02
8.022117568662883325e-04 4.326444719647118291e+03 1.962947335134100285e+03 1.072072540940246199e+03
9.005903758055168549e-04 4.851565884782439753e+03 2.193925144391299455e+03 1.197490337282732071e+03
1.011033580661806338e-03 5.442354627474357585e+03 2.452553338242733844e+03 1.337724683906069004e+03
1.135020902606864940e-03 6.095237651022488535e+03 2.737442440579649428e+03 1.492035654994505421e+03
1.274213313974418031e-03 6.817812129163210557e+03 3.052143470770859039e+03 1.662373288056391402e+03
1.430475479156914512e-03 7.613296580678161263e+03 3.398311683527600053e+03 1.849676004982841505e+03
1.605900734223756829e-03 8.491104329592186332e+03 3.780458362442084308e+03 2.056446248782542170e+03
1.802839129895710598e-03 9.453935614331325269e+03 4.199945514854754038e+03 2.283447115665177989e+03
2.023928913547812410e-03 1.050289509692121828e+04 4.657411889097566927e+03 2.531048350126624428e+03
2.272131871983379750e-03 1.164210192439237471e+04 5.154837289848383080e+03 2.800351611206395319e+03
2.550773008441800313e-03 1.287083933865471772e+04 5.691952903243068249e+03 3.091238207226833310e+03
2.863585085365514225e-03 1.419119637967434392e+04 6.269706761912866568e+03 3.404256616899539949e+03
3.214758629634808552e-03 1.560327168384239303e+04 6.888192759681267489e+03 3.739467791773469344e+03
3.608998070155939632e-03 1.710367756645863119e+04 7.546018561735177173e+03 4.096062231934048214e+03
4.051584759838999447e-03 1.868170333190121528e+04 8.238517706082835502e+03 4.471433744918554112e+03
4.548447726227339283e-03 2.032741774906772116e+04 8.961395291621431170e+03 4.863420779429198774e+03
5.106243098575769836e-03 2.202561528144519616e+04 9.707889622507300373e+03 5.268349418917118783e+03
5.732443275407110572e-03 2.375519013924320461e+04 1.046878603055431631e+04 5.681199605041851100e+03
6.435437027063155117e-03 2.548915842880481432e+04 1.123229063009335005e+04 6.095586277949393661e+03
7.224641874254610074e-03 2.719273093162398072e+04 1.198317394966495158e+04 6.503266622192908471e+03
8.110630248067678127e-03 2.882561170278482314e+04 1.270382408918540750e+04 6.894699835561481450e+03
9.105271121505569346e-03 3.033567458796915162e+04 1.337143002666470420e+04 7.257539825705430303e+03
1.022188900990466699e-02 3.166757881461709985e+04 1.396173081641755562e+04 7.578638721036551033e+03
1.147544247024383408e-02 3.275160426211178128e+04 1.444421937237257043e+04 7.841483366503887737e+03
1.288272449057868002e-02 3.351727966015266429e+04 1.478788682492589942e+04 8.029258580605518546e+03
1.446258745407916733e-02 3.388608979405357240e+04 1.495815898657860998e+04 8.123173058428971672e+03
1.623619569135818438e-02 3.378464825216009922e+04 1.492259095133083974e+04 8.105618969254108379e+03
1.822730900435978393e-02 3.314970196849843342e+04 1.465296073401258764e+04 7.961191148422570222e+03
2.046260095998037737e-02 3.194217645398205786e+04 1.413140573896477508e+04 7.680083393272414469e+03
2.297201621738221775e-02 3.016662259025382809e+04 1.335898315542683122e+04 7.262682130084989694e+03
2.578917167586586637e-02 2.788306625873043959e+04 1.236094419268068850e+04 6.722459142997056006e+03
2.895180681720203528e-02 2.522767114543078787e+04 1.119611667481441145e+04 6.091119438912993246e+03
3.250228927534733192e-02 2.240251977306186745e+04 9.952814555188215309e+03 5.416449314689874882e+03
3.648818240631140908e-02 1.965805212382257014e+04 8.741804217015238464e+03 4.758638807664639899e+03
4.096288246151627566e-02 1.723883899458064843e+04 7.672888246029321635e+03 4.177661528665591504e+03
4.598633390041809155e-02 1.531551853808062515e+04 6.824939132261114537e+03 3.717027399252831401e+03
5.162583242493973962e-02 1.391342254738560769e+04 6.213170670791578232e+03 3.385775897824353251e+03
5.795692649341043640e-02 1.286801279294466440e+04 5.766419087990197113e+03 3.145552412543125229e+03
6.506442939097074885e-02 1.181150754568194134e+04 5.315409994537597413e+03 2.903069981228403776e+03
7.304355541444980393e-02 1.038810406263808545e+04 4.686555799445745834e+03 2.560741599048712487e+03
8.200119539239680844e-02 8.592206551031036724e+03 3.864251422431637366e+03 2.107315162439183950e+03
9.205734862752627812e-02 6.883006570226377335e+03 3.065530790438873282e+03 1.663443245196905764e+03
1.033467304443183715e-01 5.737513740823467742e+03 2.541669457045532909e+03 1.374198719540536104e+03
1.160205768769771578e-01 5.095457641416719525e+03 2.284134731419940636e+03 1.239319304708732716e+03
1.302486706739022226e-01 4.435474832748546760e+03 2.011155243480730860e+03 1.094524355785932812e+03
1.462216157596530064e-01 3.584324184827402860e+03 1.598307438096481746e+03 8.602637244757785311e+02
1.641533906237988560e-01 2.934668921366959239e+03 1.292186468211406691e+03 6.881593767043207208e+02
1.842842148426375448e-01 2.498961712770446866e+03 1.126799325149915830e+03 6.055202881573869718e+02
2.068837671345900298e-01 2.047598770342318630e+03 9.170823120697679087e+02 4.873915714070797662e+02
2.322547980593316352e-01 1.677249529362297153e+03 7.520401678808801762e+02 3.964420496228204911e+02
2.607371857574901086e-01 1.373069677645275078e+03 6.263348981016705466e+02 3.308542932531643714e+02
2.927124890628471365e-01 1.110356209094890573e+03 5.111654816166912383e+02 2.673486325575169076e+02
3.286090589819373742e-01 8.912660232046379178e+02 4.199786070131655720e+02 2.196329768045577850e+02
3.689077770159973624e-01 7.071005167777921088e+02 3.431665172531414214e+02 1.792733942919504670e+02
4.141484971975938345e-01 5.534095274403556459e+02 2.790887454863553216e+02 1.458386637235463752e+02
4.649372781414354283e-01 4.263022762582601786e+02 2.260630583274351295e+02 1.187460073285874103e+02
5.219545019921476570e-01 3.224250728102034032e+02 1.820107253447710889e+02 9.653949847583756139e+01
5.859639890329354506e-01 2.389412746260877327e+02 1.454231537384714272e+02 7.832467485903192994e+01
6.578232300572349756e-01 1.732608653788276456e+02 1.150889593505042399e+02 6.338195777807470677e+01
7.384948735793578356e-01 1.229047244610492555e+02 9.003444132632627372e+01 5.112697202243170125e+01
8.290596217703356530e-01 8.538510907410494610e+01 6.946109577656390854e+01 4.106356013172442232e+01
9.307307078768926045e-01 5.825660336731559141e+01 5.272980660427548827e+01 3.279464726432784971e+01
1.044870149067508081e+00 3.919018848425481849e+01 3.930431182281603242e+01 2.600108460531480858e+01
1.173006992433692330e+00 2.611776241016174893e+01 2.872332758198300340e+01 2.042858924567961765e+01
1.316857798575541416e+00 1.732351956229163292e+01 2.056505243333093702e+01 1.587297583086873409e+01
1.478349637175967013e+00 1.148114485825115594e+01 1.443133204773978662e+01 1.217117809513101001e+01
1.659645902619409696e+00 7.624941230978547146e+00 9.942707387857733892e+00 9.191331903227842659e+00
1.863175295489004624e+00 5.083117818916834452e+00 6.744494060398883661e+00 6.823537846989767175e+00
2.091664358187257822e+00 3.404398222520218731e+00 4.521400389282839605e+00 4.973934400619835827e+00
2.348174000537423645e+00 2.290675724809195568e+00 3.007406801408852193e+00 3.557961604433881320e+00
2.636140504673786467e+00 1.547893745351673234e+00 1.992503731572855985e+00 2.498777029034100927e+00
2.959421558534973240e+00 1.049517501947781151e+00 1.319014752460268891e+00 1.725329733050104730e+00
3.322347934639153344e+00 7.132716066613470351e-01 8.745149576054492835e-01 1.173968939591647720e+00
3.729781506445900785e+00 4.852432749286141878e-01 5.815020695887356261e-01 7.894977153362178202e-01
4.187180379509764627e+00 0.000000000000000000e+00 3.880178445173011470e-01 5.264477195494231543e-01
4.700672009942531204e+00 0.000000000000000000e+00 2.597920429746277682e-01 3.491678321404940166e-01
5.277135289701610610e+00 0.000000000000000000e+00 1.744088488900529532e-01 2.309649748682482684e-01
5.924292698344328478e+00 0.000000000000000000e+00 1.172807967226160153e-01 1.526908859196773882e-01
6.650813755741415534e+00 0.000000000000000000e+00 0.000000000000000000e+00 1.010109554829034806e-01
7.466431161634059954e+00 0.000000000000000000e+00 0.000000000000000000e+00 6.690803735285441589e-02
8.382071177875818790e+00 0.000000000000000000e+00 0.000000000000000000e+00 0.000000000000000000e+00
9.410000000000001918e+00 0.000000000000000000e+00 0.000000000000000000e+00 0.000000000000000000e+00
