1.000000000230258569e-04 8.598108052180822369e+02 4.085325838617142153e+02 2.337429037466332318e+02
1.115026695290953366e-04 9.476729627034491159e+02 4.501772891532920653e+02 2.575606710773061536e+02
1.243284530925187648e-04 1.056797297443342131e+03 5.019091133080614782e+02 2.871501376736338784e+02
1.386295441504667143e-04 1.191622171066765077e+03 5.658316592382137742e+02 3.237101868840632051e+02
1.545756424481938766e-04 1.346490481542109364e+03 6.392371608496933959e+02 3.656934059822377776e+02
1.723559677317991945e-04 1.507716723587114075e+03 7.155811381832648976e+02 4.093493217542024922e+02
1.921815050694108094e-04 1.669409511768672701e+03 7.920328149118416832e+02 4.530577926060771574e+02
2.142875084442451923e-04 1.850302557197475153e+03 8.774994406361590791e+02 5.019128559934377449e+02
2.389362923277018713e-04 2.074958473195439637e+03 9.836817865088389681e+02 5.626121075335479418e+02
2.664203443578849946e-04 2.327980201580125140e+03 1.103242781777114487e+03 6.309565295036125008e+02
2.970657960592480913e-04 2.583378292262211744e+03 1.223784867954664833e+03 6.998470571191883209e+02
3.312362927876497001e-04 2.881616603399239466e+03 1.364592731652573320e+03 7.803243539309290782e+02
3.693373088223966556e-04 3.226268336950199682e+03 1.527430673474550304e+03 8.734051183823660267e+02
4.118209588090659132e-04 3.581848426669824676e+03 1.695413982011942835e+03 9.694286046595201469e+02
4.591913626466918256e-04 4.007201477786572468e+03 1.896671150025833640e+03 1.084510527996006886e+03
5.120106274801957584e-04 4.450078167008961827e+03 2.106375605037616424e+03 1.204449457874298105e+03
5.709055177816341068e-04 4.966974937165145093e+03 2.351538146749165662e+03 1.344726937346117666e+03
6.365748926688486646e-04 5.522743717592518806e+03 2.615490073134193153e+03 1.495815531280822142e+03
7.097979987143026312e-04 6.134437071434123027e+03 2.906447855936263750e+03 1.662436355207021052e+03
7.914437166483044659e-04 6.819598641363547358e+03 3.232793584776742591e+03 1.849395495156217748e+03
8.824808716799498404e-04 7.574598853456729557e+03 3.592810763649926230e+03 2.055715200304388418e+03
9.839897297802024153e-04 8.401902891776040633e+03 3.987676073840443678e+03 2.282071128723837774e+03
1.097174816344422205e-03 9.308204047861867366e+03 4.420551668121441253e+03 2.530269031295538753e+03
1.223379209343287413e-03 1.030882328613876962e+04 4.898683631877303014e+03 2.804449487372506610e+03
1.364100476567608111e-03 1.140445061697332494e+04 5.422381011841842337e+03 3.104789742243565343e+03
1.521008446081769522e-03 1.258991867186501622e+04 5.989100395425080023e+03 3.429825716500340604e+03
1.695965020753673102e-03 1.388116719586520048e+04 6.606430541937317685e+03 3.783913176174221917e+03
1.891046271984591709e-03 1.528390176647470435e+04 7.277044476679405307e+03 4.168584068051459326e+03
2.108567074807741158e-03 1.679784577847158289e+04 8.000807848622893289e+03 4.583768829428266145e+03
2.351108576680822643e-03 1.843020375342533225e+04 8.781193036074022530e+03 5.031473206823707187e+03
2.621548825923003187e-03 2.016568519899818057e+04 9.610867077643837547e+03 5.507494103429319694e+03
2.923096923239734257e-03 2.201208351082388981e+04 1.049363020241788763e+04 6.014029507803801607e+03
3.259331101584665453e-03 2.396011277204636644e+04 1.142509550674935963e+04 6.548576317067580021e+03
3.634241186222156913e-03 2.599954384869383284e+04 1.240045793571402646e+04 7.108397317708461742e+03
4.052275938830490927e-03 2.811405805858519670e+04 1.341193149321058991e+04 7.689028251523806830e+03
4.518395847440812539e-03 3.028868922336651303e+04 1.445255506660517858e+04 8.286518030922916296e+03
5.038131988628217865e-03 3.249764500181813128e+04 1.551015737824440293e+04 8.893926138921715392e+03
5.617651660426248826e-03 3.470888252024585381e+04 1.656951347245369470e+04 9.502529092960185153e+03
6.263831564778516575e-03 3.688694487517768721e+04 1.761382329572495655e+04 1.010267022906121019e+04
6.984339407925946493e-03 3.898817391654922540e+04 1.862242312984856471e+04 1.068257747209467198e+04
7.787724887016851671e-03 4.096079845427469991e+04 1.957072774910421140e+04 1.122813376441360379e+04
8.683521142606049834e-03 4.274541316998757975e+04 2.043060305393857561e+04 1.172321318535858882e+04
9.682357880899711625e-03 4.427447879952580115e+04 2.116984804329043982e+04 1.214945133213482586e+04
1.079608750807801998e-02 4.547560885110584059e+04 2.175405485110689187e+04 1.248695262244330297e+04
1.203792577343234388e-02 4.626898453890070959e+04 2.214533931640103401e+04 1.271422078557160967e+04
1.342260859021738965e-02 4.657337178704408871e+04 2.230451554492487048e+04 1.280858594625922706e+04
1.496656689508787767e-02 4.630911680797722511e+04 2.219339918865213986e+04 1.274797955044711307e+04
1.668812162103823840e-02 4.540611804099915753e+04 2.177804504419004297e+04 1.251297240032105765e+04
1.860770109743517184e-02 4.381681097209353175e+04 2.103487578156207019e+04 1.208975862354346100e+04
2.074808345685756270e-02 4.152917646153896931e+04 1.995692275911909019e+04 1.147410166974899039e+04
2.313466692519383291e-02 3.858586096603854094e+04 1.856302428348243484e+04 1.067647804182081018e+04
2.579577120231610690e-02 3.509458423448456597e+04 1.690293076450903027e+04 9.725079927008007871e+03
2.876297350957714855e-02 3.124226624826562693e+04 1.506450910309981191e+04 8.670028207559967996e+03
3.207148329174031032e-02 2.728700784356016811e+04 1.317059721361971242e+04 7.581711713860554482e+03
3.576056001963404812e-02 2.352456106107382584e+04 1.136369586197778153e+04 6.542157412496829238e+03
3.987397905126498221e-02 2.023861883600587316e+04 9.782891779664758360e+03 5.631916004897923813e+03
4.446055107939526907e-02 1.763148237936270016e+04 8.530581687494526705e+03 4.910952431171113858e+03
4.957470132945773766e-02 1.576207737578061824e+04 7.641571896102511346e+03 4.400637576835860273e+03
5.527711538069327024e-02 1.450076231518963505e+04 7.058301180598532483e+03 4.068873607987754895e+03
6.163545927395905344e-02 1.351167428579285115e+04 6.616636890217626387e+03 3.820706015125063459e+03
6.872518245115814828e-02 1.233277492084800178e+04 6.077997847311777150e+03 3.515365892460592477e+03
7.663041305413779980e-02 1.062630153107417027e+04 5.252005514605836652e+03 3.037163695712129083e+03
8.544495620686157200e-02 8.578924596469412791e+03 4.218755783634035652e+03 2.429828743135107743e+03
9.527340712667957401e-02 6.783763627253483719e+03 3.298023039135236104e+03 1.885016510016456778e+03
1.062323922731101822e-01 5.662577165247971607e+03 2.750074898042236782e+03 1.566105466848476453e+03
1.184519532618636822e-01 5.046916440278767368e+03 2.507029953672327338e+03 1.437952020078276064e+03
1.320770899659224340e-01 4.395934666336359442e+03 2.234230741250992651e+03 1.289680168259115362e+03
1.472694811144383831e-01 3.536979808799829698e+03 1.783317887915487745e+03 1.017511272769101879e+03
1.642094028064348954e-01 2.842248871271813641e+03 1.421026380830550806e+03 7.987635909224221678e+02
1.830978677048002712e-01 2.384199811717927332e+03 1.240215297179082427e+03 7.061556992274948925e+02
2.041590102946942431e-01 1.941069785383054978e+03 1.037763352248372712e+03 5.912630382252959862e+02
2.276427465103479653e-01 1.544143461974628735e+03 8.385551683247397250e+02 4.706702511359343930e+02
2.538277392899435103e-01 1.227294421586567296e+03 7.050319072572197001e+02 4.009354735116879738e+02
2.830247052484705095e-01 9.518303451156767778e+02 5.762668345579442075e+02 3.260255140366845694e+02
3.155801017062329072e-01 7.223563626991962110e+02 4.740122994880891270e+02 2.707006107672644362e+02
3.518802378240603601e-01 5.313304591503062966e+02 3.861030104351960972e+02 2.218606920652584336e+02
3.923558586288135031e-01 3.753029115860154548e+02 3.131645813916619545e+02 1.827404892007313890e+02
4.374872563241952172e-01 2.506635426550440116e+02 2.517245942897380928e+02 1.498382959177088480e+02
4.878099695387512202e-01 1.543057645530802517e+02 2.002462558027641535e+02 1.225809801394982230e+02
5.439211381395319123e-01 8.303924165947988456e+01 1.572380517220281320e+02 1.000285838386019890e+02
6.064865890189676811e-01 3.341125177288274983e+01 1.214551653084956655e+02 8.132016745247702261e+01
6.762487369363893164e-01 1.634354564087380002e+00 9.189792056879423399e+01 6.578215289396358401e+01
7.540353941672404137e-01 -1.629846686926392607e+01 6.776603234329340353e+01 5.287350406288978633e+01
8.407695934971151086e-01 -2.432158042964972466e+01 4.839051116889692850e+01 4.215374734709069315e+01
9.374805411223435803e-01 -2.594442445670201280e+01 3.318619343157506307e+01 3.326351219991359898e+01
1.045315829426528564e+00 -2.397244808013066475e+01 2.160946441560297515e+01 2.591592693053761565e+01
1.165555054552403824e+00 -2.039607176890197593e+01 1.312563293132154030e+01 1.987682245276392123e+01
1.299625000357985227e+00 -1.645343858591869335e+01 7.197700459542651252e+00 1.495743151777258184e+01
1.449116568932995452e+00 -1.280203407250724723e+01 3.292995800522299454e+00 1.100215711332241320e+01
1.615803658576671964e+00 -9.714061519041685244e+00 9.072803415608735600e-01 7.877345711772117731e+00
1.801664213246928048e+00 -7.241411096693959770e+00 -4.072584812673366583e-01 5.464066541318791437e+00
2.008903693258128342e+00 -5.329804545825755469e+00 -1.018579917270174828e+00 3.651516075122202221e+00
2.239981245735629400e+00 -3.885469274681707663e+00 -1.205409524556856571e+00 2.334362108074472975e+00
2.497638885371206374e+00 -2.811098216908025194e+00 -1.162062357758920195e+00 1.412932772302673223e+00
2.784934031744384253e+00 -2.020506079060269577e+00 -1.013091617286041579e+00 7.956020627545736801e-01
3.105275789304232426e+00 -1.443134553843639534e+00 -8.314250229745208109e-01 4.018834149028066016e-01
3.462465400517639402e+00 -1.024064294887709892e+00 -6.553697173529569042e-01 1.649304326920953967e-01
3.860741352209485999e+00 0.000000000000000000e+00 -5.019252234561061288e-01 3.247125552538948634e-02
4.304829670336041580e+00 0.000000000000000000e+00 -3.761204723470220057e-01 -3.399177977489161590e-02
4.799999999999999822e+00 0.000000000000000000e+00 -2.769854741096733353e-01 -6.121533736098359185e-02
