1.000000000230258569e-04 5.658677395700128727e+02 2.712499815258274225e+02 1.580821060599550378e+02
1.115026695290953366e-04 6.358915551695313297e+02 3.046459413624465355e+02 1.775127850031947503e+02
1.243284530925187648e-04 7.196653503882517953e+02 3.446058459401970708e+02 2.007634826018166336e+02
1.386295441504667143e-04 8.111630268135548931e+02 3.881794498100269948e+02 2.261025747212021599e+02
1.545756424481938766e-04 9.034646429054147347e+02 4.319643899644289604e+02 2.515301032278725302e+02
1.723559677317991945e-04 1.000001592370959429e+03 4.775728468268621327e+02 2.779779691341066723e+02
1.921815050694108094e-04 1.116368142085583486e+03 5.325243773216818681e+02 3.098335077803004083e+02
2.142875084442451923e-04 1.257458643166370621e+03 5.991790907176812198e+02 3.484712839350508489e+02
2.389362923277018713e-04 1.405241066036720667e+03 6.687708123872519081e+02 3.887564246075049823e+02
2.664203443578849946e-04 1.562754953380669576e+03 7.427195047900984264e+02 4.315004764348673802e+02
2.970657960592480913e-04 1.755361696708834415e+03 8.333378087605866540e+02 4.839033669425738822e+02
3.312362927876497001e-04 1.958533288728128355e+03 9.288214996490546582e+02 5.390695750726496271e+02
3.693373088223966556e-04 2.188043038199701186e+03 1.036851147250642498e+03 6.014897520035425487e+02
4.118209588090659132e-04 2.444239370748129659e+03 1.157797515106457922e+03 6.714157190201626690e+02
4.591913626466918256e-04 2.727857656958522512e+03 1.292127031267031953e+03 7.491434676187498098e+02
5.120106274801957584e-04 3.036175387643306294e+03 1.438824065782449679e+03 8.341471282175496071e+02
5.709055177816341068e-04 3.386280914112400296e+03 1.606371136302968807e+03 9.314409634785470189e+02
6.365748926688486646e-04 3.766536251599176012e+03 1.789311164777362592e+03 1.037888804459696985e+03
7.097979987143026312e-04 4.181876531916303975e+03 1.990224684967446592e+03 1.155065467836806647e+03
7.914437166483044659e-04 4.639441429273249923e+03 2.212692867741645841e+03 1.285120361940074190e+03
8.824808716799498404e-04 5.143821360903107234e+03 2.458934593818883513e+03 1.429365275659580448e+03
9.839897297802024153e-04 5.697324498645805761e+03 2.729976890573831497e+03 1.588394810372662732e+03
1.097174816344422205e-03 6.299267564148904057e+03 3.025326330630237408e+03 1.761895748630841354e+03
1.223379209343287413e-03 6.968926120003826327e+03 3.354191344545882657e+03 1.955225344405394026e+03
1.364100476567608111e-03 7.694783731390793946e+03 3.710825197566555744e+03 2.164974329380924701e+03
1.521008446081769522e-03 8.494946276671151281e+03 4.103774915153786424e+03 2.396079722250021405e+03
1.695965020753673102e-03 9.368612008920550579e+03 4.532551778294676296e+03 2.648223746703360575e+03
1.891046271984591709e-03 1.032318863202668217e+04 5.000687627168098516e+03 2.923448888504803108e+03
2.108567074807741158e-03 1.135522198372658022e+04 5.506425173899730908e+03 3.220695169862446164e+03
2.351108576680822643e-03 1.247249995125856731e+04 6.053528658590177656e+03 3.542163097095420198e+03
2.621548825923003187e-03 1.366965207739323705e+04 6.639382112147051885e+03 3.886323981531992104e+03
2.923096923239734257e-03 1.495116642079048324e+04 7.266258875493612322e+03 4.254535393518524870e+03
3.259331101584665453e-03 1.630679558705675663e+04 7.929152943242029323e+03 4.643852492416967834e+03
3.634241186222156913e-03 1.773206675498150071e+04 8.625972044192210888e+03 5.053053974560253664e+03
4.052275938830490927e-03 1.921916239452605805e+04 9.353175232242016136e+03 5.480020351565273813e+03
4.518395847440812539e-03 2.075382240398817157e+04 1.010359589087779386e+04 5.920910068760892500e+03
5.038131988628217865e-03 2.232043485612762379e+04 1.086982976619808687e+04 6.371097870962120396e+03
5.617651660426248826e-03 2.390016854912941926e+04 1.164288747714110468e+04 6.825412255892047142e+03
6.263831564778516575e-03 2.546921133803619887e+04 1.241130949717789008e+04 7.277190314688437866e+03
6.984339407925946493e-03 2.699892848934595531e+04 1.316129829368176979e+04 7.718395256307731870e+03
7.787724887016851671e-03 2.846139551160179690e+04 1.387944906986551541e+04 8.141221089566894989e+03
8.683521142606049834e-03 2.979837483673001043e+04 1.453750908657526634e+04 8.529120158538957185e+03
9.682357880899711625e-03 3.097177016842309240e+04 1.511706748390068060e+04 8.871318151221892549e+03
1.079608750807801998e-02 3.192497186385249734e+04 1.559067428998827563e+04 9.151747680162996403e+03
1.203792577343234388e-02 3.261476566488801109e+04 1.593735296399321851e+04 9.358124948510445392e+03
1.342260859021738965e-02 3.297748863766324939e+04 1.612602039325127043e+04 9.472164008112729789e+03
1.496656689508787767e-02 3.295406856085733307e+04 1.612773970470026688e+04 9.476836455137097801e+03
1.668812162103823840e-02 3.249751386352868576e+04 1.591931203781850127e+04 9.358444818477993977e+03
1.860770109743517184e-02 3.157284048560373776e+04 1.548313005167349911e+04 9.106496973229443029e+03
2.074808345685756270e-02 3.017061352985667691e+04 1.481371154735378877e+04 8.717449722544291944e+03
2.313466692519383291e-02 2.831909356020433916e+04 1.392390043905872699e+04 8.198590958593082178e+03
2.579577120231610690e-02 2.609451241150880742e+04 1.284978317611796592e+04 7.570827675886926045e+03
2.876297350957714855e-02 2.362469394456570808e+04 1.165278880059683070e+04 6.869956703623251087e+03
3.207148329174031032e-02 2.108359053594005672e+04 1.041751516511165210e+04 6.145556488873891794e+03
3.576056001963404812e-02 1.866874928149903644e+04 9.241275630032909248e+03 5.455020677111934674e+03
3.987397905126498221e-02 1.655963425196783282e+04 8.213897619901521466e+03 4.851600234597616691e+03
4.446055107939526907e-02 1.487111060417010231e+04 7.394903589115575414e+03 4.371048521700649871e+03
4.957470132945773766e-02 1.360138278514539343e+04 6.786726045315901501e+03 4.015528871173455627e+03
5.527711538069327024e-02 1.261007815686720278e+04 6.321551059629267002e+03 3.745360923373465994e+03
6.163545927395905344e-02 1.159602653564307366e+04 5.845438101625326453e+03 3.468562677685800281e+03
6.872518245115814828e-02 1.028935795615040843e+04 5.212836917694500698e+03 3.096535804364742944e+03
7.663041305413779980e-02 8.656081515988278625e+03 4.395047191044908686e+03 2.609671237892386671e+03
8.544495620686157200e-02 7.023725157929233319e+03 3.560254205659963191e+03 2.108641129475746766e+03
9.527340712667957401e-02 5.812043896615521589e+03 2.945607712026749141e+03 1.740270344215515934e+03
1.062323922731101822e-01 5.098472647890083863e+03 2.613961459161454968e+03 1.547645026313541621e+03
1.184519532618636822e-01 4.523554230779051977e+03 2.364781224750795900e+03 1.407208210659973020e+03
1.320770899659224340e-01 3.757047497786556505e+03 1.978682310389039458e+03 1.175299611502960943e+03
1.472694811144383831e-01 3.006809500709867734e+03 1.577044036671191634e+03 9.277662820449177161e+02
1.642094028064348954e-01 2.515587656025616525e+03 1.349526306927609085e+03 7.960035592596029801e+02
1.830978677048002712e-01 2.097042436498472398e+03 1.164792925919930212e+03 6.919509063362334018e+02
2.041590102946942431e-01 1.673718174841085556e+03 9.429288256742719341e+02 5.545259711826082594e+02
2.276427465103479653e-01 1.344822673262011222e+03 7.925533973228849618e+02 4.686837766125834719e+02
2.538277392899435103e-01 1.058091563309483263e+03 6.569172179015145048e+02 3.893320302737450902e+02
2.830247052484705095e-01 8.142333219231119301e+02 5.409918514043671394e+02 3.215492351768985486e+02
3.155801017062329072e-01 6.096500556808343845e+02 4.447255779052458706e+02 2.664022015622362005e+02
3.518802378240603601e-01 4.393045160145565546e+02 3.633998454627566730e+02 2.202219662473228823e+02
3.923558586288135031e-01 2.999540057826528709e+02 2.945456661662960869e+02 1.812297175491409291e+02
4.374872563241952172e-01 1.888565942547449481e+02 2.368192155874553464e+02 1.491069957762146885e+02
4.878099695387512202e-01 1.033916035037601944e+02 1.882924240036051913e+02 1.223350903577983075e+02
5.439211381395319123e-01 4.094566163048627772e+01 1.475961994524159593e+02 1.000135135966687017e+02
6.064865890189676811e-01 -1.390063840480443291e+00 1.136402952173204852e+02 8.141710961107264666e+01
6.762487369363893164e-01 -2.694825754386359407e+01 8.553360254264696039e+01 6.592498433877396735e+01
7.540353941672404137e-01 -3.941197550428335461e+01 6.254457182920845781e+01 5.301023020762240634e+01
8.407695934971151086e-01 -4.255765609141376160e+01 4.407085860273829780e+01 4.225240676586166444e+01
9.374805411223435803e-01 -3.987615345493508556e+01 2.958393568597121259e+01 3.330780032678779179e+01
1.045315829426528564e+00 -3.422723781476507554e+01 1.858903738931607563e+01 2.589730730768601319e+01
1.165555054552403824e+00 -2.765178212569361094e+01 1.059308743800473529e+01 1.979802709157544882e+01
1.299625000357985227e+00 -2.138589599445671041e+01 5.089600676520843692e+00 1.482732077184010855e+01
1.449116568932995452e+00 -1.602354863972519539e+01 1.564302047605676593e+00 1.083386173394333341e+01
1.615803658576671964e+00 -1.173418291427545235e+01 -4.806455974908435125e-01 7.687044967227481429e+00
1.801664213246928048e+00 -8.454165186813389354e+00 -1.493841747978357226e+00 5.267702724077380161e+00
2.008903693258128342e+00 -6.022144832793625113e+00 -1.846970532608207094e+00 3.463364657467803198e+00
2.239981245735629400e+00 -4.256971247947868520e+00 -1.821126543546554233e+00 2.165310956486860672e+00
2.497638885371206374e+00 -2.994081866126712121e+00 -1.609627942963412384e+00 1.269631781288570016e+00
2.784934031744384253e+00 -2.099299254733060227e+00 -1.332673400695139065e+00 6.803226801858315298e-01
3.105275789304232426e+00 -1.469222704332001861e+00 -1.056797844355240601e+00 3.133397522345153785e-01
3.462465400517639402e+00 -1.027042285383415798e+00 -8.132407804724344214e-01 9.954607374679583232e-02
3.860741352209485999e+00 -7.172788112593065923e-01 -6.124636725580513419e-01 -1.433906992957334828e-02
4.304829670336041580e+00 0.000000000000000000e+00 -4.539824761456769386e-01 -6.681264694774480262e-02
4.799999999999999822e+00 0.000000000000000000e+00 -3.324746129077527645e-01 -8.402778587510198460e-02
