1.000000000230258569e-04 3.366921087180938684e+03 1.731849911442179746e+03 1.058744335070940451e+03
1.115486563971542785e-04 3.742220526200359927e+03 1.921792017146531407e+03 1.174120260004838428e+03
1.244310274114527074e-04 4.108059574455375696e+03 2.104942447275945142e+03 1.284861158237755035e+03
1.388011391866901154e-04 4.531323005866093808e+03 2.316313496082418169e+03 1.412502252523421703e+03
1.548308057910457113e-04 5.070432740902174373e+03 2.586699132584097242e+03 1.576006376315169518e+03
1.727116835090306587e-04 5.655472103634928317e+03 2.878913455464792605e+03 1.752307048096170547e+03
1.926575623508681512e-04 6.237236028230079683e+03 3.166445144296928902e+03 1.924849930174591464e+03
2.149069222004190347e-04 6.949964894823220675e+03 3.520487340878586110e+03 2.137600354259157029e+03
2.397257841638464457e-04 7.734897207586067452e+03 3.910726327295269584e+03 2.371934272203377532e+03
2.674108912107391479e-04 8.556121758217650495e+03 4.318386339462758770e+03 2.616223784048548623e+03
2.982932561365508645e-04 9.523515610623408065e+03 4.803264991423004176e+03 2.907747446931636205e+03
3.327421192670277522e-04 1.051995337942463448e+04 5.304456149579940757e+03 3.209124008505041274e+03
3.711693632243215748e-04 1.164081948101513262e+04 5.874784541399597401e+03 3.553630686790854270e+03
4.140344375392690035e-04 1.285978867262258063e+04 6.502068561884003429e+03 3.934272077986488966e+03
4.618498519902246974e-04 1.413547357496615223e+04 7.166334170851518138e+03 4.339336345818946029e+03
5.151873043487156757e-04 1.551354682353519820e+04 7.893108825662782692e+03 4.785191005644771394e+03
5.746845157973842983e-04 1.699772344846535634e+04 8.685397808662102761e+03 5.274253264800918259e+03
6.410528557468661917e-04 1.858868328019235196e+04 9.543501914997348649e+03 5.806876521060997220e+03
7.150858472165629249e-04 2.030384345409968955e+04 1.047571314012152834e+04 6.388094434129584442e+03
7.976686544726134401e-04 2.214206414629462597e+04 1.148004540893683770e+04 7.016436454805982066e+03
8.897886663605780169e-04 2.408733253353679902e+04 1.254656872848843523e+04 7.685379874340631432e+03
9.925473018708411317e-04 2.622729243012217194e+04 1.371979990819074737e+04 8.421850247989596028e+03
1.107173179088194286e-03 2.852861993077471561e+04 1.498001757488547446e+04 9.212930347298384731e+03
1.235036804978161722e-03 3.100654227531918150e+04 1.633428107665517746e+04 1.006259881782332923e+04
1.377666961646263968e-03 3.366479958897672623e+04 1.778386778535713893e+04 1.097133576266543605e+04
1.536768984990051967e-03 3.654152031134864228e+04 1.934807221080883755e+04 1.195069269905864530e+04
1.714245154289869167e-03 3.960115261372714303e+04 2.100797731221240247e+04 1.298888278547847585e+04
1.912217436523370962e-03 4.286610979168297490e+04 2.277534644908846531e+04 1.409315414041829717e+04
2.133052857342773462e-03 4.629729253885943035e+04 2.462967137061616450e+04 1.525087647484173795e+04
2.379391802059096454e-03 4.989274709805229941e+04 2.656999366045375791e+04 1.646148193528069532e+04
2.654179585009814029e-03 5.361279651581254438e+04 2.857545287961141366e+04 1.771210962966757143e+04
2.960701664764286197e-03 5.742583957772226859e+04 3.062952767212446633e+04 1.899262333340750774e+04
3.302622926212283368e-03 6.128839962760187336e+04 3.271073586806290405e+04 2.028916854414046975e+04
3.684031499205906151e-03 6.514090502529010701e+04 3.478420808150486118e+04 2.158245274222295484e+04
4.109487637665882979e-03 6.892713774091503001e+04 3.682251823815129319e+04 2.285329983038987848e+04
4.584078243567925488e-03 7.257751819298925693e+04 3.878853758537228714e+04 2.407938799627662956e+04
5.113477687716873853e-03 7.601151288340854808e+04 4.063961066909728834e+04 2.523444653983182798e+04
5.704015654503047893e-03 7.913830381971111638e+04 4.232754251288743399e+04 2.628871576891368750e+04
6.362752821816417166e-03 8.186836173727471032e+04 4.380483844207453512e+04 2.721283162271416950e+04
7.097565280973966440e-03 8.403477983524755109e+04 4.498229615173419006e+04 2.795132724144056192e+04
7.917238706014356406e-03 8.552219185806714813e+04 4.579837763404416910e+04 2.846602406479391720e+04
8.831573398280912271e-03 8.623756705918510852e+04 4.620334548938582157e+04 2.872604750871489159e+04
9.851501462242475554e-03 8.605487192391371354e+04 4.612937640878952516e+04 2.868908148720307872e+04
1.098921751354712747e-02 8.484487311771596433e+04 4.550675091105463071e+04 2.831154744432929147e+04
1.225832448210000328e-02 8.252473282857367303e+04 4.429026227872035815e+04 2.756503621675385148e+04
1.367399625343743499e-02 7.905594623913355463e+04 4.245804881747760373e+04 2.643557144331498421e+04
1.525315909299450497e-02 7.446422092322664685e+04 4.002176379170489236e+04 2.492954718107082590e+04
1.701469402243795462e-02 6.887846092245582258e+04 3.704861428465784411e+04 2.308802182533577798e+04
1.897966256774625410e-02 6.253890499913168605e+04 3.366532515067885834e+04 2.098924164235410717e+04
2.117155857815964867e-02 5.580337871006170462e+04 3.006212631683714062e+04 1.875094899789148985e+04
2.361658912683562567e-02 4.911746800574221561e+04 2.647766985245139949e+04 1.652150870146137822e+04
2.634398785175567220e-02 4.295090381678594713e+04 2.316599640889877264e+04 1.445971184561866903e+04
2.938636448329653983e-02 3.770217505001493555e+04 2.034520676338444900e+04 1.270263571223424515e+04
3.278009473753994152e-02 3.358541440613924351e+04 1.813628803642777712e+04 1.132740227436825080e+04
3.656575523702054742e-02 3.052018167950901261e+04 1.650121314682800949e+04 1.031184098947780694e+04
4.078860865897657173e-02 2.809710054703987407e+04 1.521995309338183142e+04 9.518871747431263429e+03
4.549914491170512637e-02 2.560634711797577620e+04 1.389884388269687406e+04 8.699719633127833731e+03
5.075368480951484434e-02 2.242903247950009973e+04 1.218187555525935568e+04 7.625836452252430718e+03
5.661505346402430361e-02 1.860833448327471342e+04 1.007716767280965905e+04 6.297915721778545048e+03
6.315333144310807112e-02 1.497486015331243834e+04 8.052509538170900669e+03 5.013617284679195109e+03
7.044669267860774464e-02 1.242916523513838547e+04 6.646987615787724280e+03 4.125076975212338766e+03
7.858233914112514040e-02 1.098893139866732054e+04 5.900664197785912620e+03 3.666690035579866162e+03
8.765754345719625751e-02 9.736507772599998134e+03 5.264132946651053317e+03 3.279530655380349344e+03
9.778081193473929511e-02 8.031557134401053190e+03 4.306761181515801582e+03 2.668126697994575352e+03
1.090731819023149224e-01 6.487171612605054179e+03 3.419383676778618792e+03 2.094763365473980230e+03
1.216696688736408766e-01 5.546364592062436714e+03 2.940595151767636253e+03 1.804432848396530062e+03
1.357208808401622890e-01 4.690037202335762231e+03 2.496460401024332441e+03 1.532064626861107627e+03
1.513948189927238619e-01 3.839908894130199769e+03 2.010708356243274011e+03 1.216433768529213694e+03
1.688788864024014236e-01 3.214566868473907562e+03 1.694864943381482817e+03 1.027002944806066125e+03
1.883821286769788717e-01 2.655789303871294123e+03 1.395195227715018291e+03 8.384006301064175659e+02
2.101377333831422056e-01 2.191588644842354370e+03 1.155050339781215143e+03 6.914706903765904826e+02
2.344058181183555356e-01 1.798984783374616427e+03 9.519092980705485161e+02 5.664709729252582520e+02
2.614765405675759102e-01 1.469424695099095970e+03 7.852459070608626917e+02 4.660806225178415048e+02
2.916735677297306317e-01 1.191634501410627536e+03 6.453316169039326269e+02 3.817202117951257492e+02
3.253579457932418983e-01 9.584395022171083838e+02 5.292926393209036178e+02 3.127454179926282336e+02
3.629324169301749725e-01 7.632248059498404018e+02 4.328645141277984294e+02 2.561312790216026656e+02
4.048462346221089470e-01 6.005849894758009668e+02 3.525811040924407394e+02 2.095222203065093822e+02
4.516005350914485406e-01 4.661427335374461336e+02 2.857324658970501332e+02 1.711587406480877007e+02
5.037543290608768043e-01 3.562343364494909110e+02 2.300954755067471922e+02 1.395722988076864226e+02
5.619311854805180140e-01 2.676834940188825840e+02 1.838392947477698840e+02 1.135348414797393417e+02
6.268266871357865977e-01 1.976236356961416050e+02 1.454865678813862644e+02 9.205032870336029305e+01
6.992167472777639503e-01 1.433542521305595301e+02 1.138419420722869688e+02 7.431176806962125170e+01
7.799668867126374749e-01 1.022773151121546391e+02 8.792762083501114034e+01 5.966517132313881433e+01
8.700425822703268253e-01 7.191346962955111621e+01 6.692528551308802776e+01 4.757597154511987725e+01
9.705208103821856280e-01 4.996967799885334216e+01 5.013757873478456872e+01 3.761784039455928763e+01
1.082602923786821769e+00 3.442256940430927159e+01 3.694401474695111176e+01 2.944723480103266411e+01
1.207629015322442267e+00 2.358278029428059241e+01 2.677558732985848167e+01 2.278390885944562427e+01
1.347093940544190405e+00 1.611223999774161797e+01 1.910328123457078675e+01 1.739755759814240221e+01
1.502665190738521561e+00 1.100081059359906277e+01 1.343835474414101760e+01 1.309450453684899074e+01
1.676202830030598223e+00 7.515674065216567890e+00 9.341449747800862013e+00 9.706839950972032227e+00
1.869781734959676811e+00 5.140791880242656653e+00 6.433158284701525176e+00 7.084620105553178782e+00
2.085716402426663674e+00 3.520281792481335881e+00 4.400481603336413805e+00 5.092667053554403189e+00
2.326588622626292402e+00 2.411803571967117588e+00 2.996704714866548436e+00 3.608801554215435470e+00
2.595278347831105226e+00 1.651453357162608437e+00 2.035380146586393213e+00 2.524606962092300400e+00
2.894998126105261083e+00 1.128577508420341102e+00 1.380454491445912479e+00 1.746706666176194744e+00
3.229331511649635278e+00 0.000000000000000000e+00 9.353775471727725499e-01 1.197501903129667200e+00
3.602275911025628830e+00 0.000000000000000000e+00 6.330843248361411879e-01 8.149975375527164223e-01
4.018290377542188097e+00 0.000000000000000000e+00 4.276450314451908929e-01 5.514623750742083663e-01
4.482348925252354732e+00 0.000000000000000000e+00 0.000000000000000000e+00 3.713649128088240547e-01
5.000000000000000888e+00 0.000000000000000000e+00 0.000000000000000000e+00 2.489938876101899790e-01
