1.000000000230258569e-04 5.078873444962724761e+02 2.232956275339678882e+02 1.236848387117176173e+02
1.122634227564673579e-04 5.683027155685906564e+02 2.498917061152997121e+02 1.384218307738124167e+02
1.260307608609534901e-04 6.434918375026196600e+02 2.829901705128317531e+02 1.567594414914596825e+02
1.414864458359461712e-04 7.264120560507158189e+02 3.195048355500761090e+02 1.769930881609003848e+02
1.588375267953347550e-04 8.072547885797374647e+02 3.551431712068773550e+02 1.967453953401788738e+02
1.783164441611049004e-04 8.889869215069852544e+02 3.912177908876059291e+02 2.167446560122136532e+02
2.001841435067871621e-04 9.903602408661218988e+02 4.359652647301114143e+02 2.415531742956634389e+02
2.247335712646909519e-04 1.114245715338359332e+03 4.906500915601193924e+02 2.718737605618266571e+02
2.522935991264941354e-04 1.237196584705701298e+03 5.449923656551615068e+02 3.020135347253480518e+02
2.832334297096662638e-04 1.373198317301105590e+03 6.051409353238019548e+02 3.353817561131560296e+02
3.179675425093897337e-04 1.539398031656200828e+03 6.786189827872093474e+02 3.761453706150028893e+02
3.569612463934728852e-04 1.705615343111521042e+03 7.521678146749902680e+02 4.169618527881528394e+02
4.007369130231864672e-04 1.908655367183864428e+03 8.419363154525407253e+02 4.667753369009973312e+02
4.498809747048478080e-04 2.117962450872767477e+03 9.344755434564293637e+02 5.181355089011061636e+02
5.050517804175268938e-04 2.364744759639026597e+03 1.043461244286260353e+03 5.786153704005494092e+02
5.669884152586394726e-04 2.635043957784258964e+03 1.162711114725958851e+03 6.447832651388218892e+02
6.365206014554368984e-04 2.930754006240848867e+03 1.293017823851222374e+03 7.170747127116413822e+02
7.145798135793877959e-04 3.261925452529110316e+03 1.438761615870721698e+03 7.979103324234292813e+02
8.022117568662883325e-04 3.631864998557341551e+03 1.601359509334243739e+03 8.880677508020402229e+02
9.005903758055168549e-04 4.044389905864465618e+03 1.782478653213285497e+03 9.884671555464962012e+02
1.011033580661806338e-03 4.500962847876682645e+03 1.982770362431135482e+03 1.099466717654234117e+03
1.135020902606864940e-03 4.998194619914312170e+03 2.200744513703216398e+03 1.220234477221717952e+03
1.274213313974418031e-03 5.557248929154544385e+03 2.445760411611182008e+03 1.355966336513867191e+03
1.430475479156914512e-03 6.167049956403649048e+03 2.712960357577804189e+03 1.503969974588810373e+03
1.605900734223756829e-03 6.836951101082777313e+03 3.006521323802316147e+03 1.666572418212571620e+03
1.802839129895710598e-03 7.569628852312309391e+03 3.327636168241917403e+03 1.844438651416473704e+03
2.023928913547812410e-03 8.368570277081755194e+03 3.677856871711172971e+03 2.038433704343041200e+03
2.272131871983379750e-03 9.237745837261792985e+03 4.058969154727182286e+03 2.249557865463541020e+03
2.550773008441800313e-03 1.018139539187737864e+04 4.472871192806755971e+03 2.478871574840881749e+03
2.863585085365514225e-03 1.119540848006198576e+04 4.917728727006189729e+03 2.725352489428797071e+03
3.214758629634808552e-03 1.228401923735168020e+04 5.395478439105859252e+03 2.990091543639194242e+03
3.608998070155939632e-03 1.344456223549381320e+04 5.904988988051016349e+03 3.272469268426254985e+03
4.051584759838999447e-03 1.467107195461773699e+04 6.443573754129996814e+03 3.570992994845922112e+03
4.548447726227339283e-03 1.595856982743045774e+04 7.009205161913535449e+03 3.884554239875996700e+03
5.106243098575769836e-03 1.729756923009385719e+04 7.597696670593967610e+03 4.210838933295742208e+03
5.732443275407110572e-03 1.867471390162464377e+04 8.203309394084071755e+03 4.546698746854991441e+03
6.435437027063155117e-03 2.007351451004744013e+04 8.818873298904047260e+03 4.888175470719976147e+03
7.224641874254610074e-03 2.146935952430860925e+04 9.433677988723398812e+03 5.229350464731524880e+03
8.110630248067678127e-03 2.283389970783785247e+04 1.003539803337362173e+04 5.563415995475004820e+03
9.105271121505569346e-03 2.413458961249117783e+04 1.060988918197350722e+04 5.882563543638118972e+03
1.022188900990466699e-02 2.532921402536422102e+04 1.113877115658246839e+04 6.176642459317130488e+03
1.147544247024383408e-02 2.637165836024571036e+04 1.160193418639381161e+04 6.434526608666918946e+03
1.288272449057868002e-02 2.720581822654707867e+04 1.197488041820636499e+04 6.642661837743273281e+03
1.446258745407916733e-02 2.777593757077508781e+04 1.223321962051441369e+04 6.787538934302281632e+03
1.623619569135818438e-02 2.801979453418519188e+04 1.234962144239446570e+04 6.854003062274384320e+03
1.822730900435978393e-02 2.788291090538439676e+04 1.229996068807737538e+04 6.828624769107232169e+03
2.046260095998037737e-02 2.732066318667220548e+04 1.206428598180049630e+04 6.700265167841231232e+03
2.297201621738221775e-02 2.631239646904696565e+04 1.163287928675178955e+04 6.463414541058324176e+03
2.578917167586586637e-02 2.487460930810026184e+04 1.101207782791068348e+04 6.121388935730085905e+03
2.895180681720203528e-02 2.307122291518948623e+04 1.022894680385971515e+04 5.688980978071764184e+03
3.250228927534733192e-02 2.102351419618365617e+04 9.335903538252896396e+03 5.195093732235010975e+03
3.648818240631140908e-02 1.889737289028266241e+04 8.405554348648442101e+03 4.679909245987173563e+03
4.096288246151627566e-02 1.688012194422924586e+04 7.521065641657086417e+03 4.189706797069961794e+03
4.598633390041809155e-02 1.513130001069526588e+04 6.754750411461780459e+03 3.765002110846508913e+03
5.162583242493973962e-02 1.372615003963725576e+04 6.142741932349625131e+03 3.426427564269724371e+03
5.795692649341043640e-02 1.261086477216421736e+04 5.663446698047507198e+03 3.162414468244363889e+03
6.506442939097074885e-02 1.156317758106151086e+04 5.215806581375597489e+03 2.916263222548224348e+03
7.304355541444980393e-02 1.032583533420536514e+04 4.676182865642042088e+03 2.617283370541175827e+03
8.200119539239680844e-02 8.802800507056543211e+03 3.989629449834290881e+03 2.232340874028239796e+03
9.205734862752627812e-02 7.237665567084421127e+03 3.266070040717401298e+03 1.822819316664239295e+03
1.033467304443183715e-01 6.021998620873779146e+03 2.705369844512023974e+03 1.505338406468062658e+03
1.160205768769771578e-01 5.250787696891329688e+03 2.374299321817341479e+03 1.322647437192909365e+03
1.302486706739022226e-01 4.599765260989451235e+03 2.106567140893006581e+03 1.177649714750484009e+03
1.462216157596530064e-01 3.812857522079320006e+03 1.739211525677269037e+03 9.678193039159593809e+02
1.641533906237988560e-01 3.114509880031639568e+03 1.402695730277266421e+03 7.726156187417617502e+02
1.842842148426375448e-01 2.632811779098934494e+03 1.204779378647502199e+03 6.662393026622553407e+02
2.068837671345900298e-01 2.182732468403941311e+03 1.006740049659475289e+03 5.557720731041499675e+02
2.322547980593316352e-01 1.783164697440945474e+03 8.204304750057640376e+02 4.479876439567410671e+02
2.607371857574901086e-01 1.461366922567857500e+03 6.872951735327070537e+02 3.772255917209965332e+02
2.927124890628471365e-01 1.180807669409497066e+03 5.619676477781829362e+02 3.059429326130026539e+02
3.286090589819373742e-01 9.463933827844762163e+02 4.631327084720865628e+02 2.530203739023792195e+02
3.689077770159973624e-01 7.486432490789043186e+02 3.782216597599504553e+02 2.065643527867948706e+02
4.141484971975938345e-01 5.836403473985915298e+02 3.077957445209609091e+02 1.688960729212479066e+02
4.649372781414354283e-01 4.472685405453431713e+02 2.490586287770694867e+02 1.379116423896465733e+02
5.219545019921476570e-01 3.361272430948521901e+02 2.000007312371334365e+02 1.122803065129919418e+02
5.859639890329354506e-01 2.472498774905134837e+02 1.591278443267839293e+02 9.113533731964948004e+01
6.578232300572349756e-01 1.778412675508885741e+02 1.251924452176210707e+02 7.369631080043861004e+01
7.384948735793578356e-01 1.251139947777386396e+02 9.717132039005173283e+01 5.931546850483097444e+01
8.290596217703356530e-01 8.625519369504860379e+01 7.423597023945623619e+01 4.744861085372687626e+01
9.307307078768926045e-01 5.846995945259475036e+01 5.569657492831569812e+01 3.765962323806532197e+01
1.044870149067508081e+00 3.915327247785609899e+01 4.096692829722356066e+01 2.960246021929349425e+01
1.173006992433692330e+00 2.602764773798206832e+01 2.951054815883736637e+01 2.299547595877822559e+01
1.316857798575541416e+00 1.725610243009568379e+01 2.082250900879443734e+01 1.761512655102150404e+01
1.478349637175967013e+00 1.145087342074591064e+01 1.441198237752669087e+01 1.327814545996575468e+01
1.659645902619409696e+00 7.623669752950343437e+00 9.812034578248656658e+00 9.831753034534099100e+00
1.863175295489004624e+00 5.098997235277859197e+00 6.596142028539917490e+00 7.142637594098252940e+00
2.091664358187257822e+00 3.427506415169053522e+00 4.397016238220394335e+00 5.089514623912190672e+00
2.348174000537423645e+00 2.315192792412396283e+00 2.918604786235998283e+00 3.559832190276617236e+00
2.636140504673786467e+00 1.570439267213151968e+00 1.935631252325486606e+00 2.448480163226700590e+00
2.959421558534973240e+00 1.068869103624825456e+00 1.285999548039892693e+00 1.660826658001107070e+00
3.322347934639153344e+00 7.291006920440532557e-01 8.572040309908607325e-01 1.114709191651128029e+00
3.729781506445900785e+00 4.978353776681572751e-01 5.737038499014730508e-01 7.429895129905386142e-01
4.187180379509764627e+00 0.000000000000000000e+00 3.855163070692803062e-01 4.934105666107292398e-01
4.700672009942531204e+00 0.000000000000000000e+00 2.599785961746328700e-01 3.273631391654143186e-01
5.277135289701610610e+00 0.000000000000000000e+00 1.757847029305292241e-01 2.174199483483297834e-01
5.924292698344328478e+00 0.000000000000000000e+00 1.190251777892395585e-01 1.447128816152381259e-01
6.650813755741415534e+00 0.000000000000000000e+00 0.000000000000000000e+00 9.656985478846964732e-02
7.466431161634059954e+00 0.000000000000000000e+00 0.000000000000000000e+00 6.458871561983138554e-02
8.382071177875818790e+00 0.000000000000000000e+00 0.000000000000000000e+00 0.000000000000000000e+00
9.410000000000001918e+00 0.000000000000000000e+00 0.000000000000000000e+00 0.000000000000000000e+00
