1.000000000230258569e-04 4.665387455105524737e+02 2.065459880979187233e+02 1.154288821939310878e+02
1.115026695290953366e-04 5.134569112704595000e+02 2.272952457078716861e+02 1.270223147876334338e+02
1.243284530925187648e-04 5.719698662404613287e+02 2.531754691247715243e+02 1.414800701360516655e+02
1.386295441504667143e-04 6.444082006753982341e+02 2.852162465843447308e+02 1.593811095673943043e+02
1.545756424481938766e-04 7.273902182296063756e+02 3.219169661778906288e+02 1.798841455830811071e+02
1.723559677317991945e-04 8.131785800022119020e+02 3.598434234611963802e+02 2.010685888345125534e+02
1.921815050694108094e-04 8.987810488596031746e+02 3.976607146528627936e+02 2.221873336674610471e+02
2.142875084442451923e-04 9.948382032568509885e+02 4.400841183113600437e+02 2.458746663491398863e+02
2.389362923277018713e-04 1.114622367539178413e+03 4.929963439349452301e+02 2.754197566215023016e+02
2.664203443578849946e-04 1.248876007488793675e+03 5.522932841217901796e+02 3.085280313544559476e+02
2.970657960592480913e-04 1.383721425451362165e+03 6.118203943002721417e+02 3.417549235627273561e+02
3.312362927876497001e-04 1.542286538954095931e+03 6.818314610797999649e+02 3.808359010745662658e+02
3.693373088223966556e-04 1.724675319280148415e+03 7.623916205900951581e+02 4.258082829307751354e+02
4.118209588090659132e-04 1.912837324104478057e+03 8.455037917476406619e+02 4.722024229286942614e+02
4.591913626466918256e-04 2.138743057009062795e+03 9.453725971862392043e+02 5.279654862216397078e+02
5.120106274801957584e-04 2.373540210908928657e+03 1.049221870127772036e+03 5.859586463065428461e+02
5.709055177816341068e-04 2.648029020959246736e+03 1.170745018903825667e+03 6.538483318544576832e+02
6.365748926688486646e-04 2.944513434249569400e+03 1.302116606088765138e+03 7.272658172903961713e+02
7.097979987143026312e-04 3.270208188326179425e+03 1.446565898535499400e+03 8.080267659476814970e+02
7.914437166483044659e-04 3.635991936310545952e+03 1.608927480342600802e+03 8.988401381129849597e+02
8.824808716799498404e-04 4.040545466473213764e+03 1.788618127089612472e+03 9.993856627248890163e+02
9.839897297802024153e-04 4.485276053433417474e+03 1.986260428083698343e+03 1.110012766238326776e+03
1.097174816344422205e-03 4.974614110919719678e+03 2.203806176987487561e+03 1.231810451624681718e+03
1.223379209343287413e-03 5.517176090083909912e+03 2.445058109306771257e+03 1.366901372129602578e+03
1.364100476567608111e-03 6.111792900658854705e+03 2.709489834906703436e+03 1.514989323316666514e+03
1.521008446081769522e-03 6.760446628322956713e+03 2.997947199680283575e+03 1.676540518016280885e+03
1.695965020753673102e-03 7.468570030642568781e+03 3.312845771226250235e+03 1.852907952503455590e+03
1.891046271984591709e-03 8.242367435939291681e+03 3.656929432981756236e+03 2.045625296148872621e+03
2.108567074807741158e-03 9.082731669782162498e+03 4.030598697999074375e+03 2.254918165804447199e+03
2.351108576680822643e-03 9.991463104850750824e+03 4.434673529381512708e+03 2.481251102178650854e+03
2.621548825923003187e-03 1.096558589400886558e+04 4.867824474506522165e+03 2.723878379500511983e+03
2.923096923239734257e-03 1.200754344411567399e+04 5.331180114241985393e+03 2.983441939835471658e+03
3.259331101584665453e-03 1.311375854411636828e+04 5.823172321185437795e+03 3.259068557980951482e+03
3.634241186222156913e-03 1.428310892337392033e+04 6.343382234284821607e+03 3.550548854602152915e+03
4.052275938830490927e-03 1.550627319072213322e+04 6.887665883759785174e+03 3.855577311443696090e+03
4.518395847440812539e-03 1.677913733330407922e+04 7.454322774450194629e+03 4.173248848473567705e+03
5.038131988628217865e-03 1.808790734154975144e+04 8.037190241831594903e+03 4.500085600928286112e+03
5.617651660426248826e-03 1.942193779711319075e+04 8.631727778009915710e+03 4.833589774147464595e+03
6.263831564778516575e-03 2.076251035760012383e+04 9.229660703768278836e+03 5.169146740827871326e+03
6.984339407925946493e-03 2.209267523144837833e+04 9.823580931286704072e+03 5.502649132641324286e+03
7.787724887016851671e-03 2.337915621011722760e+04 1.039878449923021981e+04 5.825872325321717653e+03
8.683521142606049834e-03 2.459313307167732273e+04 1.094255521600969405e+04 6.131707382609295564e+03
9.682357880899711625e-03 2.570571723680823561e+04 1.144219647794261982e+04 6.413083713432971308e+03
1.079608750807801998e-02 2.667875530254693513e+04 1.188083932854844898e+04 6.660588539483858767e+03
1.203792577343234388e-02 2.746677810486358794e+04 1.223830529377439962e+04 6.862903311563639363e+03
1.342260859021738965e-02 2.802564504559128545e+04 1.249500916274594238e+04 7.009052151659442643e+03
1.496656689508787767e-02 2.830891616635431274e+04 1.263029563809248248e+04 7.087443029973355806e+03
1.668812162103823840e-02 2.827057573562375546e+04 1.262358823282328012e+04 7.086507900363841145e+03
1.860770109743517184e-02 2.787046051077510856e+04 1.245659857094942708e+04 6.995825770014172122e+03
2.074808345685756270e-02 2.708140531711397853e+04 1.211681796757338998e+04 6.808247339687380190e+03
2.313466692519383291e-02 2.589670241368537245e+04 1.160058091716644412e+04 6.521595565015012653e+03
2.579577120231610690e-02 2.433910850808486430e+04 1.091706852713641820e+04 6.140759180230781567e+03
2.876297350957714855e-02 2.247138327176416351e+04 1.009323611469534080e+04 5.680603352976208953e+03
3.207148329174031032e-02 2.039713025655518504e+04 9.174509293154274928e+03 5.166486387889932303e+03
3.576056001963404812e-02 1.825831546011895625e+04 8.223817754387908280e+03 4.633639752697115000e+03
3.987397905126498221e-02 1.621626404575464767e+04 7.313685895571302353e+03 4.122896614888535623e+03
4.446055107939526907e-02 1.441786553179719704e+04 6.511298601792676891e+03 3.672327923392295816e+03
4.957470132945773766e-02 1.295799192680765373e+04 5.861614104923853120e+03 3.307728855679137268e+03
5.527711538069327024e-02 1.183799372408001182e+04 5.367823571516799348e+03 3.031434984975996940e+03
6.163545927395905344e-02 1.093942373066241635e+04 4.977470947043703745e+03 2.814079218183745979e+03
6.872518245115814828e-02 1.005272174824074864e+04 4.592716554428279778e+03 2.599826792581739483e+03
7.663041305413779980e-02 8.935350500862112312e+03 4.093850604586210466e+03 2.319040695157224036e+03
8.544495620686157200e-02 7.570105627256870321e+03 3.464208839091278605e+03 1.960404902424418424e+03
9.527340712667957401e-02 6.210085567702470144e+03 2.823055763095916518e+03 1.592150991933843898e+03
1.062323922731101822e-01 5.181892509528955088e+03 2.341088358119079203e+03 1.315571464382413296e+03
1.184519532618636822e-01 4.550283686602839225e+03 2.067019293898626984e+03 1.162686294436064600e+03
1.320770899659224340e-01 4.042411813465600062e+03 1.860281968167255172e+03 1.050577624785576063e+03
1.472694811144383831e-01 3.406031618526087641e+03 1.564035756418164738e+03 8.804084593561025258e+02
1.642094028064348954e-01 2.786625323972082697e+03 1.256998632758572967e+03 6.991798737334282805e+02
1.830978677048002712e-01 2.362583040324498143e+03 1.072113752372269801e+03 5.960188977465038533e+02
2.041590102946942431e-01 2.006215674759894682e+03 9.249335031799790841e+02 5.165089770655251868e+02
2.276427465103479653e-01 1.656487657241312263e+03 7.561887331923967395e+02 4.167142346607960803e+02
2.538277392899435103e-01 1.377533875644360933e+03 6.360732298076089819e+02 3.504679337656145890e+02
2.830247052484705095e-01 1.136610887927814247e+03 5.310127927711333768e+02 2.918376286782139459e+02
3.155801017062329072e-01 9.302793407481501617e+02 4.405919943133192760e+02 2.410551782963857761e+02
3.518802378240603601e-01 7.553222003004244698e+02 3.657553171960688587e+02 2.000363611772037018e+02
3.923558586288135031e-01 6.069265578142465074e+02 3.024614885714714205e+02 1.655165890509344706e+02
4.374872563241952172e-01 4.817884302428518026e+02 2.490785607443986294e+02 1.366108686322839674e+02
4.878099695387512202e-01 3.771009734626138084e+02 2.042607579707566572e+02 1.127395013765685263e+02
5.439211381395319123e-01 2.904660053800187143e+02 1.665497717931834245e+02 9.286681451724356862e+01
6.064865890189676811e-01 2.198104414637899993e+02 1.348412776280498804e+02 7.632770288096101297e+01
6.762487369363893164e-01 1.632459341449320505e+02 1.082323623198342233e+02 6.256712400370833649e+01
7.540353941672404137e-01 1.189504099663470242e+02 8.598155434796778707e+01 5.111547492432244866e+01
8.407695934971151086e-01 8.510943600200033643e+01 6.747334070074798262e+01 4.157512840720153235e+01
9.374805411223435803e-01 5.991658530676098593e+01 5.220782208701902505e+01 3.362714042899960276e+01
1.045315829426528564e+00 4.162936246983976929e+01 3.976322333386977448e+01 2.700960595231493500e+01
1.165555054552403824e+00 2.865254361020725327e+01 2.977198816269399728e+01 2.150887037965667758e+01
1.299625000357985227e+00 1.961128902764744097e+01 2.189957817701565190e+01 1.695382532627917982e+01
1.449116568932995452e+00 1.339439978246241125e+01 1.582867849230725099e+01 1.320357107428518262e+01
1.615803658576671964e+00 9.153259573371832047e+00 1.125499071878671131e+01 1.014276196309553235e+01
1.801664213246928048e+00 6.269455400670040035e+00 7.889486972246166907e+00 7.674404388918463660e+00
2.008903693258128342e+00 4.308548152690657496e+00 5.467871575215739632e+00 5.713706393176624765e+00
2.239981245735629400e+00 2.971866047244986042e+00 3.759016026796135002e+00 4.184261182280462954e+00
2.497638885371206374e+00 2.057145709881029294e+00 2.571730076603782944e+00 3.015200401002956720e+00
2.784934031744384253e+00 1.428325602749233258e+00 1.755934650681829412e+00 2.140569961723361558e+00
3.105275789304232426e+00 9.940023959165353862e-01 1.199158740146486712e+00 1.500011727442975618e+00
3.462465400517639402e+00 6.926946568542917682e-01 8.203165292132804653e-01 1.040136448700996974e+00
3.860741352209485999e+00 4.828641432890469765e-01 5.625689414970536095e-01 7.156661564308466339e-01
4.304829670336041580e+00 0.000000000000000000e+00 3.868590030544309388e-01 4.899177807251497430e-01
4.799999999999999822e+00 0.000000000000000000e+00 2.666806950551618982e-01 3.344692485697361994e-01
