1.000000000230258569e-04 2.983486023684014071e+03 1.291523219843020570e+03 7.146876299228340486e+02
1.115486563971542785e-04 3.345437693365220639e+03 1.448601603775085096e+03 8.015751615126876004e+02
1.244310274114527074e-04 3.712677815693187767e+03 1.608183328784629339e+03 8.898301830802159884e+02
1.388011391866901154e-04 4.135651276718414010e+03 1.792078947448730560e+03 9.915216158749786928e+02
1.548308057910457113e-04 4.657324623633647207e+03 2.018833225845097559e+03 1.116920577643307524e+03
1.727116835090306587e-04 5.227586001571499764e+03 2.266904175281996231e+03 1.254096662211576131e+03
1.926575623508681512e-04 5.815600479186222401e+03 2.523068609371116963e+03 1.395720056617756200e+03
2.149069222004190347e-04 6.523268836027581528e+03 2.831287085172157276e+03 1.566139425468371201e+03
2.397257841638464457e-04 7.307709569352276958e+03 3.173057393043042339e+03 1.755121741565155389e+03
2.674108912107391479e-04 8.153628295393165899e+03 3.541831119310754730e+03 1.959046973320008874e+03
2.982932561365508645e-04 9.145088003598502837e+03 3.973792655656355691e+03 2.197989064710804996e+03
3.327421192670277522e-04 1.020783100790965909e+04 4.436903515799306660e+03 2.454219118087054994e+03
3.711693632243215748e-04 1.142035539121316651e+04 4.964927162713996950e+03 2.746490341844253180e+03
4.140344375392690035e-04 1.278070883333011625e+04 5.556955438946843969e+03 3.074329544293932940e+03
4.618498519902246974e-04 1.426765003977627566e+04 6.203719571900052870e+03 3.432639423481888116e+03
5.151873043487156757e-04 1.593021965075297703e+04 6.926304086340236609e+03 3.833125093481432486e+03
5.746845157973842983e-04 1.778773575765059650e+04 7.732962265447747086e+03 4.280373030633953022e+03
6.410528557468661917e-04 1.985353246602188301e+04 8.629411239649127310e+03 4.777550315360290369e+03
7.150858472165629249e-04 2.215237586020187155e+04 9.626352142782736337e+03 5.330563731093344359e+03
7.976686544726134401e-04 2.469357292069651885e+04 1.072784093851538455e+04 5.941628193743492375e+03
8.897886663605780169e-04 2.747571987076430378e+04 1.193328376588438368e+04 6.610385207275027824e+03
9.925473018708411317e-04 3.057396255718878820e+04 1.327532924784222814e+04 7.354926273990430673e+03
1.107173179088194286e-03 3.396968631689491303e+04 1.474603205484791397e+04 8.170815355687145711e+03
1.235036804978161722e-03 3.768170266988934600e+04 1.635365808841384205e+04 9.062633414930387517e+03
1.377666961646263968e-03 4.171971053356141783e+04 1.810251377433623566e+04 1.003276727810431657e+04
1.536768984990051967e-03 4.611817831125918019e+04 2.000772290910332595e+04 1.108961715824475687e+04
1.714245154289869167e-03 5.085077483407208638e+04 2.205795128005522565e+04 1.222690237716227603e+04
1.912217436523370962e-03 5.593365870876636473e+04 2.426037614271041821e+04 1.344863900486808780e+04
2.133052857342773462e-03 6.132912441063441656e+04 2.659866735848155804e+04 1.474577765759596878e+04
2.379391802059096454e-03 6.701870817020640243e+04 2.906515850690899970e+04 1.611416474953654688e+04
2.654179585009814029e-03 7.294439009572354553e+04 3.163495764986567519e+04 1.754009429882639233e+04
2.960701664764286197e-03 7.904462549280431995e+04 3.428156078938732389e+04 1.900896836569075822e+04
3.302622926212283368e-03 8.523509921110566938e+04 3.696859871717494389e+04 2.050062675074146318e+04
3.684031499205906151e-03 9.141033754361786123e+04 3.965066985180641495e+04 2.199000526590660593e+04
4.109487637665882979e-03 9.745478406963040470e+04 4.227813596483995207e+04 2.344973495712197473e+04
4.584078243567925488e-03 1.032341740771664627e+05 4.479323517703144898e+04 2.484792086761860628e+04
5.113477687716873853e-03 1.086003646465617639e+05 4.713221327291736088e+04 2.614935402367419010e+04
5.704015654503047893e-03 1.133948591601442313e+05 4.922678653782778565e+04 2.731630925428692717e+04
6.362752821816417166e-03 1.174514057944183878e+05 5.100536336617420602e+04 2.830916801308119466e+04
7.097565280973966440e-03 1.205967854469490849e+05 5.239315708603979874e+04 2.908656627461135577e+04
7.917238706014356406e-03 1.226516389693396341e+05 5.331259504546107200e+04 2.960550849121234205e+04
8.831573398280912271e-03 1.234388513721364143e+05 5.368675572012364864e+04 2.982323921098354185e+04
9.851501462242475554e-03 1.228026354053752875e+05 5.344755959154492302e+04 2.970181823650890874e+04
1.098921751354712747e-02 1.204351618491132540e+05 5.245985811850333266e+04 2.916570590247795917e+04
1.225832448210000328e-02 1.162573486754805199e+05 5.068723355314876244e+04 2.819414431032836728e+04
1.367399625343743499e-02 1.103888187099468341e+05 4.817898702971022431e+04 2.681368206218607884e+04
1.525315909299450497e-02 1.028969824774575827e+05 4.496044905097832088e+04 2.503732149298678269e+04
1.701469402243795462e-02 9.401435671676314087e+04 4.112845626704263850e+04 2.291781517164354591e+04
1.897966256774625410e-02 8.421402699785467121e+04 3.688494571137762978e+04 2.056642675642787071e+04
2.117155857815964867e-02 7.411194247278719558e+04 3.249564411785108678e+04 1.813019799738523943e+04
2.361658912683562567e-02 6.441740661277162144e+04 2.827068656639125766e+04 1.578198696140882930e+04
2.634398785175567220e-02 5.582315087031586881e+04 2.451726636570513801e+04 1.369387753260078171e+04
2.938636448329653983e-02 4.883932183994921797e+04 2.146772145815416297e+04 1.199730232090169739e+04
3.278009473753994152e-02 4.364174400760558638e+04 1.921085828566377313e+04 1.074430439801353168e+04
3.656575523702054742e-02 3.993212191338912089e+04 1.762486975025142237e+04 9.868902852100745804e+03
4.078860865897657173e-02 3.692890091330312134e+04 1.636288783509680252e+04 9.176669317242498437e+03
4.549914491170512637e-02 3.349961137133336888e+04 1.489881382949695035e+04 8.367673282874753568e+03
5.075368480951484434e-02 2.888881159522466260e+04 1.285490895641321367e+04 7.221010988141544658e+03
5.661505346402430361e-02 2.352841572605216788e+04 1.040494689292756993e+04 5.830112216498181624e+03
6.315333144310807112e-02 1.884832370862067910e+04 8.238510293695922883e+03 4.593428896164614343e+03
7.044669267860774464e-02 1.590354480554364454e+04 6.922481270288461928e+03 3.850807643830291454e+03
7.858233914112514040e-02 1.425931482786663764e+04 6.286761219076583984e+03 3.512895816360274694e+03
8.765754345719625751e-02 1.247838383426807741e+04 5.555623300226207903e+03 3.113597382848598500e+03
9.778081193473929511e-02 1.013816961188838104e+04 4.430146570241057816e+03 2.457532271071518608e+03
1.090731819023149224e-01 8.305654653610270543e+03 3.562602921115853405e+03 1.953799771428909708e+03
1.216696688736408766e-01 7.150646878419925997e+03 3.129491308688619029e+03 1.730129828231403962e+03
1.357208808401622890e-01 5.970507320256292587e+03 2.607548486048760878e+03 1.434238483561487328e+03
1.513948189927238619e-01 4.921273339056496297e+03 2.116828686153735816e+03 1.147014966882405361e+03
1.688788864024014236e-01 4.110002789834934447e+03 1.797583181793327867e+03 9.799386728352841374e+02
1.883821286769788717e-01 3.385105801662194608e+03 1.474595628527218196e+03 7.930859663443454792e+02
2.101377333831422056e-01 2.783681263350968493e+03 1.229179304477034293e+03 6.613746807729767170e+02
2.344058181183555356e-01 2.271381088321546940e+03 1.014140288848783257e+03 5.413271958284473158e+02
2.614765405675759102e-01 1.839760110578404465e+03 8.386805413166841845e+02 4.469470884285382226e+02
2.916735677297306317e-01 1.475960403788935764e+03 6.913063363953199314e+02 3.676851071081880491e+02
3.253579457932418983e-01 1.170870862620117350e+03 5.681038483302743316e+02 3.020996707198598870e+02
3.629324169301749725e-01 9.168399847774542195e+02 4.653268994054872110e+02 2.481859779201619460e+02
4.048462346221089470e-01 7.073983486567162799e+02 3.794496143284598588e+02 2.037133208370535158e+02
4.516005350914485406e-01 5.370271584357251413e+02 3.076758253685015347e+02 1.670013585814427586e+02
5.037543290608768043e-01 4.007690586619810347e+02 2.477345690446632034e+02 1.366692792410509298e+02
5.619311854805180140e-01 2.939686148588678520e+02 1.977661248776819036e+02 1.115847401825565015e+02
6.268266871357865977e-01 2.121187847774285444e+02 1.562645412975732029e+02 9.081998066149661497e+01
6.992167472777639503e-01 1.508426612101654314e+02 1.220045829412304101e+02 7.361807193354967183e+01
7.799668867126374749e-01 1.059978014563156847e+02 9.397411682703560132e+01 5.936445332604014169e+01
8.700425822703268253e-01 7.383816454902975579e+01 7.131275282014274808e+01 4.755549393769797462e+01
9.705208103821856280e-01 5.115419577511694627e+01 5.327008048383726191e+01 3.778875605233413637e+01
1.082602923786821769e+00 3.534566643716134138e+01 3.916251270623559577e+01 2.973958751473392681e+01
1.207629015322442267e+00 2.441271487210834579e+01 2.835233585406746926e+01 2.314313016498383746e+01
1.347093940544190405e+00 1.687996461527496805e+01 2.024228434992506465e+01 1.778203666601633870e+01
1.502665190738521561e+00 1.169368358899518689e+01 1.428260159057073508e+01 1.347388624612481856e+01
1.676202830030598223e+00 8.118180449942247634e+00 9.985108576883154896e+00 1.006062673371936356e+01
1.869781734959676811e+00 5.646868343691759939e+00 6.935440365785957795e+00 7.400756305329648121e+00
2.085716402426663674e+00 3.933420369360566049e+00 4.798029863358475033e+00 5.365908891333411646e+00
2.326588622626292402e+00 2.741602342158222960e+00 3.312933457113706126e+00 3.838910218279342423e+00
2.595278347831105226e+00 1.910206248523211858e+00 2.286483374922952283e+00 2.714564038864260453e+00
2.894998126105261083e+00 0.000000000000000000e+00 1.578735715729492117e+00 1.901181120609927166e+00
3.229331511649635278e+00 0.000000000000000000e+00 1.090843373034041441e+00 1.321713670341508440e+00
3.602275911025628830e+00 0.000000000000000000e+00 7.541167657999019447e-01 9.140157729537153886e-01
4.018290377542188097e+00 0.000000000000000000e+00 5.212716298747368526e-01 6.298549183237507343e-01
4.482348925252354732e+00 0.000000000000000000e+00 0.000000000000000000e+00 4.330710326337769978e-01
5.000000000000000888e+00 0.000000000000000000e+00 0.000000000000000000e+00 2.973211976936464551e-01
