1.000000000230258569e-04 2.965816412666913493e+02 1.252279122851206807e+02 6.977568900187542056e+01
1.115026695290953366e-04 3.270004104262549163e+02 1.380104333889983081e+02 7.689077603145126716e+01
1.243284530925187648e-04 3.656812487694119227e+02 1.542782532902439527e+02 8.594618648398922289e+01
1.386295441504667143e-04 4.115782620126512370e+02 1.735764169095438376e+02 9.668823393292042567e+01
1.545756424481938766e-04 4.598898569559916041e+02 1.938524365753802101e+02 1.079710291984037838e+02
1.723559677317991945e-04 5.065947795475643716e+02 2.133830759565563540e+02 1.188299018959037312e+02
1.921815050694108094e-04 5.557604101043998526e+02 2.338795918167972445e+02 1.302168167282717377e+02
2.142875084442451923e-04 6.173686479338746267e+02 2.595738543597644252e+02 1.444911417450662441e+02
2.389362923277018713e-04 6.906958745550384720e+02 2.901492026868108383e+02 1.614754053847939872e+02
2.664203443578849946e-04 7.633762913711701685e+02 3.203378892743958204e+02 1.782267400487058069e+02
2.970657960592480913e-04 8.431118555197228943e+02 3.533901147848724236e+02 1.965545363235664809e+02
3.312362927876497001e-04 9.410691359593507741e+02 3.940668192029306738e+02 2.191154471434067830e+02
3.693373088223966556e-04 1.039052796374283162e+03 4.346517484582734596e+02 2.416037613880226900e+02
4.118209588090659132e-04 1.155215075372758065e+03 4.828755880431174887e+02 2.683323411513264887e+02
4.591913626466918256e-04 1.277626054688103068e+03 5.337322764556522543e+02 2.965148617673639819e+02
5.120106274801957584e-04 1.419078927621009825e+03 5.927040422758931300e+02 3.292167532225188324e+02
5.709055177816341068e-04 1.566981525674987324e+03 6.545409999433428538e+02 3.635223031273905576e+02
6.365748926688486646e-04 1.734911998030583618e+03 7.250953985553389884e+02 4.027114879107671754e+02
7.097979987143026312e-04 1.920162900479034306e+03 8.032738988805368763e+02 4.461873365634793345e+02
7.914437166483044659e-04 2.121183750827259701e+03 8.884946403474840508e+02 4.936438818913113096e+02
8.824808716799498404e-04 2.340919094617937390e+03 9.820559935655511481e+02 5.458210307370560486e+02
9.839897297802024153e-04 2.581151309244563436e+03 1.084710757977843514e+03 6.031428479497044464e+02
1.097174816344422205e-03 2.842519067413874382e+03 1.196694734460232212e+03 6.657431815921405587e+02
1.223379209343287413e-03 3.131878521097467910e+03 1.320872014858217426e+03 7.352180741035122082e+02
1.364100476567608111e-03 3.448118414380407103e+03 1.456736593170171773e+03 8.112801898057401786e+02
1.521008446081769522e-03 3.795298018563056303e+03 1.605920393571927207e+03 8.948233209488813600e+02
1.695965020753673102e-03 4.172764126896074231e+03 1.768078224332203490e+03 9.856408829854727855e+02
1.891046271984591709e-03 4.585467766414501057e+03 1.945285604181693770e+03 1.084885554030008052e+03
2.108567074807741158e-03 5.032415283919621288e+03 2.137075999454486464e+03 1.192285025197720643e+03
2.351108576680822643e-03 5.521116670913030248e+03 2.346626563458273722e+03 1.309608304084925294e+03
2.621548825923003187e-03 6.047455743779382829e+03 2.572172845916717961e+03 1.435865629788164824e+03
2.923096923239734257e-03 6.613459012623516173e+03 2.814580929540376928e+03 1.571540095522238289e+03
3.259331101584665453e-03 7.220667492593387578e+03 3.074536256083910757e+03 1.717020551919118134e+03
3.634241186222156913e-03 7.866712200898332412e+03 3.351016284181998799e+03 1.871734271344900208e+03
4.052275938830490927e-03 8.549360762990994772e+03 3.643085504525158285e+03 2.035164633714754927e+03
4.518395847440812539e-03 9.266642102561461797e+03 3.949933570716272698e+03 2.206853246696066890e+03
5.038131988628217865e-03 1.001318763922207108e+04 4.269415476107960785e+03 2.385649455404884066e+03
5.617651660426248826e-03 1.078323486797707847e+04 4.598960030637176715e+03 2.570112354838994179e+03
6.263831564778516575e-03 1.156899083947340114e+04 4.935329388963034035e+03 2.758424126340526527e+03
6.984339407925946493e-03 1.236094459444779386e+04 5.274531306882028730e+03 2.948375485725625367e+03
7.787724887016851671e-03 1.314725388613356154e+04 5.611574772046282305e+03 3.137195018231851009e+03
8.683521142606049834e-03 1.391445062887871427e+04 5.940780139177571982e+03 3.321723292142546597e+03
9.682357880899711625e-03 1.464635249208832829e+04 6.255318083010249211e+03 3.498160130985145315e+03
1.079608750807801998e-02 1.532696337424945705e+04 6.548439466984122191e+03 3.662752521753759083e+03
1.203792577343234388e-02 1.592510633697812591e+04 6.806909820911291717e+03 3.808112918418636127e+03
1.342260859021738965e-02 1.641798267086760461e+04 7.021052831580874226e+03 3.928837989512037893e+03
1.496656689508787767e-02 1.677842989193507310e+04 7.179318642199065835e+03 4.018478513695071342e+03
1.668812162103823840e-02 1.698299326710834066e+04 7.271699444454638979e+03 4.071435249409881635e+03
1.860770109743517184e-02 1.700215524397497575e+04 7.285529678920062906e+03 4.080597425561891669e+03
2.074808345685756270e-02 1.681152164628227183e+04 7.210263072694650873e+03 4.040036714802668030e+03
2.313466692519383291e-02 1.639604674889347370e+04 7.039271847575840184e+03 3.945994751410165009e+03
2.579577120231610690e-02 1.575216493808094674e+04 6.770671664108020195e+03 3.797328366798729803e+03
2.876297350957714855e-02 1.489513252565292714e+04 6.410553510442788138e+03 3.597321348278536789e+03
3.207148329174031032e-02 1.386322817880524963e+04 5.974873407851790034e+03 3.354814606104998347e+03
3.576056001963404812e-02 1.271797638512702542e+04 5.489553232393282087e+03 3.084226703374784393e+03
3.987397905126498221e-02 1.153987691176308726e+04 4.988887975029272638e+03 2.804717404902979069e+03
4.446055107939526907e-02 1.041757579234852892e+04 4.511104663656029516e+03 2.537747773720910118e+03
4.957470132945773766e-02 9.426244531482032471e+03 4.089190891147749426e+03 2.301965307485266749e+03
5.527711538069327024e-02 8.604167482331948122e+03 3.740656375493882479e+03 2.107397157689570577e+03
6.163545927395905344e-02 7.933286937437328561e+03 3.458625215803530864e+03 1.950360822927322488e+03
6.872518245115814828e-02 7.316478737123133214e+03 3.200543161874664293e+03 1.806821221615088461e+03
7.663041305413779980e-02 6.629378895150814060e+03 2.909626896214346743e+03 1.644258915190761627e+03
8.544495620686157200e-02 5.794824114200812801e+03 2.547655260514950442e+03 1.440219149241297600e+03
9.527340712667957401e-02 4.880161885344111397e+03 2.141929633864504012e+03 1.209669222423454357e+03
1.062323922731101822e-01 4.075877553034362791e+03 1.781670083061084824e+03 1.004125526905060156e+03
1.184519532618636822e-01 3.517731110742548026e+03 1.537709073292676521e+03 8.659159578088203943e+02
1.320770899659224340e-01 3.132677366598195931e+03 1.380452542642858816e+03 7.789296708907930906e+02
1.472694811144383831e-01 2.719722663016827028e+03 1.204604802738984063e+03 6.801048414981547694e+02
1.642094028064348954e-01 2.248916676773386371e+03 9.858910308293662865e+02 5.531059276262994899e+02
1.830978677048002712e-01 1.881631021207311960e+03 8.193157569322501104e+02 4.570370683381974004e+02
2.041590102946942431e-01 1.618954452649069481e+03 7.148690507226169757e+02 4.001816455384852134e+02
2.276427465103479653e-01 1.353399939043758195e+03 5.962276630719668447e+02 3.319165394006344059e+02
2.538277392899435103e-01 1.125301836222839256e+03 4.937734070558644817e+02 2.726630406421068642e+02
2.830247052484705095e-01 9.408364831458956132e+02 4.188034694912292935e+02 2.317394729115730740e+02
3.155801017062329072e-01 7.762187048327434695e+02 3.462246647246576003e+02 1.898132636494142673e+02
3.518802378240603601e-01 6.384913276835362694e+02 2.896692864204839566e+02 1.588550583856330150e+02
3.923558586288135031e-01 5.203130686948126140e+02 2.399656156488127010e+02 1.309294566358698830e+02
4.374872563241952172e-01 4.202050636663589103e+02 1.988815482673196016e+02 1.084754937778894686e+02
4.878099695387512202e-01 3.355521634666795876e+02 1.642189074413955723e+02 8.964301675280350423e+01
5.439211381395319123e-01 2.644404386976889327e+02 1.350226249210107596e+02 7.392674759504288318e+01
6.064865890189676811e-01 2.052786102140786966e+02 1.104945659949064094e+02 6.089877640909207912e+01
6.762487369363893164e-01 1.566883080401261736e+02 8.988640594599479527e+01 5.008343633697098340e+01
7.540353941672404137e-01 1.174419751745449219e+02 7.258548228475319775e+01 4.110003607832064176e+01
8.407695934971151086e-01 8.638472879361839318e+01 5.809472930169733473e+01 3.363873719104001481e+01
9.374805411223435803e-01 6.237828762919188819e+01 4.600103377031826568e+01 2.743432934340478724e+01
1.045315829426528564e+00 4.428709652448839762e+01 3.596990893233362385e+01 2.227214555118634820e+01
1.165555054552403824e+00 3.099592930958593939e+01 2.772582286128089635e+01 1.797824437162482880e+01
1.299625000357985227e+00 2.146074111249141936e+01 2.103407144254136441e+01 1.440809478864524529e+01
1.449116568932995452e+00 1.475567140210055328e+01 1.568892569561043970e+01 1.144645010069071667e+01
1.615803658576671964e+00 1.011154097621291470e+01 1.150076562490968790e+01 8.999475698155244174e+00
1.801664213246928048e+00 6.926429597407146588e+00 8.289685877735026409e+00 6.990223045383472389e+00
2.008903693258128342e+00 4.752748926872524038e+00 5.883788917991845224e+00 5.355684945217131343e+00
2.239981245735629400e+00 3.271026912069825432e+00 4.121971432249600831e+00 4.042272659179158900e+00
2.497638885371206374e+00 2.259361473374386087e+00 2.858764632850575804e+00 3.003107587619183505e+00
2.784934031744384253e+00 1.566302224298547374e+00 1.969136425268079638e+00 2.195769327985872543e+00
3.105275789304232426e+00 1.089468361375508731e+00 1.351230303579069814e+00 1.580959091344523948e+00
3.462465400517639402e+00 7.598846009936179868e-01 9.261093208009719691e-01 1.122438101795009802e+00
3.860741352209485999e+00 5.310433040303179641e-01 6.352007224754604442e-01 7.873764570018182418e-01
4.304829670336041580e+00 3.715132887952024565e-01 4.365431055766942348e-01 5.470987437914451856e-01
4.799999999999999822e+00 2.599140102343108216e-01 3.008001360064898044e-01 3.775400050905159399e-01
