1.000000000230258569e-04 8.598107124814756617e+02 4.085326133267093951e+02 2.337429188190403693e+02
1.115026695290953366e-04 9.476731258859638274e+02 4.501782292383610411e+02 2.575607868230007398e+02
1.243284530925187648e-04 1.056797273966967396e+03 5.019088228618378480e+02 2.871498052318030432e+02
1.386295441504667143e-04 1.191622234614675335e+03 5.658316886686291127e+02 3.237099044081421084e+02
1.545756424481938766e-04 1.346490225305680269e+03 6.392370228373974896e+02 3.656934644279325539e+02
1.723559677317991945e-04 1.507716515916509934e+03 7.155813045704242086e+02 4.093493210146774572e+02
1.921815050694108094e-04 1.669409905302466314e+03 7.920323559702296734e+02 4.530576334028867791e+02
2.142875084442451923e-04 1.850302706466435893e+03 8.774994217483869079e+02 5.019128705340197030e+02
2.389362923277018713e-04 2.074958294052550627e+03 9.836820260601705286e+02 5.626123111242377490e+02
2.664203443578849946e-04 2.327979820673780068e+03 1.103242631377740736e+03 6.309566624768206111e+02
2.970657960592480913e-04 2.583378256592863181e+03 1.223784471848525527e+03 6.998470363014577060e+02
3.312362927876497001e-04 2.881616369553039021e+03 1.364592683630531837e+03 7.803243651635615379e+02
3.693373088223966556e-04 3.226267612198440020e+03 1.527430401078840987e+03 8.734051403588222229e+02
4.118209588090659132e-04 3.581848031690532480e+03 1.695413952187298037e+03 9.694285272422703201e+02
4.591913626466918256e-04 4.007200292833934782e+03 1.896671167937691280e+03 1.084510503359145559e+03
5.120106274801957584e-04 4.450076890334074051e+03 2.106375579035507144e+03 1.204449431941709008e+03
5.709055177816341068e-04 4.966972934219657873e+03 2.351538048923460792e+03 1.344726952589497841e+03
6.365748926688486646e-04 5.522741631485039761e+03 2.615490012709651182e+03 1.495815498809852670e+03
7.097979987143026312e-04 6.134434172309287533e+03 2.906447772061825617e+03 1.662436345605469342e+03
7.914437166483044659e-04 6.819594038246837954e+03 3.232793527515569622e+03 1.849395538457982866e+03
8.824808716799498404e-04 7.574592474113452226e+03 3.592810620694869613e+03 2.055715206363052857e+03
9.839897297802024153e-04 8.401894224156529162e+03 3.987675826080050683e+03 2.282071118674381978e+03
1.097174816344422205e-03 9.308192381421711616e+03 4.420551344870809771e+03 2.530269044872687118e+03
1.223379209343287413e-03 1.030880740451568454e+04 4.898683226876129993e+03 2.804449510431144063e+03
1.364100476567608111e-03 1.140442782210521364e+04 5.422380408400339547e+03 3.104789751570066073e+03
1.521008446081769522e-03 1.258988834819393378e+04 5.989099571514625495e+03 3.429825760242749311e+03
1.695965020753673102e-03 1.388112570869602860e+04 6.606429379396793593e+03 3.783913237396954173e+03
1.891046271984591709e-03 1.528384470245134617e+04 7.277042940496573465e+03 4.168584156702065229e+03
2.108567074807741158e-03 1.679776791923655765e+04 8.000805708240902277e+03 4.583768938610059195e+03
2.351108576680822643e-03 1.843009567248836174e+04 8.781190022022616176e+03 5.031473364204948666e+03
2.621548825923003187e-03 2.016553932064971013e+04 9.610863081160507136e+03 5.507494320798904482e+03
2.923096923239734257e-03 2.201188532857485188e+04 1.049362471012951028e+04 6.014029805441073222e+03
3.259331101584665453e-03 2.395984438017311913e+04 1.142508810468989759e+04 6.548576688799415933e+03
3.634241186222156913e-03 2.599918082268313083e+04 1.240044790932240176e+04 7.108397863220994623e+03
4.052275938830490927e-03 2.811357237589949364e+04 1.341191815671987933e+04 7.689028963719928470e+03
4.518395847440812539e-03 3.028803785340467948e+04 1.445253712055070173e+04 8.286519006682821782e+03
5.038131988628217865e-03 3.249677660950177233e+04 1.551013347197817166e+04 8.893927423920773435e+03
5.617651660426248826e-03 3.470772996850156778e+04 1.656948173216567739e+04 9.502530804633679509e+03
6.263831564778516575e-03 3.688542249444458866e+04 1.761378133923831774e+04 1.010267247346597105e+04
6.984339407925946493e-03 3.898617363387645310e+04 1.862236798500491932e+04 1.068258042977262085e+04
7.787724887016851671e-03 4.095818610792511026e+04 1.957065569230534675e+04 1.122813761466646247e+04
8.683521142606049834e-03 4.274202436494622089e+04 2.043050953925141948e+04 1.172321818802475718e+04
9.682357880899711625e-03 4.427011575962783536e+04 2.116972759572685027e+04 1.214945777657892540e+04
1.079608750807801998e-02 4.547003865854507603e+04 2.175390098616332034e+04 1.248696085725396733e+04
1.203792577343234388e-02 4.626194064411341969e+04 2.214514461172897063e+04 1.271423120979670421e+04
1.342260859021738965e-02 4.656456007069285988e+04 2.230427177808429769e+04 1.280859900105189081e+04
1.496656689508787767e-02 4.629822876150989032e+04 2.219309769946059532e+04 1.274799570201666393e+04
1.668812162103823840e-02 4.539285291792764474e+04 2.177767732936714674e+04 1.251299210784572278e+04
1.860770109743517184e-02 4.380090743821209617e+04 2.103443436308124001e+04 1.208978229367316271e+04
2.074808345685756270e-02 4.151045275409374881e+04 1.995640229608869049e+04 1.147412959389125353e+04
2.313466692519383291e-02 3.856425522147842275e+04 1.856242270206148896e+04 1.067651033859134077e+04
2.579577120231610690e-02 3.507018470934794459e+04 1.690225013688142280e+04 9.725116492419567294e+03
2.876297350957714855e-02 3.121530357344505683e+04 1.506375548754568445e+04 8.670068722999751117e+03
3.207148329174031032e-02 2.725778536571491713e+04 1.316977876877912604e+04 7.581755747121703280e+03
3.576056001963404812e-02 2.349330990080349147e+04 1.136281882571560163e+04 6.542204631175804934e+03
3.987397905126498221e-02 2.020527971288184926e+04 9.781954209639896362e+03 5.631966517562022091e+03
4.446055107939526907e-02 1.759547747804344544e+04 8.529566647795478275e+03 4.911007162241966398e+03
4.957470132945773766e-02 1.572218375069583089e+04 7.640443148692493196e+03 4.400698514366024028e+03
5.527711538069327024e-02 1.445527840451582597e+04 7.057007020253624432e+03 4.068943616245131579e+03
6.163545927395905344e-02 1.345915770068077290e+04 6.615131096479371990e+03 3.820787701054957779e+03
6.872518245115814828e-02 1.227339816555245125e+04 6.076281227645116815e+03 3.515459294255397708e+03
7.663041305413779980e-02 1.056297421308592857e+04 5.250165098529272655e+03 3.037263997258989093e+03
8.544495620686157200e-02 8.515700135436210985e+03 4.216922195835702951e+03 2.429928504013213569e+03
9.527340712667957401e-02 6.721965512026947181e+03 3.296245679300547181e+03 1.885112741056813093e+03
1.062323922731101822e-01 5.598731942947112657e+03 2.748237001007489653e+03 1.566204858875689069e+03
1.184519532618636822e-01 4.976309497644703697e+03 2.504950886211907800e+03 1.438065460903691474e+03
1.320770899659224340e-01 4.319543532692760891e+03 2.231930633433805724e+03 1.289806748632323433e+03
1.472694811144383831e-01 3.460694884089290099e+03 1.781039479492055534e+03 1.017635678453479272e+03
1.642094028064348954e-01 2.766082527001414746e+03 1.418773634561702920e+03 7.988852513057249780e+02
1.830978677048002712e-01 2.304425324574255228e+03 1.237772856658937144e+03 7.062895744693129245e+02
2.041590102946942431e-01 1.859707463265521028e+03 1.035222041468337466e+03 5.914028350427555552e+02
2.276427465103479653e-01 1.462826244491743637e+03 8.360018926757172721e+02 4.708091586300731706e+02
2.538277392899435103e-01 1.145538567318779542e+03 7.023590384760850611e+02 4.010830758798205693e+02
2.830247052484705095e-01 8.710210392359053913e+02 5.735437844908810803e+02 3.261755257252317506e+02
3.155801017062329072e-01 6.433687580791213350e+02 4.712170117125099864e+02 2.708562601039922129e+02
3.518802378240603601e-01 4.553828041423555533e+02 3.832567167539789352e+02 2.220203018579026093e+02
3.923558586288135031e-01 3.036539076895479639e+02 3.102731232210713870e+02 1.829050260223388591e+02
4.374872563241952172e-01 1.845987204997196898e+02 2.488060906632271951e+02 1.500073245066149639e+02
4.878099695387512202e-01 9.499278365832286397e+01 1.973221379911292956e+02 1.227543289895341587e+02
5.439211381395319123e-01 3.138337951390357361e+01 1.543346753430618321e+02 1.002060519534627758e+02
6.064865890189676811e-01 -1.007913337046042734e+01 1.186046951397680260e+02 8.150133829148842324e+01
6.762487369363893164e-01 -3.366558045354972961e+01 8.913793163825702948e+01 6.596637019851017669e+01
7.540353941672404137e-01 -4.387260743631967586e+01 6.513768025006534401e+01 5.305984808306842382e+01
8.407695934971151086e-01 -4.503755338475017567e+01 4.593592878560780690e+01 4.234099085303948584e+01
9.374805411223435803e-01 -4.091821822265739428e+01 3.094483178793451472e+01 3.345007778398477427e+01
1.045315829426528564e+00 -3.439374310241989008e+01 1.961370237986990617e+01 2.609990219497445096e+01
1.165555054552403824e+00 -2.738230010898953992e+01 1.139680296734414711e+01 2.005596904030213778e+01
1.299625000357985227e+00 -2.095963602958625316e+01 5.743188915505845316e+00 1.512928037308894247e+01
1.449116568932995452e+00 -1.558736894508094295e+01 2.105513078391044957e+00 1.116416743703568848e+01
1.615803658576671964e+00 -1.134863043495563772e+01 -3.350362003019817514e-02 8.027095919756572329e+00
1.801664213246928048e+00 -8.134439839623652801e+00 -1.131092128144826958e+00 5.599500349995667037e+00
2.008903693258128342e+00 -5.764076827773688905e+00 -1.560132789850111390e+00 3.771163987898917380e+00
2.239981245735629400e+00 -4.049788277875090436e+00 -1.600019613893423731e+00 2.437501695364709065e+00
2.497638885371206374e+00 -2.827235948583220360e+00 -1.442529927347355079e+00 1.499651382495902352e+00
2.784934031744384253e+00 -1.963974604436080185e+00 -1.207786034781521023e+00 8.667382648822872238e-01
3.105275789304232426e+00 -1.358556415804469619e+00 -9.635550406843118587e-01 4.588673152661522092e-01
3.462465400517639402e+00 -9.360593724035003449e-01 -7.430920170848912543e-01 2.095659679634590544e-01
3.860741352209485999e+00 0.000000000000000000e+00 -5.589194435027592389e-01 6.671445341823055430e-02
4.304829670336041580e+00 0.000000000000000000e+00 -4.123665774690427055e-01 -8.218039545035436821e-03
4.799999999999999822e+00 0.000000000000000000e+00 -2.995545275395295470e-01 -4.215039187166136347e-02
