1.000000000230258569e-04 2.736687576018925938e+02 1.151103656190066715e+02 6.306125685642746248e+01
1.115026695290953366e-04 3.051352164710654620e+02 1.283624330992956857e+02 7.032202979433492374e+01
1.243284530925187648e-04 3.432010909834273207e+02 1.443945541050613031e+02 7.910698492972439055e+01
1.386295441504667143e-04 3.841107754917944135e+02 1.616342894340184273e+02 8.855085377006678016e+01
1.545756424481938766e-04 4.236366959540642938e+02 1.783094885788849524e+02 9.768896702489102779e+01
1.723559677317991945e-04 4.634987135127997249e+02 1.951497652465384647e+02 1.069164173470763188e+02
1.921815050694108094e-04 5.122609583715792496e+02 2.157523448226349672e+02 1.182080042000813052e+02
2.142875084442451923e-04 5.723541318753725591e+02 2.411423763604036878e+02 1.321214199925094022e+02
2.389362923277018713e-04 6.330916361187821622e+02 2.668386185140366251e+02 1.462052955781751109e+02
2.664203443578849946e-04 6.960058999919992857e+02 2.934905862014377362e+02 1.608128308919582707e+02
2.970657960592480913e-04 7.748000772530871245e+02 3.268569619564571553e+02 1.791027425557843458e+02
3.312362927876497001e-04 8.553654976839778783e+02 3.610104960423926741e+02 1.978257530639734512e+02
3.693373088223966556e-04 9.465044123642076102e+02 3.996470848416551576e+02 2.190072139030048390e+02
4.118209588090659132e-04 1.047752575643058663e+03 4.425653756083865460e+02 2.425385900601887670e+02
4.591913626466918256e-04 1.159934543437494767e+03 4.901001453613493481e+02 2.686017699016271649e+02
5.120106274801957584e-04 1.280845287045698569e+03 5.413050661405917481e+02 2.966783880865804122e+02
5.709055177816341068e-04 1.420138075530455353e+03 6.002220688154325217e+02 3.289843008320050899e+02
6.365748926688486646e-04 1.571620644017165432e+03 6.642225722051102821e+02 3.640771383400968375e+02
7.097979987143026312e-04 1.737552577580283696e+03 7.342360256588467564e+02 4.024659213479802133e+02
7.914437166483044659e-04 1.921700594165028406e+03 8.118279640352905062e+02 4.450090022334038053e+02
8.824808716799498404e-04 2.125859485990481062e+03 8.977456882410098160e+02 4.921147300835450551e+02
9.839897297802024153e-04 2.350462383372380373e+03 9.921674485741294802e+02 5.438799477021542543e+02
1.097174816344422205e-03 2.595032838285829712e+03 1.094879583054061641e+03 6.001846692726172705e+02
1.223379209343287413e-03 2.869089143470817362e+03 1.209919801361396367e+03 6.632461181638739163e+02
1.364100476567608111e-03 3.165105258664070334e+03 1.334107209105850188e+03 7.313156229652765887e+02
1.521008446081769522e-03 3.491631240230039111e+03 1.471086979913369760e+03 8.063969488967519510e+02
1.695965020753673102e-03 3.848646743174180756e+03 1.620850821480519699e+03 8.884842447028937613e+02
1.891046271984591709e-03 4.239372629673381198e+03 1.784788739797588732e+03 9.783450344732126496e+02
2.108567074807741158e-03 4.661180871430009574e+03 1.961772012882698391e+03 1.075355076126602398e+03
2.351108576680822643e-03 5.120371289563595383e+03 2.154512523836589480e+03 1.181011882804523793e+03
2.621548825923003187e-03 5.615347113739591805e+03 2.362320954417911253e+03 1.294934273352027958e+03
2.923096923239734257e-03 6.149099057008657837e+03 2.586505787364237221e+03 1.417848894752350589e+03
3.259331101584665453e-03 6.719537561237786576e+03 2.826163934870692174e+03 1.549257473210498347e+03
3.634241186222156913e-03 7.326921296762729071e+03 3.081401204733226677e+03 1.689219767364587824e+03
4.052275938830490927e-03 7.971653666044188867e+03 3.352486343907597075e+03 1.837902130834912668e+03
4.518395847440812539e-03 8.650711772584189021e+03 3.638119119146672801e+03 1.994591190680243244e+03
5.038131988628217865e-03 9.360913358782101568e+03 3.937015983378183591e+03 2.158588142737472481e+03
5.617651660426248826e-03 1.009781785805621439e+04 4.247333358892501565e+03 2.328895017365754029e+03
6.263831564778516575e-03 1.085554223448554876e+04 4.566652949247852121e+03 2.504194119460692946e+03
6.984339407925946493e-03 1.162668039019137541e+04 4.891915526566413973e+03 2.682822230377060350e+03
7.787724887016851671e-03 1.240041828378209357e+04 5.218648809960836843e+03 2.862342087025357614e+03
8.683521142606049834e-03 1.316281602272771306e+04 5.541058038266372932e+03 3.039588163224633718e+03
9.682357880899711625e-03 1.389734529402670159e+04 5.852283835220840047e+03 3.210813305340376701e+03
1.079608750807801998e-02 1.458859170806749171e+04 6.145951288919422950e+03 3.372544205310214693e+03
1.203792577343234388e-02 1.521479081073028465e+04 6.413002984408632983e+03 3.519832181503247739e+03
1.342260859021738965e-02 1.575162008673376295e+04 6.643301289743012603e+03 3.647122367082431538e+03
1.496656689508787767e-02 1.617297399058796327e+04 6.825961321196143217e+03 3.748450971708939505e+03
1.668812162103823840e-02 1.645133874367387398e+04 6.949481556385242584e+03 3.817513447421589262e+03
1.860770109743517184e-02 1.655990858793291773e+04 7.002582019134897564e+03 3.848111521476094822e+03
2.074808345685756270e-02 1.647585167313904094e+04 6.975544443404824051e+03 3.834865492063771853e+03
2.313466692519383291e-02 1.618424489621778412e+04 6.861950278355705450e+03 3.774212554639503196e+03
2.579577120231610690e-02 1.568144183776904538e+04 6.659968434829018406e+03 3.665099036657330998e+03
2.876297350957714855e-02 1.498117137253796682e+04 6.374978646766381644e+03 3.510381010798268107e+03
3.207148329174031032e-02 1.411871910615499655e+04 6.021438743017970410e+03 3.317906380938765778e+03
3.576056001963404812e-02 1.315047426874602206e+04 5.622838145193478340e+03 3.100530484272941976e+03
3.987397905126498221e-02 1.214815222958207232e+04 5.209385013430237450e+03 2.874822814619493329e+03
4.446055107939526907e-02 1.118443182540327143e+04 4.812167283372864404e+03 2.657930686651577616e+03
4.957470132945773766e-02 1.031219632575648029e+04 4.454335518708042400e+03 2.462705249895761881e+03
5.527711538069327024e-02 9.545380878878077056e+03 4.142688687849826238e+03 2.293031299903229410e+03
6.163545927395905344e-02 8.830511232393670070e+03 3.854377540688650697e+03 2.136303561678351798e+03
6.872518245115814828e-02 8.075199379716817020e+03 3.547901425702398228e+03 1.969296883838200529e+03
7.663041305413779980e-02 7.197809518619690607e+03 3.183875311731044803e+03 1.769532960744667207e+03
8.544495620686157200e-02 6.214155608347753514e+03 2.765149091274665352e+03 1.537902735852204842e+03
9.527340712667957401e-02 5.266541998809978395e+03 2.355383778715677636e+03 1.309977390282527040e+03
1.062323922731101822e-01 4.512358057008298601e+03 2.032941166028436783e+03 1.130922790253223866e+03
1.184519532618636822e-01 3.955587649766472623e+03 1.807153661422913501e+03 1.007350673675762778e+03
1.320770899659224340e-01 3.437067757605347651e+03 1.598259844065428297e+03 8.932146032378641394e+02
1.472694811144383831e-01 2.864288002802509254e+03 1.348193357386093339e+03 7.528266936629997872e+02
1.642094028064348954e-01 2.353737465092348430e+03 1.120996243463796645e+03 6.241633213189712706e+02
1.830978677048002712e-01 1.970022030708080592e+03 9.672081786242804355e+02 5.402399221608989137e+02
2.041590102946942431e-01 1.617483503469833067e+03 8.224572866560187094e+02 4.604967800130238516e+02
2.276427465103479653e-01 1.293911324589657625e+03 6.801336587413774168e+02 3.795586336552764237e+02
2.538277392899435103e-01 1.029174299312493531e+03 5.744160127853349422e+02 3.223980871690782237e+02
2.830247052484705095e-01 7.963475020344914128e+02 4.762107671226564207e+02 2.677030474402056370e+02
3.155801017062329072e-01 5.997400894856529021e+02 3.950940975896141936e+02 2.236402779125065479e+02
3.518802378240603601e-01 4.343032955093707983e+02 3.250517104876247458e+02 1.854671108573742231e+02
3.923558586288135031e-01 2.980291627839256421e+02 2.661257613964122584e+02 1.539942801771815937e+02
4.374872563241952172e-01 1.885665092356132391e+02 2.158732526987837161e+02 1.272382141841886352e+02
4.878099695387512202e-01 1.039161553901919746e+02 1.733902763352242573e+02 1.049137270554482058e+02
5.439211381395319123e-01 4.183254624650164288e+01 1.375187871226028449e+02 8.624689401806737976e+01
6.064865890189676811e-01 -3.355675894609312371e-01 1.073407940055848400e+02 7.063278683112729084e+01
6.762487369363893164e-01 -2.577540086750281745e+01 8.210553546827949845e+01 5.757277878279280969e+01
7.540353941672404137e-01 -3.813505702852478407e+01 6.121019706409361305e+01 4.665148523487677323e+01
8.407695934971151086e-01 -4.122301081985651194e+01 4.415908719810359884e+01 3.752194080614818006e+01
9.374805411223435803e-01 -3.858120974823443561e+01 3.053092413324085896e+01 2.989438890148513295e+01
1.045315829426528564e+00 -3.309335448530325863e+01 1.994555032103904324e+01 2.353711814390715062e+01
1.165555054552403824e+00 -2.677903565933355878e+01 1.202925421021700458e+01 1.826009177197149214e+01
1.299625000357985227e+00 -2.082033335531370710e+01 6.394203401610577764e+00 1.391004709991162791e+01
1.449116568932995452e+00 -1.575335772574355353e+01 2.631800595011259958e+00 1.036275353445886616e+01
1.615803658576671964e+00 -1.170566983442468789e+01 3.258133821236354755e-01 7.513891418801742716e+00
1.801664213246928048e+00 -8.596078562108058208e+00 -9.218655392098661361e-01 5.273104440434607909e+00
2.008903693258128342e+00 -6.265456296739356112e+00 -1.460840593984167324e+00 3.557244880978814638e+00
2.239981245735629400e+00 -4.544781955724953804e+00 -1.570274919434651251e+00 2.286225380276281083e+00
2.497638885371206374e+00 -3.286197624647905435e+00 -1.451762283550744215e+00 1.381489541572074708e+00
2.784934031744384253e+00 -2.370794547813930730e+00 -1.236468159516897591e+00 7.669375400163715994e-01
3.105275789304232426e+00 -1.707092760619187022e+00 -1.000565490568079419e+00 3.717832284483971739e-01
3.462465400517639402e+00 -1.226961526011972614e+00 -7.825307481558990697e-01 1.339321295423689939e-01
3.860741352209485999e+00 -8.801226944444796585e-01 -5.977532185748876126e-01 2.537414109469096537e-03
4.304829670336041580e+00 -6.298497330625332236e-01 -4.490260596232149570e-01 -6.118162989392164630e-02
4.799999999999999822e+00 0.000000000000000000e+00 -3.332333018803121938e-01 -8.479632024320897521e-02
