1.000000000230258569e-04 3.790491917272059368e+02 1.584572160801315306e+02 8.588261873863970663e+01
1.122634227564673579e-04 4.180264017329191120e+02 1.748372988699328232e+02 9.477024892697360769e+01
1.260307608609534901e-04 4.687819784433554560e+02 1.961496119942070493e+02 1.063321364185927109e+02
1.414864458359461712e-04 5.305375916770905178e+02 2.220826553177233791e+02 1.203997326640140813e+02
1.588375267953347550e-04 5.960589379556466838e+02 2.496472235399728561e+02 1.353600094502465367e+02
1.783164441611049004e-04 6.585935658457659656e+02 2.760611457172485643e+02 1.497073575537253873e+02
2.001841435067871621e-04 7.245930266326699893e+02 3.040268608832557220e+02 1.649069021858954898e+02
2.247335712646909519e-04 8.092581292082284108e+02 3.398776289601429426e+02 1.843915200501485856e+02
2.522935991264941354e-04 9.072750270850378911e+02 3.814135887366438737e+02 2.069735627980582819e+02
2.832334297096662638e-04 1.001941062713260067e+03 4.217138203383467498e+02 2.289081882605505029e+02
3.179675425093897337e-04 1.114393370659098764e+03 4.695774613308362859e+02 2.549644287498930169e+02
3.569612463934728852e-04 1.243622756755171849e+03 5.245563935032527070e+02 2.848994908719963632e+02
4.007369130231864672e-04 1.376554859266741914e+03 5.811893886568758489e+02 3.157558807087086734e+02
4.498809747048478080e-04 1.536715343393731928e+03 6.492032160904567490e+02 3.527978070280807970e+02
5.050517804175268938e-04 1.705526577283881579e+03 7.208009751665481417e+02 3.917964758024213552e+02
5.669884152586394726e-04 1.896706280260097856e+03 8.015846043374256169e+02 4.357743309033004948e+02
6.365206014554368984e-04 2.115087970324496382e+03 8.934707532290343579e+02 4.857573044868084935e+02
7.145798135793877959e-04 2.354387042517962982e+03 9.937614309266861028e+02 5.402700986491933008e+02
8.022117568662883325e-04 2.620095537356093701e+03 1.104672931850447867e+03 6.004999784893955166e+02
9.005903758055168549e-04 2.916849217068745020e+03 1.228087496186157296e+03 6.674535727899877884e+02
1.011033580661806338e-03 3.245986245403832982e+03 1.364569902251128042e+03 7.414332011108150482e+02
1.135020902606864940e-03 3.606995003967193952e+03 1.513945229992458053e+03 8.223409579593837861e+02
1.274213313974418031e-03 4.013297439458463941e+03 1.681886296245593940e+03 9.132574467708884640e+02
1.430475479156914512e-03 4.453925269985703380e+03 1.863858051791112075e+03 1.011729440843445332e+03
1.605900734223756829e-03 4.942178032987056213e+03 2.065523653617280161e+03 1.120844710007629146e+03
1.802839129895710598e-03 5.475966729076808406e+03 2.286075860265693791e+03 1.240176607869869031e+03
2.023928913547812410e-03 6.060751035352623148e+03 2.527842421711800398e+03 1.370998480498504932e+03
2.272131871983379750e-03 6.692545519044892899e+03 2.789178184134457297e+03 1.512425142396766205e+03
2.550773008441800313e-03 7.378496427594234774e+03 3.073123109419578668e+03 1.666116284611715855e+03
2.863585085365514225e-03 8.117926510432110263e+03 3.379421649762923153e+03 1.831935426537260355e+03
3.214758629634808552e-03 8.909451975819789368e+03 3.707499224859634978e+03 2.009568790784091107e+03
3.608998070155939632e-03 9.753266238094660366e+03 4.057463246851572421e+03 2.199093078242848605e+03
4.051584759838999447e-03 1.064584045141029128e+04 4.427798389040023721e+03 2.399703811927362494e+03
4.548447726227339283e-03 1.158184211972855701e+04 4.816348055479248615e+03 2.610206608461578071e+03
5.106243098575769836e-03 1.255511992162546267e+04 5.220655135178623823e+03 2.829272812025521944e+03
5.732443275407110572e-03 1.355586853113359757e+04 5.636643570209578684e+03 3.054735657372003516e+03
6.435437027063155117e-03 1.457245517341082086e+04 6.059516528818388906e+03 3.283993996585160858e+03
7.224641874254610074e-03 1.558872227744794873e+04 6.482629746650989546e+03 3.513461269947887104e+03
8.110630248067678127e-03 1.658746202518147766e+04 6.898911214643473613e+03 3.739319609768569990e+03
9.105271121505569346e-03 1.754491765484259668e+04 7.298578798457132507e+03 3.956289365269875816e+03
1.022188900990466699e-02 1.843590828333992613e+04 7.671279404963908746e+03 4.158778278611937822e+03
1.147544247024383408e-02 1.923112934693651187e+04 8.004942517218803914e+03 4.340266982142661618e+03
1.288272449057868002e-02 1.989202556859573451e+04 8.283647840577914394e+03 4.492143930759430987e+03
1.446258745407916733e-02 2.038204449939253027e+04 8.492288854703110701e+03 4.606235828591598874e+03
1.623619569135818438e-02 2.066538978315881832e+04 8.616036991419112383e+03 4.674511151947566759e+03
1.822730900435978393e-02 2.070635799094280810e+04 8.640011756716341552e+03 4.688894639301554889e+03
2.046260095998037737e-02 2.047145595265286101e+04 8.550152037282185120e+03 4.641732176879419058e+03
2.297201621738221775e-02 1.994483376084205156e+04 8.339595228421234424e+03 4.529250141653384162e+03
2.578917167586586637e-02 1.912517071033200409e+04 8.007341149343656070e+03 4.350821637326097516e+03
2.895180681720203528e-02 1.804172112486209517e+04 7.565004343962461462e+03 4.112619379626054069e+03
3.250228927534733192e-02 1.675336802360976799e+04 7.036493299856000704e+03 3.827498279045975323e+03
3.648818240631140908e-02 1.535111784858319334e+04 6.459268792031106386e+03 3.515682093283436188e+03
4.096288246151627566e-02 1.394438713352549894e+04 5.878894831120574054e+03 3.201871365404753305e+03
4.598633390041809155e-02 1.263795053738396746e+04 5.339673158840290853e+03 2.910212571358023524e+03
5.162583242493973962e-02 1.149791776865735665e+04 4.870361683114930202e+03 2.656523572215804052e+03
5.795692649341043640e-02 1.051709146631424301e+04 4.468933184189310850e+03 2.439874334664711114e+03
6.506442939097074885e-02 9.609157818255900565e+03 4.098717834219844917e+03 2.240238009507324023e+03
7.304355541444980393e-02 8.618070128762874447e+03 3.689863052281224554e+03 2.018816256034774824e+03
8.200119539239680844e-02 7.475733187193111007e+03 3.207738690316054544e+03 1.755627912474183631e+03
9.205734862752627812e-02 6.287675539334266432e+03 2.695436250169419054e+03 1.473829287711702136e+03
1.033467304443183715e-01 5.281436915994843730e+03 2.259199795266471483e+03 1.233208267001076365e+03
1.160205768769771578e-01 4.563709012509074455e+03 1.958137004607677000e+03 1.068781641970570718e+03
1.302486706739022226e-01 3.981636500746638831e+03 1.722635660188934480e+03 9.417762773692951441e+02
1.462216157596530064e-01 3.350328329073293844e+03 1.450044045403286191e+03 7.911083136084138232e+02
1.641533906237988560e-01 2.758464428629034956e+03 1.183634288520334849e+03 6.413176482181753499e+02
1.842842148426375448e-01 2.321905143097053042e+03 1.002904941346083660e+03 5.429547037692287859e+02
2.068837671345900298e-01 1.940429265510106234e+03 8.455164952185957645e+02 4.574658995620539486e+02
2.322547980593316352e-01 1.593449549848075549e+03 6.924993854912861480e+02 3.713841120287320905e+02
2.607371857574901086e-01 1.312126811587796965e+03 5.785544273894093976e+02 3.103002055534565784e+02
2.927124890628471365e-01 1.068218270757437040e+03 4.759455504717557233e+02 2.537329459126104894e+02
3.286090589819373742e-01 8.631283438952193592e+02 3.926884579488074678e+02 2.091353354906049447e+02
3.689077770159973624e-01 6.896391448906621235e+02 3.219210789136956237e+02 1.710128314913684733e+02
4.141484971975938345e-01 5.441065083803053994e+02 2.632760973955043369e+02 1.400326760274189439e+02
4.649372781414354283e-01 4.228189453604492769e+02 2.142774845171386744e+02 1.144047415399270164e+02
5.219545019921476570e-01 3.228270207739311672e+02 1.733810225383398915e+02 9.326950117778127947e+01
5.859639890329354506e-01 2.416464399292646021e+02 1.393065436343969168e+02 7.589060153551723431e+01
6.578232300572349756e-01 1.770213681692765135e+02 1.109481930381551109e+02 6.159847863589411077e+01
7.384948735793578356e-01 1.268276750690021686e+02 8.741317382541809877e+01 4.983342401389854359e+01
8.290596217703356530e-01 8.892287126800360397e+01 6.797766061651536518e+01 4.014197363137226660e+01
9.307307078768926045e-01 6.115207021623998429e+01 5.205909155269834088e+01 3.215904106049745081e+01
1.044870149067508081e+00 4.140204112018456328e+01 3.917512981809898065e+01 2.558305751388372329e+01
1.173006992433692330e+00 2.772579554990858952e+01 2.891521830774490098e+01 2.017277291711166853e+01
1.316857798575541416e+00 1.845573620543898485e+01 2.091179175355541275e+01 1.573560814454670798e+01
1.478349637175967013e+00 1.226345573248936738e+01 1.481791336909035905e+01 1.211630713771707057e+01
1.659645902619409696e+00 8.161188108410232900e+00 1.030129017806539515e+01 9.190420267621824735e+00
1.863175295489004624e+00 5.450089136242119991e+00 7.043550186549236258e+00 6.854027697305598466e+00
2.091664358187257822e+00 3.656226625881637382e+00 4.754227055282083114e+00 5.019136173379246557e+00
2.348174000537423645e+00 2.464418133059820271e+00 3.180689982940754224e+00 3.606586504369688306e+00
2.636140504673786467e+00 1.668484647794470366e+00 2.117806012736999310e+00 2.544004959961975842e+00
2.959421558534973240e+00 1.133809921257476372e+00 1.408203073903039337e+00 1.764006954743913225e+00
3.322347934639153344e+00 7.725866429385699341e-01 9.375066458169534211e-01 1.205257356580299311e+00
3.729781506445900785e+00 5.272821810268228937e-01 6.259265651456943358e-01 8.139622220276081510e-01
4.187180379509764627e+00 3.599427363729184592e-01 4.193924175352217731e-01 5.451673213520881189e-01
4.700672009942531204e+00 0.000000000000000000e+00 2.820408074550908029e-01 3.633341886308807389e-01
5.277135289701610610e+00 0.000000000000000000e+00 1.902601103734683219e-01 2.416145106887173932e-01
5.924292698344328478e+00 0.000000000000000000e+00 1.286387141212972929e-01 1.606726774734806018e-01
6.650813755741415534e+00 0.000000000000000000e+00 8.706011566221640019e-02 1.069843326158093078e-01
7.466431161634059954e+00 0.000000000000000000e+00 0.000000000000000000e+00 7.137245440967600330e-02
8.382071177875818790e+00 0.000000000000000000e+00 0.000000000000000000e+00 4.769896051303995632e-02
9.410000000000001918e+00 0.000000000000000000e+00 0.000000000000000000e+00 0.000000000000000000e+00
