1.000000000230258569e-04 4.565177698132692967e+02 1.906386372095597039e+02 1.042846464397183155e+02
1.115026695290953366e-04 5.026644090699562071e+02 2.099546931907591443e+02 1.148517754652223744e+02
1.243284530925187648e-04 5.615262362636287889e+02 2.345837749225331379e+02 1.283237305019154633e+02
1.386295441504667143e-04 6.314508043446240890e+02 2.638456168782357736e+02 1.443312150375632541e+02
1.545756424481938766e-04 7.048473554710190001e+02 2.945876041954603011e+02 1.611466695910368685e+02
1.723559677317991945e-04 7.752469136322649774e+02 3.241280272919089498e+02 1.773067515551781810e+02
1.921815050694108094e-04 8.486945505875845583e+02 3.549935851629626882e+02 1.941903150125606032e+02
2.142875084442451923e-04 9.407371603708600105e+02 3.936693144042520203e+02 2.153479251186732313e+02
2.389362923277018713e-04 1.050529354300003661e+03 4.398115708767614933e+02 2.405891387514404016e+02
2.664203443578849946e-04 1.158456764738788479e+03 4.852606537401067044e+02 2.654518207605619864e+02
2.970657960592480913e-04 1.275970050694017345e+03 5.348033312996273025e+02 2.925541108413447660e+02
3.312362927876497001e-04 1.420991597084086379e+03 5.959021880578840182e+02 3.259795697846192866e+02
3.693373088223966556e-04 1.565093758732406059e+03 6.567112224189665994e+02 3.592479437130145925e+02
4.118209588090659132e-04 1.736193829687449352e+03 7.288569053849807915e+02 3.987219607447869407e+02
4.591913626466918256e-04 1.916725590715159342e+03 8.049930000458217592e+02 4.403827576226877341e+02
5.120106274801957584e-04 2.126029148292956506e+03 8.931613095179959601e+02 4.886324166706156689e+02
5.709055177816341068e-04 2.345582742885630978e+03 9.855940023919096120e+02 5.392226723609239798e+02
6.365748926688486646e-04 2.596994745734521075e+03 1.091264393598406286e+03 5.970670480861563192e+02
7.097979987143026312e-04 2.875989139630889895e+03 1.208359226531044669e+03 6.611742983024189471e+02
7.914437166483044659e-04 3.180816744031653343e+03 1.336109053640027696e+03 7.311253944465588575e+02
8.824808716799498404e-04 3.516471657812128797e+03 1.476570023754693011e+03 8.080466362788536117e+02
9.839897297802024153e-04 3.885910654746298405e+03 1.630968313929133046e+03 8.926089288772446935e+02
1.097174816344422205e-03 4.289690244479817920e+03 1.799536623317996828e+03 9.849365699614701271e+02
1.223379209343287413e-03 4.737615626112821701e+03 1.986380303034867211e+03 1.087274717007304844e+03
1.364100476567608111e-03 5.229260113790594914e+03 2.191345167823768406e+03 1.199540584870372641e+03
1.521008446081769522e-03 5.768154566066835287e+03 2.415936679540911427e+03 1.322553580379051482e+03
1.695965020753673102e-03 6.353658742351370165e+03 2.659925999328928810e+03 1.456188422610578073e+03
1.891046271984591709e-03 6.992989160577978510e+03 2.926357643319519866e+03 1.602114377957427678e+03
2.108567074807741158e-03 7.683428401895042043e+03 3.214120537555264491e+03 1.759722192463021429e+03
2.351108576680822643e-03 8.435349567750679853e+03 3.527600043982693933e+03 1.931420862498566294e+03
2.621548825923003187e-03 9.242427482696812149e+03 3.864164039119017161e+03 2.115767955055131097e+03
2.923096923239734257e-03 1.010703451517498070e+04 4.224828736812251009e+03 2.313324017223116243e+03
3.259331101584665453e-03 1.102968178622482446e+04 4.609853866941194610e+03 2.524242506987212892e+03
3.634241186222156913e-03 1.200719334542159049e+04 5.017930099976330894e+03 2.747810560874536804e+03
4.052275938830490927e-03 1.303420437394431974e+04 5.446842033475581047e+03 2.982823147681874616e+03
4.518395847440812539e-03 1.410728870316604662e+04 5.895216825856138712e+03 3.228541073330277868e+03
5.038131988628217865e-03 1.521775500030699732e+04 6.359509129539981586e+03 3.483050760308056397e+03
5.617651660426248826e-03 1.635501512757126329e+04 6.835329049678043702e+03 3.743953543391235144e+03
6.263831564778516575e-03 1.750642445539671826e+04 7.317477263786297044e+03 4.008420588142009365e+03
6.984339407925946493e-03 1.865629788808017838e+04 7.799500398077365389e+03 4.272942749136391285e+03
7.787724887016851671e-03 1.978655133360006221e+04 8.273953883879197747e+03 4.533467848481180226e+03
8.683521142606049834e-03 2.087562639533886977e+04 8.731969782374213537e+03 4.785164092947311474e+03
9.682357880899711625e-03 2.189771243074504673e+04 9.162895057140171048e+03 5.022228171414764802e+03
1.079608750807801998e-02 2.282971076937086036e+04 9.557238872482344959e+03 5.239490125224207986e+03
1.203792577343234388e-02 2.362241263961873119e+04 9.894556731870892690e+03 5.425765299750906706e+03
1.342260859021738965e-02 2.423994151685290126e+04 1.015997373425386286e+04 5.572915693546525290e+03
1.496656689508787767e-02 2.465250186100842620e+04 1.034112229382240730e+04 5.674178722413306787e+03
1.668812162103823840e-02 2.481920434826190831e+04 1.042088261247488299e+04 5.720153818715280977e+03
1.860770109743517184e-02 2.470052806204276931e+04 1.038259841169085303e+04 5.701665000057359975e+03
2.074808345685756270e-02 2.426639596022132901e+04 1.021341391235408264e+04 5.611604861128419543e+03
2.313466692519383291e-02 2.350211467437220563e+04 9.906725531136711652e+03 5.446253994177725872e+03
2.579577120231610690e-02 2.241164108120752280e+04 9.463432577810448493e+03 5.205922314011126218e+03
2.876297350957714855e-02 2.102879376269725981e+04 8.896892804798219004e+03 4.897742722956686521e+03
3.207148329174031032e-02 1.942096433490793788e+04 8.234519583432293075e+03 4.536591899785068563e+03
3.576056001963404812e-02 1.768680121764686191e+04 7.517001512007556812e+03 4.144645994963844714e+03
3.987397905126498221e-02 1.594907154277097106e+04 6.795751608047303307e+03 3.750094212408962903e+03
4.446055107939526907e-02 1.433239920967563739e+04 6.123956543137876906e+03 3.382303565404629353e+03
4.957470132945773766e-02 1.293210544242538344e+04 5.543491925348959739e+03 3.064615398268441368e+03
5.527711538069327024e-02 1.178116330556719913e+04 5.070482096958130569e+03 2.806299605993714522e+03
6.163545927395905344e-02 1.082655848854443502e+04 4.683869460638159580e+03 2.596019491054814353e+03
6.872518245115814828e-02 9.909766556852006033e+03 4.313882281450126357e+03 2.394872818932894461e+03
7.663041305413779980e-02 8.865532051152755230e+03 3.882874373502997514e+03 2.158696787162642977e+03
8.544495620686157200e-02 7.633613172337727519e+03 3.355931271959508649e+03 1.866499154795796130e+03
9.527340712667957401e-02 6.363452801902536521e+03 2.796637537213783617e+03 1.553294113233077496e+03
1.062323922731101822e-01 5.314501091105448722e+03 2.332637434725583716e+03 1.292760027567339648e+03
1.184519532618636822e-01 4.597584792180649856e+03 2.032043140846549932e+03 1.126752575176950586e+03
1.320770899659224340e-01 4.048961830537560218e+03 1.818828801859370969e+03 1.012424264965237285e+03
1.472694811144383831e-01 3.441835777933047211e+03 1.558646655390733486e+03 8.676948523504869399e+02
1.642094028064348954e-01 2.826339765417630133e+03 1.269041843911783189e+03 7.007542714106215271e+02
1.830978677048002712e-01 2.368194971891189653e+03 1.068955316465584474e+03 5.886916694721022623e+02
2.041590102946942431e-01 2.004970137491356127e+03 9.253179851702931273e+02 5.125858850767870081e+02
2.276427465103479653e-01 1.657328184084811710e+03 7.640603571127805935e+02 4.197475475568010097e+02
2.538277392899435103e-01 1.372837516421919190e+03 6.386108322629536360e+02 3.497350918209368729e+02
2.830247052484705095e-01 1.134936329336165954e+03 5.364967163393706642e+02 2.942712018943545900e+02
3.155801017062329072e-01 9.323349003211599211e+02 4.447240002844746982e+02 2.424049401288376657e+02
3.518802378240603601e-01 7.634184697120067540e+02 3.705148750813085030e+02 2.021974836502657240e+02
3.923558586288135031e-01 6.219723248205855270e+02 3.070369505134865449e+02 1.672560480066522928e+02
4.374872563241952172e-01 5.041266173764485075e+02 2.539855994359696183e+02 1.384164595814009999e+02
4.878099695387512202e-01 4.062099096275264287e+02 2.095765706378804225e+02 1.145011220299953862e+02
5.439211381395319123e-01 3.251515066849245272e+02 1.723477498552057909e+02 9.453921380378200467e+01
6.064865890189676811e-01 2.583709844808048501e+02 1.411990838325860125e+02 7.794513895728360353e+01
6.762487369363893164e-01 2.036563176815188854e+02 1.151587350758934889e+02 6.415408814840722584e+01
7.540353941672404137e-01 1.591494327935723447e+02 9.342251435349672306e+01 5.269339841823070003e+01
8.407695934971151086e-01 1.232498891456037171e+02 7.531581077237821376e+01 4.316642574875861982e+01
9.374805411223435803e-01 9.457095579331893020e+01 6.027624791853598651e+01 3.524263286312055499e+01
1.045315829426528564e+00 7.191003771924025045e+01 4.784343458385821890e+01 2.865434123511808551e+01
1.165555054552403824e+00 5.420862578060419423e+01 3.763011638907965306e+01 2.317879305869648832e+01
1.299625000357985227e+00 4.054063946811286456e+01 2.930963233025387993e+01 1.863461829738493947e+01
1.449116568932995452e+00 3.010417248412293389e+01 2.260080558669713113e+01 1.487477292005430485e+01
1.615803658576671964e+00 2.221401769108455326e+01 1.725321919268606052e+01 1.177597492822535585e+01
1.801664213246928048e+00 1.630183616247340339e+01 1.304448559069221147e+01 9.237825274392077901e+00
2.008903693258128342e+00 1.190535654424392220e+01 9.774702217563403295e+00 7.175801492173864204e+00
2.239981245735629400e+00 8.657193975557202492e+00 7.266265738713749478e+00 5.517392894888661026e+00
2.497638885371206374e+00 6.270518741097992788e+00 5.364099913839748268e+00 4.199306133104026451e+00
2.784934031744384253e+00 4.524792204029894904e+00 3.936224007550887194e+00 3.164980158035262114e+00
3.105275789304232426e+00 3.252884130966520626e+00 2.873601995845622259e+00 2.363919623975905715e+00
3.462465400517639402e+00 2.329362141860480850e+00 2.088398505293830976e+00 1.751342213482257604e+00
3.860741352209485999e+00 1.660965850722071924e+00 1.511651834350132173e+00 1.288382036585786983e+00
4.304829670336041580e+00 1.178711728300403383e+00 1.090083480749301836e+00 9.420794955624330891e-01
4.799999999999999822e+00 0.000000000000000000e+00 7.831841009467934711e-01 6.852731438599641844e-01
