1.000000000230258569e-04 8.932159273306009482e+02 4.190301288183582642e+02 2.372832314156425184e+02
1.115026695290953366e-04 9.868627723351128225e+02 4.629945912835260060e+02 2.621837609444634154e+02
1.243284530925187648e-04 1.103974289426196037e+03 5.179689926859894058e+02 2.933224851822558890e+02
1.386295441504667143e-04 1.246559477204844370e+03 5.849010326427027167e+02 3.312326425039508422e+02
1.545756424481938766e-04 1.405556733610636911e+03 6.595500276756979474e+02 3.735176493849145345e+02
1.723559677317991945e-04 1.566927723670946989e+03 7.353391630399038377e+02 4.164538329763096840e+02
1.921815050694108094e-04 1.730954578017343465e+03 8.124072298385074191e+02 4.601236175914116302e+02
2.142875084442451923e-04 1.922559975370361371e+03 9.024445995099571292e+02 5.111462136055980068e+02
2.389362923277018713e-04 2.159025399450109944e+03 1.013558132554123631e+03 5.741114947378869147e+02
2.664203443578849946e-04 2.412749244212217491e+03 1.132808589179238425e+03 6.416984093355234791e+02
2.970657960592480913e-04 2.673066907525057559e+03 1.255197625619537803e+03 7.110793835991632932e+02
3.312362927876497001e-04 2.989378780011146318e+03 1.403889177721531269e+03 7.953702701424263068e+02
3.693373088223966556e-04 3.334365729620417369e+03 1.566063800335874475e+03 8.873134070365387061e+02
4.118209588090659132e-04 3.706793885077738196e+03 1.741128054418525380e+03 9.865729210666047493e+02
4.591913626466918256e-04 4.141515593132765389e+03 1.945413382785009389e+03 1.102394775432505867e+03
5.120106274801957584e-04 4.605652094944351120e+03 2.163471473703284119e+03 1.226029128705935136e+03
5.709055177816341068e-04 5.131429805388469504e+03 2.410401038889274787e+03 1.366023409926687236e+03
6.365748926688486646e-04 5.721940349792908819e+03 2.687619403892474111e+03 1.523173416408634012e+03
7.097979987143026312e-04 6.362510663689407920e+03 2.988220962379924913e+03 1.693563700610460501e+03
7.914437166483044659e-04 7.074708617298041645e+03 3.322313871900116283e+03 1.882915192463882477e+03
8.824808716799498404e-04 7.867413082237274466e+03 3.694053373191756691e+03 2.093574725731037233e+03
9.839897297802024153e-04 8.744863971925242367e+03 4.105431895649238868e+03 2.326668711593329590e+03
1.097174816344422205e-03 9.715816045375469912e+03 4.560582144294767204e+03 2.584539650862178405e+03
1.223379209343287413e-03 1.078097244340895486e+04 5.059869142677329364e+03 2.867397825203232969e+03
1.364100476567608111e-03 1.193730679051080006e+04 5.601867663664065731e+03 3.174437371225307288e+03
1.521008446081769522e-03 1.321686512215596485e+04 6.201693568212913306e+03 3.514243792059794487e+03
1.695965020753673102e-03 1.460564304109591831e+04 6.852771857176146113e+03 3.883101683750697248e+03
1.891046271984591709e-03 1.610819031788423854e+04 7.557279617002956002e+03 4.282258913713489164e+03
2.108567074807741158e-03 1.772423013030744551e+04 8.315109324995399220e+03 4.711662364278590758e+03
2.351108576680822643e-03 1.946263588584007812e+04 9.130483473111004059e+03 5.173720572477918722e+03
2.621548825923003187e-03 2.130947911125661994e+04 9.996884319465529188e+03 5.664753032103754776e+03
2.923096923239734257e-03 2.326600298641419067e+04 1.091499157763167386e+04 6.185175136246096372e+03
3.259331101584665453e-03 2.531423931492664269e+04 1.187639138099882439e+04 6.730235796347946234e+03
3.634241186222156913e-03 2.743725207216835770e+04 1.287325864428453133e+04 7.295537902113023847e+03
4.052275938830490927e-03 2.961129044515863643e+04 1.389451467174324353e+04 7.874826998115249808e+03
4.518395847440812539e-03 3.181612867275581812e+04 1.493087872230670473e+04 8.462902200887650906e+03
5.038131988628217865e-03 3.401917140266819479e+04 1.596721150549199047e+04 9.051246518153431680e+03
5.617651660426248826e-03 3.618142220343067311e+04 1.698527851526714221e+04 9.629554796217656985e+03
6.263831564778516575e-03 3.826414296491802816e+04 1.796716048640201552e+04 1.018773678819274755e+04
6.984339407925946493e-03 4.022190531566677237e+04 1.889172994754405590e+04 1.071387096346608087e+04
7.787724887016851671e-03 4.200561396463432175e+04 1.973616723366348378e+04 1.119507553868003379e+04
8.683521142606049834e-03 4.356025383421818697e+04 2.047486811881880567e+04 1.161689143264578524e+04
9.682357880899711625e-03 4.484090156722773099e+04 2.108692939093822133e+04 1.196750391525268969e+04
1.079608750807801998e-02 4.573510489437531942e+04 2.151955222409695125e+04 1.221692528431163555e+04
1.203792577343234388e-02 4.617995012576346198e+04 2.174318876490323964e+04 1.234835444681751142e+04
1.342260859021738965e-02 4.613584948950419493e+04 2.173913273902265428e+04 1.235114493042415961e+04
1.496656689508787767e-02 4.553780427538813092e+04 2.147627691242875881e+04 1.220741596746910182e+04
1.668812162103823840e-02 4.432872792667213071e+04 2.092709491875406093e+04 1.190133820326120076e+04
1.860770109743517184e-02 4.248301001831702888e+04 2.007848753560632758e+04 1.142518965221663530e+04
2.074808345685756270e-02 4.001350531863586366e+04 1.893510007151990430e+04 1.078126260259460832e+04
2.313466692519383291e-02 3.697706177513418515e+04 1.752180137049172845e+04 9.983107012444603242e+03
2.579577120231610690e-02 3.349520749818488548e+04 1.589427013289153911e+04 9.061964275560931128e+03
2.876297350957714855e-02 2.975430552371889644e+04 1.413892497212993840e+04 8.066581710974683119e+03
3.207148329174031032e-02 2.599205006870435318e+04 1.236731521250812511e+04 7.060159420624495397e+03
3.576056001963404812e-02 2.247159177581396216e+04 1.070464543357432194e+04 6.114116708620363170e+03
3.987397905126498221e-02 1.943319391588399958e+04 9.267531858738195297e+03 5.295613191665403974e+03
4.446055107939526907e-02 1.703094200417650063e+04 8.133651896373488853e+03 4.650019894226097676e+03
4.957470132945773766e-02 1.528380595428031484e+04 7.317433887022249110e+03 4.186830784040058461e+03
5.527711538069327024e-02 1.403415728278738970e+04 6.747101708904781844e+03 3.865809648835136159e+03
6.163545927395905344e-02 1.296139638812673547e+04 6.266524729736891459e+03 3.597003776001117785e+03
6.872518245115814828e-02 1.163636514952971083e+04 5.654839034114149399e+03 3.250517887906430587e+03
7.663041305413779980e-02 9.878326306994458719e+03 4.806139661768291262e+03 2.761306626081836384e+03
8.544495620686157200e-02 7.948006872567547362e+03 3.843735396057643811e+03 2.199562373974772072e+03
9.527340712667957401e-02 6.375533159376604999e+03 3.054815085060053661e+03 1.737482118836472637e+03
1.062323922731101822e-01 5.427410737336612328e+03 2.609169552519830631e+03 1.482553630222313814e+03
1.184519532618636822e-01 4.840879663813169827e+03 2.376846353091357742e+03 1.359847225584779153e+03
1.320770899659224340e-01 4.139169569535839400e+03 2.059462689401539137e+03 1.180830370883940077e+03
1.472694811144383831e-01 3.315169959539012780e+03 1.627110214764506509e+03 9.204796956627670852e+02
1.642094028064348954e-01 2.711171125741587275e+03 1.330615957891481457e+03 7.466059753687403600e+02
1.830978677048002712e-01 2.284798032607449386e+03 1.162782921410309655e+03 6.603487448301873428e+02
2.041590102946942431e-01 1.854370969582327234e+03 9.549489396359482498e+02 5.381569375119846654e+02
2.276427465103479653e-01 1.491668715646807641e+03 7.820400298036503273e+02 4.370512474106671448e+02
2.538277392899435103e-01 1.195566099666848004e+03 6.561682261676739927e+02 3.699353771126245647e+02
2.830247052484705095e-01 9.381426767962511803e+02 5.366574478351016069e+02 3.004322712684682983e+02
3.155801017062329072e-01 7.235271415909770667e+02 4.427461917091077339e+02 2.497543111379386573e+02
3.518802378240603601e-01 5.436575534751157193e+02 3.617001143619277173e+02 2.047104411585498553e+02
3.923558586288135031e-01 3.954064361600872530e+02 2.944650626750303672e+02 1.684322386702638710e+02
4.374872563241952172e-01 2.753064030483903366e+02 2.380753544461857700e+02 1.383057082839892473e+02
4.878099695387512202e-01 1.805190450020534456e+02 1.907808316106798259e+02 1.132688815390815762e+02
5.439211381395319123e-01 1.083428156110687297e+02 1.512355334456370031e+02 9.257170174366692095e+01
6.064865890189676811e-01 5.597304305097812005e+01 1.182539087909022442e+02 7.543145122984847717e+01
6.762487369363893164e-01 2.037077876475756710e+01 9.088801786558342144e+01 6.122054509808087630e+01
7.540353941672404137e-01 -1.733111916767492433e+00 6.837808402116515083e+01 4.943281349403937952e+01
8.407695934971151086e-01 -1.367108875461632245e+01 5.009547326193608541e+01 3.964884775934856975e+01
9.374805411223435803e-01 -1.857512925813426463e+01 3.551433160401916922e+01 3.153354526436171312e+01
1.045315829426528564e+00 -1.910980378230123833e+01 2.416581159545231472e+01 2.481468870594644471e+01
1.165555054552403824e+00 -1.730730605492954055e+01 1.560764113078304582e+01 1.927183100430931262e+01
1.299625000357985227e+00 -1.454544219553532436e+01 9.403537556798122310e+00 1.472911067303283161e+01
1.449116568932995452e+00 -1.164420054693303186e+01 5.118341885454701590e+00 1.104192134394852154e+01
1.615803658576671964e+00 -9.017366201248401936e+00 2.328811103977561192e+00 8.090208532313116763e+00
1.801664213246928048e+00 -6.822662277227386163e+00 6.436116250990345788e-01 5.770495060430262058e+00
2.008903693258128342e+00 -5.076731880738090119e+00 -2.751375943540586011e-01 3.989428380162194809e+00
2.239981245735629400e+00 -3.731168445768548114e+00 -6.981343786344461622e-01 2.660004047398404126e+00
2.497638885371206374e+00 -2.716140235790625912e+00 -8.257150364648502272e-01 1.699806056939528798e+00
2.784934031744384253e+00 -1.961428263983550080e+00 -7.948704666949443221e-01 1.031701426770019969e+00
3.105275789304232426e+00 -1.406115475600580034e+00 -6.920370730565653661e-01 5.858432904790384921e-01
3.462465400517639402e+00 -1.000761397364227090e+00 -5.672632857442783116e-01 3.019611842081956765e-01
3.860741352209485999e+00 0.000000000000000000e+00 -4.465813583725897207e-01 1.308285576634614089e-01
4.304829670336041580e+00 0.000000000000000000e+00 -3.414875665169777030e-01 3.448855568655700282e-02
4.799999999999999822e+00 0.000000000000000000e+00 -2.553544201616296805e-01 -1.470799606162264718e-02
