1.000000000230258569e-04 1.207761107004919410e+02 4.961951271849550693e+01 2.708597765911496325e+01
1.115026695290953366e-04 1.364257312253570831e+02 5.604928982181934316e+01 3.059780029767020437e+01
1.243284530925187648e-04 1.542111053507243810e+02 6.335574590430080377e+01 3.458726337783559046e+01
1.386295441504667143e-04 1.725318841514809947e+02 7.088632263046480375e+01 3.869779834986119482e+01
1.545756424481938766e-04 1.908945231057661260e+02 7.843228254920013853e+01 4.281735695446361945e+01
1.723559677317991945e-04 2.116865937234173884e+02 8.697673356495246821e+01 4.748196068922916879e+01
1.921815050694108094e-04 2.375633539922222326e+02 9.761249711798768658e+01 5.328929321758550230e+01
2.142875084442451923e-04 2.663938684193527706e+02 1.094648452936073539e+02 5.976079700814715778e+01
2.389362923277018713e-04 2.955428553853221274e+02 1.214479785610909204e+02 6.630279478091247825e+01
2.664203443578849946e-04 3.300458078502433636e+02 1.356329710618594504e+02 7.404718739897653279e+01
2.970657960592480913e-04 3.694742956146095025e+02 1.518483072665974589e+02 8.290152929488905897e+01
3.312362927876497001e-04 4.106287626720808817e+02 1.687688863310655165e+02 9.214066466432232971e+01
3.693373088223966556e-04 4.598699701111596028e+02 1.890223608597911493e+02 1.032005811888802640e+02
4.118209588090659132e-04 5.115370243044381482e+02 2.102673642796749220e+02 1.148010871641170638e+02
4.591913626466918256e-04 5.718932415092390329e+02 2.350938567418027390e+02 1.283594978751880546e+02
5.120106274801957584e-04 6.378845251417546933e+02 2.622292507268215331e+02 1.431781191180242274e+02
5.709055177816341068e-04 7.106500619791037252e+02 2.921477189951826290e+02 1.595170141144636489e+02
6.365748926688486646e-04 7.927323601540615527e+02 3.258985209159729379e+02 1.779501613764559806e+02
7.097979987143026312e-04 8.843153418194515325e+02 3.635505100501108586e+02 1.985141392750874729e+02
7.914437166483044659e-04 9.859589749181512843e+02 4.053296336730406892e+02 2.213322106319238571e+02
8.824808716799498404e-04 1.098991808804588345e+03 4.517805297454800098e+02 2.467011739684978693e+02
9.839897297802024153e-04 1.225562573995303637e+03 5.037964887502959641e+02 2.751107465137686745e+02
1.097174816344422205e-03 1.365249211508662938e+03 5.611975030452231294e+02 3.064613320740989479e+02
1.223379209343287413e-03 1.520535117830681884e+03 6.249947629701922551e+02 3.413033383792634936e+02
1.364100476567608111e-03 1.691948516639941090e+03 6.954116495513396785e+02 3.797594513165670378e+02
1.521008446081769522e-03 1.882343889458404192e+03 7.736343439907511765e+02 4.224795513694070905e+02
1.695965020753673102e-03 2.093224901641790893e+03 8.602858130841191269e+02 4.698046467149280261e+02
1.891046271984591709e-03 2.325431275368844581e+03 9.556989973339691460e+02 5.219152950601002203e+02
2.108567074807741158e-03 2.581274950534436812e+03 1.060837241016776716e+03 5.793399185501410784e+02
2.351108576680822643e-03 2.861994891188347992e+03 1.176204180090751834e+03 6.423528455631039833e+02
2.621548825923003187e-03 3.169174040573079765e+03 1.302424264975899177e+03 7.112904420138165733e+02
2.923096923239734257e-03 3.505302196829460627e+03 1.440605890185252974e+03 7.867741411274034817e+02
3.259331101584665453e-03 3.870889035553779649e+03 1.590905248911748004e+03 8.688801802879011120e+02
3.634241186222156913e-03 4.267461996895962329e+03 1.753991822452158431e+03 9.579823528316846932e+02
4.052275938830490927e-03 4.695391919643953770e+03 1.929987695648793760e+03 1.054142585601611472e+03
4.518395847440812539e-03 5.155315142985664352e+03 2.119228533388878532e+03 1.157558244569458338e+03
5.038131988628217865e-03 5.646881996268040893e+03 2.321552888402856297e+03 1.268138195613453718e+03
5.617651660426248826e-03 6.169073095375652883e+03 2.536575280059033048e+03 1.385679064599256890e+03
6.263831564778516575e-03 6.719828249489484733e+03 2.763484252727384956e+03 1.509744819566434899e+03
6.984339407925946493e-03 7.296200124153068828e+03 3.001111588908697740e+03 1.639706595968534657e+03
7.787724887016851671e-03 7.892107250201037459e+03 3.247010485782629530e+03 1.774236026785860759e+03
8.683521142606049834e-03 8.501475100624102197e+03 3.498744941704332632e+03 1.912014852650640023e+03
9.682357880899711625e-03 9.114602733938874735e+03 3.752402502580235250e+03 2.050916474621720226e+03
1.079608750807801998e-02 9.721265900674852674e+03 4.003871380179164134e+03 2.188711880972038671e+03
1.203792577343234388e-02 1.030693230723816305e+04 4.247280145370144965e+03 2.322210553547643030e+03
1.342260859021738965e-02 1.085396384340473196e+04 4.475482625598404411e+03 2.447518925537200175e+03
1.496656689508787767e-02 1.134252750296955492e+04 4.680439557860476270e+03 2.560256934701486898e+03
1.668812162103823840e-02 1.174985945045761582e+04 4.852903511569792499e+03 2.655387038685129028e+03
1.860770109743517184e-02 1.205116556801522529e+04 4.982759740201254317e+03 2.727389737385074568e+03
2.074808345685756270e-02 1.222161096652742708e+04 5.059808772642687472e+03 2.770676524509670799e+03
2.313466692519383291e-02 1.223902260188928267e+04 5.074898393694023980e+03 2.780229001809043439e+03
2.579577120231610690e-02 1.208801612058295541e+04 5.021575593721203404e+03 2.752500307560000692e+03
2.876297350957714855e-02 1.176424031433700657e+04 4.897798871731152758e+03 2.686316740934895279e+03
3.207148329174031032e-02 1.127950850285733759e+04 4.708112484959027825e+03 2.584098386290240342e+03
3.576056001963404812e-02 1.066464948055202331e+04 4.464915612173742375e+03 2.452577590390522801e+03
3.987397905126498221e-02 9.969677085327963141e+03 4.188638036211511462e+03 2.302891225595557444e+03
4.446055107939526907e-02 9.256452356053292533e+03 3.904952178132882636e+03 2.149104003881118388e+03
4.957470132945773766e-02 8.584393016422394794e+03 3.638986940912193859e+03 2.005058953524167237e+03
5.527711538069327024e-02 7.991462603214816227e+03 3.407426226426315679e+03 1.880037146486012716e+03
6.163545927395905344e-02 7.469726641896726505e+03 3.207725847720120328e+03 1.772757947908178721e+03
6.872518245115814828e-02 6.957696129826142169e+03 3.013688236827894798e+03 1.668758353230598459e+03
7.663041305413779980e-02 6.363082163454597321e+03 2.783559518072127048e+03 1.544611633400447545e+03
8.544495620686157200e-02 5.630167037203005748e+03 2.488675648610929329e+03 1.383720252894930127e+03
9.527340712667957401e-02 4.817092835558403749e+03 2.150654925389162145e+03 1.197494411812964472e+03
1.062323922731101822e-01 4.081583165720051511e+03 1.841836318281060585e+03 1.026667689755504171e+03
1.184519532618636822e-01 3.536955959711483501e+03 1.622427035533876960e+03 9.064845306236554734e+02
1.320770899659224340e-01 3.119899882952966436e+03 1.468051017385361774e+03 8.240728173268686305e+02
1.472694811144383831e-01 2.666902701058898856e+03 1.289640587352356079e+03 7.269026688049865470e+02
1.642094028064348954e-01 2.172847026581018326e+03 1.073456191694805057e+03 6.049982878890008351e+02
1.830978677048002712e-01 1.777958451938153758e+03 9.076631349515236025e+02 5.124790798734013606e+02
2.041590102946942431e-01 1.468247126871171304e+03 7.944659551636826791e+02 4.528128213465706153e+02
2.276427465103479653e-01 1.160048370734181617e+03 6.637215374683721620e+02 3.794404753759443452e+02
2.538277392899435103e-01 8.968951102781254576e+02 5.532101735757784127e+02 3.177167749225281455e+02
2.830247052484705095e-01 6.761100432898965664e+02 4.670652438064171861e+02 2.720154835466263421e+02
3.155801017062329072e-01 4.839040604570014921e+02 3.836406829607927307e+02 2.252001338028477448e+02
3.518802378240603601e-01 3.252438795365990245e+02 3.169920413784597599e+02 1.899270142567655171e+02
3.923558586288135031e-01 1.958192008566262245e+02 2.574718464725210083e+02 1.574787309844383287e+02
4.374872563241952172e-01 9.472658083128278861e+01 2.073236561680803902e+02 1.308342805141423639e+02
4.878099695387512202e-01 1.995593342129595626e+01 1.644863122954909898e+02 1.081944600023204259e+02
5.439211381395319123e-01 -3.082677788080754766e+01 1.280506805855352468e+02 8.892849069189378497e+01
6.064865890189676811e-01 -6.076912241312272300e+01 9.735018492336732265e+01 7.267513029762436361e+01
6.762487369363893164e-01 -7.383958692609918728e+01 7.174580892164460977e+01 5.896663078289239479e+01
7.540353941672404137e-01 -7.457396088153019775e+01 5.072164088178298869e+01 4.739453391719634112e+01
8.407695934971151086e-01 -6.755084932368659167e+01 3.384930993613289729e+01 3.765381579996893890e+01
9.374805411223435803e-01 -5.677415282019658349e+01 2.073520181618209435e+01 2.947970755939852339e+01
1.045315829426528564e+00 -4.520810110106359758e+01 1.098311703245253668e+01 2.265662845876139286e+01
1.165555054552403824e+00 -3.463906958886760634e+01 4.160204773424744040e+00 1.700847088528022866e+01
1.299625000357985227e+00 -2.585274822313202492e+01 -2.191283936080456463e-01 1.239421017719909734e+01
1.449116568932995452e+00 -1.897298144326227387e+01 -2.681745402391289446e+00 8.695380470679850760e+00
1.615803658576671964e+00 -1.378446344623730901e+01 -3.758250436983394671e+00 5.806081179581437546e+00
1.801664213246928048e+00 -9.959692227832775302e+00 -3.933269648430011589e+00 3.625525663207374905e+00
2.008903693258128342e+00 -7.176997610717263498e+00 -3.601847774606584895e+00 2.051434475273576918e+00
2.239981245735629400e+00 -5.165945606367173148e+00 -3.048253196950839516e+00 9.779431760391972261e-01
2.497638885371206374e+00 -3.717290262437766835e+00 -2.450538737968269931e+00 2.977540736275986477e-01
2.784934031744384253e+00 -2.674895349187039084e+00 -1.902816987773869650e+00 -9.187714457289017367e-02
3.105275789304232426e+00 -1.924791377064676734e+00 -1.442958918361663123e+00 -2.820823835228381538e-01
3.462465400517639402e+00 -1.384967085232787776e+00 -1.076817962292134334e+00 -3.468636261620179351e-01
3.860741352209485999e+00 -9.962592055321253248e-01 -7.949256782408087307e-01 -3.409589856936272034e-01
4.304829670336041580e+00 -7.162818901302558938e-01 -5.825646429542071791e-01 -3.011530101023854322e-01
4.799999999999999822e+00 -5.146449630621289240e-01 -4.248526249671036314e-01 -2.497954687008812069e-01
