1.000000000230258569e-04 3.418443438826780607e+02 1.455331123598797660e+02 8.052496194505692984e+01
1.115026695290953366e-04 3.751144497200069168e+02 1.596683256303164171e+02 8.834281180525404409e+01
1.243284530925187648e-04 4.173091853622552208e+02 1.775992544395842287e+02 9.826218773147999741e+01
1.386295441504667143e-04 4.694079026149130414e+02 1.997426045018791569e+02 1.105109568364574386e+02
1.545756424481938766e-04 5.277973769932324331e+02 2.245485530608065972e+02 1.242329707876241685e+02
1.723559677317991945e-04 5.863139399318126834e+02 2.493830425991658046e+02 1.379674987395310382e+02
1.921815050694108094e-04 6.442460017194071042e+02 2.739335627886069915e+02 1.515430890314946168e+02
2.142875084442451923e-04 7.114572203357356557e+02 3.024017357263613803e+02 1.672832471779844639e+02
2.389362923277018713e-04 7.958548243140776322e+02 3.381621079489888757e+02 1.870561281294717730e+02
2.664203443578849946e-04 8.867546682504182627e+02 3.766495220942616129e+02 2.083345320447811844e+02
2.970657960592480913e-04 9.775208603697302578e+02 4.150229450537942739e+02 2.295440090963010391e+02
3.312362927876497001e-04 1.088328599858794405e+03 4.618936666964679603e+02 2.554511692055932599e+02
3.693373088223966556e-04 1.210206046769208797e+03 5.134456835136950303e+02 2.839455436232670991e+02
4.118209588090659132e-04 1.338547385951009801e+03 5.677130600521611541e+02 3.139377965261774079e+02
4.591913626466918256e-04 1.490585051217550472e+03 6.320836143489864298e+02 3.495209472990133577e+02
5.120106274801957584e-04 1.649199528639509708e+03 6.992589119668066360e+02 3.866553965140346349e+02
5.709055177816341068e-04 1.830869467448934984e+03 7.763202857910846433e+02 4.292673169664836905e+02
6.365748926688486646e-04 2.032101796554118437e+03 8.617984820158742423e+02 4.765462126893052641e+02
7.097979987143026312e-04 2.248695028847566391e+03 9.539301052707905910e+02 5.275204835843563842e+02
7.914437166483044659e-04 2.489353152990898707e+03 1.056456335428164721e+03 5.842658842151680574e+02
8.824808716799498404e-04 2.756162116089772098e+03 1.170282306376895122e+03 6.472878065532544269e+02
9.839897297802024153e-04 3.050158006349643074e+03 1.295851752813071471e+03 7.168324481854712076e+02
1.097174816344422205e-03 3.375077433597515665e+03 1.434751589260486980e+03 7.937781294798857061e+02
1.223379209343287413e-03 3.732797101092553021e+03 1.587769461024112388e+03 8.785600312891918975e+02
1.364100476567608111e-03 4.119031636192581573e+03 1.753039792060737682e+03 9.701398503939395823e+02
1.521008446081769522e-03 4.549403035551012181e+03 1.937241039725814744e+03 1.072219646399935982e+03
1.695965020753673102e-03 5.016162781601658935e+03 2.137011558755475562e+03 1.182930474344886079e+03
1.891046271984591709e-03 5.525246253667938618e+03 2.354886785675625561e+03 1.303677563337605989e+03
2.108567074807741158e-03 6.078146701496354581e+03 2.591493555142425521e+03 1.434807309470082146e+03
2.351108576680822643e-03 6.675672722476089803e+03 2.847156940229725933e+03 1.576496593797596233e+03
2.621548825923003187e-03 7.321267486318303781e+03 3.123367386812229597e+03 1.729577411487357949e+03
2.923096923239734257e-03 8.013938671061448076e+03 3.419696850756411095e+03 1.893816294789228095e+03
3.259331101584665453e-03 8.754536743980956089e+03 3.736550664467411025e+03 2.069450442778409979e+03
3.634241186222156913e-03 9.537201664793725286e+03 4.071396055291978882e+03 2.255068274816508165e+03
4.052275938830490927e-03 1.036107334877945686e+04 4.423924286075708551e+03 2.450499609502664043e+03
4.518395847440812539e-03 1.122092643766107358e+04 4.791979704990819300e+03 2.654568198390794805e+03
5.038131988628217865e-03 1.210970273406385422e+04 5.172489251049916675e+03 2.865599715086406832e+03
5.617651660426248826e-03 1.302077988228888535e+04 5.562775784367310735e+03 3.082116622103951158e+03
6.263831564778516575e-03 1.394304605339195768e+04 5.958103289168310766e+03 3.301505213357040702e+03
6.984339407925946493e-03 1.486429447332904965e+04 6.353343867472634884e+03 3.520942879529410675e+03
7.787724887016851671e-03 1.576971583508405638e+04 6.742253832284373857e+03 3.736989741706818222e+03
8.683521142606049834e-03 1.664192268926731049e+04 7.117505537500385799e+03 3.945609021001067504e+03
9.682357880899711625e-03 1.746500518960000772e+04 7.472404615017498145e+03 4.143112946865569029e+03
1.079608750807801998e-02 1.820545486482593697e+04 7.792732146836629909e+03 4.321635033281209871e+03
1.203792577343234388e-02 1.883895716743763842e+04 8.068181540337903243e+03 4.475473853461254294e+03
1.342260859021738965e-02 1.933744891299049777e+04 8.286845901707876692e+03 4.598044044076480532e+03
1.496656689508787767e-02 1.967430454106053367e+04 8.437397751342641641e+03 4.683069713809171844e+03
1.668812162103823840e-02 1.981650025889649987e+04 8.505681659588861294e+03 4.722680553422160301e+03
1.860770109743517184e-02 1.973565487857544576e+04 8.479485871720526120e+03 4.710078613722967020e+03
2.074808345685756270e-02 1.941035716327021146e+04 8.349472472220468262e+03 4.640042992074252652e+03
2.313466692519383291e-02 1.882729813407159236e+04 8.109634627661583181e+03 4.509163958763437222e+03
2.579577120231610690e-02 1.799008046537726113e+04 7.760991181870197579e+03 4.317848643442575849e+03
2.876297350957714855e-02 1.692420209230814362e+04 7.313971026226822687e+03 4.071775143902014406e+03
3.207148329174031032e-02 1.567999627998492360e+04 6.789550623941953745e+03 3.782455898936765152e+03
3.576056001963404812e-02 1.433353092620102143e+04 6.219887823867789848e+03 3.467634317066224867e+03
3.987397905126498221e-02 1.297717647631800355e+04 5.644523904582119030e+03 3.149239109272944461e+03
4.446055107939526907e-02 1.170654770924802324e+04 5.105047126921688687e+03 2.850490203108315200e+03
4.957470132945773766e-02 1.059611845501290918e+04 4.634612305518652647e+03 2.590017411324229215e+03
5.527711538069327024e-02 9.670693735807804842e+03 4.245336399489076939e+03 2.374823617006103632e+03
6.163545927395905344e-02 8.889132612663408509e+03 3.920268924167555269e+03 2.195619283588373492e+03
6.872518245115814828e-02 8.135933778716086636e+03 3.607862715897061207e+03 2.023395254868313259e+03
7.663041305413779980e-02 7.277230879988835113e+03 3.245029041435574982e+03 1.822057977650376870e+03
8.544495620686157200e-02 6.272532389866774793e+03 2.808267300059358149e+03 1.577407565545689295e+03
9.527340712667957401e-02 5.240647936435574593e+03 2.349321913647658675e+03 1.318318176407859710e+03
1.062323922731101822e-01 4.385564292170020053e+03 1.968261709642749338e+03 1.102768123944017589e+03
1.184519532618636822e-01 3.793975134311399415e+03 1.716681564355290675e+03 9.622918542687450554e+02
1.320770899659224340e-01 3.332216801050654794e+03 1.532179799876643756e+03 8.613785344609343611e+02
1.472694811144383831e-01 2.818275854566634280e+03 1.310398459680290898e+03 7.366591282642928036e+02
1.642094028064348954e-01 2.297327597961972060e+03 1.068872409869852163e+03 5.971969877158393274e+02
1.830978677048002712e-01 1.907576294407421756e+03 9.009293277127021611e+02 5.025469678161943534e+02
2.041590102946942431e-01 1.593445809052015647e+03 7.774080386971614871e+02 4.357173678855617140e+02
2.276427465103479653e-01 1.287834731286304986e+03 6.408119856301126447e+02 3.571194872655196377e+02
2.538277392899435103e-01 1.035337059559869658e+03 5.343715446258275961e+02 2.975588594623331460e+02
2.830247052484705095e-01 8.208799716450639608e+02 4.468940173616805396e+02 2.496520102889472525e+02
3.155801017062329072e-01 6.359158601613534074e+02 3.684742634864355750e+02 2.055999726807966397e+02
3.518802378240603601e-01 4.806895781246830097e+02 3.046325422081012562e+02 1.710097566279519015e+02
3.923558586288135031e-01 3.508781355324339870e+02 2.498745699661040192e+02 1.411661756734980600e+02
4.374872563241952172e-01 2.444451713047112378e+02 2.038461996519613137e+02 1.164607101495866743e+02
4.878099695387512202e-01 1.593064175358405805e+02 1.651150371326169193e+02 9.596275122777103661e+01
5.439211381395319123e-01 9.354936083286641235e+01 1.324805248561786755e+02 7.886142881180809638e+01
6.064865890189676811e-01 4.518909114973298102e+01 1.050532906411126959e+02 6.463333866458725652e+01
6.762487369363893164e-01 1.197584813337382315e+01 8.208562526062682707e+01 5.279955933760690812e+01
7.540353941672404137e-01 -8.664428929963197135e+00 6.295976269758035926e+01 4.295131509125699409e+01
8.407695934971151086e-01 -1.955006662534657380e+01 4.717856519293385986e+01 3.475214666749229053e+01
9.374805411223435803e-01 -2.351756827640728531e+01 3.433562834679835163e+01 2.792739574316574647e+01
1.045315829426528564e+00 -2.313222011242025644e+01 2.408403232269930783e+01 2.224777061143667112e+01
1.165555054552403824e+00 -2.044835538920597884e+01 1.611430265364641912e+01 1.753044032772688965e+01
1.299625000357985227e+00 -1.690371052299113686e+01 1.012849089370626388e+01 1.362714204060540979e+01
1.449116568932995452e+00 -1.336067124256686078e+01 5.825705918650870174e+00 1.041787291658780390e+01
1.615803658576671964e+00 -1.024233099637627653e+01 2.898184844272339244e+00 7.805730384918527776e+00
1.801664213246928048e+00 -7.689726112378764356e+00 1.040282230194705670e+00 5.709335998690218794e+00
2.008903693258128342e+00 -5.691704238696358331e+00 -3.443166441835906338e-02 4.058617851126381737e+00
2.239981245735629400e+00 -4.172093102023489486e+00 -5.747699791693930971e-01 2.790072188720780222e+00
2.497638885371206374e+00 -3.037381558514047786e+00 -7.792104592949381514e-01 1.843798533093414349e+00
2.784934031744384253e+00 -2.200122167576720411e+00 -7.927333197474318860e-01 1.162230660626492718e+00
3.105275789304232426e+00 -1.587262043124690658e+00 -7.121235371629026645e-01 6.906276637184500800e-01
3.462465400517639402e+00 -1.140914944091588668e+00 -5.962285055639157116e-01 3.787885234903407561e-01
3.860741352209485999e+00 -8.170898927469006923e-01 -4.772589123349804119e-01 1.829959691944064992e-01
4.304829670336041580e+00 -5.828744337986657698e-01 -3.704854438200455569e-01 6.741899924170609293e-02
4.799999999999999822e+00 0.000000000000000000e+00 -2.813468594191335659e-01 4.457400838655725846e-03
