1.000000000230258569e-04 3.561229489545351043e+03 1.563831296043413658e+03 8.865246469988205718e+02
1.115486563971542785e-04 3.992271333830304229e+03 1.750779692545945409e+03 9.922822805690241239e+02
1.244310274114527074e-04 4.429811274289002540e+03 1.939228571734642401e+03 1.098750602597279794e+03
1.388011391866901154e-04 4.934985237079384206e+03 2.156371654932835554e+03 1.221378337829479278e+03
1.548308057910457113e-04 5.559732489075082412e+03 2.425456539381182665e+03 1.373374654051681773e+03
1.727116835090306587e-04 6.243607397759256855e+03 2.719158843798195903e+03 1.539161174568156639e+03
1.926575623508681512e-04 6.948880011241441025e+03 3.020184699876328978e+03 1.708840835125548892e+03
2.149069222004190347e-04 7.797280665226846395e+03 3.383395714320069146e+03 1.913635867485735616e+03
2.397257841638464457e-04 8.735760674261910026e+03 3.785466296162178878e+03 2.140306127562032998e+03
2.674108912107391479e-04 9.742976204770817276e+03 4.216917276410940758e+03 2.383448350785904495e+03
2.982932561365508645e-04 1.091684156264243938e+04 4.722926520199214792e+03 2.668883636077879146e+03
3.327421192670277522e-04 1.216394079115289787e+04 5.261969666609457818e+03 2.973034856791805396e+03
3.711693632243215748e-04 1.357378351504999591e+04 5.875674972053959209e+03 3.319776963036214511e+03
4.140344375392690035e-04 1.513805454357087910e+04 6.561114790728574008e+03 3.707571373406547082e+03
4.618498519902246974e-04 1.682666925672460275e+04 7.305649711535186725e+03 4.129365265403851481e+03
5.151873043487156757e-04 1.869370772357533860e+04 8.134040638498352564e+03 4.599378363650809661e+03
5.746845157973842983e-04 2.075748696146854127e+04 9.054702554780104037e+03 5.122500682330272866e+03
6.410528557468661917e-04 2.303012883362757202e+04 1.007292247420936110e+04 5.701766868171936039e+03
7.150858472165629249e-04 2.553820784397897660e+04 1.120006164248106506e+04 6.343604736603362653e+03
7.976686544726134401e-04 2.829024904739479462e+04 1.243909046941465567e+04 7.049625067808827225e+03
8.897886663605780169e-04 3.128116251474171440e+04 1.378690528353090122e+04 7.817961739012471298e+03
9.925473018708411317e-04 3.459725472360802087e+04 1.528164628894409179e+04 8.670271939833275610e+03
1.107173179088194286e-03 3.821337570179665636e+04 1.691092425702695982e+04 9.599338066990339939e+03
1.235036804978161722e-03 4.214844008320666035e+04 1.868281996473569961e+04 1.060971493078245658e+04
1.377666961646263968e-03 4.641075335128896404e+04 2.060072943803465387e+04 1.170329671520213742e+04
1.536768984990051967e-03 5.103920826602099987e+04 2.268185727094995309e+04 1.288986027292237850e+04
1.714245154289869167e-03 5.600448899969039485e+04 2.491292281936604559e+04 1.416179905052677168e+04
1.912217436523370962e-03 6.133164931040831289e+04 2.730535967300262928e+04 1.552564674816001570e+04
2.133052857342773462e-03 6.698647803928416397e+04 2.984382487608241718e+04 1.697261559930599833e+04
2.379391802059096454e-03 7.296522489698413119e+04 3.252724063860916067e+04 1.850231892382534352e+04
2.654179585009814029e-03 7.922592357964489202e+04 3.533727945617609657e+04 2.010460658663427239e+04
2.960701664764286197e-03 8.573070114034358994e+04 3.825728397091062652e+04 2.177020234864571830e+04
3.302622926212283368e-03 9.242333986617493792e+04 4.126222786643983272e+04 2.348448546403928776e+04
3.684031499205906151e-03 9.923583522335060115e+04 4.432246399960394774e+04 2.523086482720616550e+04
4.109487637665882979e-03 1.060480900837106019e+05 4.738505985113565112e+04 2.697937772958772621e+04
4.584078243567925488e-03 1.127483771209829283e+05 5.040063223358286632e+04 2.870204324050946161e+04
5.113477687716873853e-03 1.192009381183217483e+05 5.330918893831493187e+04 3.036483907088120031e+04
5.704015654503047893e-03 1.252568352026350185e+05 5.604505180759061477e+04 3.193064737104684536e+04
6.362752821816417166e-03 1.307181928508656711e+05 5.852030683873225644e+04 3.334954849545977777e+04
7.097565280973966440e-03 1.353709794995110715e+05 6.063977625183237978e+04 3.456729620480075391e+04
7.917238706014356406e-03 1.389883700506837631e+05 6.230260704632535635e+04 3.552648005162262416e+04
8.831573398280912271e-03 1.413202470377220889e+05 6.339743767603341257e+04 3.616366543495898804e+04
9.851501462242475554e-03 1.421151016274538415e+05 6.381091673933870334e+04 3.641402670129692706e+04
1.098921751354712747e-02 1.411375759609847155e+05 6.343622508757641481e+04 3.621600391262652556e+04
1.225832448210000328e-02 1.381947391958102526e+05 6.218522787464550493e+04 3.551887856782205199e+04
1.367399625343743499e-02 1.331756096005016007e+05 6.000443534800097405e+04 3.429147602603726409e+04
1.525315909299450497e-02 1.261029045690250205e+05 5.689866037455202604e+04 3.253504943959924640e+04
1.701469402243795462e-02 1.171907997090170975e+05 5.295826607972619968e+04 3.029983193885953369e+04
1.897966256774625410e-02 1.068768739635503589e+05 4.837384072329389164e+04 2.769353350349372340e+04
2.117155857815964867e-02 9.582599919799561030e+04 4.343958548982441425e+04 2.488301507458444394e+04
2.361658912683562567e-02 8.486535145622289565e+04 3.852706508683815628e+04 2.208050124537190277e+04
2.634398785175567220e-02 7.484747253923636163e+04 3.402588349356446997e+04 1.950979317739935141e+04
2.938636448329653983e-02 6.645901527062272362e+04 3.025859647119187866e+04 1.735799907497172535e+04
3.278009473753994152e-02 6.000274414481634449e+04 2.737988035061793926e+04 1.571732264489064073e+04
3.656575523702054742e-02 5.520155414119346824e+04 2.527897028303769548e+04 1.452741453865043150e+04
4.078860865897657173e-02 5.116776710530957644e+04 2.354959855051015256e+04 1.355483476722321939e+04
4.549914491170512637e-02 4.656402491677980288e+04 2.154097761346428160e+04 1.241751402740091726e+04
5.075368480951484434e-02 4.050451434106228407e+04 1.877730339373603420e+04 1.082692564512868739e+04
5.661505346402430361e-02 3.353083486499921128e+04 1.547404508969276139e+04 8.899255136584819411e+03
6.315333144310807112e-02 2.736875173604938027e+04 1.250713382351117798e+04 7.156068966811662904e+03
7.044669267860774464e-02 2.327567047606514097e+04 1.061439357165837100e+04 6.058559925991505224e+03
7.858233914112514040e-02 2.071158169056772749e+04 9.589198685750285222e+03 5.500061766902520503e+03
8.765754345719625751e-02 1.803247048209190325e+04 8.460389234998194297e+03 4.870925151763720351e+03
9.778081193473929511e-02 1.483510819219717996e+04 6.871243142132780122e+03 3.918047946604462140e+03
1.090731819023149224e-01 1.226469490360471536e+04 5.615576152045488925e+03 3.167934388542685156e+03
1.216696688736408766e-01 1.044010373844786591e+04 4.893465779115613259e+03 2.784888723157282584e+03
1.357208808401622890e-01 8.687691555695859279e+03 4.101203923384000518e+03 2.327638520701958441e+03
1.513948189927238619e-01 7.150618045267872731e+03 3.372767907282826854e+03 1.892530495182484401e+03
1.688788864024014236e-01 5.891710911350483912e+03 2.848418493763336301e+03 1.610766348354242837e+03
1.883821286769788717e-01 4.794102075681520546e+03 2.353251735815481879e+03 1.321935646012991583e+03
2.101377333831422056e-01 3.867065357953318198e+03 1.955176165474141271e+03 1.103830056581641884e+03
2.344058181183555356e-01 3.081180335477207336e+03 1.611590421499897957e+03 9.111293883201416293e+02
2.614765405675759102e-01 2.421362929498559424e+03 1.324205251641192945e+03 7.544467786198154045e+02
2.916735677297306317e-01 1.872711940554050670e+03 1.081149659665308263e+03 6.225145351207428348e+02
3.253579457932418983e-01 1.422902131511414609e+03 8.762494624386787336e+02 5.122764692772452690e+02
3.629324169301749725e-01 1.060691785181951900e+03 7.039585058357968137e+02 4.203601882404925618e+02
4.048462346221089470e-01 7.753004223416531886e+02 5.595387070725080321e+02 3.435767080899367443e+02
4.516005350914485406e-01 5.559655113001686004e+02 4.391761990466062002e+02 2.794070435339689880e+02
5.037543290608768043e-01 3.918171708341169506e+02 3.397342668223300848e+02 2.257934721453031557e+02
5.619311854805180140e-01 2.721844651339239363e+02 2.585620171453931562e+02 1.810440623892009455e+02
6.268266871357865977e-01 1.870838606825947465e+02 1.933435313867575189e+02 1.437876148706164372e+02
6.992167472777639503e-01 1.277527915889533858e+02 1.419513026713797785e+02 1.129125078292128705e+02
7.799668867126374749e-01 8.699563195498177492e+01 1.023500318966072484e+02 8.751035246372195786e+01
8.700425822703268253e-01 5.925524040815522397e+01 7.256462208160550631e+01 6.682254665120760251e+01
9.705208103821856280e-01 4.045426019104820625e+01 5.070479170056411533e+01 5.020411782755810748e+01
1.082602923786821769e+00 2.771601199811735228e+01 3.502673968462593734e+01 3.708057523308406189e+01
1.207629015322442267e+00 1.906556916234062982e+01 2.400502437637923947e+01 2.692175257281988010e+01
1.347093940544190405e+00 1.316793660718033721e+01 1.637782195931108831e+01 1.922891294593736689e+01
1.502665190738521561e+00 9.127768912049589289e+00 1.115725285907895703e+01 1.353414388177844963e+01
1.676202830030598223e+00 6.346074831752923195e+00 7.606700265742398770e+00 9.409932764190822141e+00
1.869781734959676811e+00 4.421505463763533150e+00 5.197889247120071943e+00 6.481655007452115314e+00
2.085716402426663674e+00 3.084104628153029992e+00 3.562806976762276534e+00 4.436574382965665642e+00
2.326588622626292402e+00 2.151242089679541447e+00 2.450043462305513842e+00 3.026167764951663841e+00
2.595278347831105226e+00 0.000000000000000000e+00 1.689881615594099440e+00 2.061776970474221926e+00
2.894998126105261083e+00 0.000000000000000000e+00 1.168365923280807239e+00 1.405552061946333975e+00
3.229331511649635278e+00 0.000000000000000000e+00 8.090167126978686785e-01 9.597743418315709540e-01
3.602275911025628830e+00 0.000000000000000000e+00 0.000000000000000000e+00 6.567513326342564461e-01
4.018290377542188097e+00 0.000000000000000000e+00 0.000000000000000000e+00 4.502916988597002179e-01
4.482348925252354732e+00 0.000000000000000000e+00 0.000000000000000000e+00 3.091764788884647785e-01
5.000000000000000888e+00 0.000000000000000000e+00 0.000000000000000000e+00 0.000000000000000000e+00
