1.000000000230258569e-04 7.649162090654790518e+02 3.417430640130626216e+02 1.912152567248789978e+02
1.115026695290953366e-04 8.330691157709859453e+02 3.721847465621268043e+02 2.082439115289759854e+02
1.243284530925187648e-04 9.203338005779706918e+02 4.111628781454911064e+02 2.300486724612147782e+02
1.386295441504667143e-04 1.030591397028114898e+03 4.604150505583803010e+02 2.576003267014677363e+02
1.545756424481938766e-04 1.156859980055611459e+03 5.168177243826143012e+02 2.891530131950020746e+02
1.723559677317991945e-04 1.283747060400929740e+03 5.734906464481301782e+02 3.208522399160576697e+02
1.921815050694108094e-04 1.405047959145538698e+03 6.276611962582085198e+02 3.511461644338369865e+02
2.142875084442451923e-04 1.540380044157837574e+03 6.880960836323570220e+02 3.849398207651426560e+02
2.389362923277018713e-04 1.713802416099635366e+03 7.655490870399207779e+02 4.282534959734456379e+02
2.664203443578849946e-04 1.906916461603851303e+03 8.518005032132947463e+02 4.764857099340991340e+02
2.970657960592480913e-04 2.092745668319569631e+03 9.347964336138356884e+02 5.228890691071222818e+02
3.312362927876497001e-04 2.313867521754071731e+03 1.033570822449226853e+03 5.781168447729444324e+02
3.693373088223966556e-04 2.568601438730803693e+03 1.147386820619588889e+03 6.417614133051383760e+02
4.118209588090659132e-04 2.822939120912991257e+03 1.261052247220295385e+03 7.053200709423986154e+02
4.591913626466918256e-04 3.133712724077534403e+03 1.399989381604359096e+03 7.830307137172309240e+02
5.120106274801957584e-04 3.446895365418309211e+03 1.540061419417798788e+03 8.613873665289983137e+02
5.709055177816341068e-04 3.816872180830474008e+03 1.705598701235893259e+03 9.540196412038961853e+02
6.365748926688486646e-04 4.210515768074737025e+03 1.881804910833264557e+03 1.052652669417591596e+03
7.097979987143026312e-04 4.637530460709489489e+03 2.073030726876748759e+03 1.159731366531956155e+03
7.914437166483044659e-04 5.115364099184803308e+03 2.287075660421350221e+03 1.279626437027788370e+03
8.824808716799498404e-04 5.640060279652957433e+03 2.522163764478334997e+03 1.411347248452233771e+03
9.839897297802024153e-04 6.211301605163639579e+03 2.778146277217922943e+03 1.554810303850328637e+03
1.097174816344422205e-03 6.834501038548131874e+03 3.057432699801244325e+03 1.711360815634117444e+03
1.223379209343287413e-03 7.521876940158716934e+03 3.365475582807737283e+03 1.884044961756803104e+03
1.364100476567608111e-03 8.264190197340310988e+03 3.698139677775337532e+03 2.070545485173728594e+03
1.521008446081769522e-03 9.068594620175887030e+03 4.058612218323222351e+03 2.272642793831276322e+03
1.695965020753673102e-03 9.934601402190015506e+03 4.446685187676856913e+03 2.490222699115432988e+03
1.891046271984591709e-03 1.087328001611333457e+04 4.867318503676150613e+03 2.726063909348048583e+03
2.108567074807741158e-03 1.188363160494426484e+04 5.320082096450767494e+03 2.979929218769442741e+03
2.351108576680822643e-03 1.296067272925200450e+04 5.802767740837859492e+03 3.250587010425055723e+03
2.621548825923003187e-03 1.410426074665812666e+04 6.315336330930275835e+03 3.538020717598349620e+03
2.923096923239734257e-03 1.531125346091232859e+04 6.856422787075522137e+03 3.841476375149049545e+03
3.259331101584665453e-03 1.657378433199576830e+04 7.422532546162701692e+03 4.159002662868597326e+03
3.634241186222156913e-03 1.789513725227132090e+04 8.015229425285489924e+03 4.491507285137436156e+03
4.052275938830490927e-03 1.925692505726991658e+04 8.626298518239815166e+03 4.834404957233744426e+03
4.518395847440812539e-03 2.065368061946516536e+04 9.253388191701598771e+03 5.186415209041938397e+03
5.038131988628217865e-03 2.206564995348934099e+04 9.887678339449523264e+03 5.542571150640636915e+03
5.617651660426248826e-03 2.348172124840216202e+04 1.052435442525066901e+04 5.900227857707069234e+03
6.263831564778516575e-03 2.488055577029281631e+04 1.115392805710697576e+04 6.254091883893850536e+03
6.984339407925946493e-03 2.622979545962816337e+04 1.176199289734608647e+04 6.596099927188879519e+03
7.787724887016851671e-03 2.750029800307956612e+04 1.233557219828273810e+04 6.918988361897076175e+03
8.683521142606049834e-03 2.866444800573262182e+04 1.286243032044931715e+04 7.215925712062619823e+03
9.682357880899711625e-03 2.968695562022548256e+04 1.332687157551874770e+04 7.478161182289081808e+03
1.079608750807801998e-02 3.052642673965771246e+04 1.371038794677193255e+04 7.695313509138682093e+03
1.203792577343234388e-02 3.113988603494960626e+04 1.399376622571426742e+04 7.856587924256886254e+03
1.342260859021738965e-02 3.148444880066062615e+04 1.415781898156600437e+04 7.951211104039911334e+03
1.496656689508787767e-02 3.151627333823299705e+04 1.418288591687864755e+04 7.968133466774000226e+03
1.668812162103823840e-02 3.119627732960078720e+04 1.405110667022537382e+04 7.897212556889670850e+03
1.860770109743517184e-02 3.049540583561843596e+04 1.374908052314461020e+04 7.730770162367195553e+03
2.074808345685756270e-02 2.939786093159392476e+04 1.326924151869911475e+04 7.464482392747650920e+03
2.313466692519383291e-02 2.791046496895050223e+04 1.261379443405696657e+04 7.099379450920558156e+03
2.579577120231610690e-02 2.607203722514470428e+04 1.179916675607906473e+04 6.644407942526839179e+03
2.876297350957714855e-02 2.395944582612025988e+04 1.085903335164038072e+04 6.118311627762258468e+03
3.207148329174031032e-02 2.168826054268429652e+04 9.844622439387641862e+03 5.549732995209134060e+03
3.576056001963404812e-02 1.940324947468782921e+04 8.820894530913414201e+03 4.975132006082232692e+03
3.987397905126498221e-02 1.725593547046080857e+04 7.856772687402846714e+03 4.433405062970939980e+03
4.446055107939526907e-02 1.537515456460328642e+04 7.012059705495776143e+03 3.958545381976307453e+03
4.957470132945773766e-02 1.382551434774787413e+04 6.318346068602636478e+03 3.568818093571348072e+03
5.527711538069327024e-02 1.257509228596355388e+04 5.763188039104657037e+03 3.257622823717115352e+03
6.163545927395905344e-02 1.148499924812013705e+04 5.283104470782914177e+03 2.989092212865135025e+03
6.872518245115814828e-02 1.035645075108518176e+04 4.782733999906412464e+03 2.708442862511787098e+03
7.663041305413779980e-02 9.021665024786492722e+03 4.175617221632712244e+03 2.364850300726818205e+03
8.544495620686157200e-02 7.555207904507082276e+03 3.490903749847063864e+03 1.973752308651935891e+03
9.527340712667957401e-02 6.227816722168230626e+03 2.862497177630727947e+03 1.612885383436358552e+03
1.062323922731101822e-01 5.268411198615781359e+03 2.417222272639849962e+03 1.358683689422288353e+03
1.184519532618636822e-01 4.619362216653428732e+03 2.137282707598607885e+03 1.203216291412808687e+03
1.320770899659224340e-01 4.004831434504303616e+03 1.869545892206984490e+03 1.054069833668794217e+03
1.472694811144383831e-01 3.315696215501644929e+03 1.536507365200082404e+03 8.606130958135688616e+02
1.642094028064348954e-01 2.735985008850238955e+03 1.254317315345552970e+03 6.960020080910311435e+02
1.830978677048002712e-01 2.320780152672019994e+03 1.076315790011241688e+03 5.984060287786826393e+02
2.041590102946942431e-01 1.942023619481800097e+03 9.046348432285241188e+02 5.016191984343087711e+02
2.276427465103479653e-01 1.605666730455365723e+03 7.424374285738110757e+02 4.069079559584225194e+02
2.538277392899435103e-01 1.335630641036254929e+03 6.240152723578639780e+02 3.421903442171148413e+02
2.830247052484705095e-01 1.103081415425473324e+03 5.163212068408890900e+02 2.808026916826498791e+02
3.155801017062329072e-01 9.087378923768807226e+02 4.289279382854676328e+02 2.325230973601163385e+02
3.518802378240603601e-01 7.453906755519094531e+02 3.549080915079345573e+02 1.913398521835624138e+02
3.923558586288135031e-01 6.086400384589709347e+02 2.935315192809458154e+02 1.578192320815453513e+02
4.374872563241952172e-01 4.942795371772528483e+02 2.421455982555462469e+02 1.298620719066216509e+02
4.878099695387512202e-01 3.989401890807966993e+02 1.993040241463270945e+02 1.068093892269528311e+02
5.439211381395319123e-01 3.196947815281414478e+02 1.635703389113855621e+02 8.778861208325449184e+01
6.064865890189676811e-01 2.541388856435506227e+02 1.337631585796851539e+02 7.207913066611517650e+01
6.762487369363893164e-01 2.002477233090308175e+02 1.089128419132673429e+02 5.910464721955531076e+01
7.540353941672404137e-01 1.562906417900352380e+02 8.820791619305900610e+01 4.838072829353505711e+01
8.407695934971151086e-01 1.207839834881440169e+02 7.098993240376584879e+01 3.951382147173141135e+01
9.374805411223435803e-01 9.241707466300761098e+01 5.671151285871765424e+01 3.217644842735975885e+01
1.045315829426528564e+00 7.002657971719635555e+01 4.492192172285942320e+01 2.610086271565237936e+01
1.165555054552403824e+00 5.257543815276648758e+01 3.525007709760106422e+01 2.107203303897213686e+01
1.299625000357985227e+00 3.914275920762346317e+01 2.738148948206662681e+01 1.691254631527171881e+01
1.449116568932995452e+00 2.892386861136287735e+01 2.104672230711690517e+01 1.347966058091798658e+01
1.615803658576671964e+00 2.123107617045636175e+01 1.600846947184075475e+01 1.065754830931429353e+01
1.801664213246928048e+00 1.549217998144160724e+01 1.205341915601439062e+01 8.349807841480515691e+00
2.008903693258128342e+00 1.124379589427601545e+01 8.990352348435504126e+00 6.477191512114606198e+00
2.239981245735629400e+00 8.119217235153238121e+00 6.648869104092193894e+00 4.972269431448352428e+00
2.497638885371206374e+00 5.834039478690748126e+00 4.880435400349379726e+00 3.776616938313007044e+00
2.784934031744384253e+00 4.170820614963048456e+00 3.558809949938440020e+00 2.838783512830044931e+00
3.105275789304232426e+00 2.965507491334832935e+00 2.579853014800218780e+00 2.112876036960606552e+00
3.462465400517639402e+00 2.095641186772311038e+00 1.860089750010047283e+00 1.558380375839565790e+00
3.860741352209485999e+00 1.470430661032163133e+00 1.334107296681820376e+00 1.140015903308599921e+00
4.304829670336041580e+00 1.023130186562872801e+00 9.517919201649496230e-01 8.278857461823708741e-01
4.799999999999999822e+00 0.000000000000000000e+00 6.751843649257582847e-01 5.972455589040619461e-01
