1.000000000230258569e-04 8.233431628766675203e+02 3.854946167418274854e+02 2.164742276791799327e+02
1.115026695290953366e-04 9.222701423528200166e+02 4.319125677926364801e+02 2.425622917779184320e+02
1.243284530925187648e-04 1.039485921023924220e+03 4.869124946158615330e+02 2.734714488839009618e+02
1.386295441504667143e-04 1.163385574388622445e+03 5.451019214141540488e+02 3.061866168664392376e+02
1.545756424481938766e-04 1.283752889197819741e+03 6.017493212805500207e+02 3.380582245868729387e+02
1.723559677317991945e-04 1.409610964930280716e+03 6.610845771225592671e+02 3.714675519765793297e+02
1.921815050694108094e-04 1.565788117226621807e+03 7.347008604953365420e+02 4.129190158795879597e+02
2.142875084442451923e-04 1.752196333172624009e+03 8.225660082703921034e+02 4.623977144305583806e+02
2.389362923277018713e-04 1.938087415313004840e+03 9.103613090819776517e+02 5.118827208080910509e+02
2.664203443578849946e-04 2.139790765551377262e+03 1.005726935897654471e+03 5.656696993649926526e+02
2.970657960592480913e-04 2.387778927008984738e+03 1.122853221658149323e+03 6.317135307477622064e+02
3.312362927876497001e-04 2.637701156910854934e+03 1.241019037945038690e+03 6.983954599686874190e+02
3.693373088223966556e-04 2.931932492732793889e+03 1.379960132855539314e+03 7.767821981514003937e+02
4.118209588090659132e-04 3.246691951185424386e+03 1.528485318679723377e+03 8.605827379071730547e+02
4.591913626466918256e-04 3.609403012186277010e+03 1.699321689433497113e+03 9.569207740490846845e+02
5.120106274801957584e-04 3.994196097857934092e+03 1.880244839462001892e+03 1.058908169964875697e+03
5.709055177816341068e-04 4.436515238903288264e+03 2.087694169066459381e+03 1.175741938339283934e+03
6.365748926688486646e-04 4.927898945988661580e+03 2.317632780496621763e+03 1.305130728962326202e+03
7.097979987143026312e-04 5.467551041752557467e+03 2.569586663287591819e+03 1.446776874751692276e+03
7.914437166483044659e-04 6.065126561524150929e+03 2.848003791536032622e+03 1.603151926666173267e+03
8.824808716799498404e-04 6.725919325372146886e+03 3.155361969095943550e+03 1.775639057727626096e+03
9.839897297802024153e-04 7.450804690675992788e+03 3.492112916113654592e+03 1.964491742553860831e+03
1.097174816344422205e-03 8.253079719155179191e+03 3.864543162579966520e+03 2.173246508477540374e+03
1.223379209343287413e-03 9.139649564603550971e+03 4.275968410098253116e+03 2.403786220849975962e+03
1.364100476567608111e-03 1.010761702505187532e+04 4.725122039400313952e+03 2.655424536831813839e+03
1.521008446081769522e-03 1.116078245736421559e+04 5.213905515503128299e+03 2.929265010818771316e+03
1.695965020753673102e-03 1.231029712788943652e+04 5.747602410266120387e+03 3.228297007710307298e+03
1.891046271984591709e-03 1.355190698595704816e+04 6.324255656126491886e+03 3.551442244157788082e+03
2.108567074807741158e-03 1.489559984158813495e+04 6.948623707351483063e+03 3.901401545566755431e+03
2.351108576680822643e-03 1.633524526067326406e+04 7.617866591449137559e+03 4.276583631421596692e+03
2.621548825923003187e-03 1.787424780512496000e+04 8.333651572926397421e+03 4.677933506082155873e+03
2.923096923239734257e-03 1.950355697630213399e+04 9.091765640281610104e+03 5.103094986666343175e+03
3.259331101584665453e-03 2.122292679700136432e+04 9.892158456714761996e+03 5.552104551069581248e+03
3.634241186222156913e-03 2.301794110055832425e+04 1.072800983355037351e+04 6.021187893463124055e+03
4.052275938830490927e-03 2.487950081369707550e+04 1.159533093852212369e+04 6.508040327678711947e+03
4.518395847440812539e-03 2.678870160412243786e+04 1.248551649817707948e+04 7.007864611034403424e+03
5.038131988628217865e-03 2.872361714194010347e+04 1.338829450323772835e+04 7.514988189141588009e+03
5.617651660426248826e-03 3.065962565461176564e+04 1.429233895742744062e+04 8.023073944576305621e+03
6.263831564778516575e-03 3.256633759288677538e+04 1.518363994227763033e+04 8.524295229235514853e+03
6.984339407925946493e-03 3.440795636503121204e+04 1.604567970564784628e+04 9.009426928376977230e+03
7.787724887016851671e-03 3.614264427903514297e+04 1.685916129164062295e+04 9.467692129664335880e+03
8.683521142606049834e-03 3.772284952721915761e+04 1.760209764537720912e+04 9.886788106520862129e+03
9.682357880899711625e-03 3.907347850294458476e+04 1.823962053622826716e+04 1.024714654394001082e+04
1.079608750807801998e-02 4.013239965842407400e+04 1.874288069427205482e+04 1.053259874676549771e+04
1.203792577343234388e-02 4.084569589813354105e+04 1.908682260700214101e+04 1.072908315441749255e+04
1.342260859021738965e-02 4.114198863322382385e+04 1.923803383914666847e+04 1.081778428152096058e+04
1.496656689508787767e-02 4.094564565527260129e+04 1.916098935812690979e+04 1.077865171941769222e+04
1.668812162103823840e-02 4.019953018834254181e+04 1.882856385538922405e+04 1.059632254646601359e+04
1.860770109743517184e-02 3.886591279776193551e+04 1.822240683584349608e+04 1.026029751768259848e+04
2.074808345685756270e-02 3.693707378924499062e+04 1.733773055777573245e+04 9.767502423842481221e+03
2.313466692519383291e-02 3.445605505936197733e+04 1.619326135187055297e+04 9.128070150957817532e+03
2.579577120231610690e-02 3.152263165738147654e+04 1.483418771536202257e+04 8.367065244220251770e+03
2.876297350957714855e-02 2.830398020641483890e+04 1.333730607975671956e+04 7.527300222671168740e+03
3.207148329174031032e-02 2.502236066963875055e+04 1.180598733397534124e+04 6.666767931212577423e+03
3.576056001963404812e-02 2.192665407698222043e+04 1.035757833430099708e+04 5.851739079273469542e+03
3.987397905126498221e-02 1.924508457577865192e+04 9.101564769974380397e+03 5.144456039733148828e+03
4.446055107939526907e-02 1.712097231982993617e+04 8.109307716158294170e+03 4.586059304249677552e+03
4.957470132945773766e-02 1.555908248518498112e+04 7.387467133805625963e+03 4.181304325721946952e+03
5.527711538069327024e-02 1.439628755768934570e+04 6.861352278811333235e+03 3.888523057807539772e+03
6.163545927395905344e-02 1.326664759533883262e+04 6.352366598895579045e+03 3.605527445046957837e+03
6.872518245115814828e-02 1.182038184014896615e+04 5.680482324319197687e+03 3.227266600094263140e+03
7.663041305413779980e-02 9.964062792927386909e+03 4.785636704951795764e+03 2.716145730782186547e+03
8.544495620686157200e-02 8.050943690998266902e+03 3.840209679801750553e+03 2.170740393039181072e+03
9.527340712667957401e-02 6.601031474083864850e+03 3.125973143640418584e+03 1.758677098725089081e+03
1.062323922731101822e-01 5.763330669506343838e+03 2.747009534592726595e+03 1.547087694750917990e+03
1.184519532618636822e-01 5.154813813845162258e+03 2.501133859294164267e+03 1.417013047205751263e+03
1.320770899659224340e-01 4.340307872242721714e+03 2.111767624940614951e+03 1.193986429162264358e+03
1.472694811144383831e-01 3.490770780804386959e+03 1.667852786380695761e+03 9.294808940299946016e+02
1.642094028064348954e-01 2.928030142984680879e+03 1.410750442417389877e+03 7.852429664773019340e+02
1.830978677048002712e-01 2.480546735352121686e+03 1.228667463929053611e+03 6.902021107281035484e+02
2.041590102946942431e-01 2.017521000064249620e+03 9.946415685062124794e+02 5.503585022953982389e+02
2.276427465103479653e-01 1.652975801936300513e+03 8.319157448596515678e+02 4.604343254618206061e+02
2.538277392899435103e-01 1.341124707530994556e+03 6.941356376578273739e+02 3.847361957047332339e+02
2.830247052484705095e-01 1.072393641702157083e+03 5.713271425880221841e+02 3.149977843215893927e+02
3.155801017062329072e-01 8.464930995739304080e+02 4.723648885717598773e+02 2.614910753943569262e+02
3.518802378240603601e-01 6.559036053451902717e+02 3.879069209185166187e+02 2.154687204757944130e+02
3.923558586288135031e-01 4.970307031503990061e+02 3.168978269719150376e+02 1.771603376072522167e+02
4.374872563241952172e-01 3.664566988847186622e+02 2.575185349355409699e+02 1.457996009556316324e+02
4.878099695387512202e-01 2.611907806659679068e+02 2.076028336110648240e+02 1.196745963275056113e+02
5.439211381395319123e-01 1.785526004917926173e+02 1.657382429994349025e+02 9.797537862786936103e+01
6.064865890189676811e-01 1.158547923535242035e+02 1.307393430765673088e+02 7.997228001634871930e+01
6.762487369363893164e-01 7.026731766735386486e+01 1.016223854801518769e+02 6.503317130674639657e+01
7.540353941672404137e-01 3.879072108699094912e+01 7.758954653738230434e+01 5.262537852544646455e+01
8.407695934971151086e-01 1.836931335279287580e+01 5.798322782923995078e+01 4.231230968426235250e+01
9.374805411223435803e-01 6.090443376547555410e+00 4.224932277899305433e+01 3.374652240310093987e+01
1.045315829426528564e+00 -5.940275249402561242e-01 2.989368184056982258e+01 2.664789828998241816e+01
1.165555054552403824e+00 -3.717412800854149602e+00 2.044973395534378469e+01 2.078606828270111606e+01
1.299625000357985227e+00 -4.758653542015429672e+00 1.346176424187824594e+01 1.597732259765864171e+01
1.449116568932995452e+00 -4.701870581656677928e+00 8.480475008485434785e+00 1.207073669505658309e+01
1.615803658576671964e+00 -4.148009921727187965e+00 5.074235097192588917e+00 8.939576246305060536e+00
1.801664213246928048e+00 -3.433865634444089654e+00 2.847915773099841452e+00 6.473964788919162494e+00
2.008903693258128342e+00 -2.730220202965192744e+00 1.462350709871392596e+00 4.574032380944603737e+00
2.239981245735629400e+00 -2.111331092721563163e+00 6.458033028437615286e-01 3.146801951376632989e+00
2.497638885371206374e+00 -1.600008232016324472e+00 1.950037531036243055e-01 2.104756648158989218e+00
2.784934031744384253e+00 -1.193687059033701425e+00 -3.259123145524286252e-02 1.366957398023485037e+00
3.105275789304232426e+00 -8.792007659353830995e-01 -1.312565829132714690e-01 8.609365124044195960e-01
3.462465400517639402e+00 -6.404495441645728926e-01 -1.600907933842707076e-01 5.248790058104657597e-01
3.860741352209485999e+00 0.000000000000000000e+00 -1.542846703359114779e-01 3.087645520314811765e-01
4.304829670336041580e+00 0.000000000000000000e+00 -1.337381039662491888e-01 1.742039319807727193e-01
4.799999999999999822e+00 0.000000000000000000e+00 -1.090429936486466966e-01 9.317374068763246975e-02
