1.000000000230258569e-04 6.973972454348734118e+02 3.221284503082913488e+02 1.850102005705303441e+02
1.115026695290953366e-04 7.691308257662054757e+02 3.550680877488442775e+02 2.038892831487946751e+02
1.243284530925187648e-04 8.604134894816520500e+02 3.970264904984727536e+02 2.279458470382831763e+02
1.386295441504667143e-04 9.681569136253938268e+02 4.465392424876321797e+02 2.563310539670296748e+02
1.545756424481938766e-04 1.080673484133999409e+03 4.981298729162957670e+02 2.858816159056038373e+02
1.723559677317991945e-04 1.189179827600798490e+03 5.476680641597041586e+02 3.142086993798112076e+02
1.921815050694108094e-04 1.304456077606593681e+03 6.001281096142847673e+02 3.441678174316812715e+02
2.142875084442451923e-04 1.449893431546403690e+03 6.663817450759992198e+02 3.820105986221284411e+02
2.389362923277018713e-04 1.621411952146157091e+03 7.445268870694387715e+02 4.266388386508644430e+02
2.664203443578849946e-04 1.790077181779663078e+03 8.210744159115695311e+02 4.702719868268911796e+02
2.970657960592480913e-04 1.977686184813921045e+03 9.061481533714513716e+02 5.187284018066623048e+02
3.312362927876497001e-04 2.206063744212497568e+03 1.009994706888264091e+03 5.779177262810042066e+02
3.693373088223966556e-04 2.432839646080022248e+03 1.112978097541684065e+03 6.365438193215474030e+02
4.118209588090659132e-04 2.703852476493064387e+03 1.236545033099532020e+03 7.069708326195359405e+02
4.591913626466918256e-04 2.984730226274686174e+03 1.364915234503735974e+03 7.801552132099003529e+02
5.120106274801957584e-04 3.311021187747609929e+03 1.514782354942353777e+03 8.657494529543456565e+02
5.709055177816341068e-04 3.649194930661655690e+03 1.670830356018345356e+03 9.550072319610768545e+02
6.365748926688486646e-04 4.028789730199111091e+03 1.847007870219512370e+03 1.056021727029283511e+03
7.097979987143026312e-04 4.447473602555774050e+03 2.042322223843615802e+03 1.168267564274016877e+03
7.914437166483044659e-04 4.899353532731192900e+03 2.254143492432497169e+03 1.290287756326492172e+03
8.824808716799498404e-04 5.389466200706114250e+03 2.484845124702766043e+03 1.423481956307350856e+03
9.839897297802024153e-04 5.921242508900325447e+03 2.735936816533151614e+03 1.568712993086290226e+03
1.097174816344422205e-03 6.497421627052127405e+03 3.008503756034308935e+03 1.726573797421420068e+03
1.223379209343287413e-03 7.134717578794296969e+03 3.310140399017470372e+03 1.901399928136855806e+03
1.364100476567608111e-03 7.819890847989100621e+03 3.634582213138975931e+03 2.089551904078782172e+03
1.521008446081769522e-03 8.572777991208200547e+03 3.990838692593577889e+03 2.296152386045133426e+03
1.695965020753673102e-03 9.383648212513131512e+03 4.374241884832822507e+03 2.518463129094699980e+03
1.891046271984591709e-03 1.025863484466764021e+04 4.787601621615225667e+03 2.758078316660574728e+03
2.108567074807741158e-03 1.119676849968385613e+04 5.230417294816111280e+03 3.014679645354120112e+03
2.351108576680822643e-03 1.221118586699730440e+04 5.708804989804967590e+03 3.291780058699413985e+03
2.621548825923003187e-03 1.328741876076981498e+04 6.216005836654519953e+03 3.585497435175434020e+03
2.923096923239734257e-03 1.442360696373111205e+04 6.751173284928839166e+03 3.895373811349490097e+03
3.259331101584665453e-03 1.562262540779291157e+04 7.315713689578159574e+03 4.222234328685952278e+03
3.634241186222156913e-03 1.686864802074079489e+04 7.902280838325544210e+03 4.561781616885410585e+03
4.052275938830490927e-03 1.815681221729973186e+04 8.508727733931551484e+03 4.912706287077861816e+03
4.518395847440812539e-03 1.947326975110911735e+04 9.128581531996842386e+03 5.271558984347445403e+03
5.038131988628217865e-03 2.080252670347472304e+04 9.754544130036798379e+03 5.634061262822956451e+03
5.617651660426248826e-03 2.212853285029278777e+04 1.037927110974346397e+04 5.995923535416536652e+03
6.263831564778516575e-03 2.342941034114431750e+04 1.099261319713455123e+04 6.351335243167424778e+03
6.984339407925946493e-03 2.468134115048553940e+04 1.158350311968604728e+04 6.693943326082828207e+03
7.787724887016851671e-03 2.585775257190708726e+04 1.213960384552214782e+04 7.016655594293823015e+03
8.683521142606049834e-03 2.692721337508730721e+04 1.264629153888803739e+04 7.311056171041353082e+03
9.682357880899711625e-03 2.784231895474511111e+04 1.308137289877736839e+04 7.564306571300223368e+03
1.079608750807801998e-02 2.856311052149532043e+04 1.342617280334481620e+04 7.765632229213355458e+03
1.203792577343234388e-02 2.905695674799280459e+04 1.366543678822271249e+04 7.906234030722225725e+03
1.342260859021738965e-02 2.928049684120524762e+04 1.377874311914600730e+04 7.974263972825832752e+03
1.496656689508787767e-02 2.918704596855162526e+04 1.374403863503087814e+04 7.956923708107361563e+03
1.668812162103823840e-02 2.874099046969728442e+04 1.354439098463185655e+04 7.844355789240507875e+03
1.860770109743517184e-02 2.791595817087541946e+04 1.316706694315471032e+04 7.629105213851741610e+03
2.074808345685756270e-02 2.670193410112944548e+04 1.260669795575036005e+04 7.307844413981904836e+03
2.313466692519383291e-02 2.511748038919122337e+04 1.187138151463610484e+04 6.885031951034442500e+03
2.579577120231610690e-02 2.321475714947416418e+04 1.098484011901000486e+04 6.374225650609441800e+03
2.876297350957714855e-02 2.108512216854972212e+04 9.989253072342880841e+03 5.799604981905718887e+03
3.207148329174031032e-02 1.885565865851721537e+04 8.943895025025933137e+03 5.195345099968649265e+03
3.576056001963404812e-02 1.668020064160110269e+04 7.921368653481150432e+03 4.603551284278407365e+03
3.987397905126498221e-02 1.471074613073148794e+04 6.994258889571715372e+03 4.066510348897915719e+03
4.446055107939526907e-02 1.306200596305317049e+04 6.218524774961762887e+03 3.617076925579625367e+03
4.957470132945773766e-02 1.177379117216109989e+04 5.615262252364254891e+03 3.268003668056425795e+03
5.527711538069327024e-02 1.077849932969019392e+04 5.153997059134258052e+03 3.001937617194130326e+03
6.163545927395905344e-02 9.906744179538321987e+03 4.753369789744235277e+03 2.771387800591411178e+03
6.872518245115814828e-02 8.906317835874489901e+03 4.287121284579017811e+03 2.501547675330861239e+03
7.663041305413779980e-02 7.658536991634225160e+03 3.690373706114357901e+03 2.152842094657159123e+03
8.544495620686157200e-02 6.292750253849167166e+03 3.022600104730960993e+03 1.759407237694276091e+03
9.527340712667957401e-02 5.131156923016434121e+03 2.450530416902306570e+03 1.421229954452734319e+03
1.062323922731101822e-01 4.376873594775536731e+03 2.091287675876363664e+03 1.211150064439766084e+03
1.184519532618636822e-01 3.890999378135898041e+03 1.880008196283442658e+03 1.091878082609084913e+03
1.320770899659224340e-01 3.349231234439308992e+03 1.630322881625286527e+03 9.474522663845012858e+02
1.472694811144383831e-01 2.713748776347699732e+03 1.307234539463943293e+03 7.530666241833638423e+02
1.642094028064348954e-01 2.233489825705140902e+03 1.071199528731896180e+03 6.126916931270030773e+02
1.830978677048002712e-01 1.902604364512450502e+03 9.321865611666448785e+02 5.360528897395761305e+02
2.041590102946942431e-01 1.564063992733161967e+03 7.693628124023842929e+02 4.395817218244905007e+02
2.276427465103479653e-01 1.275409907625175947e+03 6.302419153268500622e+02 3.568639828037658503e+02
2.538277392899435103e-01 1.044756582837789892e+03 5.305573594050106294e+02 3.014620382732723556e+02
2.830247052484705095e-01 8.401982022762099405e+02 4.346218547991769583e+02 2.446848720256958529e+02
3.155801017062329072e-01 6.703031753565336430e+02 3.603705788712343292e+02 2.032257831189908757e+02
3.518802378240603601e-01 5.258998101877285762e+02 2.958441526001651027e+02 1.662803440889297235e+02
3.923558586288135031e-01 4.049991760717348370e+02 2.428228967154420843e+02 1.367663733991371089e+02
4.374872563241952172e-01 3.043524012649050974e+02 1.984254974057463983e+02 1.122376019981845161e+02
4.878099695387512202e-01 2.216798009777676270e+02 1.612942278837137167e+02 9.194056762662192739e+01
5.439211381395319123e-01 1.550543644950228952e+02 1.303112171827515056e+02 7.524922468917732488e+01
6.064865890189676811e-01 1.027513326504159608e+02 1.044464951838941147e+02 6.149454203589191081e+01
6.762487369363893164e-01 6.312243896304630653e+01 8.288201070809660109e+01 5.015464419217664727e+01
7.540353941672404137e-01 3.446619728045903486e+01 6.494937592857915831e+01 4.079565867070790119e+01
8.407695934971151086e-01 1.497371014916087617e+01 5.010902387390409274e+01 3.306458429553472200e+01
9.374805411223435803e-01 2.754945876937873628e+00 3.792742328450889744e+01 2.667585717348832830e+01
1.045315829426528564e+00 -4.053478755195810912e+00 2.804653271625902633e+01 2.139295801117137330e+01
1.165555054552403824e+00 -7.146935331765865484e+00 2.016562148788217712e+01 1.702594897919913919e+01
1.299625000357985227e+00 -7.927201750950936265e+00 1.401879223957594967e+01 1.342268282221825260e+01
1.449116568932995452e+00 -7.440522580053757551e+00 9.357818914980491343e+00 1.045856929838130434e+01
1.615803658576671964e+00 -6.388243718016466843e+00 5.943409240303139995e+00 8.034607124530104727e+00
1.801664213246928048e+00 -5.189557156967615548e+00 3.542365339796103907e+00 6.069861021010243718e+00
2.008903693258128342e+00 -4.062528107319511861e+00 1.932589891490129608e+00 4.496944206571255265e+00
2.239981245735629400e+00 -3.098910669581897981e+00 9.118476280202767459e-01 3.258288172496669244e+00
2.497638885371206374e+00 -2.319825985576384308e+00 3.069538943189695224e-01 2.302485156931469046e+00
2.784934031744384253e+00 -1.712017444739903027e+00 -2.073476260648049116e-02 1.582580910936840501e+00
3.105275789304232426e+00 -1.249183424950332633e+00 -1.748005584448913963e-01 1.055066135020847451e+00
3.462465400517639402e+00 -9.026222269711466906e-01 -2.275661008294213583e-01 6.800816657262294118e-01
3.860741352209485999e+00 -6.463119109785968597e-01 -2.263244624412168449e-01 4.220533712763739898e-01
4.304829670336041580e+00 -4.586143157261051706e-01 -2.000397576590641491e-01 2.505224052328248185e-01
4.799999999999999822e+00 0.000000000000000000e+00 -1.652187710223950445e-01 1.406050317629019830e-01
