1.000000000230258569e-04 6.774863938815910842e+02 3.108998311788819819e+02 1.733853231778398936e+02
1.115026695290953366e-04 7.492709395405016721e+02 3.440236740446152908e+02 1.918695078350557992e+02
1.243284530925187648e-04 8.397249418130802496e+02 3.857270462256605015e+02 2.151429591674277049e+02
1.386295441504667143e-04 9.455836345093172213e+02 4.345490043515251273e+02 2.423897472019340853e+02
1.545756424481938766e-04 1.055810024969510778e+03 4.854997132092848915e+02 2.708341736132517212e+02
1.723559677317991945e-04 1.162559609450852804e+03 5.350440327260581626e+02 2.985095243346603979e+02
1.921815050694108094e-04 1.276806537213147976e+03 5.882222200172255953e+02 3.282286671061362426e+02
2.142875084442451923e-04 1.420126533268766707e+03 6.548865316231824636e+02 3.654840175568282916e+02
2.389362923277018713e-04 1.586988908585576382e+03 7.325240124219083100e+02 4.088766299646160292e+02
2.664203443578849946e-04 1.751162935782477462e+03 8.092177206958967872e+02 4.517717853854730947e+02
2.970657960592480913e-04 1.935342485031338583e+03 8.953386131736400557e+02 4.999530869841130425e+02
3.312362927876497001e-04 2.157779489831831597e+03 9.991534623532339765e+02 5.580257778251229865e+02
3.693373088223966556e-04 2.380053443402614903e+03 1.103107121160787528e+03 6.162070696798404015e+02
4.118209588090659132e-04 2.647716877578288404e+03 1.227906816679362009e+03 6.860318415119490965e+02
4.591913626466918256e-04 2.926590001068822403e+03 1.357832597346054854e+03 7.587314140763606929e+02
5.120106274801957584e-04 3.254788793544429154e+03 1.510186240049104526e+03 8.439402497945575305e+02
5.709055177816341068e-04 3.600945703076564769e+03 1.670472529423161404e+03 9.335622238888142874e+02
6.365748926688486646e-04 3.993278241812561646e+03 1.851440587356538344e+03 1.034691590210577033e+03
7.097979987143026312e-04 4.433408226795643714e+03 2.053759312090737239e+03 1.147690871099585365e+03
7.914437166483044659e-04 4.917103981539247798e+03 2.275404003005651703e+03 1.271417680585356266e+03
8.824808716799498404e-04 5.449305801014698773e+03 2.518586662234766663e+03 1.407098401978821130e+03
9.839897297802024153e-04 6.033538085853129814e+03 2.784944236269333942e+03 1.555645202917945880e+03
1.097174816344422205e-03 6.674084716098073841e+03 3.076516125783143252e+03 1.718199807111491054e+03
1.223379209343287413e-03 7.386833853482748964e+03 3.400671967833777217e+03 1.898882205530258261e+03
1.364100476567608111e-03 8.153994921861485636e+03 3.749336637134314515e+03 2.093199811337357005e+03
1.521008446081769522e-03 8.999470667762192534e+03 4.133608301326728906e+03 2.307365506385184744e+03
1.695965020753673102e-03 9.911719764469979054e+03 4.548310755313666050e+03 2.538507777941860240e+03
1.891046271984591709e-03 1.089416216335235549e+04 4.995080688175547948e+03 2.787550040523685311e+03
2.108567074807741158e-03 1.194975771364576758e+04 5.475356427124077527e+03 3.055306420924436225e+03
2.351108576680822643e-03 1.308444598467733522e+04 5.991961278832942298e+03 3.343372315788174092e+03
2.621548825923003187e-03 1.429002724557790498e+04 6.541173701636049373e+03 3.649686056524529704e+03
2.923096923239734257e-03 1.556323012024711352e+04 7.121531177155908154e+03 3.973452518561880424e+03
3.259331101584665453e-03 1.690567003996568747e+04 7.733868372629348414e+03 4.315161256862859773e+03
3.634241186222156913e-03 1.830474805557374566e+04 8.372444650376084610e+03 4.671599383578955894e+03
4.052275938830490927e-03 1.975447852334483105e+04 9.034625245424391323e+03 5.041295444664060597e+03
4.518395847440812539e-03 2.123987455315864645e+04 9.713634551167626341e+03 5.420524000694610550e+03
5.038131988628217865e-03 2.274706135989442555e+04 1.040314784137232709e+04 5.805780406299563765e+03
5.617651660426248826e-03 2.425684331258060411e+04 1.109449122798892131e+04 6.192252427439459098e+03
6.263831564778516575e-03 2.574124947433175839e+04 1.177494251556663949e+04 6.572841429392522514e+03
6.984339407925946493e-03 2.717059137056906911e+04 1.243100107885360740e+04 6.940022228566332160e+03
7.787724887016851671e-03 2.851568216171903987e+04 1.304944978258332230e+04 7.286464361565334912e+03
8.683521142606049834e-03 2.973869649000408754e+04 1.361309331750989622e+04 7.602607024502486638e+03
9.682357880899711625e-03 3.079415970855167325e+04 1.410118493211864370e+04 7.876861208088372223e+03
1.079608750807801998e-02 3.163605309623844369e+04 1.449274476010942635e+04 8.097499489637795705e+03
1.203792577343234388e-02 3.221295327405656280e+04 1.476433399499717234e+04 8.251421164765948561e+03
1.342260859021738965e-02 3.247105600736699489e+04 1.489131985099566737e+04 8.324866960176099383e+03
1.496656689508787767e-02 3.235865478941311449e+04 1.484974971723189446e+04 8.304327869385815575e+03
1.668812162103823840e-02 3.183149899918968731e+04 1.461908708400346586e+04 8.178205560031281493e+03
1.860770109743517184e-02 3.085830408306558456e+04 1.418459347557744331e+04 7.938209958415555775e+03
2.074808345685756270e-02 2.942963624159018218e+04 1.354114476773211391e+04 7.581256636190886638e+03
2.313466692519383291e-02 2.756930614068621799e+04 1.269869929658784349e+04 7.112643133564159143e+03
2.579577120231610690e-02 2.534674261263497465e+04 1.168820766867050406e+04 6.549504769396081429e+03
2.876297350957714855e-02 2.287996796155318953e+04 1.056288479255975653e+04 5.921411715212268973e+03
3.207148329174031032e-02 2.033119017733819419e+04 9.396742826666066321e+03 5.269675708854410004e+03
3.576056001963404812e-02 1.788881163675099742e+04 8.276639686951379190e+03 4.642979290459074946e+03
3.987397905126498221e-02 1.572951830812521075e+04 7.285172475468471021e+03 4.087856356181297087e+03
4.446055107939526907e-02 1.397804897509047987e+04 6.482192506506599784e+03 3.638332161143366193e+03
4.957470132945773766e-02 1.265968718924974382e+04 5.882207978000520598e+03 3.303117742611158519e+03
5.527711538069327024e-02 1.166554685656042420e+04 5.436565497485596097e+03 3.055257855621521685e+03
6.163545927395905344e-02 1.076689145172863755e+04 5.037441623345268454e+03 2.833845533331215393e+03
6.872518245115814828e-02 9.652604887408435388e+03 4.531535677633913110e+03 2.550950458019662619e+03
7.663041305413779980e-02 8.216345440901497568e+03 3.858966205251298561e+03 2.170770671150671660e+03
8.544495620686157200e-02 6.674518685879252189e+03 3.120019390635593027e+03 1.749592485566071446e+03
9.527340712667957401e-02 5.433748740811818607e+03 2.523403868336132746e+03 1.408858071876243912e+03
1.062323922731101822e-01 4.683263208296652920e+03 2.181481224111924348e+03 1.217060879299312091e+03
1.184519532618636822e-01 4.188051703638221625e+03 1.979876295840119155e+03 1.109000334871666610e+03
1.320770899659224340e-01 3.568330125243009206e+03 1.697808190628177954e+03 9.505526189209718950e+02
1.472694811144383831e-01 2.865281008349433250e+03 1.344265154132604039e+03 7.439492896142498921e+02
1.642094028064348954e-01 2.373406079734949799e+03 1.114632987739597183e+03 6.134599777936717828e+02
1.830978677048002712e-01 2.019080755405765331e+03 9.740164034669102193e+02 5.399694716401456844e+02
2.041590102946942431e-01 1.645119623265272139e+03 7.943974286340303479e+02 4.357698623603553187e+02
2.276427465103479653e-01 1.340680195696987994e+03 6.556359456192019479e+02 3.573329616632897796e+02
2.538277392899435103e-01 1.090483650959641182e+03 5.503904925551214546e+02 3.008634438853487723e+02
2.830247052484705095e-01 8.708295450515705625e+02 4.508468562206842876e+02 2.441269916066889891e+02
3.155801017062329072e-01 6.879401559156565327e+02 3.735773912210209460e+02 2.027872525094881553e+02
3.518802378240603601e-01 5.330205554683628861e+02 3.066271687598776339e+02 1.660666074462637880e+02
3.923558586288135031e-01 4.036854310799147925e+02 2.512465176735748003e+02 1.364181327753533139e+02
4.374872563241952172e-01 2.967785731771404016e+02 2.050204574561112736e+02 1.120141719682621329e+02
4.878099695387512202e-01 2.098783734599322202e+02 1.663155209103336460e+02 9.178313362452568924e+01
5.439211381395319123e-01 1.409123950894769166e+02 1.339750517802069112e+02 7.511941761633950421e+01
6.064865890189676811e-01 8.794150830371714278e+01 1.069670778981041082e+02 6.138820167892667001e+01
6.762487369363893164e-01 4.899979760349901170e+01 8.445397092840454434e+01 5.006954922071843583e+01
7.540353941672404137e-01 2.199083927753155976e+01 6.574772576675250946e+01 4.072354107802549805e+01
8.407695934971151086e-01 4.671959170878371204e+00 5.030160552825147136e+01 3.300233452016930613e+01
9.374805411223435803e-01 -5.248743084403529657e+00 3.767049109100587856e+01 2.662010623062698755e+01
1.045315829426528564e+00 -9.942247768125850982e+00 2.748396702868380714e+01 2.134047509083896799e+01
1.165555054552403824e+00 -1.128142075339285810e+01 1.942633602756239952e+01 1.697544961008372510e+01
1.299625000357985227e+00 -1.072212267708471600e+01 1.321162644278173381e+01 1.337230618631552304e+01
1.449116568932995452e+00 -9.277630023852859509e+00 8.568144530062589581e+00 1.040812391050768326e+01
1.615803658576671964e+00 -7.574179729624173518e+00 5.229898362355167585e+00 7.984656692745429218e+00
1.801664213246928048e+00 -5.948428933746684244e+00 2.937480387460027931e+00 6.020798867367667562e+00
2.008903693258128342e+00 -4.547722206255758515e+00 1.446353174337203562e+00 4.449595034226667245e+00
2.239981245735629400e+00 -3.410938188802337567e+00 5.380990369668287032e-01 3.213491373347638902e+00
2.497638885371206374e+00 -2.522511369717503449e+00 3.018441083710987280e-02 2.261147502585633795e+00
2.784934031744384253e+00 -1.845421154757542537e+00 -2.196143149278803886e-01 1.545480334612072237e+00
3.105275789304232426e+00 -1.338278978938659769e+00 -3.144202344530661608e-01 1.022716966158240481e+00
3.462465400517639402e+00 -9.629735666522648563e-01 -3.239341458975049104e-01 6.526481967460109335e-01
3.860741352209485999e+00 -6.877735331982633982e-01 -2.920929163439139331e-01 3.993962281952232463e-01
4.304829670336041580e+00 0.000000000000000000e+00 -2.446419295740925870e-01 2.322789892182490767e-01
4.799999999999999822e+00 0.000000000000000000e+00 -1.954034448869208795e-01 1.262551763637924929e-01
