1.000000000230258569e-04 6.876062460910628715e+02 3.276205011436915129e+02 1.905105011111080557e+02
1.115026695290953366e-04 7.599950022648355343e+02 3.618383537598363091e+02 2.103627067084937892e+02
1.243284530925187648e-04 8.510431798260952974e+02 4.049187799345212397e+02 2.353638404051709188e+02
1.386295441504667143e-04 9.610217523547487417e+02 4.569582331556572967e+02 2.655653980946669321e+02
1.545756424481938766e-04 1.081600599801494354e+03 5.139010128961111832e+02 2.985899165239082436e+02
1.723559677317991945e-04 1.202527860943774613e+03 5.707536723242754988e+02 3.315158809072210602e+02
1.921815050694108094e-04 1.327328978025693459e+03 6.291471194604229140e+02 3.652827836402268531e+02
2.142875084442451923e-04 1.477141810772992358e+03 6.992166969044958478e+02 4.057890395575520870e+02
2.389362923277018713e-04 1.660387607633094149e+03 7.850062101443174924e+02 4.553889728824179315e+02
2.664203443578849946e-04 1.852005993888333251e+03 8.744404278685561849e+02 5.070293968092090608e+02
2.970657960592480913e-04 2.053067524156065701e+03 9.679909185186706964e+02 5.609720725890311996e+02
3.312362927876497001e-04 2.299700572251480935e+03 1.083112873590132040e+03 6.273996521565186413e+02
3.693373088223966556e-04 2.559434317962848127e+03 1.204327382841006283e+03 6.973060353544798318e+02
4.118209588090659132e-04 2.848743128672141211e+03 1.339657642116648049e+03 7.753803505194032368e+02
4.591913626466918256e-04 3.173651598398521855e+03 1.492300187356844845e+03 8.635388347221146432e+02
5.120106274801957584e-04 3.528071248373841627e+03 1.659479689724175387e+03 9.601988691373489928e+02
5.709055177816341068e-04 3.913600682213590517e+03 1.842343862383872647e+03 1.066113057416382389e+03
6.365748926688486646e-04 4.349394040417978431e+03 2.050331027537876253e+03 1.186848492486109080e+03
7.097979987143026312e-04 4.818404424649968860e+03 2.275416825523596799e+03 1.317778812808016255e+03
7.914437166483044659e-04 5.328962156319816131e+03 2.521738765039732698e+03 1.461368823034256593e+03
8.824808716799498404e-04 5.890299811110622613e+03 2.793777523053741788e+03 1.620267727239223859e+03
9.839897297802024153e-04 6.507051960509518722e+03 3.093697418147701228e+03 1.795734894593423405e+03
1.097174816344422205e-03 7.181801095827175232e+03 3.422572091486357294e+03 1.988368299468913392e+03
1.223379209343287413e-03 7.910981318817202009e+03 3.778448556681630180e+03 2.196981943222243899e+03
1.364100476567608111e-03 8.715851747800996236e+03 4.171367506824919474e+03 2.427391301373984788e+03
1.521008446081769522e-03 9.584758316301687955e+03 4.595577858299810032e+03 2.676200900061989614e+03
1.695965020753673102e-03 1.053624070722971010e+04 5.059744275690912218e+03 2.948400143019297957e+03
1.891046271984591709e-03 1.156355424429195045e+04 5.560536273856102525e+03 3.242025634613542479e+03
2.108567074807741158e-03 1.267232208885885120e+04 6.100598152933181154e+03 3.558606412278764765e+03
2.351108576680822643e-03 1.386141361298587435e+04 6.679354766136377293e+03 3.897797124744664870e+03
2.621548825923003187e-03 1.512840882966232311e+04 7.295617396335276680e+03 4.258886977133025539e+03
2.923096923239734257e-03 1.646505605547952291e+04 7.945436807935970137e+03 4.639557001757499165e+03
3.259331101584665453e-03 1.787090491301132715e+04 8.628674348972252119e+03 5.039731672024876389e+03
3.634241186222156913e-03 1.933160894670908965e+04 9.338438313047088741e+03 5.455441992545564972e+03
4.052275938830490927e-03 2.083641119665709994e+04 1.006961037794739423e+04 5.883804758709119596e+03
4.518395847440812539e-03 2.236932797591097551e+04 1.081447229746392986e+04 6.320384060353455425e+03
5.038131988628217865e-03 2.391240141935690917e+04 1.156447944481749255e+04 6.760014900571147336e+03
5.617651660426248826e-03 2.544245819150709212e+04 1.230853443318719474e+04 7.196299152291390783e+03
6.263831564778516575e-03 2.693401239433175579e+04 1.303444895134041326e+04 7.622171635824909572e+03
6.984339407925946493e-03 2.835675313948537587e+04 1.372769691770568170e+04 8.029178793384315213e+03
7.787724887016851671e-03 2.968352101927337571e+04 1.437527577883201411e+04 8.409773048762879625e+03
8.683521142606049834e-03 3.085627356847620104e+04 1.494915508674369084e+04 8.747553952135263899e+03
9.682357880899711625e-03 3.183355828788956569e+04 1.542937132378868955e+04 9.030858671785636034e+03
1.079608750807801998e-02 3.257484500370313981e+04 1.579635528548786169e+04 9.248250960402461715e+03
1.203792577343234388e-02 3.303413519381765946e+04 1.602781061524464531e+04 9.386675346134576102e+03
1.342260859021738965e-02 3.315648427875886409e+04 1.609698047891665192e+04 9.430404708488973483e+03
1.496656689508787767e-02 3.289479617743385461e+04 1.598086707028280762e+04 9.365913251601936281e+03
1.668812162103823840e-02 3.221255152200928933e+04 1.566146460816329272e+04 9.182578584105729533e+03
1.860770109743517184e-02 3.108241404105209585e+04 1.512494401250297051e+04 8.872123376395547893e+03
2.074808345685756270e-02 2.950354002075649259e+04 1.437009602669278866e+04 8.433505235871571131e+03
2.313466692519383291e-02 2.750878450566552419e+04 1.341211917000710309e+04 7.875417620127059308e+03
2.579577120231610690e-02 2.517258260691888790e+04 1.228612279647093237e+04 7.218139745497905096e+03
2.876297350957714855e-02 2.261714816757150038e+04 1.105054024989504251e+04 6.495645835772600549e+03
3.207148329174031032e-02 2.000402002600364722e+04 9.783457311934040263e+03 5.753605880233837524e+03
3.576056001963404812e-02 1.751879655605955486e+04 8.575532941557577942e+03 5.045340231409992157e+03
3.987397905126498221e-02 1.533679713748133508e+04 7.513499583394795991e+03 4.422091549682572804e+03
4.446055107939526907e-02 1.357623401002708306e+04 6.657394267706485152e+03 3.919730301005280126e+03
4.957470132945773766e-02 1.225900831996452871e+04 6.020666572240682399e+03 3.546830811321262900e+03
5.527711538069327024e-02 1.127757700927596488e+04 5.552299710321639395e+03 3.273774743041339661e+03
6.163545927395905344e-02 1.040165094200793828e+04 5.137543480028585691e+03 3.032567149797749153e+03
6.872518245115814828e-02 9.334737436513292778e+03 4.622769255661951320e+03 2.730801271031963097e+03
7.663041305413779980e-02 7.949282403210615485e+03 3.935129112780844025e+03 2.323122902845012504e+03
8.544495620686157200e-02 6.451700505679460548e+03 3.175971799317760997e+03 1.869220647086757026e+03
9.527340712667957401e-02 5.239221948952803359e+03 2.558948196208369154e+03 1.499480962664300932e+03
1.062323922731101822e-01 4.508063296130789240e+03 2.203369606229269266e+03 1.289955296275290266e+03
1.184519532618636822e-01 4.041627990056264025e+03 1.998811747430363994e+03 1.174775928096317784e+03
1.320770899659224340e-01 3.462387784054790700e+03 1.719169088316968555e+03 1.010239199972284041e+03
1.472694811144383831e-01 2.789491392462534805e+03 1.362549561572699076e+03 7.918274862338251978e+02
1.642094028064348954e-01 2.314576472512129840e+03 1.125188273323472686e+03 6.498651926205836844e+02
1.830978677048002712e-01 1.983069184087224585e+03 9.830413558322145491e+02 5.716036346406333450e+02
2.041590102946942431e-01 1.631307133601806299e+03 8.047622438664312767e+02 4.635290683300058845e+02
2.276427465103479653e-01 1.342251152230481694e+03 6.631362752768986866e+02 3.791127213122244939e+02
2.538277392899435103e-01 1.107906201405713318e+03 5.575251191325750142e+02 3.195550162957884481e+02
2.830247052484705095e-01 9.009532778272593987e+02 4.574870786571676149e+02 2.597329563482556409e+02
3.155801017062329072e-01 7.288720294991128412e+02 3.796410909513399474e+02 2.157808021157027838e+02
3.518802378240603601e-01 5.824137135478956679e+02 3.123238861277133651e+02 1.769120981492877434e+02
3.923558586288135031e-01 4.592426032490445778e+02 2.566927962437096085e+02 1.455268553553607376e+02
4.374872563241952172e-01 3.560681454707898865e+02 2.102276684062054812e+02 1.196048872643421106e+02
4.878099695387512202e-01 2.704038963608010704e+02 1.713233093703449867e+02 9.810836378142428771e+01
5.439211381395319123e-01 2.002397404606296334e+02 1.388174582795865035e+02 8.038723185245567038e+01
6.064865890189676811e-01 1.438313431616958837e+02 1.116538609444634034e+02 6.576140025433436165e+01
6.762487369363893164e-01 9.959596652301577535e+01 8.897747731511152836e+01 5.367795484742293155e+01
7.540353941672404137e-01 6.598780299173732544e+01 7.010006811654027103e+01 4.368913713168158353e+01
8.407695934971151086e-01 4.142478711996678697e+01 5.445594999067153452e+01 3.542108191044044929e+01
9.374805411223435803e-01 2.427994674853708901e+01 4.159249258503254509e+01 2.857414822659616149e+01
1.045315829426528564e+00 1.293609306544332149e+01 3.113592210235640323e+01 2.290344352449242393e+01
1.165555054552403824e+00 5.882180032915581336e+00 2.276899254288064256e+01 1.820955023237419468e+01
1.299625000357985227e+00 1.810416259280363205e+00 1.621095763079170027e+01 1.433378039046453623e+01
1.449116568932995452e+00 -3.201685893491290069e-01 1.119967441731952817e+01 1.114663773991217255e+01
1.615803658576671964e+00 -1.272271049663902032e+00 7.483614757757564462e+00 8.543713072356737825e+00
1.801664213246928048e+00 -1.562342249854206333e+00 4.819898103208892337e+00 6.439554629945074105e+00
2.008903693258128342e+00 -1.515267580908177258e+00 2.980102560456222793e+00 4.761688784249654027e+00
2.239981245735629400e+00 -1.321408026229438759e+00 1.758411726213922499e+00 3.447103095512935589e+00
2.497638885371206374e+00 -1.084377457065845984e+00 9.799666297996153519e-01 2.438739651949284326e+00
2.784934031744384253e+00 -8.553470903272318848e-01 5.051677386171682382e-01 1.683833111887751643e+00
3.105275789304232426e+00 -6.560072373912073651e-01 2.292336610692819743e-01 1.133572202863750045e+00
3.462465400517639402e+00 -4.924732197290316305e-01 7.792919228263256448e-02 7.436457664787959887e-01
3.860741352209485999e+00 -3.632715342297789807e-01 1.337001812181777983e-03 4.752002585213685459e-01
4.304829670336041580e+00 0.000000000000000000e+00 -3.255939316450560950e-02 2.956300365455857837e-01
4.799999999999999822e+00 0.000000000000000000e+00 -4.342268340020841860e-02 1.788609988603898915e-01
