1.000000000230258569e-04 1.374590737377994287e+02 5.570698641118936223e+01 3.005806750080177281e+01
1.115026695290953366e-04 1.540548692010242462e+02 6.244735088712317861e+01 3.369806169771256066e+01
1.243284530925187648e-04 1.733607397651454392e+02 7.028944861968166435e+01 3.793069654835209548e+01
1.386295441504667143e-04 1.931921258602069429e+02 7.835500347016169087e+01 4.228566591802737662e+01
1.545756424481938766e-04 2.122074318870908201e+02 8.610896282803251722e+01 4.647574527646356302e+01
1.723559677317991945e-04 2.327206514197823140e+02 9.449053714730845854e+01 5.100345498887168105e+01
1.921815050694108094e-04 2.587326357600717870e+02 1.051144222103696961e+02 5.674420131922659749e+01
2.142875084442451923e-04 2.887575729848479682e+02 1.173863643235271610e+02 6.337694996315291007e+01
2.389362923277018713e-04 3.179298599688949594e+02 1.293494984317757144e+02 6.984556450791480131e+01
2.664203443578849946e-04 3.511388143746337960e+02 1.429828924766740386e+02 7.722040400801486726e+01
2.970657960592480913e-04 3.909206676582041950e+02 1.593104749072442701e+02 8.605277550334247394e+01
3.312362927876497001e-04 4.303621686097252450e+02 1.755425307685435143e+02 9.483951681270372092e+01
3.693373088223966556e-04 4.782885558053109776e+02 1.952415466206487622e+02 1.055025075540044384e+02
4.118209588090659132e-04 5.275075610586947050e+02 2.154928356921353725e+02 1.164690395052040373e+02
4.591913626466918256e-04 5.858346716923487065e+02 2.394411460840100858e+02 1.294348434219778028e+02
5.120106274801957584e-04 6.472814506163659871e+02 2.646448679448753865e+02 1.430806470199961211e+02
5.709055177816341068e-04 7.163495848641832708e+02 2.929008893601961177e+02 1.583754827899228417e+02
6.365748926688486646e-04 7.942465585608326819e+02 3.246764634604724051e+02 1.755672531191646613e+02
7.097979987143026312e-04 8.802426686174242150e+02 3.596463002608647344e+02 1.944767177686544528e+02
7.914437166483044659e-04 9.750976628492350073e+02 3.980964018558339035e+02 2.152562073730576344e+02
8.824808716799498404e-04 1.079738312890609222e+03 4.403929596685232468e+02 2.380992205499658212e+02
9.839897297802024153e-04 1.195753384133299051e+03 4.871728188231422223e+02 2.633483595622942062e+02
1.097174816344422205e-03 1.325711664756325490e+03 5.394800040200904050e+02 2.915661139946079743e+02
1.223379209343287413e-03 1.466511860868557051e+03 5.960642450662339797e+02 3.220765239521178387e+02
1.364100476567608111e-03 1.623583727858040220e+03 6.591523850949255348e+02 3.560857109919440404e+02
1.521008446081769522e-03 1.795678514950939189e+03 7.282543440733496709e+02 3.933293123391214294e+02
1.695965020753673102e-03 1.983720396385285312e+03 8.037567802394622731e+02 4.340180976815032068e+02
1.891046271984591709e-03 2.190254349164014911e+03 8.867138076916154432e+02 4.787264601534699295e+02
2.108567074807741158e-03 2.415110724282093997e+03 9.770693103627959317e+02 5.274257722559447075e+02
2.351108576680822643e-03 2.660395844323382789e+03 1.075687003189742200e+03 5.805850687656617310e+02
2.621548825923003187e-03 2.927192472460216322e+03 1.183017205573385809e+03 6.384507737810192793e+02
2.923096923239734257e-03 3.215556845438522487e+03 1.299076223024468163e+03 7.010292636279074259e+02
3.259331101584665453e-03 3.527113248000875046e+03 1.424539853550686303e+03 7.686921820105758343e+02
3.634241186222156913e-03 3.862255752335186116e+03 1.559564749873953360e+03 8.415243673002419200e+02
4.052275938830490927e-03 4.221039133197681622e+03 1.704174330824804201e+03 9.195392902422336192e+02
4.518395847440812539e-03 4.603754051399501805e+03 1.858513906410182017e+03 1.002820955262313305e+03
5.038131988628217865e-03 5.009320347501112337e+03 2.022142771322543013e+03 1.091125937834165143e+03
5.617651660426248826e-03 5.436456039381441769e+03 2.194566113132440933e+03 1.184196313681145284e+03
6.263831564778516575e-03 5.882599568484275551e+03 2.374762203443381168e+03 1.281486348457226768e+03
6.984339407925946493e-03 6.344965686748725602e+03 2.561627599572104828e+03 1.382400821847659245e+03
7.787724887016851671e-03 6.819240449179633288e+03 2.753452557052215980e+03 1.486023499554520640e+03
8.683521142606049834e-03 7.299554133931491378e+03 2.947899153619042409e+03 1.591100041196488974e+03
9.682357880899711625e-03 7.778567371865142377e+03 3.142037154312735311e+03 1.696050666182430177e+03
1.079608750807801998e-02 8.246986011057706492e+03 3.332158888895819473e+03 1.798881152110943731e+03
1.203792577343234388e-02 8.693728857022721058e+03 3.513843143262460217e+03 1.897211702849476751e+03
1.342260859021738965e-02 9.105740151930447610e+03 3.681873556667264893e+03 1.988236982479193784e+03
1.496656689508787767e-02 9.468151865938556512e+03 3.830288666214663863e+03 2.068743388026783578e+03
1.668812162103823840e-02 9.764322478565543861e+03 3.952414972197063889e+03 2.135125638447788333e+03
1.860770109743517184e-02 9.976740118155190430e+03 4.041236825757101087e+03 2.183612874173147702e+03
2.074808345685756270e-02 1.008830051713658031e+04 4.089837201881068722e+03 2.210463606902133051e+03
2.313466692519383291e-02 1.008487755683460637e+04 4.092485615719016550e+03 2.212566439400086892e+03
2.579577120231610690e-02 9.957526190208831395e+03 4.045522462634302428e+03 2.187942019187027654e+03
2.876297350957714855e-02 9.705547007675833811e+03 3.948544990681600211e+03 2.136348188494527221e+03
3.207148329174031032e-02 9.339267092304295147e+03 3.805590226697547223e+03 2.059940317097952175e+03
3.576056001963404812e-02 8.882181833565829947e+03 3.626016532898438527e+03 1.963747380764310947e+03
3.987397905126498221e-02 8.369371018324716715e+03 3.423932617488895630e+03 1.855376033837030036e+03
4.446055107939526907e-02 7.841747231994633694e+03 3.215950194104082584e+03 1.743808462131333044e+03
4.957470132945773766e-02 7.335797903287507324e+03 3.017064534848349467e+03 1.637178579385255489e+03
5.527711538069327024e-02 6.869921161077219949e+03 2.835039859365335360e+03 1.539731219234170794e+03
6.163545927395905344e-02 6.428048807328601470e+03 2.663387362794240289e+03 1.447960755098741856e+03
6.872518245115814828e-02 5.963799667296020743e+03 2.482533994259993506e+03 1.351163821699993605e+03
7.663041305413779980e-02 5.423482387098844811e+03 2.268806499341760173e+03 1.236234736636593425e+03
8.544495620686157200e-02 4.796870652792536930e+03 2.015908573430295291e+03 1.099413975962678705e+03
9.527340712667957401e-02 4.152948734117262575e+03 1.751958172791073366e+03 9.559104345657447084e+02
1.062323922731101822e-01 3.601023792646906713e+03 1.525485514282930126e+03 8.326513799511624256e+02
1.184519532618636822e-01 3.183682715875395843e+03 1.358504560027793559e+03 7.423707324530259939e+02
1.320770899659224340e-01 2.819373207809236646e+03 1.215009546699820930e+03 6.651499707931404828e+02
1.472694811144383831e-01 2.415904115411369730e+03 1.047694716677259521e+03 5.736357013547515180e+02
1.642094028064348954e-01 2.025620495534422389e+03 8.797755643540407391e+02 4.806483795733641387e+02
1.830978677048002712e-01 1.731188135480835626e+03 7.589507593124785672e+02 4.147550432308599966e+02
2.041590102946942431e-01 1.477163064350085961e+03 6.562298420353339452e+02 3.591314431703954710e+02
2.276427465103479653e-01 1.230782293584859417e+03 5.481294219379868764e+02 2.987528988847694222e+02
2.538277392899435103e-01 1.032941149966657804e+03 4.657395342777945757e+02 2.538158706583860180e+02
2.830247052484705095e-01 8.606574042712256869e+02 3.922807890316145176e+02 2.134399536464960363e+02
3.155801017062329072e-01 7.136280583273593265e+02 3.288173610160371254e+02 1.784740806150715287e+02
3.518802378240603601e-01 5.896550063536998323e+02 2.754431002486755347e+02 1.492993884836960206e+02
3.923558586288135031e-01 4.851703159024662000e+02 2.300770560985176019e+02 1.245616486617271619e+02
4.374872563241952172e-01 3.974063290682048546e+02 1.915556008816369626e+02 1.035693008318879436e+02
4.878099695387512202e-01 3.240199695980005004e+02 1.591928230444892733e+02 8.609154730268689093e+01
5.439211381395319123e-01 2.628338828465427923e+02 1.319347887316964432e+02 7.143687282601356969e+01
6.064865890189676811e-01 2.119828634580728988e+02 1.090202440783324249e+02 5.918350398325576123e+01
6.762487369363893164e-01 1.698921929896367544e+02 8.979501996608539116e+01 4.896424986827298653e+01
7.540353941672404137e-01 1.351993492881038890e+02 7.368035375742611848e+01 4.044728954425586664e+01
8.407695934971151086e-01 1.067539004711507431e+02 6.018594566355244524e+01 3.335062671890771924e+01
9.374805411223435803e-01 8.358934805163447379e+01 4.890503926704760573e+01 2.744244230552444463e+01
1.045315829426528564e+00 6.487326863103299956e+01 3.949089088489333932e+01 2.251866590735702900e+01
1.165555054552403824e+00 4.989442356513815469e+01 3.165995413412597870e+01 1.841536328434122538e+01
1.299625000357985227e+00 3.803371764343307149e+01 2.517642667545879220e+01 1.499746310487505774e+01
1.449116568932995452e+00 2.874578151679189020e+01 1.984053652312811167e+01 1.215146410678449129e+01
1.615803658576671964e+00 2.155576116390896502e+01 1.548513078595252068e+01 9.785610921213216074e+00
1.801664213246928048e+00 1.605087949245008971e+01 1.196535855600293274e+01 7.824061426923512919e+00
2.008903693258128342e+00 1.187886997183351312e+01 9.153619365976611633e+00 6.204416718143882292e+00
2.239981245735629400e+00 8.745574710743095892e+00 6.935887367090131761e+00 4.875469890361656233e+00
2.497638885371206374e+00 6.410196274709104358e+00 5.209106144116883996e+00 3.793654752129335783e+00
2.784934031744384253e+00 4.680761326099444730e+00 3.881531729379708917e+00 2.921888306553368508e+00
3.105275789304232426e+00 3.406848248141963076e+00 2.872680748217764979e+00 2.227637314280205061e+00
3.462465400517639402e+00 2.472671893411190425e+00 2.113956712223339807e+00 1.681878734226246674e+00
3.860741352209485999e+00 1.790149966415953919e+00 1.548306469526637308e+00 1.258551209599629406e+00
4.304829670336041580e+00 1.292993891951259799e+00 1.129602299892304540e+00 9.343973298796192095e-01
4.799999999999999822e+00 9.317762095324152449e-01 8.214588446073740613e-01 6.890982422752176539e-01
