1.000000000230258569e-04 2.403159494363902127e+02 1.037227989949775377e+02 5.724968352850305564e+01
1.115026695290953366e-04 2.659604762780028295e+02 1.147905881123787992e+02 6.336024626431618856e+01
1.243284530925187648e-04 2.982342215676668502e+02 1.287206354182941084e+02 7.105022511378422223e+01
1.386295441504667143e-04 3.362628060938954491e+02 1.451332760323369655e+02 8.011344479525301665e+01
1.545756424481938766e-04 3.763955370933799713e+02 1.624538290525445063e+02 8.967871313520247156e+01
1.723559677317991945e-04 4.156908013305422287e+02 1.794118674143105068e+02 9.904470957306668311e+01
1.921815050694108094e-04 4.574527441547313629e+02 1.974325501479693230e+02 1.090025674121458223e+02
2.142875084442451923e-04 5.093706579654359530e+02 2.198369378049213481e+02 1.213805197080184399e+02
2.389362923277018713e-04 5.705669061806826221e+02 2.462446766641404849e+02 1.359728579048260144e+02
2.664203443578849946e-04 6.317057527196524234e+02 2.726240192217020990e+02 1.505548042721291324e+02
2.970657960592480913e-04 6.992663484881419436e+02 3.017702328548826927e+02 1.666691559866343653e+02
3.312362927876497001e-04 7.814381978096779449e+02 3.372208340540156541e+02 1.862694775424783700e+02
3.693373088223966556e-04 8.643882311431478911e+02 3.729969464911840760e+02 2.060548893499151006e+02
4.118209588090659132e-04 9.628718537771067076e+02 4.154689360622685399e+02 2.295425330125576409e+02
4.591913626466918256e-04 1.067098518589142031e+03 4.604053731673630523e+02 2.543952684256324801e+02
5.120106274801957584e-04 1.188171333850139490e+03 5.125984939439349546e+02 2.832558070315154168e+02
5.709055177816341068e-04 1.316260200286321833e+03 5.677940063300303564e+02 3.137733068977134394e+02
6.365748926688486646e-04 1.462318009078335081e+03 6.307268541846536891e+02 3.485588333076274807e+02
7.097979987143026312e-04 1.625167710555282156e+03 7.008811893491586034e+02 3.873238249728280493e+02
7.914437166483044659e-04 1.803938907694774798e+03 7.778785674437272064e+02 4.298549978838666448e+02
8.824808716799498404e-04 2.001241784669570507e+03 8.628480753681652686e+02 4.767735593536430088e+02
9.839897297802024153e-04 2.218870492520877178e+03 9.565679590906802332e+02 5.285072037337120037e+02
1.097174816344422205e-03 2.457629422184657415e+03 1.059385917488852101e+03 5.852466958005235256e+02
1.223379209343287413e-03 2.723534272741402219e+03 1.173912959813796760e+03 6.484352298802367613e+02
1.364100476567608111e-03 3.014675031422415486e+03 1.299332140955177010e+03 7.176249159573604857e+02
1.521008446081769522e-03 3.335596571993195994e+03 1.437608692747957775e+03 7.939040469167333640e+02
1.695965020753673102e-03 3.685041126776959118e+03 1.588201828180920984e+03 8.769782434092616086e+02
1.891046271984591709e-03 4.066747558883514557e+03 1.752737065844121616e+03 9.677497514210872396e+02
2.108567074807741158e-03 4.480126820262807996e+03 1.930942647281742211e+03 1.066068983980671874e+03
2.351108576680822643e-03 4.931462879712789800e+03 2.125571196498421159e+03 1.173467111543918236e+03
2.621548825923003187e-03 5.416914319022994277e+03 2.334934861007639029e+03 1.289010089014097503e+03
2.923096923239734257e-03 5.938107628563994695e+03 2.559739763726459842e+03 1.413091843095874310e+03
3.259331101584665453e-03 6.496987933215082194e+03 2.800871594508433645e+03 1.546212675084962029e+03
3.634241186222156913e-03 7.090767853997163002e+03 3.057102424740159222e+03 1.687688389586093763e+03
4.052275938830490927e-03 7.718639053932478419e+03 3.328135545584459123e+03 1.837362517467699263e+03
4.518395847440812539e-03 8.378512770093220752e+03 3.613061559331618355e+03 1.994755322004460140e+03
5.038131988628217865e-03 9.066390557066457404e+03 3.910200187314272171e+03 2.158920365897385182e+03
5.617651660426248826e-03 9.777207947995177165e+03 4.217407448252621180e+03 2.328701922816409024e+03
6.263831564778516575e-03 1.050529483746207916e+04 4.532272086527071224e+03 2.502776011797375759e+03
6.984339407925946493e-03 1.123912175649026358e+04 4.849861736130865211e+03 2.678426764469404588e+03
7.787724887016851671e-03 1.196873187113346285e+04 5.165929725972550841e+03 2.853319478608865666e+03
8.683521142606049834e-03 1.267929329381796015e+04 5.474134172387281978e+03 3.023960899655879075e+03
9.682357880899711625e-03 1.335736087714473979e+04 5.768746524011164183e+03 3.187208086800347701e+03
1.079608750807801998e-02 1.398356373143033670e+04 6.041476985503813921e+03 3.338497462965486193e+03
1.203792577343234388e-02 1.453640570926699002e+04 6.283095870847861988e+03 3.472728560312858917e+03
1.342260859021738965e-02 1.499232733883076071e+04 6.483502696133345125e+03 3.584326603282307133e+03
1.496656689508787767e-02 1.532550973282050654e+04 6.631614092135293504e+03 3.667168696641530914e+03
1.668812162103823840e-02 1.550985456181932022e+04 6.716158176699006617e+03 3.715025025571950664e+03
1.860770109743517184e-02 1.552081290933012679e+04 6.726451535960026376e+03 3.721942266495322201e+03
2.074808345685756270e-02 1.533868424666354622e+04 6.653898936379699080e+03 3.683138993274617860e+03
2.313466692519383291e-02 1.495090641783399042e+04 6.492873060565890228e+03 3.595476454216065576e+03
2.579577120231610690e-02 1.435827043428930665e+04 6.243389436850450693e+03 3.458871103066448541e+03
2.876297350957714855e-02 1.358015576003038768e+04 5.913467377896856306e+03 3.277669971525017445e+03
3.207148329174031032e-02 1.265736594850226902e+04 5.520429623991953122e+03 3.061401089961952039e+03
3.576056001963404812e-02 1.165173353839490119e+04 5.090763367663076679e+03 2.824654395586427199e+03
3.987397905126498221e-02 1.063868072202734220e+04 4.657140223858075842e+03 2.585512672528179792e+03
4.446055107939526907e-02 9.693057486424446324e+03 4.252371196341561699e+03 2.362201921999711885e+03
4.957470132945773766e-02 8.869353251203570835e+03 3.900845363871861537e+03 2.168358446675945288e+03
5.527711538069327024e-02 8.177239955293339335e+03 3.607589525433578274e+03 2.006911702068609657e+03
6.163545927395905344e-02 7.570973214563965485e+03 3.352944993953951325e+03 1.867009103520152621e+03
6.872518245115814828e-02 6.938987848436751847e+03 3.086540052001845652e+03 1.720403341710373752e+03
7.663041305413779980e-02 6.187046828730739435e+03 2.763574640704046033e+03 1.541584901079938390e+03
8.544495620686157200e-02 5.313845221831093113e+03 2.379997485189675899e+03 1.327674270982975486e+03
9.527340712667957401e-02 4.456792563941779008e+03 1.997792391467384277e+03 1.113412430297510809e+03
1.062323922731101822e-01 3.787040407501646314e+03 1.700925612493618019e+03 9.470938569343989002e+02
1.184519532618636822e-01 3.330897499824333408e+03 1.508425547095319189e+03 8.407468531194529078e+02
1.320770899659224340e-01 2.929033621258948187e+03 1.342447940568910781e+03 7.496651391841348868e+02
1.472694811144383831e-01 2.454405113083884316e+03 1.130173309132233271e+03 6.299558791030159455e+02
1.642094028064348954e-01 2.013378439662767278e+03 9.266831273599281076e+02 5.138024528079230322e+02
1.830978677048002712e-01 1.702990926937172162e+03 7.968754758975031791e+02 4.421884598912103570e+02
2.041590102946942431e-01 1.426390359720803190e+03 6.819199155259221925e+02 3.789316708920430301e+02
2.276427465103479653e-01 1.159122008984681770e+03 5.599980256900252016e+02 3.089956028095685951e+02
2.538277392899435103e-01 9.476352717392661589e+02 4.730511517886939714e+02 2.614762450044480033e+02
2.830247052484705095e-01 7.605823154912318387e+02 3.932338110737983925e+02 2.168999927774617902e+02
3.155801017062329072e-01 6.014247304704102817e+02 3.266014084681763734e+02 1.801525925845586755e+02
3.518802378240603601e-01 4.660784402621901563e+02 2.701513124075927976e+02 1.491886996363466835e+02
3.923558586288135031e-01 3.520105737674981583e+02 2.228006530646065073e+02 1.235832088727476048e+02
4.374872563241952172e-01 2.568729597829192244e+02 1.826279401977470798e+02 1.019365376851256570e+02
4.878099695387512202e-01 1.789772490958034155e+02 1.489003751091198069e+02 8.404901571170908881e+01
5.439211381395319123e-01 1.167593183820977458e+02 1.205189563247771503e+02 6.918123873850159100e+01
6.064865890189676811e-01 6.877934696233973000e+01 9.664215173079894328e+01 5.681724361027629300e+01
6.762487369363893164e-01 3.354195123463329509e+01 7.659768860790168787e+01 4.654584029398087353e+01
7.540353941672404137e-01 9.364590790455135760e+00 5.982730149164289912e+01 3.801127118268939142e+01
8.407695934971151086e-01 -5.663499222274579026e+00 4.587541408191394510e+01 3.091637634664476408e+01
9.374805411223435803e-01 -1.361693234800975816e+01 3.437579657185809623e+01 2.501797850489943897e+01
1.045315829426528564e+00 -1.656617345293084753e+01 2.502533422254806439e+01 2.011191353178744734e+01
1.165555054552403824e+00 -1.637093214147055775e+01 1.756837788563627356e+01 1.603248827818149991e+01
1.299625000357985227e+00 -1.451196689282600083e+01 1.177555257776218234e+01 1.264684437201446876e+01
1.449116568932995452e+00 -1.202188159711947968e+01 7.426680658112976730e+00 9.846082336023233239e+00
1.615803658576671964e+00 -9.519633467744117894e+00 4.300143775816720471e+00 7.543517616724121133e+00
1.801664213246928048e+00 -7.310283244006937409e+00 2.170497403726591390e+00 5.668477310439007155e+00
2.008903693258128342e+00 -5.497190041685967365e+00 8.151312619851279750e-01 4.161961859813217757e+00
2.239981245735629400e+00 -4.075199280034522253e+00 2.641240530799487951e-02 2.973515569919241042e+00
2.497638885371206374e+00 -2.991837251089112915e+00 -3.752870717860123939e-01 2.057622882822006893e+00
2.784934031744384253e+00 -2.181671424595910125e+00 -5.329942064774613186e-01 1.371653995178603536e+00
3.105275789304232426e+00 -1.583197415061107893e+00 -5.511183931316491202e-01 8.748509048795405363e-01
3.462465400517639402e+00 -1.144562731568914637e+00 -4.994802388845619445e-01 5.285749788875130362e-01
3.860741352209485999e+00 -8.247396604180113888e-01 -4.207139493734745050e-01 2.974087275196800606e-01
4.304829670336041580e+00 -5.924557763968079094e-01 -3.383584569941430198e-01 1.504255596618779833e-01
4.799999999999999822e+00 -4.241880729988937171e-01 -2.637317498172735974e-01 6.214329355571392849e-02
