1.000000000230258569e-04 3.841429001047955580e+02 1.671085047853665060e+02 9.283731860123897661e+01
1.122634227564673579e-04 4.238647935918369285e+02 1.843209511690224360e+02 1.024025493253140979e+02
1.260307608609534901e-04 4.742465975052165277e+02 2.061616757601254335e+02 1.145405386433764647e+02
1.414864458359461712e-04 5.375780707638274407e+02 2.336213868667191207e+02 1.298015246881085432e+02
1.588375267953347550e-04 6.100663278732374692e+02 2.650300185889454951e+02 1.472563455976770399e+02
1.783164441611049004e-04 6.837809512966290413e+02 2.969070477156988659e+02 1.649765301250068035e+02
2.001841435067871621e-04 7.577884013994577117e+02 3.288234530542530933e+02 1.827231154450984434e+02
2.247335712646909519e-04 8.453751666866646701e+02 3.665674813937565091e+02 2.037110413326129503e+02
2.522935991264941354e-04 9.547742513789231680e+02 4.137237589808172515e+02 2.299348746757667641e+02
2.832334297096662638e-04 1.069464154023159836e+03 4.630628458399318674e+02 2.573784843005189487e+02
3.179675425093897337e-04 1.190560545802929255e+03 5.150453593679438882e+02 2.862999426136759098e+02
3.569612463934728852e-04 1.340690584439967552e+03 5.795624007277488090e+02 3.221945097862947591e+02
4.007369130231864672e-04 1.495618432890574468e+03 6.460410994865651446e+02 3.591884891024297985e+02
4.498809747048478080e-04 1.677932970510607220e+03 7.243606272270764066e+02 4.027683974032129868e+02
5.050517804175268938e-04 1.872858209040408383e+03 8.081194220086954374e+02 4.493770055712469116e+02
5.669884152586394726e-04 2.100453228744738681e+03 9.061143317319548487e+02 5.038970684680842851e+02
6.365206014554368984e-04 2.344554862634447545e+03 1.011353437160394947e+03 5.624381227420883533e+02
7.145798135793877959e-04 2.617735531591788913e+03 1.129392312355636932e+03 6.280823315431221090e+02
8.022117568662883325e-04 2.924532376695870880e+03 1.262248196999396896e+03 7.019458498486246754e+02
9.005903758055168549e-04 3.264833722659498108e+03 1.409911319656843943e+03 7.840167618823427347e+02
1.011033580661806338e-03 3.641637246774805590e+03 1.573709743756451189e+03 8.750289809457932506e+02
1.135020902606864940e-03 4.061732142441918313e+03 1.756606979892925438e+03 9.766292414934421231e+02
1.274213313974418031e-03 4.526396687505969567e+03 1.959148773360310997e+03 1.089122868010309503e+03
1.430475479156914512e-03 5.034754212385024402e+03 2.180902048047158132e+03 1.212267354237108748e+03
1.605900734223756829e-03 5.597088854678427197e+03 2.426347979138407482e+03 1.348567225932686597e+03
1.802839129895710598e-03 6.216099387874512104e+03 2.696598026969155399e+03 1.498647658998187580e+03
2.023928913547812410e-03 6.894135329586966691e+03 2.992642040961067323e+03 1.663063582844946040e+03
2.272131871983379750e-03 7.636631727552830853e+03 3.316839078278092984e+03 1.843135407606300532e+03
2.550773008441800313e-03 8.440175390682552461e+03 3.667623146836927390e+03 2.037988232674108303e+03
2.863585085365514225e-03 9.309984877284088725e+03 4.047289305408841301e+03 2.248907097314144266e+03
3.214758629634808552e-03 1.024285309083170978e+04 4.454403194145532325e+03 2.475088724857791021e+03
3.608998070155939632e-03 1.124207423680200918e+04 4.890467304962237904e+03 2.717386775827281781e+03
4.051584759838999447e-03 1.230169586065568910e+04 5.352916109154468359e+03 2.974388516112839170e+03
4.548447726227339283e-03 1.341449697131432185e+04 5.838572403442565701e+03 3.244324839303962108e+03
5.106243098575769836e-03 1.457266421128389629e+04 6.344066724186710417e+03 3.525303544738691016e+03
5.732443275407110572e-03 1.576631507165464791e+04 6.865291707107872753e+03 3.815114026715324599e+03
6.435437027063155117e-03 1.697791681658657399e+04 7.394586491046672563e+03 4.109485594819995640e+03
7.224641874254610074e-03 1.818993837802673806e+04 7.924436939681276272e+03 4.404268754836447442e+03
8.110630248067678127e-03 1.937869390260559885e+04 8.444641702653685570e+03 4.693816557584454131e+03
9.105271121505569346e-03 2.051670343418079210e+04 8.943360856312734541e+03 4.971575529220263888e+03
1.022188900990466699e-02 2.157120609054580200e+04 9.406468551851326993e+03 5.229725902225757636e+03
1.147544247024383408e-02 2.250623772388544603e+04 9.818448705982762476e+03 5.459671992907690765e+03
1.288272449057868002e-02 2.327470905837533428e+04 1.015891359405628646e+04 5.650102408905115226e+03
1.446258745407916733e-02 2.382892281947092852e+04 1.040718624250191533e+04 5.789543009476185034e+03
1.623619569135818438e-02 2.412862193493698214e+04 1.054576879333326360e+04 5.868272846592820315e+03
1.822730900435978393e-02 2.412472018479122562e+04 1.055319125396370509e+04 5.874329996842955552e+03
2.046260095998037737e-02 2.378025029419926796e+04 1.041312334343908333e+04 5.798586183323613113e+03
2.297201621738221775e-02 2.307208785056131092e+04 1.011505845249485901e+04 5.635115754242691764e+03
2.578917167586586637e-02 2.200255856466395198e+04 9.659343743649991666e+03 5.383963176343891064e+03
2.895180681720203528e-02 2.060829664897851399e+04 9.061129212155065034e+03 5.053370354516492625e+03
3.250228927534733192e-02 1.896674937883478560e+04 8.353374448784354172e+03 4.661498884991117848e+03
3.648818240631140908e-02 1.719669566725247205e+04 7.587313424279799619e+03 4.236702152388831564e+03
4.096288246151627566e-02 1.544149743009747726e+04 6.825601739918415660e+03 3.813836119463321211e+03
4.598633390041809155e-02 1.384192896232083513e+04 6.130855029793157883e+03 3.427960255998623779e+03
5.162583242493973962e-02 1.249157993314107262e+04 5.546013951338168226e+03 3.103367658337431294e+03
5.795692649341043640e-02 1.139354502864344795e+04 5.074505106271540171e+03 2.842370375064609107e+03
6.506442939097074885e-02 1.044211741536852787e+04 4.670024236713543360e+03 2.619178306497181893e+03
7.304355541444980393e-02 9.426976519985657433e+03 4.234639318787307275e+03 2.378078787445406761e+03
8.200119539239680844e-02 8.207031172916891592e+03 3.696616455930688971e+03 2.077076522546511114e+03
9.205734862752627812e-02 6.861478686257102709e+03 3.086030859684170991e+03 1.731882184229279574e+03
1.033467304443183715e-01 5.676224370220820674e+03 2.541504997471678053e+03 1.422402866566367948e+03
1.160205768769771578e-01 4.851350058175699814e+03 2.174714278064672271e+03 1.216068544873181281e+03
1.302486706739022226e-01 4.255827661603801971e+03 1.928933463859555332e+03 1.081779419486702182e+03
1.462216157596530064e-01 3.615141538113261959e+03 1.646884100010709744e+03 9.235294467609154481e+02
1.641533906237988560e-01 2.956551841179025814e+03 1.332016062688090642e+03 7.406093259566415554e+02
1.842842148426375448e-01 2.467363999459163097e+03 1.114582519667352926e+03 6.179201537840596075e+02
2.068837671345900298e-01 2.070744138879838374e+03 9.509180621046881470e+02 5.292225452649108774e+02
2.322547980593316352e-01 1.695923639416541846e+03 7.767997051646854061e+02 4.281999194304506204e+02
2.607371857574901086e-01 1.391450146537328919e+03 6.466349061293674367e+02 3.564497603507634835e+02
2.927124890628471365e-01 1.130547422727458070e+03 5.335631996609438374e+02 2.933730246476644652e+02
3.286090589819373742e-01 9.098692443021976715e+02 4.390484762191383652e+02 2.412379118929778201e+02
3.689077770159973624e-01 7.238348170164232442e+02 3.596989529455325965e+02 1.977173819021626855e+02
4.141484971975938345e-01 5.680471122596527493e+02 2.936554835537120312e+02 1.621318838012008143e+02
4.649372781414354283e-01 4.386123769661714391e+02 2.382848092416836607e+02 1.324896829760230901e+02
5.219545019921476570e-01 3.324490525460641948e+02 1.920458406199253716e+02 1.080462902263516014e+02
5.859639890329354506e-01 2.468338618914890219e+02 1.534737842895671918e+02 8.787668904354386257e+01
6.578232300572349756e-01 1.792805934606220717e+02 1.213770872560055807e+02 7.122472061572590007e+01
7.384948735793578356e-01 1.273548993966528826e+02 9.478847334312327177e+01 5.746906789737626298e+01
8.290596217703356530e-01 8.859299819999122860e+01 7.292529866833145036e+01 4.610013140538013232e+01
9.307307078768926045e-01 6.052648280851137486e+01 5.514866814244658144e+01 3.670952390458007386e+01
1.044870149067508081e+00 4.078100000592660734e+01 4.091363408137257807e+01 2.896366249996040665e+01
1.173006992433692330e+00 2.723223951367397078e+01 2.974031016801378868e+01 2.259729851208898666e+01
1.316857798575541416e+00 1.810749139395657181e+01 2.117490502070994651e+01 1.739469945076228186e+01
1.478349637175967013e+00 1.203681205624334893e+01 1.478267181074764558e+01 1.318340618084703841e+01
1.659645902619409696e+00 8.020901477016405323e+00 1.014241595431765042e+01 9.818836404112838423e+00
1.863175295489004624e+00 5.366688910936668222e+00 6.862961677003461602e+00 7.176998492763651427e+00
2.091664358187257822e+00 3.607911787572626761e+00 4.598992165148978906e+00 5.145720548746849587e+00
2.348174000537423645e+00 2.437075289944671930e+00 3.064863713206089191e+00 3.620683983073735845e+00
2.636140504673786467e+00 1.653312259992596678e+00 2.038765633042582959e+00 2.504386715594481227e+00
2.959421558534973240e+00 1.125504883612705065e+00 1.357460645597978299e+00 1.707301775967344337e+00
3.322347934639153344e+00 7.681276044437904682e-01 9.063874616088398728e-01 1.151061351450166192e+00
3.729781506445900785e+00 5.248823877440518260e-01 6.074272992718006137e-01 7.701885136513877406e-01
4.187180379509764627e+00 3.586611382184580754e-01 4.086814239043654595e-01 5.132315800746356516e-01
4.700672009942531204e+00 0.000000000000000000e+00 2.759317346920086567e-01 3.415521715414416848e-01
5.277135289701610610e+00 0.000000000000000000e+00 1.868192532189466570e-01 2.274809242517599195e-01
5.924292698344328478e+00 0.000000000000000000e+00 1.266952324616479053e-01 1.518151834671455092e-01
6.650813755741415534e+00 0.000000000000000000e+00 0.000000000000000000e+00 1.015724613469656951e-01
7.466431161634059954e+00 0.000000000000000000e+00 0.000000000000000000e+00 6.811772269707103145e-02
8.382071177875818790e+00 0.000000000000000000e+00 0.000000000000000000e+00 4.575421076171024004e-02
9.410000000000001918e+00 0.000000000000000000e+00 0.000000000000000000e+00 0.000000000000000000e+00
