1.000000000230258569e-04 2.488637217514931592e+02 1.062994520951372692e+02 5.936255232146164929e+01
1.115026695290953366e-04 2.742384027671315039e+02 1.170841307054739104e+02 6.537915045354863253e+01
1.243284530925187648e-04 3.061840675031791648e+02 1.306707935823747277e+02 7.295918023110131401e+01
1.386295441504667143e-04 3.452836091493278445e+02 1.473007409765680791e+02 8.223656733045702083e+01
1.545756424481938766e-04 3.889092556866811492e+02 1.658366625265054211e+02 9.257623243752473741e+01
1.723559677317991945e-04 4.329667749358537776e+02 1.845069043031699323e+02 1.029831098324271892e+02
1.921815050694108094e-04 4.774659035780832710e+02 2.033014746414541207e+02 1.134505707272096231e+02
2.142875084442451923e-04 5.295717150945176854e+02 2.252853834754756690e+02 1.256908190458378272e+02
2.389362923277018713e-04 5.943330351400923064e+02 2.526219325051496583e+02 1.409110021137201727e+02
2.664203443578849946e-04 6.638003687593794666e+02 2.818887971961709695e+02 1.571971985383347032e+02
2.970657960592480913e-04 7.347081025833319927e+02 3.116661916260745215e+02 1.737500732547347297e+02
3.312362927876497001e-04 8.212145251622160913e+02 3.480382816196231488e+02 1.939714390556682986e+02
3.693373088223966556e-04 9.155198293791818287e+02 3.876781926932917486e+02 2.160026344985011804e+02
4.118209588090659132e-04 1.016819249588365551e+03 4.302511511842806158e+02 2.396546865170794263e+02
4.591913626466918256e-04 1.135141561425344889e+03 4.801191508205823197e+02 2.673748167326662610e+02
5.120106274801957584e-04 1.260556804580020753e+03 5.330559451488664990e+02 2.968021481350592126e+02
5.709055177816341068e-04 1.402157290128586737e+03 5.930511291076817315e+02 3.301832592341165196e+02
6.365748926688486646e-04 1.560208946284260719e+03 6.602851540445601586e+02 3.676288684900115413e+02
7.097979987143026312e-04 1.730322140392349866e+03 7.329342631020263070e+02 4.081334130190750216e+02
7.914437166483044659e-04 1.918394592228214151e+03 8.135836680877106346e+02 4.531567579371968577e+02
8.824808716799498404e-04 2.126630178332537525e+03 9.032199130607976940e+02 5.032644599575108941e+02
9.839897297802024153e-04 2.356196865773247282e+03 1.002348709962582348e+03 5.587443761976146561e+02
1.097174816344422205e-03 2.609740657890698003e+03 1.112082281937878633e+03 6.202194979246510229e+02
1.223379209343287413e-03 2.887879830374950870e+03 1.232642105503516632e+03 6.878103246536680899e+02
1.364100476567608111e-03 3.190137556368819787e+03 1.363773864472394962e+03 7.613670606302179067e+02
1.521008446081769522e-03 3.526497540709214263e+03 1.509733993732114413e+03 8.432648454871832655e+02
1.695965020753673102e-03 3.893986166952631265e+03 1.669166002141480931e+03 9.327280192138996426e+02
1.891046271984591709e-03 4.295264369463207913e+03 1.843184891345179949e+03 1.030374511492675310e+03
2.108567074807741158e-03 4.731936988147309421e+03 2.032453958186959198e+03 1.136569471820151421e+03
2.351108576680822643e-03 5.208409909483160845e+03 2.238846117820254221e+03 1.252355370018517306e+03
2.621548825923003187e-03 5.723300756932116201e+03 2.461762331789029304e+03 1.377392746921123944e+03
2.923096923239734257e-03 6.279601434086214795e+03 2.702519646641926101e+03 1.512421107828414733e+03
3.259331101584665453e-03 6.875580321801976424e+03 2.960387809793952783e+03 1.657029471364757001e+03
3.634241186222156913e-03 7.509845417391707088e+03 3.234759037360208367e+03 1.810887430802541985e+03
4.052275938830490927e-03 8.179695519640518796e+03 3.524399781028436337e+03 1.973313900764076607e+03
4.518395847440812539e-03 8.883294575346240890e+03 3.828638882491500681e+03 2.143915372434041274e+03
5.038131988628217865e-03 9.614795635858105015e+03 4.145059425736876619e+03 2.321409432411294802e+03
5.617651660426248826e-03 1.036733007416630971e+04 4.470606688403496264e+03 2.504042261673956091e+03
6.263831564778516575e-03 1.113312162979277309e+04 4.802018653750404155e+03 2.690006393078084784e+03
6.984339407925946493e-03 1.190217096928743558e+04 5.135033830521890195e+03 2.876933910299750096e+03
7.787724887016851671e-03 1.266282008728531218e+04 5.464684201526341894e+03 3.062056340702652051e+03
8.683521142606049834e-03 1.340133593699142693e+04 5.785109038052713913e+03 3.242107794188415028e+03
9.682357880899711625e-03 1.410133302041207571e+04 6.089309033308711150e+03 3.413187493091873421e+03
1.079608750807801998e-02 1.474803304374612526e+04 6.370984157581044201e+03 3.571779711306511672e+03
1.203792577343234388e-02 1.530809752007010684e+04 6.615803302004164834e+03 3.709864174759104117e+03
1.342260859021738965e-02 1.576042802960705558e+04 6.814711012855244007e+03 3.822369428491375402e+03
1.496656689508787767e-02 1.608415856431949396e+04 6.958737264491282076e+03 3.904279140611504317e+03
1.668812162103823840e-02 1.625373897782415770e+04 7.036844539626299593e+03 3.949393530740041570e+03
1.860770109743517184e-02 1.624259487657722275e+04 7.037479414579567674e+03 3.951209567051714657e+03
2.074808345685756270e-02 1.603027855015993191e+04 6.951684993575190674e+03 3.904669380929654380e+03
2.313466692519383291e-02 1.560598318920162819e+04 6.774589211864759818e+03 3.806992312469119952e+03
2.579577120231610690e-02 1.496964133114277865e+04 6.505827585356705640e+03 3.657885914086491084e+03
2.876297350957714855e-02 1.414033015540301858e+04 6.153261880058792485e+03 3.461638957842650598e+03
3.207148329174031032e-02 1.315679230430672214e+04 5.733281138305414061e+03 3.227370117460539404e+03
3.576056001963404812e-02 1.207954916609365682e+04 5.271744297217762323e+03 2.969501297874021930e+03
3.987397905126498221e-02 1.098514133777423740e+04 4.801691086518991142e+03 2.706548686418061607e+03
4.446055107939526907e-02 9.952876301059865000e+03 4.357761295761775727e+03 2.458024707046099593e+03
4.957470132945773766e-02 9.046603660464443237e+03 3.968331208785342824e+03 2.240023762226290728e+03
5.527711538069327024e-02 8.290904637801060744e+03 3.644944552174481942e+03 2.059209620403985355e+03
6.163545927395905344e-02 7.655506995669706157e+03 3.374968692737583751e+03 1.908586826568757715e+03
6.872518245115814828e-02 7.042259063241740478e+03 3.114596746204569172e+03 1.763278670737457333e+03
7.663041305413779980e-02 6.337937747840567681e+03 2.811235568716638227e+03 1.593011019772781992e+03
8.544495620686157200e-02 5.500805185973099469e+03 2.442740447357547964e+03 1.384505292959125200e+03
9.527340712667957401e-02 4.627849891875518551e+03 2.051416311117691293e+03 1.161575001198240443e+03
1.062323922731101822e-01 3.898993947233357630e+03 1.723311155131179021e+03 9.742357439119871287e+02
1.184519532618636822e-01 3.402003297921291050e+03 1.506337018715332988e+03 8.515205538409354631e+02
1.320770899659224340e-01 3.024849650100103190e+03 1.349169433825463557e+03 7.640920623042461557e+02
1.472694811144383831e-01 2.594672108718928030e+03 1.158998606121745752e+03 6.558983141992634955e+02
1.642094028064348954e-01 2.144407152807278180e+03 9.478736300065054365e+02 5.330383033624930249e+02
1.830978677048002712e-01 1.814335044429496975e+03 8.008456745245110824e+02 4.489852295937704980e+02
2.041590102946942431e-01 1.557220057254374069e+03 6.949935578234601508e+02 3.905520038462310595e+02
2.276427465103479653e-01 1.296980111440021119e+03 5.750855849537258564e+02 3.207651982275914406e+02
2.538277392899435103e-01 1.084682373916943334e+03 4.817490376807264738e+02 2.675641497993296980e+02
2.830247052484705095e-01 9.058222233528468905e+02 4.058902405702614260e+02 2.251772699725897837e+02
3.155801017062329072e-01 7.492177927803106741e+02 3.369721326204921752e+02 1.856537061747098676e+02
3.518802378240603601e-01 6.172630497438536850e+02 2.815082633258241458e+02 1.548787812131421902e+02
3.923558586288135031e-01 5.043581045016395592e+02 2.337231474211524187e+02 1.281257474089834147e+02
4.374872563241952172e-01 4.085100947598010634e+02 1.937153684759262546e+02 1.060346041631105578e+02
4.878099695387512202e-01 3.273890297918301826e+02 1.601128405021037509e+02 8.770011547423527531e+01
5.439211381395319123e-01 2.591166073107396528e+02 1.318240350157413161e+02 7.240766336201248521e+01
6.064865890189676811e-01 2.021419773191933018e+02 1.080334797891702294e+02 5.969920760879510624e+01
6.762487369363893164e-01 1.551548559046047444e+02 8.803343227752904454e+01 4.914206912530227811e+01
7.540353941672404137e-01 1.170010594525555092e+02 7.123605032003113990e+01 4.037160323286082786e+01
8.407695934971151086e-01 8.660853881125865428e+01 5.714941300283440739e+01 3.307683259241304796e+01
9.374805411223435803e-01 6.293750978490045611e+01 4.537807106725279738e+01 2.700734454343920987e+01
1.045315829426528564e+00 4.495214180644420310e+01 3.559679212023266359e+01 2.195509506804336297e+01
1.165555054552403824e+00 3.163023595733553961e+01 2.753725018775936206e+01 1.774826807776837612e+01
1.299625000357985227e+00 2.199763762989655191e+01 2.097473561261670483e+01 1.424851425578266451e+01
1.449116568932995452e+00 1.517727873061104482e+01 1.571156147096606048e+01 1.134174214086079324e+01
1.615803658576671964e+00 1.042674289290468614e+01 1.156811020785154120e+01 8.936254768064696208e+00
1.801664213246928048e+00 7.154594655081960575e+00 8.374520139111496064e+00 6.957799147785507010e+00
2.008903693258128342e+00 4.915070249604171160e+00 5.968669456073487645e+00 5.344667112561675815e+00
2.239981245735629400e+00 3.385550996223149145e+00 4.197280147156303265e+00 4.045141991670168302e+00
2.497638885371206374e+00 2.340006982915576295e+00 2.920632356041700906e+00 3.013930420632391360e+00
2.784934031744384253e+00 1.623240149721498771e+00 2.017388446879740727e+00 2.210074158550062950e+00
3.105275789304232426e+00 1.129880914446400597e+00 1.387536372882859359e+00 1.595779444399309854e+00
3.462465400517639402e+00 7.887918496865957696e-01 9.528185951518077790e-01 1.136038927165760937e+00
3.860741352209485999e+00 5.519315791064516308e-01 6.546122472662548875e-01 7.989776718892646068e-01
4.304829670336041580e+00 3.867636337988694661e-01 4.505702646060944505e-01 5.565073362101243815e-01
4.799999999999999822e+00 2.711658848045426229e-01 3.109281295063192063e-01 3.849124184086242240e-01
