1.000000000230258569e-04 2.541462011415868801e+03 1.210168052118284095e+03 6.584589634717048057e+02
1.115486563971542785e-04 2.807412755532275696e+03 1.339489837245992476e+03 7.291978774297211885e+02
1.244310274114527074e-04 3.055201141603751239e+03 1.461902445153500139e+03 7.964276345764366170e+02
1.388011391866901154e-04 3.338783185224628141e+03 1.602528281417133030e+03 8.737483971484458607e+02
1.548308057910457113e-04 3.706320453808333241e+03 1.783615156290863069e+03 9.731847479555704012e+02
1.727116835090306587e-04 4.097319589275677572e+03 1.977531162621739668e+03 1.079882653202232859e+03
1.926575623508681512e-04 4.466698463344167067e+03 2.164006679792273644e+03 1.182992417212186410e+03
2.149069222004190347e-04 4.926868396438503623e+03 2.394708185661781954e+03 1.310409918851505381e+03
2.397257841638464457e-04 5.431143563220851320e+03 2.647673514540714223e+03 1.450238054063306890e+03
2.674108912107391479e-04 5.948024320534561411e+03 2.908494887230673612e+03 1.594748843575194542e+03
2.982932561365508645e-04 6.576386777942145272e+03 3.221642499919405964e+03 1.767809218400125928e+03
3.327421192670277522e-04 7.221338898269721540e+03 3.542994881918785723e+03 1.945546350508970818e+03
3.711693632243215748e-04 7.973731274538758043e+03 3.912942312389649942e+03 2.149534488360422529e+03
4.140344375392690035e-04 8.818990475274906203e+03 4.323895112721650548e+03 2.375521042576432137e+03
4.618498519902246974e-04 9.732979527479146782e+03 4.763552091241242124e+03 2.616669058128422876e+03
5.151873043487156757e-04 1.076285333781950612e+04 5.252812783601621049e+03 2.884093188484398979e+03
5.746845157973842983e-04 1.192022843507778089e+04 5.796305978932850849e+03 3.180133050794559495e+03
6.410528557468661917e-04 1.320904240811586533e+04 6.395648095843293049e+03 3.505613143998426494e+03
7.150858472165629249e-04 1.464369881714112489e+04 7.057758795674390967e+03 3.864296602267197159e+03
7.976686544726134401e-04 1.622122364088854556e+04 7.781822528808368588e+03 4.255813594220816412e+03
8.897886663605780169e-04 1.792376843060881583e+04 8.560219864611484809e+03 4.676148568397838972e+03
9.925473018708411317e-04 1.981629272489192954e+04 9.424006009800676111e+03 5.142261040434326787e+03
1.107173179088194286e-03 2.186125383424430765e+04 1.035705198428438598e+04 5.645649053631108472e+03
1.235036804978161722e-03 2.406614016212935894e+04 1.136357015736483299e+04 6.188712107083738374e+03
1.377666961646263968e-03 2.642959685748789707e+04 1.244359262633056824e+04 6.771570370916242609e+03
1.536768984990051967e-03 2.897711335300188875e+04 1.360985272736146362e+04 7.401261021259637346e+03
1.714245154289869167e-03 3.167973870773375165e+04 1.484919510525921032e+04 8.070765239346076669e+03
1.912217436523370962e-03 3.455766036448470550e+04 1.617133430002029672e+04 8.785487632510299591e+03
2.133052857342773462e-03 3.758294040888921882e+04 1.756328207610908794e+04 9.538490987649302042e+03
2.379391802059096454e-03 4.075944208032498136e+04 1.902715571278358402e+04 1.033089102492547136e+04
2.654179585009814029e-03 4.406282616457027325e+04 2.055178529720012739e+04 1.115642926754641303e+04
2.960701664764286197e-03 4.747616349603476556e+04 2.212952537869415028e+04 1.201083652064812304e+04
3.302622926212283368e-03 5.096990330254132277e+04 2.374688599837445508e+04 1.288745179113681843e+04
3.684031499205906151e-03 5.450531345759914257e+04 2.538564568973154019e+04 1.377622174718070346e+04
4.109487637665882979e-03 5.805009017866895010e+04 2.703084153217460698e+04 1.466905558378365458e+04
4.584078243567925488e-03 6.153110020832765440e+04 2.864852791164927112e+04 1.554754474608599594e+04
5.113477687716873853e-03 6.489226593063645123e+04 3.021279231860812797e+04 1.639766738858465396e+04
5.704015654503047893e-03 6.804758086275315145e+04 3.168378283310876577e+04 1.719783416037241113e+04
6.362752821816417166e-03 7.092627658267648076e+04 3.302883616470504785e+04 1.793043146342902401e+04
7.097565280973966440e-03 7.342549063211807515e+04 3.420022755826063076e+04 1.856960642652691968e+04
7.917238706014356406e-03 7.543376919102686225e+04 3.514615600649923726e+04 1.908720444402396242e+04
8.831573398280912271e-03 7.683764134869432019e+04 3.581397742174698942e+04 1.945463351183512350e+04
9.851501462242475554e-03 7.751760616502581979e+04 3.614806895552286733e+04 1.964164765547070419e+04
1.098921751354712747e-02 7.735668397949147038e+04 3.609359260484205879e+04 1.961835109821739752e+04
1.225832448210000328e-02 7.625327987947192742e+04 3.560241870842288336e+04 1.935822922903086146e+04
1.367399625343743499e-02 7.413763510742338258e+04 3.464121638308823458e+04 1.884293856554336526e+04
1.525315909299450497e-02 7.099007851046805445e+04 3.319926806352580752e+04 1.806634882826605462e+04
1.701469402243795462e-02 6.686635434464800346e+04 3.130047479241148176e+04 1.704079631403128224e+04
1.897966256774625410e-02 6.192071892418136849e+04 2.901467914892764747e+04 1.580370727729332430e+04
2.117155857815964867e-02 5.641667620080967026e+04 2.646299572221989001e+04 1.442056689993909640e+04
2.361658912683562567e-02 5.071274978067191114e+04 2.381158444758567566e+04 1.298141791115959131e+04
2.634398785175567220e-02 4.521593211367537151e+04 2.125106515843856323e+04 1.159010154143309228e+04
2.938636448329653983e-02 4.030696968027862022e+04 1.896201278840951272e+04 1.034547811777685274e+04
3.278009473753994152e-02 3.623666595095593948e+04 1.706637836182189130e+04 9.314975058577871096e+03
3.656575523702054742e-02 3.301620005629050866e+04 1.557431186518340655e+04 8.505222177583327721e+03
4.078860865897657173e-02 3.037433877248939098e+04 1.436034946191287418e+04 7.848241569958012406e+03
4.549914491170512637e-02 2.772452802742064523e+04 1.314065941329163979e+04 7.187423547980466537e+03
5.075368480951484434e-02 2.454227704604018436e+04 1.164996601789924352e+04 6.373896363957754147e+03
5.661505346402430361e-02 2.078097946405320909e+04 9.849252062685218334e+03 5.382478453833096864e+03
6.315333144310807112e-02 1.708969234945312928e+04 8.054941181657853122e+03 4.388232210752196806e+03
7.044669267860774464e-02 1.429733548537500064e+04 6.704109197630532435e+03 3.640471467451599892e+03
7.858233914112514040e-02 1.254314483213739004e+04 5.899684702864263272e+03 3.204473298321075163e+03
8.765754345719625751e-02 1.108838790002343012e+04 5.254850090998646920e+03 2.860252592431885660e+03
9.778081193473929511e-02 9.293261033356173357e+03 4.382635716374858021e+03 2.375093118906679138e+03
1.090731819023149224e-01 7.594637621520438188e+03 3.524996386191234706e+03 1.889408292502398353e+03
1.216696688736408766e-01 6.456461660827123524e+03 3.007618183992694867e+03 1.610459059744081515e+03
1.357208808401622890e-01 5.477114913076000448e+03 2.571148069821982972e+03 1.377857862997691200e+03
1.513948189927238619e-01 4.514735677910315644e+03 2.091386049482842282e+03 1.105000909503537969e+03
1.688788864024014236e-01 3.769698423021679446e+03 1.758477315056153429e+03 9.280184858888678718e+02
1.883821286769788717e-01 3.119012056603638030e+03 1.458435357210482152e+03 7.642622068067565806e+02
2.101377333831422056e-01 2.567585228969719992e+03 1.208165069527138940e+03 6.291553095223447372e+02
2.344058181183555356e-01 2.100966584801565659e+03 9.995893663103975086e+02 5.176837869055168539e+02
2.614765405675759102e-01 1.706219949444559688e+03 8.258435415759735179e+02 4.261664141271002109e+02
2.916735677297306317e-01 1.372724536770193708e+03 6.798270078119892332e+02 3.495133200420199273e+02
3.253579457932418983e-01 1.092411382992005883e+03 5.582652085489833098e+02 2.868432688054447226e+02
3.629324169301749725e-01 8.581679340028631486e+02 4.567499826114728307e+02 2.352243240827591251e+02
4.048462346221089470e-01 6.641588029423739954e+02 3.719070209282082828e+02 1.926750602989354775e+02
4.516005350914485406e-01 5.054820501619022934e+02 3.010240753674513599e+02 1.576323818311955449e+02
5.037543290608768043e-01 3.778072672581601523e+02 2.418624158095957739e+02 1.287664398674352810e+02
5.619311854805180140e-01 2.771168002382052009e+02 1.925791708029826452e+02 1.049631395488649446e+02
6.268266871357865977e-01 1.995256556707543893e+02 1.516843068070030824e+02 8.531740126884497499e+01
6.992167472777639503e-01 1.412134388907988694e+02 1.179661195914503224e+02 6.909095411033672463e+01
7.799668867126374749e-01 9.848329874705211751e+01 9.042433597310638049e+01 5.568358709258078676e+01
8.700425822703268253e-01 6.790336437952454673e+01 6.820896710598599100e+01 4.460321208862809073e+01
9.705208103821856280e-01 4.645774245279687875e+01 5.057766571477536388e+01 3.545677991827798081e+01
1.082602923786821769e+00 3.165123465088576538e+01 3.685203529890276286e+01 2.792785242312130833e+01
1.207629015322442267e+00 2.153673948438271069e+01 2.639626306169003556e+01 2.175930870583541221e+01
1.347093940544190405e+00 1.466784622336456323e+01 1.861205516606180055e+01 1.674187763073377511e+01
1.502665190738521561e+00 1.001198017872273027e+01 1.294687236132409325e+01 1.270220673727835248e+01
1.676202830030598223e+00 6.853083204510351578e+00 8.909531237554846328e+00 9.492522379678570488e+00
1.869781734959676811e+00 4.703742155315755014e+00 6.083776837019610362e+00 6.982465645131013865e+00
2.085716402426663674e+00 3.235711207106213738e+00 4.134077687384190014e+00 5.055139747930020633e+00
2.326588622626292402e+00 2.228842821271420860e+00 2.802492952771630019e+00 3.604198188598032093e+00
2.595278347831105226e+00 1.535536274734071949e+00 1.898822598403425710e+00 2.533748530968956025e+00
2.894998126105261083e+00 1.056555730885282207e+00 1.287398562423573090e+00 1.759367897353360632e+00
3.229331511649635278e+00 0.000000000000000000e+00 8.738581997519011546e-01 1.209162026038384852e+00
3.602275911025628830e+00 0.000000000000000000e+00 5.937553874609631244e-01 8.243069714059576558e-01
4.018290377542188097e+00 0.000000000000000000e+00 4.035558708757661650e-01 5.585402190007514589e-01
4.482348925252354732e+00 0.000000000000000000e+00 2.740392990321161570e-01 3.768117271306705152e-01
5.000000000000000888e+00 0.000000000000000000e+00 0.000000000000000000e+00 2.534135369202543675e-01
