1.000000000230258569e-04 2.215359685042072044e+02 9.310935835084285372e+01 5.089967697247108447e+01
1.115026695290953366e-04 2.435975235610590062e+02 1.024037715412705154e+02 5.598270655288422404e+01
1.243284530925187648e-04 2.709602091661386112e+02 1.139287239209569123e+02 6.228600169947047505e+01
1.386295441504667143e-04 3.049597975411643915e+02 1.282473471018057865e+02 7.011680029146873494e+01
1.545756424481938766e-04 3.443790454102924627e+02 1.448549561981619149e+02 7.920006209196647262e+01
1.723559677317991945e-04 3.856153636333094710e+02 1.622448010180008566e+02 8.871283362592963329e+01
1.921815050694108094e-04 4.265914670967069355e+02 1.795489739421514344e+02 9.818183561809172488e+01
2.142875084442451923e-04 4.716078315322730532e+02 1.985791545722922251e+02 1.085964284487530733e+02
2.389362923277018713e-04 5.275314808979413783e+02 2.222169350971901167e+02 1.215339428486939397e+02
2.664203443578849946e-04 5.915089483127228505e+02 2.492708098904637950e+02 1.363434997905143575e+02
2.970657960592480913e-04 6.557221807360701860e+02 2.764644397287096353e+02 1.512355059184963579e+02
3.312362927876497001e-04 7.294168904442007033e+02 3.076790142045839502e+02 1.683308216420084591e+02
3.693373088223966556e-04 8.162949267527770871e+02 3.444651123704605880e+02 1.884790672772380447e+02
4.118209588090659132e-04 9.051166155681346481e+02 3.820953580656264990e+02 2.090946517638156195e+02
4.591913626466918256e-04 1.011769902647421873e+03 4.272282387175131930e+02 2.338184017857605568e+02
5.120106274801957584e-04 1.123358225071199968e+03 4.744300307042006466e+02 2.596783458546619272e+02
5.709055177816341068e-04 1.254539854386961906e+03 5.298391001425376317e+02 2.900289037406909074e+02
6.365748926688486646e-04 1.394945968913747265e+03 5.890678884183637365e+02 3.224676301634440279e+02
7.097979987143026312e-04 1.552277309558271781e+03 6.553344739175729501e+02 3.587522497917422015e+02
7.914437166483044659e-04 1.729559703988589035e+03 7.298947608149452435e+02 3.995671949445450650e+02
8.824808716799498404e-04 1.925730166049991340e+03 8.122849111482175886e+02 4.446554643013839723e+02
9.839897297802024153e-04 2.142273072113658145e+03 9.031222864293937391e+02 4.943525005134276284e+02
1.097174816344422205e-03 2.381020027104832025e+03 1.003180423708810281e+03 5.490807036002063342e+02
1.223379209343287413e-03 2.645463864048190771e+03 1.113942231106411327e+03 6.096503942125074218e+02
1.364100476567608111e-03 2.939998176088400669e+03 1.237281396880693592e+03 6.770897751715749564e+02
1.521008446081769522e-03 3.259220588043961470e+03 1.370919430185928832e+03 7.501517790139371300e+02
1.695965020753673102e-03 3.613073410902213254e+03 1.519085673479401066e+03 8.311587270186189471e+02
1.891046271984591709e-03 3.999955900064478101e+03 1.681111776291517799e+03 9.197474001283496818e+02
2.108567074807741158e-03 4.421056618465198881e+03 1.857505278656109567e+03 1.016197918024956380e+03
2.351108576680822643e-03 4.881356048564867706e+03 2.050393842190476335e+03 1.121681403913317581e+03
2.621548825923003187e-03 5.378538407390194152e+03 2.258792328608845764e+03 1.235658806172026516e+03
2.923096923239734257e-03 5.916675818425618672e+03 2.484438440619301673e+03 1.359084999766526607e+03
3.259331101584665453e-03 6.496239145191671014e+03 2.727547381813415086e+03 1.492080837822927606e+03
3.634241186222156913e-03 7.114807638258814222e+03 2.987062129523792919e+03 1.634060461694769856e+03
4.052275938830490927e-03 7.773816950075586647e+03 3.263665035692222318e+03 1.785408744018216794e+03
4.518395847440812539e-03 8.470053417132729010e+03 3.555983138529011740e+03 1.945367745149553230e+03
5.038131988628217865e-03 9.200128532023718435e+03 3.862633840537027481e+03 2.113190919336841944e+03
5.617651660426248826e-03 9.959612794771865083e+03 4.181777540380761820e+03 2.287879691657546118e+03
6.263831564778516575e-03 1.074140005422590730e+04 4.510459325958036061e+03 2.467811714292818124e+03
6.984339407925946493e-03 1.153662530860949664e+04 4.844986916238223785e+03 2.650983552986866471e+03
7.787724887016851671e-03 1.233389245711603508e+04 5.180613047869062029e+03 2.834789925046969984e+03
8.683521142606049834e-03 1.311878098193085862e+04 5.511362363000879668e+03 3.015969431567876654e+03
9.682357880899711625e-03 1.387437423340152418e+04 5.830162947997008814e+03 3.190670313002049170e+03
1.079608750807801998e-02 1.458042258793804831e+04 6.128621393663866911e+03 3.354295406075849314e+03
1.203792577343234388e-02 1.521347092249215530e+04 6.396970142381538608e+03 3.501538814486922092e+03
1.342260859021738965e-02 1.574668925123322333e+04 6.623946992663039964e+03 3.626224782536954990e+03
1.496656689508787767e-02 1.615068949121218793e+04 6.797332800715394114e+03 3.721659437794105543e+03
1.668812162103823840e-02 1.639468886290128285e+04 6.904209861061976881e+03 3.780798896190538926e+03
1.860770109743517184e-02 1.644879758784141814e+04 6.932022372095218088e+03 3.796756463430361691e+03
2.074808345685756270e-02 1.628690428389546651e+04 6.869722613721732159e+03 3.763474363465354600e+03
2.313466692519383291e-02 1.589053588360891990e+04 6.709370532781032125e+03 3.676574636347990236e+03
2.579577120231610690e-02 1.525478777418774371e+04 6.448614012210233341e+03 3.534724666799909301e+03
2.876297350957714855e-02 1.439491592594289978e+04 6.093477717699955065e+03 3.341155723925021448e+03
3.207148329174031032e-02 1.335110250551013087e+04 5.660408342402971357e+03 3.104801206043370257e+03
3.576056001963404812e-02 1.218994378543782659e+04 5.177047874716858132e+03 2.840733563056737239e+03
3.987397905126498221e-02 1.099962980325034368e+04 4.680395333691400083e+03 2.569189697096516284e+03
4.446055107939526907e-02 9.875260239576593449e+03 4.210841119445875847e+03 2.312337039920661027e+03
4.957470132945773766e-02 8.898951079198744992e+03 3.803929053056642715e+03 2.089783861686071759e+03
5.527711538069327024e-02 8.111986536737820643e+03 3.478448742891973325e+03 1.912031992091980328e+03
6.163545927395905344e-02 7.490258405450921600e+03 3.225332246259996737e+03 1.774280542270692877e+03
6.872518245115814828e-02 6.941741813227422426e+03 3.005296217648606671e+03 1.654930474157795970e+03
7.663041305413779980e-02 6.309621300445489396e+03 2.747874450989639172e+03 1.514690440490109495e+03
8.544495620686157200e-02 5.503991525388956688e+03 2.408748124670517882e+03 1.328245182824483663e+03
9.527340712667957401e-02 4.589555792940377614e+03 2.012369638841777487e+03 1.108501974249837986e+03
1.062323922731101822e-01 3.775178086215455551e+03 1.655050634658824492e+03 9.095632873193618479e+02
1.184519532618636822e-01 3.219680798171911192e+03 1.419273668514549172e+03 7.792799427428116132e+02
1.320770899659224340e-01 2.857101248239457163e+03 1.281094838527802949e+03 7.053413021705783876e+02
1.472694811144383831e-01 2.469971790590199817e+03 1.126840673304617439e+03 6.215924511221477360e+02
1.642094028064348954e-01 2.006631847641198647e+03 9.174814334369191329e+02 5.032095625826897276e+02
1.830978677048002712e-01 1.637216887523352625e+03 7.536093846171897894e+02 4.108443596705250798e+02
2.041590102946942431e-01 1.380076067270219710e+03 6.590602724995281960e+02 3.613140395409270127e+02
2.276427465103479653e-01 1.122227347890583360e+03 5.507464664058779817e+02 3.011818135825991476e+02
2.538277392899435103e-01 8.952451840668636578e+02 4.516551865657319240e+02 2.451065567826543656e+02
2.830247052484705095e-01 7.132789562743616898e+02 3.827856331468076405e+02 2.090486152167811724e+02
3.155801017062329072e-01 5.516527288102652165e+02 3.145166069686092669e+02 1.707767725350411752e+02
3.518802378240603601e-01 4.171045171899722845e+02 2.615711015472385270e+02 1.428055680524997513e+02
3.923558586288135031e-01 3.037471311743994420e+02 2.149207531692514124e+02 1.174664853449803985e+02
4.374872563241952172e-01 2.104369971363150853e+02 1.764555464760670134e+02 9.725142293497532364e+01
4.878099695387512202e-01 1.351553784304132648e+02 1.438782681865608311e+02 8.018621485654756498e+01
5.439211381395319123e-01 7.641659104988545437e+01 1.164651162243192317e+02 6.599830254231569882e+01
6.064865890189676811e-01 3.269326277662704427e+01 9.344250929179446530e+01 5.425217732266901294e+01
6.762487369363893164e-01 2.304414045031237812e+00 7.412132754482688313e+01 4.450488799980323762e+01
7.540353941672404137e-01 -1.670469247395279666e+01 5.795541390427222694e+01 3.641472281825137713e+01
8.407695934971151086e-01 -2.657153818580603044e+01 4.449773995191609544e+01 2.969350343774150147e+01
9.374805411223435803e-01 -2.969716523011618747e+01 3.339164154803614082e+01 2.410887166633758127e+01
1.045315829426528564e+00 -2.841441469074367632e+01 2.434418287751288545e+01 1.946664182466221149e+01
1.165555054552403824e+00 -2.473522916490146173e+01 1.710897146620197873e+01 1.560640181801750614e+01
1.299625000357985227e+00 -2.017210291169720193e+01 1.146845655546050047e+01 1.239986511359317589e+01
1.449116568932995452e+00 -1.569250940558370644e+01 7.216112110029505367e+00 9.742251547554827695e+00
1.615803658576671964e+00 -1.179487270791990383e+01 4.145322765501624929e+00 7.549510718260879827e+00
1.801664213246928048e+00 -8.648213053555860341e+00 2.045298978808610446e+00 5.754067502184432747e+00
2.008903693258128342e+00 -6.230846956062721986e+00 7.058621255256125604e-01 4.299699572352309040e+00
2.239981245735629400e+00 -4.435441744521079421e+00 -7.181858515686208311e-02 3.139470288759671046e+00
2.497638885371206374e+00 -3.132524423603259223e+00 -4.626043378331962108e-01 2.232046921351946267e+00
2.784934031744384253e+00 -2.201486983786064222e+00 -6.080039264317741443e-01 1.539536357379232001e+00
3.105275789304232426e+00 -1.542965528618272408e+00 -6.128898751135636314e-01 1.026148842893394031e+00
3.462465400517639402e+00 -1.080113758958000325e+00 -5.482468326458419527e-01 6.578933850896050428e-01
3.860741352209485999e+00 -7.558420103121296085e-01 -4.577615988744556663e-01 4.031974553209939360e-01
4.304829670336041580e+00 -5.289833297086070640e-01 -3.655749684679960310e-01 2.338699897506198999e-01
4.799999999999999822e+00 -3.702343234519822057e-01 -2.831747459483662244e-01 1.260312093806909006e-01
