1.000000000230258569e-04 2.081426544650279311e+02 8.456061714283080732e+01 4.585368246607752951e+01
1.115026695290953366e-04 2.312818580783476534e+02 9.398274655491823637e+01 5.096247468597209007e+01
1.243284530925187648e-04 2.598525416091035254e+02 1.056107888272805582e+02 5.726815338438785830e+01
1.386295441504667143e-04 2.915048618697030633e+02 1.185008158880079918e+02 6.426009649732787921e+01
1.545756424481938766e-04 3.226300879656968732e+02 1.311964370072051906e+02 7.114542224294869754e+01
1.723559677317991945e-04 3.531082518925738327e+02 1.436536437071220575e+02 7.790340801563408490e+01
1.921815050694108094e-04 3.888664226791664191e+02 1.582783819382102592e+02 8.583811029721265129e+01
2.142875084442451923e-04 4.340468950981710350e+02 1.767515205608725921e+02 9.586021373175464078e+01
2.389362923277018713e-04 4.818014142097372883e+02 1.963049852784010056e+02 1.064701362770225188e+02
2.664203443578849946e-04 5.290801394254410752e+02 2.157115083291111830e+02 1.170028405094934669e+02
2.970657960592480913e-04 5.876340244881167791e+02 2.397359710155851360e+02 1.300417770859533277e+02
3.312362927876497001e-04 6.508538890866838074e+02 2.656982688992254111e+02 1.441340454591123148e+02
3.693373088223966556e-04 7.178250302420918842e+02 2.932293240042419029e+02 1.590805365950690486e+02
4.118209588090659132e-04 7.968618796375740203e+02 3.256908541143681077e+02 1.767048212887241334e+02
4.591913626466918256e-04 8.796128903581870873e+02 3.596858264553055164e+02 1.951632217659840478e+02
5.120106274801957584e-04 9.736832559998749730e+02 3.982774874357701833e+02 2.161170388182842714e+02
5.709055177816341068e-04 1.079235078184251051e+03 4.415090312313840286e+02 2.395891953485806880e+02
6.365748926688486646e-04 1.192718115637139135e+03 4.879178417487339630e+02 2.647851816334930959e+02
7.097979987143026312e-04 1.318847200170770975e+03 5.393923716497372425e+02 2.927280761821141368e+02
7.914437166483044659e-04 1.459427178519151084e+03 5.966398827814034576e+02 3.238005865980226190e+02
8.824808716799498404e-04 1.615220509808900488e+03 6.599584085353661749e+02 3.581628270271723409e+02
9.839897297802024153e-04 1.788110645546484648e+03 7.301085726949229411e+02 3.962268746030545685e+02
1.097174816344422205e-03 1.978006531799456070e+03 8.070548459307054827e+02 4.379728402109559511e+02
1.223379209343287413e-03 2.184591826094875159e+03 8.906708836516340853e+02 4.833293741133093704e+02
1.364100476567608111e-03 2.415023846008484270e+03 9.838884655912873995e+02 5.338917922466165464e+02
1.521008446081769522e-03 2.666870585105366899e+03 1.085737928754572295e+03 5.891322064746146907e+02
1.695965020753673102e-03 2.941874500969661767e+03 1.196944335886105364e+03 6.494453211560254431e+02
1.891046271984591709e-03 3.241210246498731522e+03 1.317998609608073821e+03 7.150994391019601153e+02
2.108567074807741158e-03 3.568786858222611045e+03 1.450515312529255880e+03 7.869745573821174958e+02
2.351108576680822643e-03 3.923435588720513351e+03 1.594025874097846327e+03 8.648160980479769933e+02
2.621548825923003187e-03 4.308775151756018204e+03 1.750023129602338940e+03 9.494401885730951562e+02
2.923096923239734257e-03 4.724160198840698285e+03 1.918243880326152748e+03 1.040701686512221386e+03
3.259331101584665453e-03 5.170740468520285503e+03 2.099177219357316972e+03 1.138872086076059531e+03
3.634241186222156913e-03 5.647916207487712200e+03 2.292579940223022732e+03 1.243818045410247805e+03
4.052275938830490927e-03 6.156827027579224705e+03 2.498940824868444906e+03 1.355813688224124235e+03
4.518395847440812539e-03 6.696331683170639735e+03 2.717818223845408284e+03 1.474629124126680836e+03
5.038131988628217865e-03 7.264030972497183939e+03 2.948238406486383610e+03 1.599723728856903790e+03
5.617651660426248826e-03 7.857760302266570761e+03 3.189366788695439027e+03 1.730664001762634598e+03
6.263831564778516575e-03 8.473475674755407454e+03 3.439590094917728038e+03 1.866579288216260466e+03
6.984339407925946493e-03 9.105714478738467733e+03 3.696731787684039773e+03 2.006298616485959883e+03
7.787724887016851671e-03 9.746830581825370245e+03 3.957732246193294031e+03 2.148168728068230394e+03
8.683521142606049834e-03 1.038747495714138313e+04 4.218845231467734266e+03 2.290165410530773443e+03
9.682357880899711625e-03 1.101773596486039787e+04 4.476123404502378435e+03 2.430161047777161912e+03
1.079608750807801998e-02 1.162363881013747960e+04 4.723965731725440492e+03 2.565132508433839575e+03
1.203792577343234388e-02 1.218889508474955619e+04 4.955836367096368122e+03 2.691536186122528761e+03
1.342260859021738965e-02 1.269539238492885488e+04 5.164461956660170472e+03 2.805434422397339858e+03
1.496656689508787767e-02 1.312259196729884752e+04 5.341592519688407265e+03 2.902357158521713700e+03
1.668812162103823840e-02 1.344799724660101310e+04 5.478159689284882916e+03 2.977393588808426102e+03
1.860770109743517184e-02 1.364867992315928132e+04 5.564858401226561909e+03 3.025478043590122070e+03
2.074808345685756270e-02 1.370321075656377252e+04 5.592969089505088959e+03 3.041858794947968818e+03
2.313466692519383291e-02 1.359466163936326848e+04 5.555562256732144306e+03 3.022766306763337070e+03
2.579577120231610690e-02 1.331377436503792342e+04 5.448687903930513130e+03 2.966012382402898311e+03
2.876297350957714855e-02 1.286343328627622577e+04 5.273264368035793268e+03 2.872032341305209229e+03
3.207148329174031032e-02 1.226209042634349316e+04 5.036529383678111117e+03 2.744713385210573051e+03
3.576056001963404812e-02 1.154621649225575129e+04 4.753025326913243589e+03 2.591905762569198487e+03
3.987397905126498221e-02 1.076756231476211360e+04 4.443677683797021928e+03 2.424953157797375297e+03
4.446055107939526907e-02 9.984893268875004651e+03 4.132525456617303462e+03 2.256938253264752348e+03
4.957470132945773766e-02 9.249997982526339911e+03 3.841101969031584758e+03 2.099637964764815024e+03
5.527711538069327024e-02 8.588856934145236664e+03 3.580612260894982683e+03 1.959245535220674583e+03
6.163545927395905344e-02 7.982060795675876761e+03 3.343334633825053061e+03 1.831591340561912148e+03
6.872518245115814828e-02 7.365566524117548397e+03 3.101977488434220959e+03 1.701641875471706953e+03
7.663041305413779980e-02 6.664201705815004061e+03 2.822799424668049596e+03 1.550532052052877589e+03
8.544495620686157200e-02 5.856263500907274647e+03 2.493306353714824127e+03 1.370846405392471524e+03
9.527340712667957401e-02 5.024243774185268194e+03 2.147146898873830196e+03 1.180860372486766664e+03
1.062323922731101822e-01 4.309517423048006094e+03 1.848775028354159986e+03 1.016792033704435312e+03
1.184519532618636822e-01 3.775903993156450724e+03 1.632553844949611630e+03 8.988572392474699200e+02
1.320770899659224340e-01 3.329679836320504364e+03 1.456925264009686771e+03 8.039674549574342564e+02
1.472694811144383831e-01 2.847145089330682822e+03 1.255610371044050680e+03 6.931087870263354489e+02
1.642094028064348954e-01 2.372981669310152938e+03 1.047051593682740304e+03 5.761566135223608853e+02
1.830978677048002712e-01 2.010451448529202935e+03 8.951588559870123163e+02 4.923916204701661172e+02
2.041590102946942431e-01 1.709003211310558072e+03 7.737103473933494797e+02 4.266650084436009251e+02
2.276427465103479653e-01 1.420170830712745783e+03 6.451304425547305073e+02 3.541487654757713130e+02
2.538277392899435103e-01 1.184351400759170019e+03 5.445814309392558243e+02 2.987052167490714965e+02
2.830247052484705095e-01 9.835358336810389801e+02 4.586814246971329112e+02 2.515284596872795078e+02
3.155801017062329072e-01 8.118698376222730531e+02 3.829327277523041175e+02 2.093438633958618027e+02
3.518802378240603601e-01 6.680551856305495448e+02 3.202923018731311231e+02 1.751043634473310249e+02
3.923558586288135031e-01 5.472015423890600232e+02 2.667490371052845717e+02 1.457092552989575722e+02
4.374872563241952172e-01 4.461212815544108707e+02 2.216060552016735414e+02 1.210533680935395324e+02
4.878099695387512202e-01 3.618728435250719713e+02 1.836841303572343520e+02 1.005087898619248534e+02
5.439211381395319123e-01 2.918836378010917088e+02 1.517936680589748164e+02 8.330309702064515420e+01
6.064865890189676811e-01 2.339431760335884860e+02 1.250186858860632100e+02 6.893526027939276446e+01
6.762487369363893164e-01 1.862002574648727204e+02 1.025754478879727003e+02 5.695671449399734598e+01
7.540353941672404137e-01 1.470629508578491311e+02 8.378294651024076245e+01 4.697156681448916515e+01
8.407695934971151086e-01 1.151839749870485576e+02 6.806836079782738125e+01 3.864670868349854516e+01
9.374805411223435803e-01 8.942557259464723529e+01 5.495883726408036551e+01 3.170833972513515064e+01
1.045315829426528564e+00 6.880237691481710272e+01 4.405481940749744751e+01 2.592530144540617698e+01
1.165555054552403824e+00 5.246344233293964265e+01 3.502701514369570646e+01 2.110668374097462774e+01
1.299625000357985227e+00 3.966438487939687718e+01 2.760042536484550268e+01 1.709553070349596382e+01
1.449116568932995452e+00 2.975038367498163794e+01 2.153917887081180993e+01 1.376052708241536493e+01
1.615803658576671964e+00 2.215581448665000508e+01 1.664168140502306414e+01 1.099579240317986439e+01
1.801664213246928048e+00 1.639706346841067131e+01 1.272981835980287890e+01 8.713790919508269894e+00
2.008903693258128342e+00 1.206985850202593546e+01 9.644357318417817737e+00 6.841877793560914967e+00
2.239981245735629400e+00 8.843889710121977998e+00 7.242264740073620644e+00 5.319326924036236193e+00
2.497638885371206374e+00 6.454472011156646261e+00 5.395536265177697466e+00 4.093443288338697528e+00
2.784934031744384253e+00 4.694350942789323966e+00 3.992265375449167930e+00 3.118142175123405746e+00
3.105275789304232426e+00 3.403635905312307308e+00 2.936809343074988643e+00 2.352210509131102967e+00
3.462465400517639402e+00 2.460782798327696863e+00 2.149942705900291795e+00 1.758693200917790023e+00
3.860741352209485999e+00 1.774266705382786524e+00 1.567539437086038490e+00 1.304668099874535914e+00
4.304829670336041580e+00 1.275766517365001906e+00 1.138978807880935085e+00 9.613962051809751275e-01
4.799999999999999822e+00 9.146611237124746552e-01 8.251083458561274675e-01 7.044894491692000882e-01
