1.000000000230258569e-04 3.418444799386479644e+02 1.455331375577503934e+02 8.052488339095130243e+01
1.115026695290953366e-04 3.751145034194867094e+02 1.596683641186311604e+02 8.834283845435778915e+01
1.243284530925187648e-04 4.173093064975465722e+02 1.775992639630369467e+02 9.826211802754744440e+01
1.386295441504667143e-04 4.694078873914721726e+02 1.997422635289995014e+02 1.105109665411255691e+02
1.545756424481938766e-04 5.277971684649893405e+02 2.245485491836958829e+02 1.242330183900212717e+02
1.723559677317991945e-04 5.863136326952558193e+02 2.493830645175099221e+02 1.379675287695464192e+02
1.921815050694108094e-04 6.442458739020678422e+02 2.739335315199375600e+02 1.515430757629198126e+02
2.142875084442451923e-04 7.114573229847952689e+02 3.024018598199129997e+02 1.672833751332458689e+02
2.389362923277018713e-04 7.958547422655610717e+02 3.381620477207952149e+02 1.870561154721595472e+02
2.664203443578849946e-04 8.867543143568681216e+02 3.766493065949363199e+02 2.083345415347504854e+02
2.970657960592480913e-04 9.775208607562670977e+02 4.150229329164122873e+02 2.295441049751948128e+02
3.312362927876497001e-04 1.088328466569977763e+03 4.618936510361767773e+02 2.554511657512545071e+02
3.693373088223966556e-04 1.210205678342519377e+03 5.134456462412865676e+02 2.839455146703273272e+02
4.118209588090659132e-04 1.338547302291877941e+03 5.677130750819586638e+02 3.139378365619049873e+02
4.591913626466918256e-04 1.490584466786257735e+03 6.320837044380224370e+02 3.495209542550349511e+02
5.120106274801957584e-04 1.649199055667206721e+03 6.992588572246894500e+02 3.866554297386819030e+02
5.709055177816341068e-04 1.830868818081658674e+03 7.763202547276130190e+02 4.292673158787268903e+02
6.365748926688486646e-04 2.032100995550523066e+03 8.617985235271185047e+02 4.765462149153534028e+02
7.097979987143026312e-04 2.248694007120427159e+03 9.539301165838438692e+02 5.275204930259380944e+02
7.914437166483044659e-04 2.489351735546983946e+03 1.056456305388777537e+03 5.842658836802518181e+02
8.824808716799498404e-04 2.756160035561119003e+03 1.170282316908426083e+03 6.472878219476448294e+02
9.839897297802024153e-04 3.050155182630351192e+03 1.295851708810905848e+03 7.168324613761890305e+02
1.097174816344422205e-03 3.375073512355345429e+03 1.434751521484032764e+03 7.937781309298571841e+02
1.223379209343287413e-03 3.732790872656579722e+03 1.587769339571226965e+03 8.785600609211952587e+02
1.364100476567608111e-03 4.119024001881682125e+03 1.753039664893114832e+03 9.701398681165698008e+02
1.521008446081769522e-03 4.549391392845173868e+03 1.937240819414862926e+03 1.072219658766675138e+03
1.695965020753673102e-03 5.016147409004213841e+03 2.137011301314022603e+03 1.182930493294018333e+03
1.891046271984591709e-03 5.525225174451454222e+03 2.354886431566527790e+03 1.303677603923612878e+03
2.108567074807741158e-03 6.078118008958066639e+03 2.591493117639884986e+03 1.434807357474230002e+03
2.351108576680822643e-03 6.675634787230715119e+03 2.847156373830805933e+03 1.576496664099523059e+03
2.621548825923003187e-03 7.321215890512135047e+03 3.123366572217848898e+03 1.729577495185331372e+03
2.923096923239734257e-03 8.013868564045252242e+03 3.419695752574668859e+03 1.893816404411900066e+03
3.259331101584665453e-03 8.754438783711544602e+03 3.736549109621814296e+03 2.069450624241024798e+03
3.634241186222156913e-03 9.537069629647445254e+03 4.071393963832412282e+03 2.255068497417351864e+03
4.052275938830490927e-03 1.036089645241704966e+04 4.423921507465837749e+03 2.450499926033245174e+03
4.518395847440812539e-03 1.122068720070460404e+04 4.791975930777939539e+03 2.654568591644822845e+03
5.038131988628217865e-03 1.210938452818244514e+04 5.172484263760446993e+03 2.865600226925917013e+03
5.617651660426248826e-03 1.302035277283288087e+04 5.562769056766330323e+03 3.082117332441160215e+03
6.263831564778516575e-03 1.394247717390379512e+04 5.958094325495619159e+03 3.301506172608008910e+03
6.984339407925946493e-03 1.486354049237616346e+04 6.353331995959772939e+03 3.520944135398177423e+03
7.787724887016851671e-03 1.576872141503863168e+04 6.742238161033035794e+03 3.736991399002999060e+03
8.683521142606049834e-03 1.664061809553984494e+04 7.117484968182456214e+03 3.945611203352027587e+03
9.682357880899711625e-03 1.746330320939542435e+04 7.472377766017814793e+03 4.143115791003715458e+03
1.079608750807801998e-02 1.820324944470692571e+04 7.792697335406992352e+03 4.321638720805365665e+03
1.203792577343234388e-02 1.883612032563946559e+04 8.068136737138539502e+03 4.475478599238827883e+03
1.342260859021738965e-02 1.933382941841633510e+04 8.286788694502718499e+03 4.598050107777487028e+03
1.496656689508787767e-02 1.966972738448367090e+04 8.437325344840552134e+03 4.683077389515839968e+03
1.668812162103823840e-02 1.981077042067139337e+04 8.505590924444642951e+03 4.722690177995963495e+03
1.860770109743517184e-02 1.972856316362277721e+04 8.479373433537517485e+03 4.710090546684555193e+03
2.074808345685756270e-02 1.940169003702752525e+04 8.349334857435515005e+03 4.640057605337836321e+03
2.313466692519383291e-02 1.881685290120479112e+04 8.109468500857879008e+03 4.509181611629047438e+03
2.579577120231610690e-02 1.797768142807672484e+04 7.760793592733565674e+03 4.317869656068848599e+03
2.876297350957714855e-02 1.690971403984756034e+04 7.313739622373939710e+03 4.071799774098828493e+03
3.207148329174031032e-02 1.566332763207126663e+04 6.789283701467175888e+03 3.782484337700956075e+03
3.576056001963404812e-02 1.431461394148292675e+04 6.219584010907889933e+03 3.467666721400436472e+03
3.987397905126498221e-02 1.295591965665133284e+04 5.644181395516956400e+03 3.149275684005216135e+03
4.446055107939526907e-02 1.168275558712244310e+04 5.104662354496172156e+03 2.850531344319595974e+03
4.957470132945773766e-02 1.056940642873710021e+04 4.634178476525364204e+03 2.590063866295974549e+03
5.527711538069327024e-02 9.640462816458852103e+03 4.244842934070306001e+03 2.374876548645477214e+03
6.163545927395905344e-02 8.854683734193551572e+03 3.919703145713451704e+03 2.195680096608843996e+03
6.872518245115814828e-02 8.096857538298897452e+03 3.607216311200877954e+03 2.023464898805437542e+03
7.663041305413779980e-02 7.233932925743738451e+03 3.244307421941381108e+03 1.822135912210781953e+03
8.544495620686157200e-02 6.226328194473815529e+03 2.807492377675518128e+03 1.577491416953111866e+03
9.527340712667957401e-02 5.192882415504353048e+03 2.348517695365342206e+03 1.318405275800816298e+03
1.062323922731101822e-01 4.336103553035989535e+03 1.967425976983538021e+03 1.102858685360685058e+03
1.184519532618636822e-01 3.740973473512940473e+03 1.715777283360482670e+03 9.623900977987860870e+02
1.320770899659224340e-01 3.274487166454195176e+03 1.531178321524993180e+03 8.614878877088021909e+02
1.472694811144383831e-01 2.757712646113025130e+03 1.309335733428832327e+03 7.367754759563518974e+02
1.642094028064348954e-01 2.236069928974089635e+03 1.067796972646986887e+03 5.973144067441347715e+02
1.830978677048002712e-01 1.844283060796036580e+03 8.998042078810601652e+02 5.026699968925439634e+02
2.041590102946942431e-01 1.527415334680191563e+03 7.762020751576843622e+02 4.358502429184840707e+02
2.276427465103479653e-01 1.221011189387699687e+03 6.395768627552751013e+02 3.572553163253192565e+02
2.538277392899435103e-01 9.677223268934462794e+02 5.330908614169360362e+02 2.977000685421159574e+02
2.830247052484705095e-01 7.529383737931028691e+02 4.455608685329207788e+02 2.497999429682411403e+02
3.155801017062329072e-01 5.686353178091842437e+02 3.671047359878966745e+02 2.057522711459057518e+02
3.518802378240603601e-01 4.148635459213942909e+02 3.032200182727359561e+02 1.711681916700437398e+02
3.923558586288135031e-01 2.875771192067699076e+02 2.484269011679902803e+02 1.413299305209268084e+02
4.374872563241952172e-01 1.847891598279273069e+02 2.023679598554884649e+02 1.166299807445531656e+02
4.878099695387512202e-01 1.044266955417429017e+02 1.636128834100935592e+02 9.613766115010844260e+01
5.439211381395319123e-01 4.448056447993049289e+01 1.309642495022784772e+02 7.904184152247160000e+01
6.064865890189676811e-01 2.732847110128800772e+00 1.035353647214389810e+02 6.481907607036490049e+01
6.762487369363893164e-01 -2.342634786211263176e+01 8.058151340799992113e+01 5.299032062904325358e+01
7.540353941672404137e-01 -3.701407071729797593e+01 6.148809492986107728e+01 4.314658721733682256e+01
8.407695934971151086e-01 -4.129723530843673274e+01 4.576062065055737094e+01 3.495115993706868807e+01
9.374805411223435803e-01 -3.947713532135103520e+01 3.299425529791666634e+01 2.812908661438549274e+01
1.045315829426528564e+00 -3.433360994342697836e+01 2.284210831069644243e+01 2.245068725560193101e+01
1.165555054552403824e+00 -2.796741429583881811e+01 1.499241150333647887e+01 1.773273758579770742e+01
1.299625000357985227e+00 -2.172616635514813055e+01 9.142486259236132895e+00 1.382657334814396144e+01
1.449116568932995452e+00 -1.630374276387182064e+01 4.984551758021835255e+00 1.061182936231710450e+01
1.615803658576671964e+00 -1.193318577581350759e+01 2.202702259102339077e+00 7.991373334158277331e+00
1.801664213246928048e+00 -8.581465408677644291e+00 4.832601035264971756e-01 5.883763955833329007e+00
2.008903693258128342e+00 -6.096341360643746654e+00 -4.667858634577349286e-01 4.219121751164742307e+00
2.239981245735629400e+00 -4.295906530402353596e+00 -9.004336252720348543e-01 2.934418035404669833e+00
2.497638885371206374e+00 -3.011550888174493235e+00 -1.017724658762622747e+00 1.970477496645194782e+00
2.784934031744384253e+00 -2.104680146952325970e+00 -9.629618132612045578e-01 1.270631519070690496e+00
3.105275789304232426e+00 -1.468535014301667108e+00 -8.307742618396359857e-01 7.810704835433124327e-01
3.462465400517639402e+00 -1.023829410312813826e+00 -6.771517607595162191e-01 4.524176378605044846e-01
3.860741352209485999e+00 -7.134742733823655758e-01 -5.313577682759024201e-01 2.415647959285728841e-01
4.304829670336041580e+00 -4.969344425237017804e-01 -4.059906636804256896e-01 1.130280968094624083e-01
4.799999999999999822e+00 0.000000000000000000e+00 -3.042588286366721961e-01 3.930418961626738067e-02
