1.000000000230258569e-04 3.993818517502800660e+03 1.656531016521026004e+03 9.252645193802781023e+02
1.115486563971542785e-04 4.449812086650163110e+03 1.844049759775515895e+03 1.029507577990603522e+03
1.244310274114527074e-04 4.899647241542465963e+03 2.028076095008778793e+03 1.131491751409999324e+03
1.388011391866901154e-04 5.418994647515170982e+03 2.240346997291322623e+03 1.249028059218883982e+03
1.548308057910457113e-04 6.073336264802072947e+03 2.508498504925483758e+03 1.397648039566022362e+03
1.727116835090306587e-04 6.783992975335700066e+03 2.799428869425211815e+03 1.558669602536673437e+03
1.926575623508681512e-04 7.497113399534659948e+03 3.090413980797169643e+03 1.719208621854093508e+03
2.149069222004190347e-04 8.364323517547776646e+03 3.445732900585061543e+03 1.915488045551709547e+03
2.397257841638464457e-04 9.318369462664657476e+03 3.837826389680264583e+03 2.132120694693517635e+03
2.674108912107391479e-04 1.032179894654729287e+04 4.251506819361631642e+03 2.360627032868593233e+03
2.982932561365508645e-04 1.149780428486064739e+04 4.740099555437321214e+03 2.631361921028121287e+03
3.327421192670277522e-04 1.271751952593307942e+04 5.250216519012095887e+03 2.914520249940535450e+03
3.711693632243215748e-04 1.408962667745300678e+04 5.829254583300007653e+03 3.237333369049836165e+03
4.140344375392690035e-04 1.558945338760655068e+04 6.467923179017506300e+03 3.595028192441374358e+03
4.618498519902246974e-04 1.717267457026514239e+04 7.148309158299135561e+03 3.977955741293239498e+03
5.151873043487156757e-04 1.889587196627269077e+04 7.894404581798674371e+03 4.399989833540349537e+03
5.746845157973842983e-04 2.076900561382328306e+04 8.710117308832530398e+03 4.863617238043314501e+03
6.410528557468661917e-04 2.279691084233441507e+04 9.596721738749844008e+03 5.369527330633907695e+03
7.150858472165629249e-04 2.500302014307443824e+04 1.056275943279281091e+04 5.922255335173886124e+03
7.976686544726134401e-04 2.738914499392779180e+04 1.160732512896892695e+04 6.520864842433024023e+03
8.897886663605780169e-04 2.993914617502319015e+04 1.272259277568903599e+04 7.160556524052946770e+03
9.925473018708411317e-04 3.275267701710312031e+04 1.394990496265891852e+04 7.864187128352346008e+03
1.107173179088194286e-03 3.579153064841263404e+04 1.527234452578764467e+04 8.621679712627992558e+03
1.235036804978161722e-03 3.907326480721369444e+04 1.669725272410684920e+04 9.436968306376833425e+03
1.377666961646263968e-03 4.260277841299397551e+04 1.822694120239211406e+04 1.031128029780458928e+04
1.536768984990051967e-03 4.642411692582981777e+04 1.988040564479790555e+04 1.125527253445386305e+04
1.714245154289869167e-03 5.050017059535445151e+04 2.164216027581704839e+04 1.226027091258759538e+04
1.912217436523370962e-03 5.486227811839613423e+04 2.352550294563771604e+04 1.333388751285389844e+04
2.133052857342773462e-03 5.947257445319971157e+04 2.551449822171494816e+04 1.446727637170387607e+04
2.379391802059096454e-03 6.433464208747489465e+04 2.761140351550422929e+04 1.566168812438659734e+04
2.654179585009814029e-03 6.940921189919039898e+04 2.980063567023130599e+04 1.690814362471048662e+04
2.960701664764286197e-03 7.466633955793867062e+04 3.206988569914129403e+04 1.820012425753766001e+04
3.302622926212283368e-03 8.006099055962884449e+04 3.439838605832642497e+04 1.952675660958776643e+04
3.684031499205906151e-03 8.553875902016431792e+04 3.676366655965093378e+04 2.087424350577388759e+04
4.109487637665882979e-03 9.100536212707543746e+04 3.912587811867269920e+04 2.222029110435290931e+04
4.584078243567925488e-03 9.637827966929237300e+04 4.145004329893938848e+04 2.354521709809263120e+04
5.113477687716873853e-03 1.015339051472264109e+05 4.368342612546961755e+04 2.481917131916579820e+04
5.704015654503047893e-03 1.063661466276133870e+05 4.578109298914214014e+04 2.601682073606369886e+04
6.362752821816417166e-03 1.107258505521221523e+05 4.767936683835150325e+04 2.710216368736956792e+04
7.097565280973966440e-03 1.144368797114607150e+05 4.930276743507329229e+04 2.803226748225918345e+04
7.917238706014356406e-03 1.173235361931601947e+05 5.057613851153809810e+04 2.876442041124909520e+04
8.831573398280912271e-03 1.191905973876646894e+05 5.141565466420474695e+04 2.925096302029091748e+04
9.851501462242475554e-03 1.198389519653183816e+05 5.173551597466207750e+04 2.944307601070915553e+04
1.098921751354712747e-02 1.190795654964947753e+05 5.145308041627590865e+04 2.929331969292075883e+04
1.225832448210000328e-02 1.167535915771301807e+05 5.049865365623833350e+04 2.876160482497375415e+04
1.367399625343743499e-02 1.127605477692253189e+05 4.882674490901454556e+04 2.782178739639825653e+04
1.525315909299450497e-02 1.070962434986444277e+05 4.643178731770817831e+04 2.646975596172036603e+04
1.701469402243795462e-02 9.989830513009590504e+04 4.336893224683540029e+04 2.473586912990272685e+04
1.897966256774625410e-02 9.147750518707698211e+04 3.976826603500660713e+04 2.269350080879264351e+04
2.117155857815964867e-02 8.232718065880198264e+04 3.583909953094551020e+04 2.046104913037154256e+04
2.361658912683562567e-02 7.308607078676964738e+04 3.185647404252403066e+04 1.819498185859451041e+04
2.634398785175567220e-02 6.444414693094203540e+04 2.812170047588925445e+04 1.606752311952740820e+04
2.938636448329653983e-02 5.700185515068055247e+04 2.490275357829009590e+04 1.423293820181248884e+04
3.278009473753994152e-02 5.109783979096747498e+04 2.235851871168218349e+04 1.278413860685697182e+04
3.656575523702054742e-02 4.664096235861665627e+04 2.046086077251626557e+04 1.170729014655629908e+04
4.078860865897657173e-02 4.305445225003077940e+04 1.896056157506933960e+04 1.086047616749178815e+04
4.549914491170512637e-02 3.932432456338320480e+04 1.739277285893102089e+04 9.973818200000821889e+03
5.075368480951484434e-02 3.458288553184868942e+04 1.533083262219227618e+04 8.794128376357562956e+03
5.661505346402430361e-02 2.892765613736046726e+04 1.278269876050905441e+04 7.318841020885080070e+03
6.315333144310807112e-02 2.356101638773431478e+04 1.031322927134613565e+04 5.878341976435043762e+03
7.044669267860774464e-02 1.972736801950179506e+04 8.579427421324753595e+03 4.871474654051456127e+03
7.858233914112514040e-02 1.739840000775957014e+04 7.634887976292980056e+03 4.344006655574318756e+03
8.765754345719625751e-02 1.532407493022231210e+04 6.819214299479235706e+03 3.894857646437005769e+03
9.778081193473929511e-02 1.273599414976866865e+04 5.622108656849554791e+03 3.191071656973979771e+03
1.090731819023149224e-01 1.042632745825983329e+04 4.513240345336630526e+03 2.528261790228605150e+03
1.216696688736408766e-01 8.858660212423441408e+03 3.887503226438485854e+03 2.184188203958928170e+03
1.357208808401622890e-01 7.444434198839411692e+03 3.307638762980201136e+03 1.861156109800318063e+03
1.513948189927238619e-01 6.124693776987437559e+03 2.691236597326811534e+03 1.491031663944283082e+03
1.688788864024014236e-01 5.073497193328053982e+03 2.270590353279010742e+03 1.262525372868356499e+03
1.883821286769788717e-01 4.156140080246314028e+03 1.878695432372936693e+03 1.037255342306332295e+03
2.101377333831422056e-01 3.380128887828666393e+03 1.558979141389742381e+03 8.595266553461271997e+02
2.344058181183555356e-01 2.721884164040730411e+03 1.287632923935015469e+03 7.080274480425107413e+02
2.614765405675759102e-01 2.166820002181019845e+03 1.061844177951057645e+03 5.849650443165789966e+02
2.916735677297306317e-01 1.701568662598855553e+03 8.712999854350752003e+02 4.812267540781184607e+02
3.253579457932418983e-01 1.315601260442402008e+03 7.116880425368537999e+02 3.956916416214042442e+02
3.629324169301749725e-01 9.996680108027870801e+02 5.778882007345458760e+02 3.249141445755764721e+02
4.048462346221089470e-01 7.454972160296694028e+02 4.657435451078673054e+02 2.661989336660871572e+02
4.516005350914485406e-01 5.452976416913737694e+02 3.719539653068067082e+02 2.174827083129033269e+02
5.037543290608768043e-01 3.913782216002076098e+02 2.938277720247241973e+02 1.770440185122686216e+02
5.619311854805180140e-01 2.760832076423384365e+02 2.291533518353471948e+02 1.434535112951373890e+02
6.268266871357865977e-01 1.919395609673194940e+02 1.761117245981063775e+02 1.155499919512946150e+02
6.992167472777639503e-01 1.319865100342258302e+02 1.331640011190161204e+02 9.239172201150023511e+01
7.799668867126374749e-01 9.012220277245783961e+01 9.895332411935844164e+01 7.321625535808927054e+01
8.700425822703268253e-01 6.132865016062862651e+01 7.223106100541146191e+01 5.740094478427091929e+01
9.705208103821856280e-01 4.171732691759996925e+01 5.181656730317073567e+01 4.444365312830806403e+01
1.082602923786821769e+00 2.842442152459489790e+01 3.658322716335435842e+01 3.392944977633170112e+01
1.207629015322442267e+00 1.942319253268958335e+01 2.547866944402764844e+01 2.550556244049663590e+01
1.347093940544190405e+00 1.331728028365479766e+01 1.755683558286704482e+01 1.886297736029937511e+01
1.502665190738521561e+00 9.160901435768359136e+00 1.200861242246672944e+01 1.372183720968122955e+01
1.676202830030598223e+00 6.319265018680713553e+00 8.178176625618789330e+00 9.823777263754285727e+00
1.869781734959676811e+00 4.367547189935176100e+00 5.559967215231381488e+00 6.930667729312131264e+00
2.085716402426663674e+00 3.021216200336582780e+00 3.780789453600030825e+00 4.827927393948404422e+00
2.326588622626292402e+00 2.088954989734933765e+00 2.574588704621110669e+00 3.328768665823429451e+00
2.595278347831105226e+00 1.441510840768721380e+00 1.756597011024055632e+00 2.277562560339037478e+00
2.894998126105261083e+00 0.000000000000000000e+00 1.200721430830727243e+00 1.550252646069495643e+00
3.229331511649635278e+00 0.000000000000000000e+00 8.217951145120572232e-01 1.051961423426712727e+00
3.602275911025628830e+00 0.000000000000000000e+00 5.626040201501338878e-01 7.127775152346522702e-01
4.018290377542188097e+00 0.000000000000000000e+00 0.000000000000000000e+00 4.827039919738747575e-01
4.482348925252354732e+00 0.000000000000000000e+00 0.000000000000000000e+00 3.268248759362622491e-01
5.000000000000000888e+00 0.000000000000000000e+00 0.000000000000000000e+00 2.211646464477071972e-01
