1.000000000230258569e-04 4.082720815311566867e+02 1.821226308857889933e+02 1.016393501939779753e+02
1.122634227564673579e-04 4.550010784991450237e+02 2.029809187169751397e+02 1.132792650374498038e+02
1.260307608609534901e-04 5.143075483285169867e+02 2.294506484308183758e+02 1.280523140915854015e+02
1.414864458359461712e-04 5.825734820875242121e+02 2.599204037724300633e+02 1.450578873405239619e+02
1.588375267953347550e-04 6.514493800539510175e+02 2.906749610664306260e+02 1.622222058337527244e+02
1.783164441611049004e-04 7.189624931911405383e+02 3.208387057496737498e+02 1.790550467339964769e+02
2.001841435067871621e-04 7.980334900603426149e+02 3.561713020682576598e+02 1.987746527008743556e+02
2.247335712646909519e-04 8.982980987669839124e+02 4.009727780699071786e+02 2.237793128144675734e+02
2.522935991264941354e-04 1.003648732266220463e+03 4.480666360119406590e+02 2.500630467677048614e+02
2.832334297096662638e-04 1.111902358537799273e+03 4.964840836722745507e+02 2.770868626639123704e+02
3.179675425093897337e-04 1.247742781624020836e+03 5.572312726086190651e+02 3.109946546242073850e+02
3.569612463934728852e-04 1.387547805163710564e+03 6.197775530853364216e+02 3.459093002784199484e+02
4.007369130231864672e-04 1.550231240165217287e+03 6.925568666959530901e+02 3.865390157896528649e+02
4.498809747048478080e-04 1.725453015590064069e+03 7.709545076929280185e+02 4.303108040928658511e+02
5.050517804175268938e-04 1.929013078879458817e+03 8.620132878290036160e+02 4.811578403514902220e+02
5.669884152586394726e-04 2.145744836902364568e+03 9.589574807414650195e+02 5.353010909842557794e+02
6.365206014554368984e-04 2.389952072214278814e+03 1.068161180911597057e+03 5.963009171147035659e+02
7.145798135793877959e-04 2.664128952296241550e+03 1.190727288046337208e+03 6.647745666082388425e+02
8.022117568662883325e-04 2.967166924082748665e+03 1.326148288198802220e+03 7.404403487500666188e+02
9.005903758055168549e-04 3.301642899251891777e+03 1.475565868966578137e+03 8.239349961829691438e+02
1.011033580661806338e-03 3.673426659715032656e+03 1.641596018406722578e+03 9.167164177773714755e+02
1.135020902606864940e-03 4.087374502691581256e+03 1.826410169808257251e+03 1.019994639319399766e+03
1.274213313974418031e-03 4.535793145103219103e+03 2.026566299968121257e+03 1.131843942606936480e+03
1.430475479156914512e-03 5.034741743458567726e+03 2.249255943153104909e+03 1.256282991108137139e+03
1.605900734223756829e-03 5.581746498781893024e+03 2.493380895325421534e+03 1.392697312788483941e+03
1.802839129895710598e-03 6.178006086081330977e+03 2.759481711819954853e+03 1.541388622330885028e+03
2.023928913547812410e-03 6.832776952847251778e+03 3.051715643977866421e+03 1.704682695695674738e+03
2.272131871983379750e-03 7.538454880785004207e+03 3.366677809738189353e+03 1.880674593739024658e+03
2.550773008441800313e-03 8.304368114955230340e+03 3.708565413718449236e+03 2.071715105320247858e+03
2.863585085365514225e-03 9.126332967430171266e+03 4.075509560515336034e+03 2.276760402132984836e+03
3.214758629634808552e-03 1.000542346566707056e+04 4.468014365022128914e+03 2.496097722100044848e+03
3.608998070155939632e-03 1.093615151102417440e+04 4.883628710228382261e+03 2.728358206130302278e+03
4.051584759838999447e-03 1.191724631021449932e+04 5.321822309546568249e+03 2.973254149542423875e+03
4.548447726227339283e-03 1.294004220132480077e+04 5.778766828729052577e+03 3.228657815936065163e+03
5.106243098575769836e-03 1.399374656125459842e+04 6.249635757411491795e+03 3.491874382437886652e+03
5.732443275407110572e-03 1.506732949970627487e+04 6.729575761630173474e+03 3.760206849277914898e+03
6.435437027063155117e-03 1.614356135888909739e+04 7.210933986739972170e+03 4.029391057933944921e+03
7.224641874254610074e-03 1.720362030071242771e+04 7.685360070008105140e+03 4.294774742668893850e+03
8.110630248067678127e-03 1.822188904137895588e+04 8.141481888805457857e+03 4.550019094232025054e+03
9.105271121505569346e-03 1.917138951566685137e+04 8.567325805933067386e+03 4.788450735372003692e+03
1.022188900990466699e-02 2.001866787091115475e+04 8.948026089452396263e+03 5.001780019073265976e+03
1.147544247024383408e-02 2.072114939697031150e+04 9.264630234841866695e+03 5.179424024963442207e+03
1.288272449057868002e-02 2.123597774301180471e+04 9.498040301363222170e+03 5.310716680256361542e+03
1.446258745407916733e-02 2.151999961964698014e+04 9.628993313625029259e+03 5.384893583476595268e+03
1.623619569135818438e-02 2.152871579324792765e+04 9.637542935119248796e+03 5.390786738736034749e+03
1.822730900435978393e-02 2.121946871638181256e+04 9.504486279269382067e+03 5.317620389930119927e+03
2.046260095998037737e-02 2.056494189668050240e+04 9.217341254259707057e+03 5.158358430763965771e+03
2.297201621738221775e-02 1.955621263593920230e+04 8.771700741774582639e+03 4.910447324508465499e+03
2.578917167586586637e-02 1.821893825874747199e+04 8.178486311824527547e+03 4.579855645495491444e+03
2.895180681720203528e-02 1.661644717510506962e+04 7.465437088654864965e+03 4.181966318198349654e+03
3.250228927534733192e-02 1.485849667195575967e+04 6.681160908759495214e+03 3.743853477110596032e+03
3.648818240631140908e-02 1.308862485253065461e+04 5.889756719232614159e+03 3.301331879998756904e+03
4.096288246151627566e-02 1.146218922799229404e+04 5.161280208758041226e+03 2.893695190309667396e+03
4.598633390041809155e-02 1.010753868395616337e+04 4.554499561887151685e+03 2.554094118191327652e+03
5.162583242493973962e-02 9.082119869315960386e+03 4.096941726143267260e+03 2.298296150637577739e+03
5.795692649341043640e-02 8.336881716797150148e+03 3.767988182650143244e+03 2.115039769483807049e+03
6.506442939097074885e-02 7.687741019268936725e+03 3.483818330508820964e+03 1.957135364436852569e+03
7.304355541444980393e-02 6.893313032191257662e+03 3.130561645806371416e+03 1.759679219387674266e+03
8.200119539239680844e-02 5.834733521622833905e+03 2.647393840473785076e+03 1.487057485906821739e+03
9.205734862752627812e-02 4.689424399435557461e+03 2.114236523174749436e+03 1.184063640150831134e+03
1.033467304443183715e-01 3.805387527042899819e+03 1.702091824308850391e+03 9.495663533096160336e+02
1.160205768769771578e-01 3.314088404940195232e+03 1.485794703202851679e+03 8.289279897070620109e+02
1.302486706739022226e-01 2.957914392231009970e+03 1.339608205594249057e+03 7.496594163220235032e+02
1.462216157596530064e-01 2.446458423117291204e+03 1.100859199906964477e+03 6.133546318937483193e+02
1.641533906237988560e-01 1.951301396834803882e+03 8.590388063147840967e+02 4.727811762993069351e+02
1.842842148426375448e-01 1.661769295596896654e+03 7.377556833958440166e+02 4.067173763609117145e+02
2.068837671345900298e-01 1.392837875502165843e+03 6.209705703773640835e+02 3.419683978407949780e+02
2.322547980593316352e-01 1.130230358109672579e+03 4.937711220626266027e+02 2.675353858208529800e+02
2.607371857574901086e-01 9.402392099337528180e+02 4.163835145991839681e+02 2.264383014847241498e+02
2.927124890628471365e-01 7.667264996882794321e+02 3.365403628038763486e+02 1.803926047498409559e+02
3.286090589819373742e-01 6.265209173505145372e+02 2.779244422023859329e+02 1.488200691867369017e+02
3.689077770159973624e-01 5.072210992101373677e+02 2.262074905314105706e+02 1.198743798977003507e+02
4.141484971975938345e-01 4.079347673916387862e+02 1.847430645141672017e+02 9.743399689781028883e+01
4.649372781414354283e-01 3.250119904858720474e+02 1.505538236358551956e+02 7.908359494393809541e+01
5.219545019921476570e-01 2.559693110257954345e+02 1.222836499756104729e+02 6.403766830463862902e+01
5.859639890329354506e-01 1.988404513964688078e+02 9.898997624133302509e+01 5.181752314569258999e+01
6.578232300572349756e-01 1.520107697437544516e+02 7.979993326212087368e+01 4.189957194279353558e+01
7.384948735793578356e-01 1.141121894827905976e+02 6.398283593946528214e+01 3.385870717057726864e+01
8.290596217703356530e-01 8.397659298390914273e+01 5.094362976832413636e+01 2.732424600969170925e+01
9.307307078768926045e-01 6.052836263297293584e+01 4.020576083189054373e+01 2.200642779570774366e+01
1.044870149067508081e+00 4.274273493319586237e+01 3.139051275568439792e+01 1.767671731268756119e+01
1.173006992433692330e+00 2.961950653140367962e+01 2.419310366074734020e+01 1.414703178356685775e+01
1.316857798575541416e+00 2.020123617072533051e+01 1.836716691494799392e+01 1.126685584062523304e+01
1.478349637175967013e+00 1.361364895047260148e+01 1.371002906483392003e+01 8.916446523116965395e+00
1.659645902619409696e+00 9.103418108496212469e+00 1.004720451619156485e+01 6.999815875387130681e+00
1.863175295489004624e+00 6.065122950629029397e+00 7.224337801644301393e+00 5.441412351529179681e+00
2.091664358187257822e+00 4.038906293343032416e+00 5.097980365747451614e+00 4.180178649334153285e+00
2.348174000537423645e+00 2.694574310208393442e+00 3.535637768658521196e+00 3.167644670807646445e+00
2.636140504673786467e+00 1.803246937475653455e+00 2.415539434357450777e+00 2.363691442374937779e+00
2.959421558534973240e+00 1.211057825366038898e+00 1.630753369768645822e+00 1.734677484616674814e+00
3.322347934639153344e+00 8.160663483921680728e-01 1.091601404830208955e+00 1.251194112465751962e+00
3.729781506445900785e+00 5.513538431127815720e-01 7.268837355037313097e-01 8.870177964096774836e-01
4.187180379509764627e+00 3.731029858442793112e-01 4.828654037683051681e-01 6.186189533699155696e-01
4.700672009942531204e+00 2.525230007638030738e-01 3.206545938560280140e-01 4.250701149817640023e-01
5.277135289701610610e+00 0.000000000000000000e+00 2.131524272396824737e-01 2.884026437978819413e-01
5.924292698344328478e+00 0.000000000000000000e+00 1.418928322995348101e-01 1.936716767238575165e-01
6.650813755741415534e+00 0.000000000000000000e+00 9.457536846139737163e-02 1.290529432431163082e-01
7.466431161634059954e+00 0.000000000000000000e+00 0.000000000000000000e+00 8.551628824898784009e-02
8.382071177875818790e+00 0.000000000000000000e+00 0.000000000000000000e+00 5.645351902876185463e-02
9.410000000000001918e+00 0.000000000000000000e+00 0.000000000000000000e+00 3.716857765143071618e-02
