1.000000000230258569e-04 3.223499071553968065e+02 1.425363108045260674e+02 7.915543690061267057e+01
1.115026695290953366e-04 3.623606243632906398e+02 1.602303352980699742e+02 8.898425378665530161e+01
1.243284530925187648e-04 4.092552288562914100e+02 1.809708274453871866e+02 1.005065211763991186e+02
1.386295441504667143e-04 4.586796664809905337e+02 2.028312336767558008e+02 1.126521357876683851e+02
1.545756424481938766e-04 5.073740086258767406e+02 2.243704920344428331e+02 1.246228142460444275e+02
1.723559677317991945e-04 5.595342090626518257e+02 2.474470251218807277e+02 1.374497892069414036e+02
1.921815050694108094e-04 6.242870643877861312e+02 2.760938287254432453e+02 1.533754951962991697e+02
2.142875084442451923e-04 7.002619017821336911e+02 3.097056547558928514e+02 1.720636028592441278e+02
2.389362923277018713e-04 7.765424137826973947e+02 3.434575210094856743e+02 1.908360573654309178e+02
2.664203443578849946e-04 8.614763561860274876e+02 3.810361002968389244e+02 2.117417966784301200e+02
2.970657960592480913e-04 9.641088118663843716e+02 4.264457686280258031e+02 2.370054298634595966e+02
3.312362927876497001e-04 1.068373507291273199e+03 4.725716161862130775e+02 2.626757549901480502e+02
3.693373088223966556e-04 1.192353493664873440e+03 5.274109251261942291e+02 2.931949377801338983e+02
4.118209588090659132e-04 1.323754937663311011e+03 5.855169445174783505e+02 3.255371001995971483e+02
4.591913626466918256e-04 1.476714645133477916e+03 6.531379127070325694e+02 3.631698748253937197e+02
5.120106274801957584e-04 1.639404729569492929e+03 7.250213264132567019e+02 4.031706865954687942e+02
5.709055177816341068e-04 1.824639221399935423e+03 8.068386466251067759e+02 4.486868468689469864e+02
6.365748926688486646e-04 2.032082285957455497e+03 8.984245589115587336e+02 4.996198458327293110e+02
7.097979987143026312e-04 2.260789330695496574e+03 9.993493783191657940e+02 5.557237253493209437e+02
7.914437166483044659e-04 2.514032842936592260e+03 1.111057387558370010e+03 6.177946992914506836e+02
8.824808716799498404e-04 2.794270206066151331e+03 1.234635709607945273e+03 6.864336021946670598e+02
9.839897297802024153e-04 3.103444387485791140e+03 1.370941646870359136e+03 7.621123029670368396e+02
1.097174816344422205e-03 3.449320170823212266e+03 1.523431185224581895e+03 8.467519395654467189e+02
1.223379209343287413e-03 3.828999540495462043e+03 1.690827987820066028e+03 9.396448003723929787e+02
1.364100476567608111e-03 4.250425578515151756e+03 1.876662515659351129e+03 1.042758021620291856e+03
1.521008446081769522e-03 4.711849985790496248e+03 2.080161717646804846e+03 1.155665160714285776e+03
1.695965020753673102e-03 5.218383911653920222e+03 2.303604314910362064e+03 1.279639194059015153e+03
1.891046271984591709e-03 5.771003681992038764e+03 2.547396726098481395e+03 1.414906587237029498e+03
2.108567074807741158e-03 6.378118892022231194e+03 2.815331152401856343e+03 1.563595033713866542e+03
2.351108576680822643e-03 7.036403240089513019e+03 3.105878453254064880e+03 1.724845358430703754e+03
2.621548825923003187e-03 7.748201582355755818e+03 3.420082344292879043e+03 1.899241508289230524e+03
2.923096923239734257e-03 8.517385160617197471e+03 3.759724578192367517e+03 2.087791005608385149e+03
3.259331101584665453e-03 9.341054557196493988e+03 4.123468535480487844e+03 2.289742831234115783e+03
3.634241186222156913e-03 1.021923574769391053e+04 4.511383209240661927e+03 2.505151600277738908e+03
4.052275938830490927e-03 1.114944298807560881e+04 4.922385637743869665e+03 2.733427934443244339e+03
4.518395847440812539e-03 1.212729949878857224e+04 5.354568830550679195e+03 2.973503962680676068e+03
5.038131988628217865e-03 1.314649506027451207e+04 5.805233267505725962e+03 3.223907886095783851e+03
5.617651660426248826e-03 1.419898835536192564e+04 6.270871293245964807e+03 3.482713955644553607e+03
6.263831564778516575e-03 1.527415861179448439e+04 6.746860288197037335e+03 3.747369805876440296e+03
6.984339407925946493e-03 1.635861941404504978e+04 7.227374064182919938e+03 4.014659847200489821e+03
7.787724887016851671e-03 1.743553726706991802e+04 7.705079520267577209e+03 4.280533670338329102e+03
8.683521142606049834e-03 1.848348856532736318e+04 8.170633526216880455e+03 4.539831374772825257e+03
9.682357880899711625e-03 1.948216109916557616e+04 8.615192367885056228e+03 4.787671360667046429e+03
1.079608750807801998e-02 2.039177933015792223e+04 9.021307304535699586e+03 5.014381706115819725e+03
1.203792577343234388e-02 2.117964616007091900e+04 9.374658780494681196e+03 5.212027498263896632e+03
1.342260859021738965e-02 2.181460660910190563e+04 9.661594691893482377e+03 5.373053001845485596e+03
1.496656689508787767e-02 2.225519782325137203e+04 9.863845251403676230e+03 5.487305576214068424e+03
1.668812162103823840e-02 2.245862314728875936e+04 9.962482664543367719e+03 5.544250604317973739e+03
1.860770109743517184e-02 2.238807141392527774e+04 9.941125325847702698e+03 5.534753362522129464e+03
2.074808345685756270e-02 2.201650573501038889e+04 9.787567694531277084e+03 5.451967755357377428e+03
2.313466692519383291e-02 2.132998507634751149e+04 9.495183633789480155e+03 5.292075178254526691e+03
2.579577120231610690e-02 2.033918663340394414e+04 9.068107603846658094e+03 5.057205035560898068e+03
2.876297350957714855e-02 1.908597860036741258e+04 8.524206646151966197e+03 4.757156054859117830e+03
3.207148329174031032e-02 1.764634924242667330e+04 7.896457542149598339e+03 4.410108770592559267e+03
3.576056001963404812e-02 1.612619960680371878e+04 7.231427829270395705e+03 4.041879040243791223e+03
3.987397905126498221e-02 1.464769216265167961e+04 6.583575619321983140e+03 3.682837708892505361e+03
4.446055107939526907e-02 1.332033369184499497e+04 6.002562285967876960e+03 3.360856115939191113e+03
4.957470132945773766e-02 1.220873337924547741e+04 5.518816657366686741e+03 3.093221753852523307e+03
5.527711538069327024e-02 1.130069769492887099e+04 5.128487649769313066e+03 2.878106431847448221e+03
6.163545927395905344e-02 1.047332859220345563e+04 4.776056095655708305e+03 2.684387815751936159e+03
6.872518245115814828e-02 9.551936779676902006e+03 4.378807479602501189e+03 2.464944109209367980e+03
7.663041305413779980e-02 8.412312768266543571e+03 3.872991538328977640e+03 2.182496590888771152e+03
8.544495620686157200e-02 7.125470437751357167e+03 3.285903674518486241e+03 1.851330131913903870e+03
9.527340712667957401e-02 5.956060598668734201e+03 2.745416251654279677e+03 1.544769695166431575e+03
1.062323922731101822e-01 5.121842181235451790e+03 2.369251078914843220e+03 1.332884247326771174e+03
1.184519532618636822e-01 4.551543565283876887e+03 2.132247975921354282e+03 1.203288446337403684e+03
1.320770899659224340e-01 3.961193825974791253e+03 1.879577297385827478e+03 1.063490207084958456e+03
1.472694811144383831e-01 3.272098587930015128e+03 1.551876006505746545e+03 8.744162675258639865e+02
1.642094028064348954e-01 2.709347430395893298e+03 1.287168612632454369e+03 7.218645187112877011e+02
1.830978677048002712e-01 2.306267679463084733e+03 1.124274010181242147e+03 6.343241797416621921e+02
2.041590102946942431e-01 1.906916226179043406e+03 9.452961870899897576e+02 5.329061371913168159e+02
2.276427465103479653e-01 1.553025579562734038e+03 7.810712231023560435e+02 4.378391666166541540e+02
2.538277392899435103e-01 1.265722257030186483e+03 6.627706838539786531e+02 3.744220707467047760e+02
2.830247052484705095e-01 1.009262975054551248e+03 5.472502895529988791e+02 3.082213506593167835e+02
3.155801017062329072e-01 7.935784730091530719e+02 4.558327823818709135e+02 2.588245397472704781e+02
3.518802378240603601e-01 6.097642838736908288e+02 3.751439307483258290e+02 2.140077115745943104e+02
3.923558586288135031e-01 4.561285001979693448e+02 3.078687795224569754e+02 1.778283235522167729e+02
4.374872563241952172e-01 3.295610476686304082e+02 2.505261537978790329e+02 1.470589082629262805e+02
4.878099695387512202e-01 2.277768201867339144e+02 2.019482415843894501e+02 1.212371926114415572e+02
5.439211381395319123e-01 1.484878630672008342e+02 1.609443501929405329e+02 9.966110341276194617e+01
6.064865890189676811e-01 8.924028092658512890e+01 1.264417615996873110e+02 8.158794401149658881e+01
6.762487369363893164e-01 4.727789363620790652e+01 9.759367548419757554e+01 6.644352250168884666e+01
7.540353941672404137e-01 1.952634836182538436e+01 7.371379142138781049e+01 5.376009802352179889e+01
8.407695934971151086e-01 2.755234469889039861e+00 5.422757862247264882e+01 4.313996481537570560e+01
9.374805411223435803e-01 -6.152971235766976577e+00 3.864193586952044512e+01 3.426371440370655108e+01
1.045315829426528564e+00 -9.910837537752458459e+00 2.649990067381255798e+01 2.687109982128587049e+01
1.165555054552403824e+00 -1.063464339388488078e+01 1.734957259118159101e+01 2.074925437950752638e+01
1.299625000357985227e+00 -9.801903328445719765e+00 1.072687209078152826e+01 1.572676750748705032e+01
1.449116568932995452e+00 -8.336076789281245070e+00 6.157054338840980634e+00 1.166059063828222264e+01
1.615803658576671964e+00 -6.750753332034405751e+00 3.173758451359312449e+00 8.427446595142857433e+00
1.801664213246928048e+00 -5.294403662447732195e+00 1.348048049252364988e+00 5.915474707423282297e+00
2.008903693258128342e+00 -4.061616285437867013e+00 3.155931849560946190e-01 4.017874487757931767e+00
2.239981245735629400e+00 -3.066930919198153305e+00 -2.082961414547836176e-01 2.630678951129386878e+00
2.497638885371206374e+00 -2.288856675193733370e+00 -4.285200788160234420e-01 1.653184932098107573e+00
2.784934031744384253e+00 -1.692736485958177495e+00 -4.815378130908459231e-01 9.913614312352686531e-01
3.105275789304232426e+00 -1.242776978015976974e+00 -4.518511573874015586e-01 5.618364498397873108e-01
3.462465400517639402e+00 -9.069186910928079826e-01 -3.882200399535258861e-01 2.952989303326157833e-01
3.860741352209485999e+00 -6.582755965130158149e-01 -3.166297368336101759e-01 1.377825556219035574e-01
4.304829670336041580e+00 -4.754449041846486312e-01 -2.495963729188493962e-01 4.984894547058724840e-02
4.799999999999999822e+00 0.000000000000000000e+00 -1.921180045858883467e-01 4.308142892953639898e-03
