1.000000000230258569e-04 1.721900609040020527e+02 6.959004346528571716e+01 3.746411987852530245e+01
1.115026695290953366e-04 1.901621765702062135e+02 7.688292188191971377e+01 4.139333255985289384e+01
1.243284530925187648e-04 2.126432307469736998e+02 8.600233416469468750e+01 4.630573482464681234e+01
1.386295441504667143e-04 2.400282061503775708e+02 9.711024874961802311e+01 5.228991121701997002e+01
1.545756424481938766e-04 2.705770285157252601e+02 1.095141487051459563e+02 5.897385711744725256e+01
1.723559677317991945e-04 3.015510087643759789e+02 1.221176480357018050e+02 6.576846315275615495e+01
1.921815050694108094e-04 3.329320662982921704e+02 1.349232308618495324e+02 7.267594602025235417e+01
2.142875084442451923e-04 3.694941102220874996e+02 1.498575704638967636e+02 8.073323421105804698e+01
2.389362923277018713e-04 4.146549556181069534e+02 1.683027676782094204e+02 9.068653631182198183e+01
2.664203443578849946e-04 4.631226081465768516e+02 1.881349352670985695e+02 1.013930072874007493e+02
2.970657960592480913e-04 5.126874128414003735e+02 2.084736396593490326e+02 1.123801358884714574e+02
3.312362927876497001e-04 5.728759446852139945e+02 2.331572671244581727e+02 1.257152932709386590e+02
3.693373088223966556e-04 6.386937129460809501e+02 2.601659832847582834e+02 1.403126258461417990e+02
4.118209588090659132e-04 7.096135724264190685e+02 2.892782446795155238e+02 1.560522138026748564e+02
4.591913626466918256e-04 7.927501342812635130e+02 3.233430615458823354e+02 1.744669628356906799e+02
5.120106274801957584e-04 8.816346811966997166e+02 3.597230222347431550e+02 1.941344704668523207e+02
5.709055177816341068e-04 9.829255684725378615e+02 4.010683077070738705e+02 2.164787436361258415e+02
6.365748926688486646e-04 1.097161539472824870e+03 4.475519237893910827e+02 2.415862803215499355e+02
7.097979987143026312e-04 1.221894310233780971e+03 4.981478469287400230e+02 2.688998910494533447e+02
7.914437166483044659e-04 1.361684514988294040e+03 5.546684087126516260e+02 2.993905125894697790e+02
8.824808716799498404e-04 1.518435024343855275e+03 6.178508787745548716e+02 3.334482343674862364e+02
9.839897297802024153e-04 1.693285214404667613e+03 6.881429907733806886e+02 3.713105928106289753e+02
1.097174816344422205e-03 1.888362692868558270e+03 7.664131458616391228e+02 4.134438405774348553e+02
1.223379209343287413e-03 2.104514645833511622e+03 8.530242195998820307e+02 4.600432904020744900e+02
1.364100476567608111e-03 2.341337489803762764e+03 9.478109943296122992e+02 5.110175854307564691e+02
1.521008446081769522e-03 2.606042865454301591e+03 1.053747509979480810e+03 5.679785238572980006e+02
1.695965020753673102e-03 2.896580822226775126e+03 1.170018898201888533e+03 6.304883675301682615e+02
1.891046271984591709e-03 3.215177216262326510e+03 1.297555597898713131e+03 6.990543297240511720e+02
2.108567074807741158e-03 3.563525648671194631e+03 1.437050113947134605e+03 7.740534490000667347e+02
2.351108576680822643e-03 3.944579345953603024e+03 1.589722836712508069e+03 8.561506039464886726e+02
2.621548825923003187e-03 4.358650574905891517e+03 1.755708870843811155e+03 9.454200294515388805e+02
2.923096923239734257e-03 4.808158054683671253e+03 1.936022439216756084e+03 1.042412665944520541e+03
3.259331101584665453e-03 5.293224703719375611e+03 2.130715308815698336e+03 1.147154269049146933e+03
3.634241186222156913e-03 5.813706866595819520e+03 2.339734807278899098e+03 1.259627254642268099e+03
4.052275938830490927e-03 6.369191207081074936e+03 2.562861995434310757e+03 1.379723854207383738e+03
4.518395847440812539e-03 6.959866574017219136e+03 2.800265150590823851e+03 1.507556161904333521e+03
5.038131988628217865e-03 7.583055109863908001e+03 3.050925625629779006e+03 1.642533680033465089e+03
5.617651660426248826e-03 8.235585248443914679e+03 3.313542980881393305e+03 1.783991668073561186e+03
6.263831564778516575e-03 8.912904062819761748e+03 3.586342075515823126e+03 1.930986367782698608e+03
6.984339407925946493e-03 9.609394494372258123e+03 3.867103781827544935e+03 2.082330346126489985e+03
7.787724887016851671e-03 1.031686385592159604e+04 4.152589900299608416e+03 2.236292734838078104e+03
8.683521142606049834e-03 1.102383573241167505e+04 4.438234868177670251e+03 2.390423815427951467e+03
9.682357880899711625e-03 1.171697601121887419e+04 4.718745473164308351e+03 2.541885719411052833e+03
1.079608750807801998e-02 1.238314760759833734e+04 4.988927540570288329e+03 2.687901762814733502e+03
1.203792577343234388e-02 1.300405619733924686e+04 5.241505394207653808e+03 2.824572010572424460e+03
1.342260859021738965e-02 1.355860940100737389e+04 5.468057752940929277e+03 2.947365510080771401e+03
1.496656689508787767e-02 1.402443844581753547e+04 5.659677922261594176e+03 3.051491990298244218e+03
1.668812162103823840e-02 1.437641704794751968e+04 5.806329972519934017e+03 3.131553325103699081e+03
1.860770109743517184e-02 1.458903674519520428e+04 5.897760114161495949e+03 3.182024795119510600e+03
2.074808345685756270e-02 1.463852996086321400e+04 5.924333904779709883e+03 3.197672133541194853e+03
2.313466692519383291e-02 1.450609276472966485e+04 5.878386001898810719e+03 3.174340647218802587e+03
2.579577120231610690e-02 1.418137976866658755e+04 5.755529677452035685e+03 3.109631762894430722e+03
2.876297350957714855e-02 1.366675615792353892e+04 5.556373370303101183e+03 3.003788895921918538e+03
3.207148329174031032e-02 1.298236140321711355e+04 5.288649242757765933e+03 2.860897162962721723e+03
3.576056001963404812e-02 1.216905319614529617e+04 4.968492594851510148e+03 2.689606174677463059e+03
3.987397905126498221e-02 1.128568874333397434e+04 4.619426013415176385e+03 2.502553332793202571e+03
4.446055107939526907e-02 1.040105403750097685e+04 4.269346147946990641e+03 2.314808444038341349e+03
4.957470132945773766e-02 9.578499811491117725e+03 3.944380097783003293e+03 2.140559028567334281e+03
5.527711538069327024e-02 8.854009616918865504e+03 3.659912369403098637e+03 1.988245230135124302e+03
6.163545927395905344e-02 8.220108853344567251e+03 3.413580320511036462e+03 1.856700626612515862e+03
6.872518245115814828e-02 7.607512802420283151e+03 3.176529264913094266e+03 1.730207905957911180e+03
7.663041305413779980e-02 6.920137041013514136e+03 2.906648878882814188e+03 1.585482857115602201e+03
8.544495620686157200e-02 6.106441349482526675e+03 2.578438165111058879e+03 1.407954621102821648e+03
9.527340712667957401e-02 5.227727869656403527e+03 2.215074108380362304e+03 1.209823255647516362e+03
1.062323922731101822e-01 4.440944169532994238e+03 1.886614402993614476e+03 1.030019991721634369e+03
1.184519532618636822e-01 3.855572320210043927e+03 1.648794015458093327e+03 9.006991854094644623e+02
1.320770899659224340e-01 3.406941135848015620e+03 1.476716557768452049e+03 8.087728199291781266e+02
1.472694811144383831e-01 2.937813263299786286e+03 1.289432952432085131e+03 7.073198795312958964e+02
1.642094028064348954e-01 2.438735290284789244e+03 1.074054280832316408e+03 5.873901549089115406e+02
1.830978677048002712e-01 2.036258890582921367e+03 9.053011890723245187e+02 4.940856893231451181e+02
2.041590102946942431e-01 1.721255710583329119e+03 7.864029498054217129e+02 4.310658247513663355e+02
2.276427465103479653e-01 1.415964380064884153e+03 6.598396757040746934e+02 3.611102278138143333e+02
2.538277392899435103e-01 1.152535352112194460e+03 5.511356121980857097e+02 3.010088611151426221e+02
2.830247052484705095e-01 9.308567220923240484e+02 4.656946755918692702e+02 2.556204241379348900e+02
3.155801017062329072e-01 7.361321526955568970e+02 3.863478508125122630e+02 2.119576779968012090e+02
3.518802378240603601e-01 5.712947937557389650e+02 3.217314484413442415e+02 1.777468225122903220e+02
3.923558586288135031e-01 4.315838712035538265e+02 2.653840963740208281e+02 1.475574473888765112e+02
4.374872563241952172e-01 3.153938241163563703e+02 2.178675370856674647e+02 1.226135897269293480e+02
4.878099695387512202e-01 2.207086278729250637e+02 1.774389131627731047e+02 1.015731682761804535e+02
5.439211381395319123e-01 1.457769661632955263e+02 1.431243240836294888e+02 8.388282093534419914e+01
6.064865890189676811e-01 8.875105529593442100e+01 1.140886080432249088e+02 6.905242900605655620e+01
6.762487369363893164e-01 4.752106021859076890e+01 8.961925480841783553e+01 5.661834397622623527e+01
7.540353941672404137e-01 1.964440353127728756e+01 6.912841342798327560e+01 4.618824510959761653e+01
8.407695934971151086e-01 2.412829850534901510e+00 5.214189527273635605e+01 3.743898434796782482e+01
9.374805411223435803e-01 -6.940253332291061561e+00 3.826702735285286394e+01 3.010513567922190603e+01
1.045315829426528564e+00 -1.096363041140098460e+01 2.716228601255728137e+01 2.396605067433316094e+01
1.165555054552403824e+00 -1.175447510374276838e+01 1.851183657135953098e+01 1.884339604875902197e+01
1.299625000357985227e+00 -1.084572364850449588e+01 1.200052679529136590e+01 1.459194391251619116e+01
1.449116568932995452e+00 -9.230623830623178705e+00 7.301423574507427183e+00 1.109330952757017386e+01
1.615803658576671964e+00 -7.476601369591713286e+00 4.076317950492880371e+00 8.250512147460463908e+00
1.801664213246928048e+00 -5.862777135877242252e+00 1.990344148265557056e+00 5.980271341484904468e+00
2.008903693258128342e+00 -4.496429053326455261e+00 7.335334889351993182e-01 4.207742027272804997e+00
2.239981245735629400e+00 -3.394831250888618701e+00 4.166542373368719437e-02 2.861929345499893085e+00
2.497638885371206374e+00 -2.533801151898100290e+00 -2.917288577004734096e-01 1.873241773937795340e+00
2.784934031744384253e+00 -1.874680597384155378e+00 -4.146846559321256676e-01 1.173663897042749316e+00
3.105275789304232426e+00 -1.377586894192732725e+00 -4.250241797281754663e-01 6.986803973959734293e-01
3.462465400517639402e+00 -1.006621650515590272e+00 -3.825319680860468363e-01 3.902634023734077862e-01
3.860741352209485999e+00 -7.320352350652367113e-01 -3.210223671325360684e-01 1.994023477427586122e-01
4.304829670336041580e+00 -5.300958751270956615e-01 -2.580011294022311330e-01 8.744419821670815218e-02
4.799999999999999822e+00 -3.823083906708619195e-01 -2.014091022823713828e-01 2.585783571871470149e-02
