1.000000000230258569e-04 6.680693057380859727e+02 3.032784734173591801e+02 1.682182958736467526e+02
1.115026695290953366e-04 7.336575079781940758e+02 3.331782497929988267e+02 1.848264380031645828e+02
1.243284530925187648e-04 8.179715505517239080e+02 3.715862539643667333e+02 2.061559447853566382e+02
1.386295441504667143e-04 9.184367107510516917e+02 4.173555230605073234e+02 2.315731188650795787e+02
1.545756424481938766e-04 1.023392567761651094e+03 4.652400840420269219e+02 2.581811471940086449e+02
1.723559677317991945e-04 1.122734781102876468e+03 5.107027767826541549e+02 2.834706051688387447e+02
1.921815050694108094e-04 1.225268185962885354e+03 5.577442191251825534e+02 3.096657969808759390e+02
2.142875084442451923e-04 1.354541397165506396e+03 6.170182150669896828e+02 3.426685330363658863e+02
2.389362923277018713e-04 1.509494061505926084e+03 6.880452443252403327e+02 3.822167847674916743e+02
2.664203443578849946e-04 1.660016359779513323e+03 7.572369515325954126e+02 4.207938521862402013e+02
2.970657960592480913e-04 1.822734274107421243e+03 8.321218201410852089e+02 4.625744305544484973e+02
3.312362927876497001e-04 2.025232732681570042e+03 9.251219312083999284e+02 5.144369209526696523e+02
3.693373088223966556e-04 2.224296176063950043e+03 1.016659675621545034e+03 5.655344146756253849e+02
4.118209588090659132e-04 2.461409660803595216e+03 1.125434801388051028e+03 6.262180193485244217e+02
4.591913626466918256e-04 2.710832304653126812e+03 1.239696324234666918e+03 6.899609877002380927e+02
5.120106274801957584e-04 3.000584300529072152e+03 1.372044694041308730e+03 7.637278193941986046e+02
5.709055177816341068e-04 3.303302270820575814e+03 1.509953264476208460e+03 8.405475203772541590e+02
6.365748926688486646e-04 3.651227849190050165e+03 1.667907999631721623e+03 9.284200567692676032e+02
7.097979987143026312e-04 4.037014471034906364e+03 1.842531183672827183e+03 1.025455627359491018e+03
7.914437166483044659e-04 4.457668956520659776e+03 2.032404828072530336e+03 1.130844681411539568e+03
8.824808716799498404e-04 4.919998296682267210e+03 2.240588068285369900e+03 1.246268233627893096e+03
9.839897297802024153e-04 5.427388410213289717e+03 2.468648831693235479e+03 1.372595848198984186e+03
1.097174816344422205e-03 5.979007365084205048e+03 2.716291848923483030e+03 1.509672632887724603e+03
1.223379209343287413e-03 6.587434543104568547e+03 2.989313949724393751e+03 1.660728801939455252e+03
1.364100476567608111e-03 7.251250645412013910e+03 3.287144696565180766e+03 1.825467486845645453e+03
1.521008446081769522e-03 7.971858511111887310e+03 3.610521633524268054e+03 2.004327889792379437e+03
1.695965020753673102e-03 8.746581824192591739e+03 3.958328263083606998e+03 2.196719833940951048e+03
1.891046271984591709e-03 9.583350906553811001e+03 4.334216379061832413e+03 2.404683690089436368e+03
2.108567074807741158e-03 1.047478422878190395e+04 4.734873385218560543e+03 2.626394240762357640e+03
2.351108576680822643e-03 1.143278025830393926e+04 5.165765856530699239e+03 2.864905982566589500e+03
2.621548825923003187e-03 1.244516895112955353e+04 5.621379604697615832e+03 3.117178098282641258e+03
2.923096923239734257e-03 1.351261549741946328e+04 6.102038560354832953e+03 3.383415732390811172e+03
3.259331101584665453e-03 1.463197607814590810e+04 6.606366084139905070e+03 3.662876003952022984e+03
3.634241186222156913e-03 1.579691450678114415e+04 7.131539464304664762e+03 3.953974238053742738e+03
4.052275938830490927e-03 1.699725468372954856e+04 7.672999870058321903e+03 4.254146921316627413e+03
4.518395847440812539e-03 1.822635115504060741e+04 8.227861764771121670e+03 4.561859329750492179e+03
5.038131988628217865e-03 1.947065187723355848e+04 8.790015763529991091e+03 4.873786566760577443e+03
5.617651660426248826e-03 2.071404841063399363e+04 9.352227549412900771e+03 5.185902141020183990e+03
6.263831564778516575e-03 2.193842695301830463e+04 9.906410048678018939e+03 5.493746610126946507e+03
6.984339407925946493e-03 2.311581622077641805e+04 1.043997956983800759e+04 5.790342826587862874e+03
7.787724887016851671e-03 2.422034416836939999e+04 1.094132103638281114e+04 6.069260369931541391e+03
8.683521142606049834e-03 2.522700079421774717e+04 1.139924711248867607e+04 6.324322998993022338e+03
9.682357880899711625e-03 2.610301915054638448e+04 1.179902829673574342e+04 6.547394602427271820e+03
1.079608750807801998e-02 2.680951315297190740e+04 1.212312504896562314e+04 6.728730908824119979e+03
1.203792577343234388e-02 2.730810833078668293e+04 1.235423875831547412e+04 6.858723583678338400e+03
1.342260859021738965e-02 2.755941291931276282e+04 1.247459753461362743e+04 6.927500613183337009e+03
1.496656689508787767e-02 2.752415114731008725e+04 1.246640330873488710e+04 6.925159295182243113e+03
1.668812162103823840e-02 2.716900530265428097e+04 1.231428960102892779e+04 6.843041463311902589e+03
1.860770109743517184e-02 2.646860251802708444e+04 1.200652170980378833e+04 6.674533009963002769e+03
2.074808345685756270e-02 2.541350382979852657e+04 1.153839969487263807e+04 6.416948166548963854e+03
2.313466692519383291e-02 2.401750954450897916e+04 1.091547775660696607e+04 6.073183026663055898e+03
2.579577120231610690e-02 2.232538568289027171e+04 1.015727526294656491e+04 5.653871612728184118e+03
2.876297350957714855e-02 2.041833102481414244e+04 9.299962122294167784e+03 5.179003419989417125e+03
3.207148329174031032e-02 1.841035211187538880e+04 8.394703875458091716e+03 4.676903391777510478e+03
3.576056001963404812e-02 1.643667641565270969e+04 7.502835513272303615e+03 4.181677751690006517e+03
3.987397905126498221e-02 1.463258621800359651e+04 6.686430584296874258e+03 3.727994256401253097e+03
4.446055107939526907e-02 1.309782755935477144e+04 5.992174326666095112e+03 3.342121701173858582e+03
4.957470132945773766e-02 1.186313027325971780e+04 5.435749691481027185e+03 3.033145436502756638e+03
5.527711538069327024e-02 1.086354752192583146e+04 4.988596744853221026e+03 2.785369964930217975e+03
6.163545927395905344e-02 9.945336258659790474e+03 4.579396577271491878e+03 2.558807717837200926e+03
6.872518245115814828e-02 8.893266489343259309e+03 4.104277198200170460e+03 2.294401684452046993e+03
7.663041305413779980e-02 7.635245825325186161e+03 3.523911817451678871e+03 1.968901173193416753e+03
8.544495620686157200e-02 6.317075867222303714e+03 2.904699642018622399e+03 1.619269787722817227e+03
9.527340712667957401e-02 5.224840197895504389e+03 2.389643335325651151e+03 1.327834197397931348e+03
1.062323922731101822e-01 4.502838046738376761e+03 2.060514944663285405e+03 1.143653785216804863e+03
1.184519532618636822e-01 3.988003435757023908e+03 1.840064263962673749e+03 1.023189754523702049e+03
1.320770899659224340e-01 3.405436169905691713e+03 1.575023375975267072e+03 8.747598098759787035e+02
1.472694811144383831e-01 2.777368424035656972e+03 1.268679969272852759e+03 6.983488748162488946e+02
1.642094028064348954e-01 2.316325875239655034e+03 1.054744488134447010e+03 5.773968586592828842e+02
1.830978677048002712e-01 1.973372687749977331e+03 9.117703294028434584e+02 5.005844082543061404e+02
2.041590102946942431e-01 1.627313460464738000e+03 7.491126387095928294e+02 4.075983982316447509e+02
2.276427465103479653e-01 1.341982014941305579e+03 6.195538546043324004e+02 3.346947481344595303e+02
2.538277392899435103e-01 1.106748531983408839e+03 5.191709566145843837e+02 2.802511883080061921e+02
2.830247052484705095e-01 9.008997898709842502e+02 4.270143439620088088e+02 2.283420878298576326e+02
3.155801017062329072e-01 7.288149527693474283e+02 3.541558636591801132e+02 1.890459491358655839e+02
3.518802378240603601e-01 5.824489978333122053e+02 2.916618607096982601e+02 1.548917418742862253e+02
3.923558586288135031e-01 4.592011558270501723e+02 2.399248564675040143e+02 1.271727155282197401e+02
4.374872563241952172e-01 3.559258387342991909e+02 1.967881193533716271e+02 1.043485800575315636e+02
4.878099695387512202e-01 2.701562247350257735e+02 1.607365393157526228e+02 8.549049722111780625e+01
5.439211381395319123e-01 1.998998786233743488e+02 1.306502446593075035e+02 6.998333541959054571e+01
6.064865890189676811e-01 1.434306445894543742e+02 1.055405402316653323e+02 5.722989582760982330e+01
6.762487369363893164e-01 9.917198109386821159e+01 8.459014549307661923e+01 4.673471647045855804e+01
7.540353941672404137e-01 6.557917432291894499e+01 6.714136228374091786e+01 3.809608334127342033e+01
8.407695934971151086e-01 4.106361462236410631e+01 5.265321108333846212e+01 3.097733572394497870e+01
9.374805411223435803e-01 2.398730679879299998e+01 4.069076575879721958e+01 2.510474145609123298e+01
1.045315829426528564e+00 1.271894955489088197e+01 3.090161102985971198e+01 2.025801986824200185e+01
1.165555054552403824e+00 5.736075026347434047e+00 2.299099743699420628e+01 1.625465389070003042e+01
1.299625000357985227e+00 1.722968292882303798e+00 1.670705035688002127e+01 1.294972405413027161e+01
1.449116568932995452e+00 -3.643669992113106604e-01 1.182247823475513648e+01 1.022609336023272775e+01
1.615803658576671964e+00 -1.287860552846215700e+00 8.123821779307951019e+00 7.988548376805504780e+00
1.801664213246928048e+00 -1.561009064617413955e+00 5.406605356753217073e+00 6.161074845575209125e+00
2.008903693258128342e+00 -1.505272211837181739e+00 3.476172669307385998e+00 4.681218923827072942e+00
2.239981245735629400e+00 -1.307970107670250348e+00 2.152904403863081129e+00 3.496963331002896691e+00
2.497638885371206374e+00 -1.070435710704437327e+00 1.278917542602358459e+00 2.563742723463831474e+00
2.784934031744384253e+00 -8.424359209339143950e-01 7.232887622720370890e-01 1.841811559792787989e+00
3.105275789304232426e+00 -6.447345666485755356e-01 3.837762992461969946e-01 1.295206388320550905e+00
3.462465400517639402e+00 -4.829805881780916965e-01 1.850228524622007931e-01 8.910150290906723169e-01
3.860741352209485999e+00 -3.554599972119444340e-01 7.435692864390630596e-02 5.995403985756746490e-01
4.304829670336041580e+00 -2.575404167173057646e-01 1.666254373865530894e-02 3.946574005465571799e-01
4.799999999999999822e+00 0.000000000000000000e+00 -1.049964240858819106e-02 2.542466058021822239e-01
