1.000000000230258569e-04 2.216756820980705243e+02 9.379022478237820337e+01 5.165542239038478556e+01
1.115026695290953366e-04 2.473170498105265835e+02 1.046272499424155455e+02 5.762449924712649363e+01
1.243284530925187648e-04 2.787729450708256422e+02 1.179210396849399984e+02 6.494821379299976627e+01
1.386295441504667143e-04 3.140075059365719312e+02 1.328109454425106435e+02 7.314925547879265366e+01
1.545756424481938766e-04 3.495676510793640546e+02 1.478249540645714148e+02 8.142033412392450487e+01
1.723559677317991945e-04 3.851299762278687808e+02 1.628250149770853739e+02 8.968450568355567043e+01
1.921815050694108094e-04 4.263494140328357389e+02 1.802035685628164003e+02 9.925906814163536751e+01
2.142875084442451923e-04 4.778047661816420941e+02 2.019005882795254081e+02 1.112135844795929245e+02
2.389362923277018713e-04 5.334694316682323461e+02 2.253581501968290013e+02 1.241383391693262155e+02
2.664203443578849946e-04 5.895964269568073632e+02 2.489772158757669160e+02 1.371551103341522548e+02
2.970657960592480913e-04 6.577815151880869280e+02 2.776745911785615135e+02 1.529703092742938964e+02
3.312362927876497001e-04 7.330768921030579577e+02 3.093541201818352420e+02 1.704300854247876202e+02
3.693373088223966556e-04 8.128691072098052928e+02 3.428989849643073740e+02 1.889199261168796511e+02
4.118209588090659132e-04 9.072876597411129751e+02 3.826165838586757673e+02 2.108118776793916140e+02
4.591913626466918256e-04 1.006574874049651498e+03 4.243635085874806236e+02 2.338233835268092378e+02
5.120106274801957584e-04 1.120508543246629870e+03 4.723074208492233197e+02 2.602507212622826955e+02
5.709055177816341068e-04 1.247171088470746099e+03 5.256366014771454047e+02 2.896439971229272601e+02
6.365748926688486646e-04 1.384476330369653851e+03 5.834806543045623357e+02 3.215232025194386551e+02
7.097979987143026312e-04 1.537774273622177816e+03 6.481244852319745178e+02 3.571463142777733992e+02
7.914437166483044659e-04 1.708510141376767479e+03 7.201929342450074500e+02 3.968556931789034934e+02
8.824808716799498404e-04 1.897645506051329903e+03 8.000994940666768116e+02 4.408778164283112915e+02
9.839897297802024153e-04 2.107665155302870517e+03 8.889030157984356038e+02 4.897953869560748217e+02
1.097174816344422205e-03 2.340222032521066922e+03 9.873106254435741675e+02 5.439983533370850637e+02
1.223379209343287413e-03 2.593265894458424555e+03 1.094436155033933801e+03 6.029949256715905221e+02
1.364100476567608111e-03 2.876457107624012679e+03 1.214393768783024370e+03 6.690585655328623034e+02
1.521008446081769522e-03 3.185861297456618104e+03 1.345485204275879823e+03 7.412499115207915565e+02
1.695965020753673102e-03 3.525998599043361082e+03 1.489632351637760394e+03 8.206328733656591794e+02
1.891046271984591709e-03 3.898722833943756996e+03 1.647611711400488730e+03 9.076375937456698466e+02
2.108567074807741158e-03 4.305246527239163697e+03 1.819914727534628128e+03 1.002534367635207900e+03
2.351108576680822643e-03 4.749463358950941256e+03 2.008206810683918093e+03 1.106248578446657802e+03
2.621548825923003187e-03 5.231993197938199955e+03 2.212740081075000489e+03 1.218918044775966337e+03
2.923096923239734257e-03 5.755312099163373205e+03 2.434590002303015808e+03 1.341144056249263940e+03
3.259331101584665453e-03 6.317987324610348878e+03 2.673111998030827635e+03 1.472563996751633113e+03
3.634241186222156913e-03 6.921793204546402194e+03 2.929088471377367114e+03 1.613618184731514248e+03
4.052275938830490927e-03 7.565882117571525669e+03 3.202194290269197154e+03 1.764136386585560331e+03
4.518395847440812539e-03 8.248675908832163259e+03 3.491742126153122626e+03 1.923739631889775637e+03
5.038131988628217865e-03 8.968732899103351883e+03 3.797200621308692462e+03 2.092148594649516326e+03
5.617651660426248826e-03 9.721575321969352444e+03 4.116676446596446112e+03 2.268324234802973479e+03
6.263831564778516575e-03 1.050188444596743284e+04 4.447965973015746385e+03 2.451064208018191039e+03
6.984339407925946493e-03 1.130236150878347144e+04 4.788027980701647721e+03 2.638706990517493068e+03
7.787724887016851671e-03 1.211277415764994839e+04 5.132591072516837812e+03 2.828913405045233048e+03
8.683521142606049834e-03 1.291955610869397060e+04 5.475969744767056909e+03 3.018560394313658890e+03
9.682357880899711625e-03 1.370648681510665847e+04 5.811363823631219020e+03 3.203916472532792341e+03
1.079608750807801998e-02 1.445698571394675128e+04 6.131844883104876317e+03 3.381185021508830687e+03
1.203792577343234388e-02 1.514773156306137207e+04 6.427607160245725936e+03 3.544979898230273193e+03
1.342260859021738965e-02 1.575219762998206170e+04 6.687486642835938255e+03 3.689151770624318033e+03
1.496656689508787767e-02 1.624179975484174247e+04 6.899438103138679253e+03 3.807068437019017438e+03
1.668812162103823840e-02 1.658538010765621948e+04 7.050308235975570824e+03 3.891480805496714765e+03
1.860770109743517184e-02 1.675084481045871507e+04 7.126466951821316798e+03 3.934863611175142069e+03
2.074808345685756270e-02 1.670886582191482375e+04 7.115346722566267999e+03 3.930231531252334207e+03
2.313466692519383291e-02 1.643707249872624016e+04 7.007277565730132665e+03 3.872207109488873357e+03
2.579577120231610690e-02 1.592585681320224467e+04 6.797861840036579451e+03 3.758305142954217445e+03
2.876297350957714855e-02 1.518445059705924541e+04 6.490547451361446292e+03 3.590312881224656394e+03
3.207148329174031032e-02 1.424690739160508019e+04 6.099301539229316404e+03 3.375826114902782138e+03
3.576056001963404812e-02 1.317384759554380435e+04 5.649459457297804875e+03 3.128758926799182973e+03
3.987397905126498221e-02 1.204957107329441533e+04 5.176653902530774758e+03 2.868733709079477649e+03
4.446055107939526907e-02 1.096782659960525234e+04 4.721041787799807025e+03 2.617983581066314400e+03
4.957470132945773766e-02 1.000994160426789858e+04 4.318074676177731817e+03 2.396249092988719440e+03
5.527711538069327024e-02 9.218659155616614953e+03 3.987214192954610553e+03 2.214521486596678642e+03
6.163545927395905344e-02 8.568734192058953340e+03 3.718587861551058268e+03 2.067512119189549594e+03
6.872518245115814828e-02 7.956070728724006585e+03 3.466791237554934924e+03 1.929930834883230546e+03
7.663041305413779980e-02 7.241979274680023082e+03 3.168511486956377667e+03 1.765980989315329452e+03
8.544495620686157200e-02 6.348600212946987085e+03 2.784465062765704261e+03 1.552758452516540729e+03
9.527340712667957401e-02 5.365009094573276343e+03 2.351001402248818977e+03 1.309987402498139318e+03
1.062323922731101822e-01 4.511149937645014688e+03 1.971242368898698714e+03 1.096464833837531387e+03
1.184519532618636822e-01 3.929388965980349440e+03 1.720784328017949747e+03 9.570204540465515493e+02
1.320770899659224340e-01 3.518796919815597903e+03 1.557122774576225538e+03 8.684489962601147681e+02
1.472694811144383831e-01 3.052497703439877569e+03 1.359129871377120708e+03 7.586725340553980459e+02
1.642094028064348954e-01 2.526406436887142263e+03 1.114288145164918205e+03 6.180634633966442379e+02
1.830978677048002712e-01 2.128196280730885519e+03 9.364499896915217505e+02 5.172733480000692907e+02
2.041590102946942431e-01 1.834201274555152168e+03 8.217996918558981179e+02 4.563064656361389666e+02
2.276427465103479653e-01 1.530402560013290213e+03 6.845282079898603342e+02 3.777935898724704771e+02
2.538277392899435103e-01 1.275090393547132408e+03 5.717132925992324317e+02 3.138077519808290390e+02
2.830247052484705095e-01 1.063798334646474132e+03 4.858188515247356918e+02 2.675991744254695845e+02
3.155801017062329072e-01 8.756408374187029722e+02 4.029067675891079716e+02 2.202638623083555274e+02
3.518802378240603601e-01 7.172639752497103700e+02 3.378514709359423591e+02 1.852867864964294711e+02
3.923558586288135031e-01 5.811427455273504847e+02 2.803464106093585428e+02 1.534518830806414087e+02
4.374872563241952172e-01 4.656857604678236271e+02 2.323652373059787806e+02 1.275757595814825009e+02
4.878099695387512202e-01 3.681978196583758631e+02 1.917135090843973728e+02 1.058552592948209252e+02
5.439211381395319123e-01 2.866616234500297082e+02 1.572491916145432356e+02 8.756523646803539407e+01
6.064865890189676811e-01 2.193534690370049134e+02 1.281330940272854377e+02 7.228715569683930653e+01
6.762487369363893164e-01 1.647190172366616139e+02 1.035669193790153599e+02 5.951635056100194987e+01
7.540353941672404137e-01 1.212858546653714171e+02 8.289853599682714957e+01 4.883817110248071458e+01
8.407695934971151086e-01 8.758289862940752357e+01 6.558772394091765534e+01 3.990543262566122706e+01
9.374805411223435803e-01 6.211363391141317436e+01 5.119167912453485769e+01 3.243008641824014404e+01
1.045315829426528564e+00 4.337674552311625575e+01 3.934369350620509209e+01 2.617897229241493662e+01
1.165555054552403824e+00 2.993846238545864225e+01 2.972743217997726362e+01 2.095792722041844058e+01
1.299625000357985227e+00 2.050701764857096521e+01 2.205945613621067380e+01 1.661104902315879883e+01
1.449116568932995452e+00 1.399613349477059998e+01 1.607227375248175250e+01 1.301156319858917954e+01
1.615803658576671964e+00 9.549858568894203259e+00 1.150604980208847827e+01 1.005424766860157426e+01
1.801664213246928048e+00 6.529988852943127142e+00 8.108306982700574039e+00 7.651853999105266091e+00
2.008903693258128342e+00 4.481373750467756878e+00 5.640254282421883758e+00 5.728630764050302915e+00
2.239981245735629400e+00 3.089097994144410997e+00 3.886237423375052735e+00 4.216371746984964197e+00
2.497638885371206374e+00 2.139257203659803430e+00 2.661894242036042080e+00 3.051527485880258794e+00
2.784934031744384253e+00 1.488078020975859506e+00 1.818588745709823984e+00 2.173975254110477540e+00
3.105275789304232426e+00 1.039272451446460854e+00 1.242641467806039790e+00 1.527580026597557872e+00
3.462465400517639402e+00 7.282762693121135333e-01 8.508838250350678756e-01 1.061465432136416087e+00
3.860741352209485999e+00 5.117174065741884048e-01 5.845951496571536454e-01 7.316368692060565282e-01
4.304829670336041580e+00 3.602410101051539693e-01 4.032369742535914514e-01 5.017750815635253492e-01
4.799999999999999822e+00 2.538737968924023036e-01 2.792747267047895887e-01 3.433667484675548276e-01
