1.000000000230258569e-04 3.626852857845401559e+02 1.507153943484773890e+02 8.224797946944434557e+01
1.115026695290953366e-04 3.989846802401959849e+02 1.658422193945860101e+02 9.050351232775521737e+01
1.243284530925187648e-04 4.454095578900470969e+02 1.851800493699603010e+02 1.010575058995742950e+02
1.386295441504667143e-04 5.007293653274177245e+02 2.082262970442330925e+02 1.136347792121353706e+02
1.545756424481938766e-04 5.589364227674244603e+02 2.325006567861840665e+02 1.268837022327319346e+02
1.723559677317991945e-04 6.146825087857728249e+02 2.557991673322390795e+02 1.396001252550387335e+02
1.921815050694108094e-04 6.724252768208372117e+02 2.799765263887577476e+02 1.527972749257605756e+02
2.142875084442451923e-04 7.446907773744222823e+02 3.102315140272023655e+02 1.693129307263288013e+02
2.389362923277018713e-04 8.313731754317497007e+02 3.465267800930397470e+02 1.891255941794590285e+02
2.664203443578849946e-04 9.166563944608512884e+02 3.823200711135929168e+02 2.086665810806190109e+02
2.970657960592480913e-04 1.008741854432110131e+03 4.210236045602464401e+02 2.297973795717292944e+02
3.312362927876497001e-04 1.122878091779194392e+03 4.689527758373819779e+02 2.559671444726876928e+02
3.693373088223966556e-04 1.236340839826022147e+03 5.166845061280567961e+02 2.820314261369034625e+02
4.118209588090659132e-04 1.370430142886714975e+03 5.730415416670931563e+02 3.128072379103777507e+02
4.591913626466918256e-04 1.512677130141191583e+03 6.328285553841860747e+02 3.454592446596251989e+02
5.120106274801957584e-04 1.676774123872979771e+03 7.017012390412418199e+02 3.830752267400529831e+02
5.709055177816341068e-04 1.849094128715406441e+03 7.739603191715157209e+02 4.225441200487326228e+02
6.365748926688486646e-04 2.047063520856847617e+03 8.568004397082770538e+02 4.677951356564470871e+02
7.097979987143026312e-04 2.266147932147146093e+03 9.483090493377143275e+02 5.177828777716722470e+02
7.914437166483044659e-04 2.505332827678482317e+03 1.048025986265710571e+03 5.722567773150215089e+02
8.824808716799498404e-04 2.769005727221433972e+03 1.157747544736890177e+03 6.321970287742693699e+02
9.839897297802024153e-04 3.059402256266129370e+03 1.278396217024733460e+03 6.981067265352400000e+02
1.097174816344422205e-03 3.376613420579409649e+03 1.410012413371769298e+03 7.700055503407646711e+02
1.223379209343287413e-03 3.727185929412592031e+03 1.555329810707648221e+03 8.493847852663910771e+02
1.364100476567608111e-03 4.113852866821023781e+03 1.715516328265130824e+03 9.368861678789687630e+02
1.521008446081769522e-03 4.535536709245541715e+03 1.890143018000954271e+03 1.032270945918596226e+03
1.695965020753673102e-03 4.993831095975925564e+03 2.079915280482838170e+03 1.135927300376922631e+03
1.891046271984591709e-03 5.494155994848613773e+03 2.287118257736736268e+03 1.249106746591000501e+03
2.108567074807741158e-03 6.034670668561487219e+03 2.511001550639887228e+03 1.371398957644866869e+03
2.351108576680822643e-03 6.621347863873075767e+03 2.754095987142710328e+03 1.504192936263599222e+03
2.621548825923003187e-03 7.251325833920183868e+03 3.015215374101265752e+03 1.646840942233241549e+03
2.923096923239734257e-03 7.927568149800441461e+03 3.295623638985574871e+03 1.800040557792968002e+03
3.259331101584665453e-03 8.647532963332259897e+03 3.594278736710786234e+03 1.963226056605465828e+03
3.634241186222156913e-03 9.412749833466128621e+03 3.911861095622721223e+03 2.136779010281998580e+03
4.052275938830490927e-03 1.021883503619855037e+04 4.246531163586921139e+03 2.319690694190336671e+03
4.518395847440812539e-03 1.106455512333808656e+04 4.597860432880977896e+03 2.511754874871530774e+03
5.038131988628217865e-03 1.194392244913451395e+04 4.963400179989921526e+03 2.711636435527729191e+03
5.617651660426248826e-03 1.285016625898593884e+04 5.340345679520572958e+03 2.917811159522700564e+03
6.263831564778516575e-03 1.377494846120160400e+04 5.725299248347745561e+03 3.128435965969549216e+03
6.984339407925946493e-03 1.470880259161148751e+04 6.114395527986459456e+03 3.341418615830465569e+03
7.787724887016851671e-03 1.563572940344833296e+04 6.501060165373897689e+03 3.553182817724841243e+03
8.683521142606049834e-03 1.653884863079426941e+04 6.878349027136765471e+03 3.759946513816044444e+03
9.682357880899711625e-03 1.739772045416511173e+04 7.237855950511921037e+03 3.957132696764258526e+03
1.079608750807801998e-02 1.819203377494182132e+04 7.571245731771614373e+03 4.140214325561036276e+03
1.203792577343234388e-02 1.889488006395571574e+04 7.867426680663686057e+03 4.303148800778816621e+03
1.342260859021738965e-02 1.947707076814252287e+04 8.114318371492847291e+03 4.439332232179149287e+03
1.496656689508787767e-02 1.990785550193701420e+04 8.299218708130505547e+03 4.541822935951789077e+03
1.668812162103823840e-02 2.015476907043130268e+04 8.408665490895202311e+03 4.603262321618215537e+03
1.860770109743517184e-02 2.018653266920751412e+04 8.429575801842731380e+03 4.616471137357372754e+03
2.074808345685756270e-02 1.997743920783623616e+04 8.351057967102660768e+03 4.575415490425799362e+03
2.313466692519383291e-02 1.951117502010327735e+04 8.166085254417203032e+03 4.476198897290686546e+03
2.579577120231610690e-02 1.878688528408761704e+04 7.873870723273900694e+03 4.318311428242033799e+03
2.876297350957714855e-02 1.782317022738377636e+04 7.481582759565951164e+03 4.105538429647998782e+03
3.207148329174031032e-02 1.666527719351292762e+04 7.007504843387318942e+03 3.847760769985899515e+03
3.576056001963404812e-02 1.538504343171580331e+04 6.481147195885334440e+03 3.561064399234650864e+03
3.987397905126498221e-02 1.407309232521248487e+04 5.940158698024186378e+03 3.266023453828029233e+03
4.446055107939526907e-02 1.282411036692422931e+04 5.424463169888250377e+03 2.984585010402915032e+03
4.957470132945773766e-02 1.171182144182565571e+04 4.965820012806746490e+03 2.734324182619037401e+03
5.527711538069327024e-02 1.076156780627325679e+04 4.576012195512465951e+03 2.521917179008775747e+03
6.163545927395905344e-02 9.934255352672194931e+03 4.239236876714444406e+03 2.338801829944833571e+03
6.872518245115814828e-02 9.108622083708271020e+03 3.902618359125751340e+03 2.155595157745693086e+03
7.663041305413779980e-02 8.166990774673176929e+03 3.511898612763147412e+03 1.941611377487821983e+03
8.544495620686157200e-02 7.082423171778411415e+03 3.050413701640653471e+03 1.686672926014124641e+03
9.527340712667957401e-02 5.987613185950884144e+03 2.575069619044400952e+03 1.422186082230351531e+03
1.062323922731101822e-01 5.087128246455338740e+03 2.183672111044830217e+03 1.204100373343765568e+03
1.184519532618636822e-01 4.450744599088641735e+03 1.918121275590139476e+03 1.057990696734382482e+03
1.320770899659224340e-01 3.926890658723597880e+03 1.707916603086226814e+03 9.439565878830114798e+02
1.472694811144383831e-01 3.345925212315758927e+03 1.457467822770490557e+03 8.043721964649154188e+02
1.642094028064348954e-01 2.779970107112801998e+03 1.200085446286500428e+03 6.578401565927978254e+02
1.830978677048002712e-01 2.357881934833427749e+03 1.021938048016403854e+03 5.591902862468309650e+02
2.041590102946942431e-01 2.004625258200415374e+03 8.803588239114282032e+02 4.827492826074594632e+02
2.276427465103479653e-01 1.665793496436041096e+03 7.292600935250181919e+02 3.966412998292720999e+02
2.538277392899435103e-01 1.387828874708960939e+03 6.137106076275443911e+02 3.331495468653410512e+02
2.830247052484705095e-01 1.148292367830277271e+03 5.147525256140289684e+02 2.789828615956375302e+02
3.155801017062329072e-01 9.417064093909312987e+02 4.283729568928162053e+02 2.312022742342951176e+02
3.518802378240603601e-01 7.659601487244062810e+02 3.567754125049997924e+02 1.925412577278639503e+02
3.923558586288135031e-01 6.162887865841685198e+02 2.957592283355111249e+02 1.596469367376076036e+02
4.374872563241952172e-01 4.896855554056464257e+02 2.442003062529644524e+02 1.321288792521576170e+02
4.878099695387512202e-01 3.834846812116871320e+02 2.007538287033553388e+02 1.092768295093930391e+02
5.439211381395319123e-01 2.953927608645610121e+02 1.640715527575648878e+02 9.018157226418281880e+01
6.064865890189676811e-01 2.234266880214953517e+02 1.331447450177531948e+02 7.425460118258808961e+01
6.762487369363893164e-01 1.657518640999003594e+02 1.071267999328997291e+02 6.097985257453730412e+01
7.540353941672404137e-01 1.205738602064611626e+02 8.530418024714106195e+01 4.990667223703650279e+01
8.407695934971151086e-01 8.608028454712666644e+01 6.710070337077097236e+01 4.066862685908014896e+01
9.374805411223435803e-01 6.044261577997637858e+01 5.203964929495383274e+01 3.296004015299894263e+01
1.045315829426528564e+00 4.187975835032920457e+01 3.972083012335941277e+01 2.652957962827068172e+01
1.165555054552403824e+00 2.874823102056492630e+01 2.979738557925297471e+01 2.117567996973209077e+01
1.299625000357985227e+00 1.963075414056598333e+01 2.195161117498235726e+01 1.673205459990771260e+01
1.449116568932995452e+00 1.338271861568915000e+01 1.588247724117616322e+01 1.306426253688998074e+01
1.615803658576671964e+00 9.132987247029552336e+00 1.129802476511175513e+01 1.006232927733954519e+01
1.801664213246928048e+00 6.250931159702110662e+00 7.918781502157927754e+00 7.633365513731122043e+00
2.008903693258128342e+00 4.295010803050976378e+00 5.485041376072724795e+00 5.697179141174494532e+00
2.239981245735629400e+00 2.963570202311402557e+00 3.767589209520155524e+00 4.181313517422568182e+00
2.497638885371206374e+00 2.053232920717221521e+00 2.575203910788030903e+00 3.018493225100302269e+00
2.784934031744384253e+00 1.427657550696629363e+00 1.756888884633654113e+00 2.145755503381701068e+00
3.105275789304232426e+00 9.955762995862763587e-01 1.199238390949541655e+00 1.504965450473762845e+00
3.462465400517639402e+00 6.957097130916823913e-01 8.203722174324180605e-01 1.044107713513952485e+00
3.860741352209485999e+00 4.866997977736257641e-01 5.629399672755310835e-01 7.186018840826654541e-01
4.304829670336041580e+00 3.404871505121588315e-01 3.876083008176853251e-01 4.920430040776088143e-01
4.799999999999999822e+00 0.000000000000000000e+00 2.677521241697801146e-01 3.360507262904078862e-01
