1.000000000230258569e-04 2.736687597692956615e+02 1.151103402553302857e+02 6.306123028500578442e+01
1.115026695290953366e-04 3.051352130111916381e+02 1.283624500602698504e+02 7.032202780354866434e+01
1.243284530925187648e-04 3.432010110396855680e+02 1.443946331341523717e+02 7.910696753518544710e+01
1.386295441504667143e-04 3.841102683056845990e+02 1.616343015509092709e+02 8.855084556310528399e+01
1.545756424481938766e-04 4.236366330388883057e+02 1.783092060822364431e+02 9.768895692210952575e+01
1.723559677317991945e-04 4.634985371908907723e+02 1.951497678059797067e+02 1.069164106058142778e+02
1.921815050694108094e-04 5.122604300846062415e+02 2.157523910644577256e+02 1.182077989135528355e+02
2.142875084442451923e-04 5.723540585854930214e+02 2.411422179443274558e+02 1.321214278648849358e+02
2.389362923277018713e-04 6.330913214043619064e+02 2.668387063070331351e+02 1.462052666915682835e+02
2.664203443578849946e-04 6.960060085753849535e+02 2.934904688803704289e+02 1.608127899269909165e+02
2.970657960592480913e-04 7.747997603151893600e+02 3.268569575402228793e+02 1.791027554679483558e+02
3.312362927876497001e-04 8.553652974672819482e+02 3.610104619008439499e+02 1.978257468821841485e+02
3.693373088223966556e-04 9.465043164204161030e+02 3.996470904190595661e+02 2.190071859497038815e+02
4.118209588090659132e-04 1.047751969656929077e+03 4.425653739331345946e+02 2.425386221484749001e+02
4.591913626466918256e-04 1.159934202123074101e+03 4.901000647406161193e+02 2.686017957007286441e+02
5.120106274801957584e-04 1.280844622100162269e+03 5.413050136491926878e+02 2.966783899267158517e+02
5.709055177816341068e-04 1.420136902872375686e+03 6.002220051892395531e+02 3.289843045398954473e+02
6.365748926688486646e-04 1.571619217598827163e+03 6.642225463364407005e+02 3.640771248086841752e+02
7.097979987143026312e-04 1.737551098762314496e+03 7.342359823726845889e+02 4.024659596882512460e+02
7.914437166483044659e-04 1.921699213409981439e+03 8.118279321764940732e+02 4.450089989053534509e+02
8.824808716799498404e-04 2.125856418082845266e+03 8.977456447242693685e+02 4.921147445223468821e+02
9.839897297802024153e-04 2.350458169741190432e+03 9.921673968444559932e+02 5.438799727332791463e+02
1.097174816344422205e-03 2.595028470263607687e+03 1.094879530368591759e+03 6.001846750854467700e+02
1.223379209343287413e-03 2.869081927968048603e+03 1.209919720016977408e+03 6.632461332092143493e+02
1.364100476567608111e-03 3.165096831450159698e+03 1.334107092976819331e+03 7.313156322526823487e+02
1.521008446081769522e-03 3.491619171489590371e+03 1.471086764573864457e+03 8.063969577753243811e+02
1.695965020753673102e-03 3.848630398708651228e+03 1.620850616972984653e+03 8.884842722304282461e+02
1.891046271984591709e-03 4.239348082217332376e+03 1.784788354040952527e+03 9.783450817236928287e+02
2.108567074807741158e-03 4.661149500194137545e+03 1.961771497904240277e+03 1.075355135915231358e+03
2.351108576680822643e-03 5.120327290379310398e+03 2.154511839145086014e+03 1.181011981773289108e+03
2.621548825923003187e-03 5.615287583967469800e+03 2.362320104162416555e+03 1.294934389343914745e+03
2.923096923239734257e-03 6.149015101239112482e+03 2.586504513807948570e+03 1.417849048569010620e+03
3.259331101584665453e-03 6.719423490573937670e+03 2.826162195178133061e+03 1.549257666758266168e+03
3.634241186222156913e-03 7.326770974403758373e+03 3.081398954683325883e+03 1.689220020920156230e+03
4.052275938830490927e-03 7.971448203458420721e+03 3.352483238652680029e+03 1.837902528902545100e+03
4.518395847440812539e-03 8.650433770553483555e+03 3.638114915646007830e+03 1.994591762145854545e+03
5.038131988628217865e-03 9.360538980606128462e+03 3.937010331109751405e+03 2.158588843973976509e+03
5.617651660426248826e-03 1.009731585320097111e+04 4.247325757021548270e+03 2.328895962337137007e+03
6.263831564778516575e-03 1.085487131021088135e+04 4.566642784306387512e+03 2.504195383014740855e+03
6.984339407925946493e-03 1.162578708500679568e+04 4.891901995005740901e+03 2.682823911524596951e+03
7.787724887016851671e-03 1.239923383868444034e+04 5.218630869303804502e+03 2.862344312523539884e+03
8.683521142606049834e-03 1.316125304220844191e+04 5.541034356114008006e+03 3.039591099087056591e+03
9.682357880899711625e-03 1.389529386270524810e+04 5.852252739322381785e+03 3.210817166595032177e+03
1.079608750807801998e-02 1.458591469605651218e+04 6.145910690552103915e+03 3.372549244543752593e+03
1.203792577343234388e-02 1.521132022390781458e+04 6.412950321404411625e+03 3.519838720574212857e+03
1.342260859021738965e-02 1.574715378507238893e+04 6.643233470575874890e+03 3.647130790004890059e+03
1.496656689508787767e-02 1.616727393690398094e+04 6.825874696112549827e+03 3.748461733727147021e+03
1.668812162103823840e-02 1.644413211243131445e+04 6.949371925146295325e+03 3.817527072722414232e+03
1.860770109743517184e-02 1.655089286460640142e+04 7.002444702523871456e+03 3.848128597113056912e+03
2.074808345685756270e-02 1.646470450295420233e+04 6.975374421739420541e+03 3.834886645138695712e+03
2.313466692519383291e-02 1.617063866867481192e+04 6.861742398124869396e+03 3.774238433762811837e+03
2.579577120231610690e-02 1.566506225306899250e+04 6.659717681585907485e+03 3.665130275474536120e+03
2.876297350957714855e-02 1.496173278247579947e+04 6.374680366118421261e+03 3.510418200177309245e+03
3.207148329174031032e-02 1.409596635359378888e+04 6.021088654504847909e+03 3.317950070372442951e+03
3.576056001963404812e-02 1.312415941992601802e+04 5.622431972019237946e+03 3.100581226270765910e+03
3.987397905126498221e-02 1.211797500199859314e+04 5.208917534826712654e+03 2.874881284711350418e+03
4.446055107939526907e-02 1.114995132166697294e+04 4.811630902968805458e+03 2.657997865594604264e+03
4.957470132945773766e-02 1.027275245655056278e+04 4.453718919345802533e+03 2.462782596386879050e+03
5.527711538069327024e-02 9.500093862233779873e+03 4.141976615903852689e+03 2.293120787058707265e+03
6.163545927395905344e-02 8.778559792723979626e+03 3.853555027021766819e+03 2.136407152339300865e+03
6.872518245115814828e-02 8.016308103745654080e+03 3.546961663593676803e+03 1.969415530853307928e+03
7.663041305413779980e-02 7.132768411102118080e+03 3.182828799016391258e+03 1.769665417712763883e+03
8.544495620686157200e-02 6.144617316398882394e+03 2.764021627158940646e+03 1.538045752211194667e+03
9.527340712667957401e-02 5.193583423720814608e+03 2.354192777986817418e+03 1.310128731104001417e+03
1.062323922731101822e-01 4.434940470790570544e+03 2.031666480981402174e+03 1.131085120139588980e+03
1.184519532618636822e-01 3.871439979716667040e+03 1.805748402873134182e+03 1.007530348384210129e+03
1.320770899659224340e-01 3.346323011018996567e+03 1.596718517723651075e+03 8.934126200082083642e+02
1.472694811144383831e-01 2.770401963995249389e+03 1.346581413831986310e+03 7.530341791841731265e+02
1.642094028064348954e-01 2.257786558013976446e+03 1.119334487363067637e+03 6.243772587948915316e+02
1.830978677048002712e-01 1.869720796752356819e+03 9.654291140839753780e+02 5.404703000205657872e+02
2.041590102946942431e-01 1.514230627989012874e+03 8.205793571163276283e+02 4.607412456388992155e+02
2.276427465103479653e-01 1.189864993110687692e+03 6.782052767842415051e+02 3.798096669210452774e+02
2.538277392899435103e-01 9.240465169301185142e+02 5.723910669038377819e+02 3.226638679456044088e+02
2.830247052484705095e-01 6.919749826478022214e+02 4.741215841808552796e+02 2.679784058809576095e+02
3.155801017062329072e-01 4.973769997045747573e+02 3.929337577607849425e+02 2.239275113142547582e+02
3.518802378240603601e-01 3.356748467177166049e+02 3.228327201843031276e+02 1.857648496311484223e+02
3.923558586288135031e-01 2.049159713971909298e+02 2.638526695436148088e+02 1.543035459714070328e+02
4.374872563241952172e-01 1.028291590022893445e+02 2.135600460121153219e+02 1.275582447025985715e+02
4.878099695387512202e-01 2.726226368518371856e+01 1.710516862000335720e+02 1.052445304029559168e+02
5.439211381395319123e-01 -2.438386719135132452e+01 1.351743492202432151e+02 8.658816511393614235e+01
6.064865890189676811e-01 -5.533282693091068438e+01 1.050150097498314352e+02 7.098392382586544613e+01
6.762487369363893164e-01 -6.949810498925604918e+01 7.982807117496757598e+01 5.793279293847879785e+01
7.540353941672404137e-01 -7.128494300429704822e+01 5.901507150551597647e+01 4.701892511740503267e+01
8.407695934971151086e-01 -6.513236312703823216e+01 4.208313714877383660e+01 3.789477804076518908e+01
9.374805411223435803e-01 -5.496024466091029836e+01 2.861121556822110534e+01 3.026987079453029139e+01
1.045315829426528564e+00 -4.373438943633505005e+01 1.821564812913661768e+01 2.391174416579446671e+01
1.165555054552403824e+00 -3.331176070926560584e+01 1.051518899622098324e+01 1.862956135781592693e+01
1.299625000357985227e+00 -2.457326270016083214e+01 5.110715721667937750e+00 1.426934550448558170e+01
1.449116568932995452e+00 -1.772109633298903830e+01 1.580079818103525380e+00 1.070639142895149476e+01
1.615803658576671964e+00 -1.258479831143948147e+01 -5.064752560489684807e-01 7.836235748884275765e+00
1.801664213246928048e+00 -8.849429656813740053e+00 -1.558096501857624716e+00 5.568892898586070395e+00
2.008903693258128342e+00 -6.186928256446889485e+00 -1.931244954635611411e+00 3.822147029209689073e+00
2.239981245735629400e+00 -4.312924522739819189e+00 -1.907321479937573727e+00 2.517352191562259645e+00
2.497638885371206374e+00 -3.004011669021371400e+00 -1.686304258921054178e+00 1.577751663416810723e+00
2.784934031744384253e+00 -2.093509437448880739e+00 -1.395299501157589273e+00 9.291182741495187525e-01
3.105275789304232426e+00 -1.460935536383149325e+00 -1.105396371966893110e+00 5.023126430706674750e-01
3.462465400517639402e+00 -1.021303227969130978e+00 -8.500256940614696610e-01 2.364243152529293124e-01
3.860741352209485999e+00 -7.152081532009906262e-01 -6.401551489101541259e-01 8.123134688555658234e-02
4.304829670336041580e+00 -5.015257390817106087e-01 -4.750094172826502259e-01 -1.941048284717627635e-03
4.799999999999999822e+00 0.000000000000000000e+00 -3.487525000138648190e-01 -4.094737645315361246e-02
