1.000000000230258569e-04 5.829482010282117699e+02 2.653262008803351364e+02 1.508154433139001185e+02
1.115026695290953366e-04 6.532838160799215075e+02 2.972447073966079643e+02 1.689487257441239478e+02
1.243284530925187648e-04 7.342461919067451390e+02 3.339820263127215867e+02 1.898171125813302922e+02
1.386295441504667143e-04 8.162024780554399968e+02 3.710951133834614666e+02 2.108891654764136945e+02
1.545756424481938766e-04 8.944460374273347725e+02 4.064002963725420727e+02 2.309202828069062718e+02
1.723559677317991945e-04 9.807518538422683605e+02 4.452637389415509688e+02 2.529599548206842883e+02
1.921815050694108094e-04 1.091486424675844773e+03 4.951704286647567415e+02 2.812642968671872268e+02
2.142875084442451923e-04 1.216880646213200862e+03 5.516336123533856153e+02 3.132795054488519213e+02
2.389362923277018713e-04 1.338076599194978144e+03 6.059761409718219056e+02 3.440594124467183974e+02
2.664203443578849946e-04 1.480069327565830235e+03 6.696180168292728467e+02 3.800994101756888881e+02
2.970657960592480913e-04 1.646887023035613765e+03 7.444360289559372177e+02 4.224678959648095997e+02
3.312362927876497001e-04 1.812773024592368984e+03 8.186253891197334269e+02 4.644433213777662104e+02
3.693373088223966556e-04 2.015459592976966633e+03 9.095139044848210688e+02 5.158903165533739639e+02
4.118209588090659132e-04 2.220713339242166512e+03 1.001490488923765724e+03 5.679307803351689472e+02
4.591913626466918256e-04 2.463554835812603869e+03 1.110690804754168084e+03 6.297625074549206374e+02
5.120106274801957584e-04 2.719258694641648617e+03 1.225913034270416574e+03 6.950251881690885511e+02
5.709055177816341068e-04 2.999475340731692540e+03 1.352630133586541888e+03 7.668578584111395458e+02
6.365748926688486646e-04 3.312737901428367422e+03 1.494853536684530127e+03 8.475660704490854869e+02
7.097979987143026312e-04 3.655261320436388360e+03 1.650979995752215700e+03 9.362651177880064779e+02
7.914437166483044659e-04 4.027709902964839785e+03 1.821385853278037075e+03 1.033187767831459041e+03
8.824808716799498404e-04 4.433294885588592479e+03 2.007550302470591987e+03 1.139184375482909900e+03
9.839897297802024153e-04 4.880521835227156771e+03 2.213341343776838130e+03 1.256462193271853948e+03
1.097174816344422205e-03 5.370868749311272950e+03 2.439405049507504827e+03 1.385390532795672698e+03
1.223379209343287413e-03 5.899192979557508806e+03 2.683287039109864963e+03 1.524553333685581720e+03
1.364100476567608111e-03 6.478236657153160195e+03 2.950715000051455263e+03 1.677196605073954743e+03
1.521008446081769522e-03 7.110948853223037077e+03 3.242931544723120169e+03 1.844008197291469742e+03
1.695965020753673102e-03 7.798802723996618624e+03 3.560550613848574358e+03 2.025326942953176058e+03
1.891046271984591709e-03 8.549343683756884275e+03 3.906962946047663536e+03 2.223072561180714274e+03
2.108567074807741158e-03 9.355578682637193197e+03 4.278892868687884402e+03 2.435361506624884896e+03
2.351108576680822643e-03 1.022811232885196478e+04 4.681207830686097623e+03 2.664971868193129012e+03
2.621548825923003187e-03 1.116699809495298905e+04 5.113934904203831138e+03 2.911918799461278923e+03
2.923096923239734257e-03 1.217143405947240353e+04 5.576712996433741864e+03 3.175999102996802321e+03
3.259331101584665453e-03 1.324154030683639576e+04 6.069605453602698617e+03 3.457253663893567136e+03
3.634241186222156913e-03 1.437586895333748180e+04 6.592009932170881257e+03 3.755358364475265716e+03
4.052275938830490927e-03 1.557156176123110527e+04 7.142658725059350218e+03 4.069588401796340349e+03
4.518395847440812539e-03 1.682192478802771075e+04 7.718605365253736636e+03 4.398294859906603051e+03
5.038131988628217865e-03 1.811821033898159658e+04 8.315767020653689542e+03 4.739187205823787735e+03
5.617651660426248826e-03 1.944877684893900368e+04 8.928938798787366977e+03 5.089277008995225515e+03
6.263831564778516575e-03 2.079976869208804783e+04 9.551859518724739246e+03 5.445022546213441274e+03
6.984339407925946493e-03 2.215195304782174571e+04 1.017582823032475790e+04 5.801498391456958416e+03
7.787724887016851671e-03 2.348125778445805190e+04 1.078991523921868611e+04 6.152505097446539367e+03
8.683521142606049834e-03 2.475935304453436038e+04 1.138122131408285713e+04 6.490693452286017418e+03
9.682357880899711625e-03 2.595235950343041259e+04 1.193432454590193629e+04 6.807296084835036709e+03
1.079608750807801998e-02 2.701957999593149361e+04 1.243068648360270345e+04 7.091762559330443764e+03
1.203792577343234388e-02 2.791461539529983565e+04 1.284912974607670731e+04 7.332051002527935452e+03
1.342260859021738965e-02 2.858613258863389274e+04 1.316610912609908337e+04 7.514727241252625390e+03
1.496656689508787767e-02 2.898048134775670405e+04 1.335697951599182488e+04 7.625696057751278204e+03
1.668812162103823840e-02 2.904378537616405447e+04 1.339698061563439660e+04 7.650862974730546739e+03
1.860770109743517184e-02 2.872691771950656766e+04 1.326320622947659285e+04 7.577066824102619648e+03
2.074808345685756270e-02 2.799445689849681003e+04 1.293888314766094300e+04 7.394597205726974607e+03
2.313466692519383291e-02 2.683500421573746280e+04 1.241815114093350530e+04 7.099999932389060632e+03
2.579577120231610690e-02 2.527245976384722962e+04 1.171105314281452593e+04 6.698794467975211774e+03
2.876297350957714855e-02 2.337541869324469008e+04 1.084818088327750957e+04 6.208245284877736594e+03
3.207148329174031032e-02 2.126134666116915105e+04 9.882781459016910958e+03 5.658567696148428695e+03
3.576056001963404812e-02 1.908607059810759893e+04 8.886329990156071290e+03 5.090506441344881750e+03
3.987397905126498221e-02 1.702414219123560179e+04 7.939967974473578579e+03 4.550529286950657479e+03
4.446055107939526907e-02 1.522847508791538166e+04 7.116169889366495227e+03 4.080414812788326799e+03
4.957470132945773766e-02 1.378320614971392024e+04 6.456693265531523139e+03 3.704605695971711157e+03
5.527711538069327024e-02 1.266872843789499348e+04 5.955207826247340563e+03 3.420036033132456851e+03
6.163545927395905344e-02 1.171660634649673557e+04 5.533088860458718955e+03 3.181626590313705492e+03
6.872518245115814828e-02 1.067826316991109343e+04 5.068316327459777312e+03 2.918193518263769874e+03
7.663041305413779980e-02 9.360633986614131572e+03 4.458636991748571745e+03 2.568588813073426991e+03
8.544495620686157200e-02 7.829229681438884654e+03 3.726790760637872609e+03 2.144131211072298356e+03
9.527340712667957401e-02 6.423452103267128223e+03 3.043447255417095676e+03 1.745189804322854570e+03
1.062323922731101822e-01 5.445888681517577425e+03 2.579337138932158268e+03 1.476169198733428857e+03
1.184519532618636822e-01 4.835875879824040567e+03 2.318914845805947152e+03 1.331445442036890654e+03
1.320770899659224340e-01 4.233973042737754440e+03 2.057532256833076644e+03 1.185437489567358398e+03
1.472694811144383831e-01 3.490871295738482331e+03 1.684833167534430913e+03 9.643722235689421041e+02
1.642094028064348954e-01 2.871369170722847230e+03 1.371164122096236269e+03 7.772377856981261175e+02
1.830978677048002712e-01 2.456036162563404105e+03 1.196149438019070885e+03 6.823023840962516715e+02
2.041590102946942431e-01 2.056280483955894397e+03 1.008971772091427169e+03 5.748856222746010189e+02
2.276427465103479653e-01 1.695639567758296607e+03 8.250941624966789050e+02 4.640073610332025851e+02
2.538277392899435103e-01 1.414100515040116079e+03 7.014087320351225117e+02 3.972090635793582578e+02
2.830247052484705095e-01 1.166034929833151637e+03 5.792613393223845151e+02 3.248629725589386226e+02
3.155801017062329072e-01 9.603516337180068376e+02 4.838157966620333355e+02 2.718923797758573073e+02
3.518802378240603601e-01 7.867892051761565426e+02 4.005214766442973087e+02 2.239577212831084125e+02
3.923558586288135031e-01 6.416702650461695612e+02 3.320362874346030253e+02 1.859480332074846558e+02
4.374872563241952172e-01 5.204032467787511678e+02 2.741787278991341736e+02 1.535823801678333211e+02
4.878099695387512202e-01 4.193823186032308854e+02 2.257270127908958557e+02 1.267132336689471401e+02
5.439211381395319123e-01 3.355577936935534353e+02 1.852092724247972342e+02 1.044659625715519411e+02
6.064865890189676811e-01 2.663637346348065762e+02 1.513273925452802189e+02 8.598847483306255413e+01
6.762487369363893164e-01 2.096036088405448936e+02 1.230126047512739831e+02 7.063078215155887563e+01
7.540353941672404137e-01 1.634203728956545945e+02 9.939455825105829945e+01 5.787049126304464153e+01
8.407695934971151086e-01 1.262003941209176361e+02 7.974671022307300916e+01 4.726192641794246896e+01
9.374805411223435803e-01 9.652529014534491125e+01 6.346432672117897766e+01 3.843905034482372685e+01
1.045315829426528564e+00 7.314572909022473368e+01 5.005102925694225036e+01 3.110685276741829597e+01
1.165555054552403824e+00 5.495041527829490491e+01 3.908698039021397364e+01 2.502073600087205563e+01
1.299625000357985227e+00 4.095930820252858950e+01 3.021286014609347603e+01 1.998128302128195344e+01
1.449116568932995452e+00 3.032150875481991648e+01 2.311409927776233886e+01 1.582670516812160422e+01
1.615803658576671964e+00 2.231273229021854121e+01 1.750704997255531126e+01 1.242095612989389153e+01
1.801664213246928048e+00 1.633484898151674258e+01 1.313716087977040736e+01 9.651564015056846912e+00
2.008903693258128342e+00 1.190479549514760826e+01 9.775772458582441260e+00 7.422204957312032114e+00
2.239981245735629400e+00 8.641723791542387900e+00 7.221707573354406939e+00 5.648644406161952958e+00
2.497638885371206374e+00 6.250229501790160569e+00 5.301954789631694531e+00 4.256032383665941943e+00
2.784934031744384253e+00 4.504771390046863111e+00 3.872123675053367631e+00 3.177131630710244625e+00
3.105275789304232426e+00 3.235366774988663874e+00 2.815217854258957431e+00 2.352169135099344999e+00
3.462465400517639402e+00 2.315024447975715827e+00 2.038699066471446830e+00 1.728935221016846935e+00
3.860741352209485999e+00 1.649739899478414706e+00 1.471064755169893656e+00 1.263110190693307322e+00
4.304829670336041580e+00 1.170202965105872517e+00 1.057825193100811800e+00 9.180467992144420997e-01
4.799999999999999822e+00 0.000000000000000000e+00 7.580079085002089379e-01 6.642927670100150506e-01
