1.000000000230258569e-04 4.896895587673690216e+02 2.313181981493031003e+02 1.319294493539534869e+02
1.115026695290953366e-04 5.453103716606043463e+02 2.575665880122745079e+02 1.468964129703684875e+02
1.243284530925187648e-04 6.143358333512270519e+02 2.901452764818563423e+02 1.654709912698327514e+02
1.386295441504667143e-04 6.945825134515338277e+02 3.280160847067364784e+02 1.870635356867049950e+02
1.545756424481938766e-04 7.790652053671349222e+02 3.678739275383636027e+02 2.097863542225784670e+02
1.723559677317991945e-04 8.634640800423879909e+02 4.076624118664248613e+02 2.324639289614301561e+02
1.921815050694108094e-04 9.557725208420588388e+02 4.511601520707268378e+02 2.572515720404728654e+02
2.142875084442451923e-04 1.070122054977879770e+03 5.050511684167543081e+02 2.879629037623225258e+02
2.389362923277018713e-04 1.202075414402811475e+03 5.672378820714712901e+02 3.234001114307249054e+02
2.664203443578849946e-04 1.335432360517085044e+03 6.300496411063394362e+02 3.591859292359271763e+02
2.970657960592480913e-04 1.487106394382606140e+03 7.014869925116910281e+02 3.998829443108352848e+02
3.312362927876497001e-04 1.667020225587654295e+03 7.862611852943805388e+02 4.481837220989423827e+02
3.693373088223966556e-04 1.851303662102910039e+03 8.730857649516020729e+02 4.976486818011968012e+02
4.118209588090659132e-04 2.071338483843297126e+03 9.768307030548110106e+02 5.567670008680556748e+02
4.591913626466918256e-04 2.302720634379071726e+03 1.085975518902438580e+03 6.189719879913807290e+02
5.120106274801957584e-04 2.572919010626792897e+03 1.213542540881753666e+03 6.917012035927895113e+02
5.709055177816341068e-04 2.861001110685248477e+03 1.349659878880666611e+03 7.693309008386938785e+02
6.365748926688486646e-04 3.184397729607152087e+03 1.502609741436138620e+03 8.565978169651419876e+02
7.097979987143026312e-04 3.546937340905386009e+03 1.674213159626385959e+03 9.545468745930629666e+02
7.914437166483044659e-04 3.945984127613441615e+03 1.863234219943412427e+03 1.062479105476980067e+03
8.824808716799498404e-04 4.385074956308279070e+03 2.071353307102461713e+03 1.181357173848130515e+03
9.839897297802024153e-04 4.867691039237310179e+03 2.300209750888192957e+03 1.312115473308292849e+03
1.097174816344422205e-03 5.398927637093828707e+03 2.552193147700894315e+03 1.456112066061956057e+03
1.223379209343287413e-03 5.990036606124132049e+03 2.832623240872228052e+03 1.616382817790185527e+03
1.364100476567608111e-03 6.628950431797250531e+03 3.135766220664485900e+03 1.789651065190286772e+03
1.521008446081769522e-03 7.335277424747203440e+03 3.470900442774817748e+03 1.981214326870562218e+03
1.695965020753673102e-03 8.102564479745795325e+03 3.834948669579231591e+03 2.189311987684938231e+03
1.891046271984591709e-03 8.933440740170273784e+03 4.229158537767815687e+03 2.414658984793595209e+03
2.108567074807741158e-03 9.833303368026243334e+03 4.656093430096812881e+03 2.658722292634976839e+03
2.351108576680822643e-03 1.080319663055936144e+04 5.116267954568636014e+03 2.921802320350499485e+03
2.621548825923003187e-03 1.184260833874363561e+04 5.609456889069146200e+03 3.203775766276279228e+03
2.923096923239734257e-03 1.294959037013883972e+04 6.134771131292298378e+03 3.504144039524134769e+03
3.259331101584665453e-03 1.412174306471096861e+04 6.691103772795586337e+03 3.822286510609209017e+03
3.634241186222156913e-03 1.535379107078699053e+04 7.275992080565810284e+03 4.156816922212635291e+03
4.052275938830490927e-03 1.664036497071582562e+04 7.886954302151254524e+03 4.506347866419182537e+03
4.518395847440812539e-03 1.796962023379393213e+04 8.518374875035986406e+03 4.867664006511636217e+03
5.038131988628217865e-03 1.933049628031727116e+04 9.165146076612489196e+03 5.237883903416421163e+03
5.617651660426248826e-03 2.070183765319167287e+04 9.817242606337462348e+03 5.611269856056964272e+03
6.263831564778516575e-03 2.206250099764033075e+04 1.046470651446876582e+04 5.982157275676834615e+03
6.984339407925946493e-03 2.339152155969814339e+04 1.109769907438843256e+04 6.344952497096463958e+03
7.787724887016851671e-03 2.465876118102764303e+04 1.170202981594114135e+04 6.691591080025923475e+03
8.683521142606049834e-03 2.582777044694534561e+04 1.226045261160713198e+04 7.012203626463409819e+03
9.682357880899711625e-03 2.685922104868388851e+04 1.275438328781445853e+04 7.296155817434523669e+03
1.079608750807801998e-02 2.770849408790866801e+04 1.316274261121128075e+04 7.531397693374313349e+03
1.203792577343234388e-02 2.832722868809452848e+04 1.346263451689952490e+04 7.704847807360011757e+03
1.342260859021738965e-02 2.866500229077237600e+04 1.362997836857152470e+04 7.802677684016640342e+03
1.496656689508787767e-02 2.867145553344778091e+04 1.364072085074780080e+04 7.811028802346742850e+03
1.668812162103823840e-02 2.830096115630172426e+04 1.347306423022985473e+04 7.717410788495303677e+03
1.860770109743517184e-02 2.751934042643083740e+04 1.311028723761504261e+04 7.512144599880316491e+03
2.074808345685756270e-02 2.631451934968876230e+04 1.254602740911505862e+04 7.191357704406318589e+03
2.313466692519383291e-02 2.470683970180889810e+04 1.178936040971787588e+04 6.760117616250111496e+03
2.579577120231610690e-02 2.275778018339513073e+04 1.086872184539616319e+04 6.234529085102347381e+03
2.876297350957714855e-02 2.057486509981004565e+04 9.834582573980484085e+03 5.643326462201303912e+03
3.207148329174031032e-02 1.831002359433226957e+04 8.758885422208748423e+03 5.027645921123972585e+03
3.576056001963404812e-02 1.613919355504595296e+04 7.725684320979202312e+03 4.435717095797329421e+03
3.987397905126498221e-02 1.422999810619158598e+04 6.815972222745946965e+03 3.914222057280636363e+03
4.446055107939526907e-02 1.270034656534922397e+04 6.087953685525563742e+03 3.496984617991337473e+03
4.957470132945773766e-02 1.157195377244180236e+04 5.554261889463743501e+03 3.191758677052216171e+03
5.527711538069327024e-02 1.073920777473846829e+04 5.165641461448263726e+03 2.970558247554347872e+03
6.163545927395905344e-02 9.977175667495121161e+03 4.812553796935473656e+03 2.770066830913820468e+03
6.872518245115814828e-02 8.980479360075705699e+03 4.340823490125428179e+03 2.499954612555169660e+03
7.663041305413779980e-02 7.650554575161309913e+03 3.694439358424113379e+03 2.126030497933399602e+03
8.544495620686157200e-02 6.211839224650869255e+03 2.981572071309218700e+03 1.710525870086446503e+03
9.527340712667957401e-02 5.073127401076072601e+03 2.415798606705838665e+03 1.380211938638408583e+03
1.062323922731101822e-01 4.418458899465518698e+03 2.105942623866304984e+03 1.202575829097057294e+03
1.184519532618636822e-01 3.998022883646139690e+03 1.926064526708055610e+03 1.103981116893044145e+03
1.320770899659224340e-01 3.423266986060876206e+03 1.650530613367065826e+03 9.450339874724307947e+02
1.472694811144383831e-01 2.757475428555941562e+03 1.303805604653275623e+03 7.378802769494866425e+02
1.642094028064348954e-01 2.314538107858340027e+03 1.089178998370455474e+03 6.134117268821532889e+02
1.830978677048002712e-01 2.002357267975239665e+03 9.579246526714306356e+02 5.429608409178481452e+02
2.041590102946942431e-01 1.652399601480534329e+03 7.800827722076467126e+02 4.368846361066231339e+02
2.276427465103479653e-01 1.375824324069790919e+03 6.481287336077951977e+02 3.607380042200575758e+02
2.538277392899435103e-01 1.149004831271081002e+03 5.463377732499534432e+02 3.042855963124626442e+02
2.830247052484705095e-01 9.477151957137901945e+02 4.496294654996129907e+02 2.476795520092845493e+02
3.155801017062329072e-01 7.808576461117326062e+02 3.748674117245463435e+02 2.063757974378531230e+02
3.518802378240603601e-01 6.382939086392073023e+02 3.098799105802069676e+02 1.696145107383496793e+02
3.923558586288135031e-01 5.178443693568248136e+02 2.560193568689375638e+02 1.397449036176938932e+02
4.374872563241952172e-01 4.162085255091071190e+02 2.110952622859551582e+02 1.151758669816772027e+02
4.878099695387512202e-01 3.307596926296489528e+02 1.734237488687946609e+02 9.473649028633157343e+01
5.439211381395319123e-01 2.594023853382805669e+02 1.418960916309805498e+02 7.784793042827463694e+01
6.064865890189676811e-01 2.003904221974821098e+02 1.155168440966609609e+02 6.390152350495828415e+01
6.762487369363893164e-01 1.522214639803866021e+02 9.344552714072548838e+01 5.237313849344749883e+01
7.540353941672404137e-01 1.135606368312862742e+02 7.499660510577339778e+01 4.283286792852899083e+01
8.407695934971151086e-01 8.315813431721083759e+01 5.961836383682238250e+01 3.493410482752089763e+01
9.374805411223435803e-01 5.980115283595215914e+01 4.685654537189896018e+01 2.838604922997360802e+01
1.045315829426528564e+00 4.229825742096026886e+01 3.634297692231724142e+01 2.295485886449830915e+01
1.165555054552403824e+00 2.950320255188604079e+01 2.777155842569825595e+01 1.845126697076508648e+01
1.299625000357985227e+00 2.036136684495539129e+01 2.087823764548843997e+01 1.471939030091755640e+01
1.449116568932995452e+00 1.395447232060888787e+01 1.542885697853535198e+01 1.163530289338069679e+01
1.615803658576671964e+00 9.529894290042848937e+00 1.120650409349745402e+01 9.098208434026799907e+00
1.801664213246928048e+00 6.504055184494537123e+00 8.006521054894957246e+00 7.025771857196953185e+00
2.008903693258128342e+00 4.445375133889130304e+00 5.636167649157838078e+00 5.350046662478899151e+00
2.239981245735629400e+00 3.046636794397882486e+00 3.918762886482374252e+00 4.012583338670092203e+00
2.497638885371206374e+00 2.094972559283027724e+00 2.699061789461064453e+00 2.962081426169368648e+00
2.784934031744384253e+00 1.445402238297029962e+00 1.847122476579409645e+00 2.152038571090033603e+00
3.105275789304232426e+00 1.000240914513016000e+00 1.259660522785898795e+00 1.539843067134677002e+00
3.462465400517639402e+00 6.937991845658388890e-01 8.580663308627030084e-01 1.086600763035752371e+00
3.860741352209485999e+00 4.819218701078866740e-01 5.848718922487952110e-01 7.576585629546955802e-01
4.304829670336041580e+00 3.348496371285203388e-01 3.993377792388208003e-01 5.232336347196945292e-01
4.799999999999999822e+00 0.000000000000000000e+00 2.732424915993868497e-01 3.587531662201752791e-01
