1.000000000230258569e-04 3.653666994390433160e+02 1.518409967355915171e+02 8.285044487295175486e+01
1.122634227564673579e-04 4.057691937982393711e+02 1.686504888478238513e+02 9.202540677227132448e+01
1.260307608609534901e-04 4.575960170060329801e+02 1.902116521595118570e+02 1.037925694908282708e+02
1.414864458359461712e-04 5.186682943765755454e+02 2.156176218968747662e+02 1.176614643189670062e+02
1.588375267953347550e-04 5.816377507176661084e+02 2.418291522088822489e+02 1.319699321621206707e+02
1.783164441611049004e-04 6.426178956507591238e+02 2.672375158614407269e+02 1.458447523749186985e+02
2.001841435067871621e-04 7.111614442250241837e+02 2.958093366835100824e+02 1.614504993224974214e+02
2.247335712646909519e-04 7.990652472786997578e+02 3.324475920152115691e+02 1.814617124282366376e+02
2.522935991264941354e-04 8.951405568607985970e+02 3.725118983147624476e+02 2.033499392497359395e+02
2.832334297096662638e-04 9.907507925347669016e+02 4.124198069334297543e+02 2.251607098322711238e+02
3.179675425093897337e-04 1.109444357883485509e+03 4.619530601148831579e+02 2.522328239655462312e+02
3.569612463934728852e-04 1.236704845690682760e+03 5.150786916372276210e+02 2.812749880865337673e+02
4.007369130231864672e-04 1.377666966552888880e+03 5.739186764075867586e+02 3.134465393120842123e+02
4.498809747048478080e-04 1.536960212727697353e+03 6.403872901016301284e+02 3.497907921984858604e+02
5.050517804175268938e-04 1.715497853486332133e+03 7.148409184083094488e+02 3.904998669178482942e+02
5.669884152586394726e-04 1.908094048705042951e+03 7.950966208765911460e+02 4.343787200361250029e+02
6.365206014554368984e-04 2.129227320060342208e+03 8.871486091140242252e+02 4.846955094688927375e+02
7.145798135793877959e-04 2.375687221799127201e+03 9.896356954857075152e+02 5.407015571001778653e+02
8.022117568662883325e-04 2.647992079249579092e+03 1.102747614887962527e+03 6.024943222186949470e+02
9.005903758055168549e-04 2.949424192944686183e+03 1.227834149272647437e+03 6.708050607480870440e+02
1.011033580661806338e-03 3.282704344316731294e+03 1.366022759935070553e+03 7.462449814832667698e+02
1.135020902606864940e-03 3.656705142248793891e+03 1.521020504394186673e+03 8.308371358518395482e+02
1.274213313974418031e-03 4.068228117589128033e+03 1.691513902282293202e+03 9.238654483256921139e+02
1.430475479156914512e-03 4.525230801005857757e+03 1.880826397961622888e+03 1.027145405363657119e+03
1.605900734223756829e-03 5.026019063779407588e+03 2.088283251410330195e+03 1.140314255433424478e+03
1.802839129895710598e-03 5.577444464879603402e+03 2.316763419206945400e+03 1.264951388113594248e+03
2.023928913547812410e-03 6.178564903364281236e+03 2.565861606814817605e+03 1.400834569575725027e+03
2.272131871983379750e-03 6.840979555451519445e+03 2.840468937150545571e+03 1.550654096981316798e+03
2.550773008441800313e-03 7.559634727190255035e+03 3.138449857031742795e+03 1.713237230468993175e+03
2.863585085365514225e-03 8.338285772463616013e+03 3.461378967351364736e+03 1.889446628967343713e+03
3.214758629634808552e-03 9.180916874889802784e+03 3.810958728167735899e+03 2.080222836153528988e+03
3.608998070155939632e-03 1.008646907676859701e+04 4.186768099580961461e+03 2.285341852519177792e+03
4.051584759838999447e-03 1.105335190982491440e+04 4.588115477709354309e+03 2.504420358501474311e+03
4.548447726227339283e-03 1.208012973787381452e+04 5.014534814125686353e+03 2.737241640559633197e+03
5.106243098575769836e-03 1.316091173170899856e+04 5.463500590329617808e+03 2.982376738076865877e+03
5.732443275407110572e-03 1.428868395298720134e+04 5.932264887870853272e+03 3.238389021537422195e+03
6.435437027063155117e-03 1.545318349843698161e+04 6.416604246917179807e+03 3.502972512826162074e+03
7.224641874254610074e-03 1.663893930963383173e+04 6.910183350462913040e+03 3.772685950986288844e+03
8.110630248067678127e-03 1.782874952960095106e+04 7.405971807210718907e+03 4.043708267343954958e+03
9.105271121505569346e-03 1.899865156518090225e+04 7.894162608269025441e+03 4.310714846267682333e+03
1.022188900990466699e-02 2.011958798118479535e+04 8.362840522838700053e+03 4.567224728251247143e+03
1.147544247024383408e-02 2.115723791075140252e+04 8.797923162474720812e+03 4.805573988888147142e+03
1.288272449057868002e-02 2.206990713047801546e+04 9.182275899503487381e+03 5.016437663883348250e+03
1.446258745407916733e-02 2.281271085597692945e+04 9.497431131132796509e+03 5.189762394978112752e+03
1.623619569135818438e-02 2.333299660362370560e+04 9.721611895540547266e+03 5.313669273852496190e+03
1.822730900435978393e-02 2.358141780682908575e+04 9.834346315538594354e+03 5.376972719184017478e+03
2.046260095998037737e-02 2.350727877270571480e+04 9.814466600675948939e+03 5.368096740358764691e+03
2.297201621738221775e-02 2.307475121120862605e+04 9.646726086850476349e+03 5.278647217176227969e+03
2.578917167586586637e-02 2.226623748667470863e+04 9.323197051090981404e+03 5.104169573307658538e+03
2.895180681720203528e-02 2.109822786175011061e+04 8.849890669583015551e+03 4.847805029261768141e+03
3.250228927534733192e-02 1.962927684065805806e+04 8.250144946334143242e+03 4.522115150794248621e+03
3.648818240631140908e-02 1.796358192463720479e+04 7.566447075125981428e+03 4.150156197756507026e+03
4.096288246151627566e-02 1.624355365325499588e+04 6.857806689267693400e+03 3.764123772165446098e+03
4.598633390041809155e-02 1.462171999167218019e+04 6.188553261475901309e+03 3.399309453707023749e+03
5.162583242493973962e-02 1.322002925972021330e+04 5.611630327038726136e+03 3.085025719143439346e+03
5.795692649341043640e-02 1.207982444643885356e+04 5.146975275357793180e+03 2.832654832044022896e+03
6.506442939097074885e-02 1.112383712486822151e+04 4.763458028293274765e+03 2.625375178092152964e+03
7.304355541444980393e-02 1.015306248576281178e+04 4.373338929262554302e+03 2.414355448284098657e+03
8.200119539239680844e-02 8.978918937568243564e+03 3.886638928867821960e+03 2.148263888127379232e+03
9.205734862752627812e-02 7.602329101593753876e+03 3.293858209195550899e+03 1.819915155018129781e+03
1.033467304443183715e-01 6.289783959778072131e+03 2.715106115868114102e+03 1.496518424368322030e+03
1.160205768769771578e-01 5.323781649090640713e+03 2.297382705099013492e+03 1.264244683062878721e+03
1.302486706739022226e-01 4.669885649448374352e+03 2.040559723958480390e+03 1.126394454720693602e+03
1.462216157596530064e-01 4.027303098271991075e+03 1.782702679719350954e+03 9.869450906111331960e+02
1.641533906237988560e-01 3.310955983771921638e+03 1.455388244224129267e+03 8.003099819693343306e+02
1.842842148426375448e-01 2.738210592502854979e+03 1.200645089954668265e+03 6.561286907192143190e+02
2.068837671345900298e-01 2.304081551357897297e+03 1.035105943330775972e+03 5.697227494398460976e+02
2.322547980593316352e-01 1.889323909270371132e+03 8.527236077198535895e+02 4.664267972735715944e+02
2.607371857574901086e-01 1.542056873589050156e+03 7.053680984955960867e+02 3.845895154405280323e+02
2.927124890628471365e-01 1.249500029190532359e+03 5.866994490789804786e+02 3.211221013801677486e+02
3.286090589819373742e-01 9.992204787885079895e+02 4.813937668181401364e+02 2.628693466965557946e+02
3.689077770159973624e-01 7.889486870714902125e+02 3.950909314431403914e+02 2.168594157462263752e+02
4.141484971975938345e-01 6.130154325501409858e+02 3.220815422343299019e+02 1.780088256666774100e+02
4.649372781414354283e-01 4.676440422231241314e+02 2.607011578137509105e+02 1.455700283633163394e+02
5.219545019921476570e-01 3.494364176947498777e+02 2.093557679525515027e+02 1.188386912922195364e+02
5.859639890329354506e-01 2.553180965837837846e+02 1.664278640088263614e+02 9.666572044319349288e+01
6.578232300572349756e-01 1.822807044800630649e+02 1.306817185264168870e+02 7.826509243616494871e+01
7.384948735793578356e-01 1.272587155327522197e+02 1.011228058139846553e+02 6.300926082516534876e+01
8.290596217703356530e-01 8.709666629827181339e+01 7.692921927814583682e+01 5.036583520244541745e+01
9.307307078768926045e-01 5.867282588541377919e+01 5.741042983455881910e+01 3.989798944068861886e+01
1.044870149067508081e+00 3.910279242291092316e+01 4.196194926400124103e+01 3.125940767667348297e+01
1.173006992433692330e+00 2.591497688226418816e+01 3.001675450056745831e+01 2.416830453159980152e+01
1.316857798575541416e+00 1.715720327114598120e+01 2.102752578933819194e+01 1.839908148495488405e+01
1.478349637175967013e+00 1.138429484158264415e+01 1.445378000938255347e+01 1.376283150518040976e+01
1.659645902619409696e+00 7.586594497895672973e+00 9.782117553535426779e+00 1.009976116224116716e+01
1.863175295489004624e+00 5.082627421355459418e+00 6.546264615298312606e+00 7.265041352758491833e+00
2.091664358187257822e+00 3.424064283562758604e+00 4.351690412521167950e+00 5.123942440989060820e+00
2.348174000537423645e+00 2.318871869104834893e+00 2.885607798448376560e+00 3.548468863772306303e+00
2.636140504673786467e+00 1.577630521673008435e+00 1.914969169258809334e+00 2.419247770083667870e+00
2.959421558534973240e+00 1.077354806923631614e+00 1.274762602559769809e+00 1.629494821258109294e+00
3.322347934639153344e+00 7.376757168841103773e-01 8.522551178128607852e-01 1.088501306056345763e+00
3.729781506445900785e+00 5.058928845830907850e-01 5.725558549164736499e-01 7.239041079456083327e-01
4.187180379509764627e+00 3.470287243943498967e-01 3.864397224071092207e-01 4.808248992704493019e-01
4.700672009942531204e+00 0.000000000000000000e+00 2.619087718456105107e-01 3.197750463124445774e-01
5.277135289701610610e+00 0.000000000000000000e+00 1.780831667251199790e-01 2.132662575840575392e-01
5.924292698344328478e+00 0.000000000000000000e+00 1.213508395562176989e-01 1.427496845580437657e-01
6.650813755741415534e+00 0.000000000000000000e+00 0.000000000000000000e+00 9.590574860660866507e-02
7.466431161634059954e+00 0.000000000000000000e+00 0.000000000000000000e+00 6.464603439051445910e-02
8.382071177875818790e+00 0.000000000000000000e+00 0.000000000000000000e+00 4.368309911170161625e-02
9.410000000000001918e+00 0.000000000000000000e+00 0.000000000000000000e+00 0.000000000000000000e+00
