1.000000000230258569e-04 3.851475904950606264e+02 1.737090731197955620e+02 1.016153782235061556e+02
1.122634227564673579e-04 4.294813630500671593e+02 1.934304178052645113e+02 1.130867864701589696e+02
1.260307608609534901e-04 4.858819631962213634e+02 2.185682300489422403e+02 1.277224705259573199e+02
1.414864458359461712e-04 5.512009786277981220e+02 2.476303143307948460e+02 1.446284292229555319e+02
1.588375267953347550e-04 6.178552260398909084e+02 2.770609337001003496e+02 1.616913294113762447e+02
1.783164441611049004e-04 6.841337662044936678e+02 3.059945644557123501e+02 1.783796739934315667e+02
2.001841435067871621e-04 7.622615142266243993e+02 3.399969777887909004e+02 1.979564438738116507e+02
2.247335712646909519e-04 8.617066702592245520e+02 3.834090735634859470e+02 2.229691132285325352e+02
2.522935991264941354e-04 9.677524685042818646e+02 4.294441125859769954e+02 2.493997174381966886e+02
2.832334297096662638e-04 1.078244051044242724e+03 4.770584744844758234e+02 2.766021692183112464e+02
3.179675425093897337e-04 1.216366932786411553e+03 5.370062818663221833e+02 3.109186955834004493e+02
3.569612463934728852e-04 1.359931769962483031e+03 5.992856354476557499e+02 3.464770192323130118e+02
4.007369130231864672e-04 1.525444231284172702e+03 6.716845446961422113e+02 3.878900436204847892e+02
4.498809747048478080e-04 1.702577134901762975e+03 7.499070959336510214e+02 4.327171447778346760e+02
5.050517804175268938e-04 1.903809682372552288e+03 8.400673647939936473e+02 4.846599299612199161e+02
5.669884152586394726e-04 2.112517064569873128e+03 9.351670192212004622e+02 5.397729638057764987e+02
6.365206014554368984e-04 2.339797964554686132e+03 1.040783323523987747e+03 6.015083570405504361e+02
7.145798135793877959e-04 2.584784853788958117e+03 1.156812057661189556e+03 6.699614608915595682e+02
8.022117568662883325e-04 2.843407474370990712e+03 1.281641641072397988e+03 7.443616898778680024e+02
9.005903758055168549e-04 3.115965946529026041e+03 1.415364511825259569e+03 8.248426137083331469e+02
1.011033580661806338e-03 3.406756853349176254e+03 1.559595226040571106e+03 9.123329420896599231e+02
1.135020902606864940e-03 3.720298981310438194e+03 1.715876652128302794e+03 1.007661842183628096e+03
1.274213313974418031e-03 4.048607207053878938e+03 1.880107309227758378e+03 1.108293949870064125e+03
1.430475479156914512e-03 4.408662559596496976e+03 2.059615683229952992e+03 1.218362055228156578e+03
1.605900734223756829e-03 4.798764009430188707e+03 2.253123107613495904e+03 1.336891807421369549e+03
1.802839129895710598e-03 5.220972084153354444e+03 2.461433760378898114e+03 1.464256684499072890e+03
2.023928913547812410e-03 5.684704240103804295e+03 2.688844708145865752e+03 1.602917852965288603e+03
2.272131871983379750e-03 6.184535961796519587e+03 2.932910120131698932e+03 1.751380649528322465e+03
2.550773008441800313e-03 6.728938436745521358e+03 3.197563614111019433e+03 1.911959015424367635e+03
2.863585085365514225e-03 7.315289941708397237e+03 3.481706737850295212e+03 2.084033827977853434e+03
3.214758629634808552e-03 7.944075047291296869e+03 3.785682125007118429e+03 2.267843382741946698e+03
3.608998070155939632e-03 8.610790140647568478e+03 4.107431044987120913e+03 2.462178087463648353e+03
4.051584759838999447e-03 9.316152122333303851e+03 4.447328913568775533e+03 2.667278715025141992e+03
4.548447726227339283e-03 1.005349011510810851e+04 4.802016804146901450e+03 2.881039442315130145e+03
5.106243098575769836e-03 1.081267075101933551e+04 5.167579315777004012e+03 3.101429341933469459e+03
5.732443275407110572e-03 1.158661200058468603e+04 5.539827333944505881e+03 3.325821195169285602e+03
6.435437027063155117e-03 1.236309488720781701e+04 5.913193627324987574e+03 3.550790854548599327e+03
7.224641874254610074e-03 1.312763774869134249e+04 6.280855310198297957e+03 3.772302645629806648e+03
8.110630248067678127e-03 1.386219992786698094e+04 6.634252715922143580e+03 3.985245600211642341e+03
9.105271121505569346e-03 1.454686315741648468e+04 6.963915423718467537e+03 4.183955439348412256e+03
1.022188900990466699e-02 1.515766096846100299e+04 7.258434453636774379e+03 4.361593864990127258e+03
1.147544247024383408e-02 1.566526602919017387e+04 7.503824818647278335e+03 4.509771235798544694e+03
1.288272449057868002e-02 1.603817729766102457e+04 7.685039092033227462e+03 4.619452567870598614e+03
1.446258745407916733e-02 1.624762386436067391e+04 7.788323863900207471e+03 4.682379317973159232e+03
1.623619569135818438e-02 1.626224904166741726e+04 7.798646217572852038e+03 4.689506004529214806e+03
1.822730900435978393e-02 1.605403888119577095e+04 7.702507716127190179e+03 4.632700293199118278e+03
2.046260095998037737e-02 1.560399843302069894e+04 7.490680132563464213e+03 4.506377975776163112e+03
2.297201621738221775e-02 1.490768220306471085e+04 7.160811776971449945e+03 4.309073396747926381e+03
2.578917167586586637e-02 1.398257985670986454e+04 6.720973895362258190e+03 4.045554572970996560e+03
2.895180681720203528e-02 1.287233275152461465e+04 6.191762038653102536e+03 3.728123866749651370e+03
3.250228927534733192e-02 1.165151039570305147e+04 5.608664271652176467e+03 3.378057533719207640e+03
3.648818240631140908e-02 1.041564117954308858e+04 5.017389528008437992e+03 3.022816284033001011e+03
4.096288246151627566e-02 9.267668883427528272e+03 4.467569581578166435e+03 2.692306012450342678e+03
4.598633390041809155e-02 8.290160138496730724e+03 3.999471845053128163e+03 2.410900133906617612e+03
5.162583242493973962e-02 7.514265606258932166e+03 3.628894510100162279e+03 2.188295108682826594e+03
5.795692649341043640e-02 6.896431947449733343e+03 3.335414448343994081e+03 2.012310336125395224e+03
6.506442939097074885e-02 6.304090216980961486e+03 3.054245039282460766e+03 1.843702229871959617e+03
7.304355541444980393e-02 5.588621445616967321e+03 2.710729401233072622e+03 1.636799108569164900e+03
8.200119539239680844e-02 4.714372134676839778e+03 2.284355622862830842e+03 1.378486293883986946e+03
9.205734862752627812e-02 3.841296692675080521e+03 1.853685741747366137e+03 1.116433156541951803e+03
1.033467304443183715e-01 3.195169351961828397e+03 1.535955347083587867e+03 9.232158850221643434e+02
1.160205768769771578e-01 2.807595288495121167e+03 1.352834410780291137e+03 8.134210044397666479e+02
1.302486706739022226e-01 2.460207677323502594e+03 1.190030779709808485e+03 7.160922435764082365e+02
1.462216157596530064e-01 2.010638242553884993e+03 9.644257226586257730e+02 5.776098461230112662e+02
1.641533906237988560e-01 1.634084442261011873e+03 7.743890138441043973e+02 4.606114336685259332e+02
1.842842148426375448e-01 1.399653988242495188e+03 6.676359613258433683e+02 3.976534625986625429e+02
2.068837671345900298e-01 1.157849203050848473e+03 5.490362528198576229e+02 3.253044540178835291e+02
2.322547980593316352e-01 9.487595274274175381e+02 4.451328332769202802e+02 2.614793237062801268e+02
2.607371857574901086e-01 7.889714149614995904e+02 3.718368814055264693e+02 2.182389673739970419e+02
2.927124890628471365e-01 6.452905377217794012e+02 3.016506296035013861e+02 1.752515723949258017e+02
3.286090589819373742e-01 5.292148667107680922e+02 2.482803429295766762e+02 1.437331156589311263e+02
3.689077770159973624e-01 4.309620726989182913e+02 2.026197981385134312e+02 1.164511066927602201e+02
4.141484971975938345e-01 3.490056291193628795e+02 1.652335352498098473e+02 9.437574322412180550e+01
4.649372781414354283e-01 2.806963713113431709e+02 1.346582446343594199e+02 7.655025937165994776e+01
5.219545019921476570e-01 2.237516930137574604e+02 1.094856264774726071e+02 6.200733553934082920e+01
5.859639890329354506e-01 1.764258880874874365e+02 8.877669151971822714e+01 5.017898220787476760e+01
6.578232300572349756e-01 1.373043894076236313e+02 7.174585860245375102e+01 4.057687700126490427e+01
7.384948735793578356e-01 1.052251523342829245e+02 5.773157816026226641e+01 3.278605783747655522e+01
8.290596217703356530e-01 7.924011024790047486e+01 4.619524831478471327e+01 2.645867710605788758e+01
9.307307078768926045e-01 5.852799217190479197e+01 3.669870134178283649e+01 2.131332223592230690e+01
1.044870149067508081e+00 4.235916592458483620e+01 2.889415844148882684e+01 1.712787284289285594e+01
1.173006992433692330e+00 3.003972896205914722e+01 2.250015494397397120e+01 1.371806975945422025e+01
1.316857798575541416e+00 2.090235101604600487e+01 1.729292658684839523e+01 1.093754911422641563e+01
1.478349637175967013e+00 1.430796689267245192e+01 1.309064522364181116e+01 8.669236479118671568e+00
1.659645902619409696e+00 9.669673660149006977e+00 9.742699667320550816e+00 6.819785209258650838e+00
1.863175295489004624e+00 6.478724826232071798e+00 7.119965553863028873e+00 5.315152618946227925e+00
2.091664358187257822e+00 4.320267175015472638e+00 5.106420257906319371e+00 4.096097450790056271e+00
2.348174000537423645e+00 2.877031433844670527e+00 3.595980404007390163e+00 3.115539222868473956e+00
2.636140504673786467e+00 1.917772104505689690e+00 2.489959789697852255e+00 2.334653190438283676e+00
2.959421558534973240e+00 1.281488610091329861e+00 1.699457853990734124e+00 1.721322538076247355e+00
3.322347934639153344e+00 8.588361538444724275e-01 1.146730700026655558e+00 1.247582261221092281e+00
3.729781506445900785e+00 5.772042031207137436e-01 7.674930191810943603e-01 8.887875546040641117e-01
4.187180379509764627e+00 3.887388012913139956e-01 5.110732443186101204e-01 6.227538911248079456e-01
4.700672009942531204e+00 2.620595356892040928e-01 3.394745439088114880e-01 4.297505730129290158e-01
5.277135289701610610e+00 1.765694334602620208e-01 2.253562440541627965e-01 2.926566951611250800e-01
5.924292698344328478e+00 0.000000000000000000e+00 1.496624424343038495e-01 1.971196511149508890e-01
6.650813755741415534e+00 0.000000000000000000e+00 9.946789157296606620e-02 1.316450387892359741e-01
7.466431161634059954e+00 0.000000000000000000e+00 6.612115256213597914e-02 8.735987844087879373e-02
8.382071177875818790e+00 0.000000000000000000e+00 0.000000000000000000e+00 5.771278529631709842e-02
9.410000000000001918e+00 0.000000000000000000e+00 0.000000000000000000e+00 3.799941381773171839e-02
