1.000000000230258569e-04 1.207761214677055364e+02 4.961870304709977120e+01 2.708598166359562853e+01
1.115026695290953366e-04 1.364257128935130936e+02 5.604925080511126367e+01 3.059781490647076652e+01
1.243284530925187648e-04 1.542108784239558190e+02 6.335574584562986900e+01 3.458728214813315560e+01
1.386295441504667143e-04 1.725317985118583692e+02 7.088631504497099911e+01 3.869780628933869338e+01
1.545756424481938766e-04 1.908942413461329579e+02 7.843214747580583435e+01 4.281736415218924208e+01
1.723559677317991945e-04 2.116867005880656336e+02 8.697674961860082021e+01 4.748195442285954471e+01
1.921815050694108094e-04 2.375634647914770312e+02 9.761254316635277917e+01 5.328928024530689100e+01
2.142875084442451923e-04 2.663935935951842566e+02 1.094647741077701966e+02 5.976080938517256413e+01
2.389362923277018713e-04 2.955428186454882962e+02 1.214479622993622030e+02 6.630278021966068991e+01
2.664203443578849946e-04 3.300459414733780932e+02 1.356329393178690452e+02 7.404718563486792959e+01
2.970657960592480913e-04 3.694736395247372798e+02 1.518483399573265444e+02 8.290148315944212243e+01
3.312362927876497001e-04 4.106288414460918830e+02 1.687689097997024987e+02 9.214066117200323447e+01
3.693373088223966556e-04 4.598689673282921717e+02 1.890223090956409919e+02 1.032005829160577832e+02
4.118209588090659132e-04 5.115372629563068472e+02 2.102674782878040673e+02 1.148010693353365781e+02
4.591913626466918256e-04 5.718919996753876376e+02 2.350938020266286230e+02 1.283595301519987402e+02
5.120106274801957584e-04 6.378841648444158636e+02 2.622292350442219799e+02 1.431781687340878193e+02
5.709055177816341068e-04 7.106498309724922819e+02 2.921477214866742429e+02 1.595169994100578208e+02
6.365748926688486646e-04 7.927314186792972350e+02 3.258985244786914564e+02 1.779501571592973903e+02
7.097979987143026312e-04 8.843140483063642705e+02 3.635504662000172402e+02 1.985141500867459285e+02
7.914437166483044659e-04 9.859572614333851561e+02 4.053296129711078493e+02 2.213321776494517223e+02
8.824808716799498404e-04 1.098990029172767890e+03 4.517804999665391392e+02 2.467011769616174490e+02
9.839897297802024153e-04 1.225559133689707778e+03 5.037964655434547581e+02 2.751107418481970512e+02
1.097174816344422205e-03 1.365243468278664750e+03 5.611973724747208507e+02 3.064613637862850055e+02
1.223379209343287413e-03 1.520528281193039902e+03 6.249946151518981878e+02 3.413033598862205622e+02
1.364100476567608111e-03 1.691940712146165424e+03 6.954115370560922429e+02 3.797594807678179336e+02
1.521008446081769522e-03 1.882332972002285942e+03 7.736341780880230772e+02 4.224795727780190759e+02
1.695965020753673102e-03 2.093207314632935777e+03 8.602855489505424202e+02 4.698046879267130294e+02
1.891046271984591709e-03 2.325406274905536065e+03 9.556985494319362715e+02 5.219153672384265974e+02
2.108567074807741158e-03 2.581238817222543275e+03 1.060836647007952251e+03 5.793400148473245963e+02
2.351108576680822643e-03 2.861945347536637200e+03 1.176203310221935226e+03 6.423529524079010571e+02
2.621548825923003187e-03 3.169113940416842979e+03 1.302423346423595149e+03 7.112905522032522185e+02
2.923096923239734257e-03 3.505215344517997892e+03 1.440604498097801070e+03 7.867743584796105552e+02
3.259331101584665453e-03 3.870770326888640739e+03 1.590903351833392662e+03 8.688804456007077306e+02
3.634241186222156913e-03 4.267296233105884312e+03 1.753989037360330030e+03 9.579827799138565751e+02
4.052275938830490927e-03 4.695169086154492106e+03 1.929984055064434415e+03 1.054143093093058042e+03
4.518395847440812539e-03 5.155006884859506499e+03 2.119223491548622860e+03 1.157558984798201891e+03
5.038131988628217865e-03 5.646461083147698446e+03 2.321545972189231179e+03 1.268139179617030550e+03
5.617651660426248826e-03 6.168501302441571170e+03 2.536565884780169199e+03 1.385680421675968319e+03
6.263831564778516575e-03 6.719053943516539221e+03 2.763471542075084926e+03 1.509746664264539504e+03
6.984339407925946493e-03 7.295154943652836664e+03 3.001094415067243517e+03 1.639709076005809948e+03
7.787724887016851671e-03 7.890701764097119849e+03 3.246987374188359809e+03 1.774239363941963120e+03
8.683521142606049834e-03 8.499592895664713069e+03 3.498713981065459848e+03 1.912019320629892945e+03
9.682357880899711625e-03 9.112094049754310618e+03 3.752361221875165938e+03 2.050922433220013318e+03
1.079608750807801998e-02 9.717939588046481731e+03 4.003816620590824186e+03 2.188719789299145759e+03
1.203792577343234388e-02 1.030254805964404113e+04 4.247207931137325431e+03 2.322220982479708255e+03
1.342260859021738965e-02 1.084822439464964918e+04 4.475388028008325819e+03 2.447532590811930731e+03
1.496656689508787767e-02 1.133507165878133856e+04 4.680316575745009686e+03 2.560274705459687993e+03
1.668812162103823840e-02 1.174025858470658750e+04 4.852744996402490870e+03 2.655409952497799168e+03
1.860770109743517184e-02 1.203892564048007443e+04 4.982557422313769166e+03 2.727418994186003147e+03
2.074808345685756270e-02 1.220618236581476413e+04 5.059553397551570924e+03 2.770713472638064559e+03
2.313466692519383291e-02 1.221981985066611924e+04 5.074580024227085232e+03 2.780275089701310662e+03
2.579577120231610690e-02 1.206444645534708252e+04 5.021184052852491732e+03 2.752557025654520658e+03
2.876297350957714855e-02 1.173573682374905547e+04 4.897324259322823309e+03 2.686385545993834057e+03
3.207148329174031032e-02 1.124555349344384376e+04 4.707545532288504546e+03 2.584180652751657362e+03
3.576056001963404812e-02 1.062476796626555188e+04 4.464247536041355488e+03 2.452674631272892384e+03
3.987397905126498221e-02 9.923370929349042854e+03 4.187859386226338756e+03 2.303004464575870315e+03
4.446055107939526907e-02 9.203063846243354419e+03 3.904050448405266252e+03 2.149235325144729359e+03
4.957470132945773766e-02 8.522921923061767302e+03 3.637943280963902453e+03 2.005211189978115272e+03
5.527711538069327024e-02 7.920427797050759182e+03 3.406212694146599461e+03 1.880214500843256246e+03
6.163545927395905344e-02 7.387318446230945483e+03 3.206307481947192628e+03 1.772965712181083063e+03
6.872518245115814828e-02 6.862440600740858827e+03 3.012034132937051709e+03 1.669001304988011952e+03
7.663041305413779980e-02 6.254998196582632772e+03 2.781663598257439389e+03 1.544890955624274511e+03
8.544495620686157200e-02 5.511552189258368344e+03 2.486572948650842591e+03 1.384031010735199970e+03
9.527340712667957401e-02 4.691264365017716045e+03 2.148401883275438649e+03 1.197828335933552353e+03
1.062323922731101822e-01 3.949366682596757983e+03 1.839444732874922238e+03 1.027023109216240300e+03
1.184519532618636822e-01 3.394665836501451849e+03 1.619815837398502026e+03 9.068741280116768166e+02
1.320770899659224340e-01 2.963681226784386581e+03 1.465121919922093184e+03 8.245125779013714009e+02
1.472694811144383831e-01 2.500450009242169926e+03 1.286451633136966620e+03 7.273842870510222838e+02
1.642094028064348954e-01 2.003554642009500185e+03 1.070168684898176252e+03 6.054958856163643759e+02
1.830978677048002712e-01 1.604141081559610029e+03 9.042185525691262455e+02 5.130024560099673181e+02
2.041590102946942431e-01 1.286678833087858493e+03 7.907251420352675950e+02 4.533873210307778550e+02
2.276427465103479653e-01 9.772605977638335162e+02 6.598443823868084337e+02 3.800386527868245707e+02
2.538277392899435103e-01 7.145127459121407583e+02 5.491964631893785054e+02 3.183394516409534845e+02
2.830247052484705095e-01 4.951532010625049338e+02 4.628474134489776475e+02 2.726787637566448552e+02
3.155801017062329072e-01 3.087217663814850539e+02 3.793228263408076941e+02 2.258837839331344242e+02
3.518802378240603601e-01 1.583538749402523251e+02 3.125313606710931253e+02 1.906455414336790852e+02
3.923558586288135031e-01 4.092719547417658532e+01 2.529274986794317215e+02 1.582220106116218119e+02
4.374872563241952172e-01 -4.495358124390347854e+01 2.027129619068099089e+02 1.316056566422598451e+02
4.878099695387512202e-01 -1.016912534783538007e+02 1.598495464228327876e+02 1.089925261499172677e+02
5.439211381395319123e-01 -1.325284440987170171e+02 1.234391607526662966e+02 8.975060418151875297e+01
6.064865890189676811e-01 -1.418954087070418097e+02 9.282287065705060058e+01 7.351893871897559052e+01
6.762487369363893164e-01 -1.352194726974497883e+02 6.737154999095302799e+01 5.982862060292269746e+01
7.540353941672404137e-01 -1.183843067136441078e+02 4.657659550934302217e+01 4.826945910196438660e+01
8.407695934971151086e-01 -9.690425601899310948e+01 3.001163287539700164e+01 3.853490097935239334e+01
9.374805411223435803e-01 -7.513062113062279934e+01 1.727794284172156836e+01 3.035828312663061368e+01
1.045315829426528564e+00 -5.581468777653196867e+01 7.965238728354616882e+00 2.352207404574386373e+01
1.165555054552403824e+00 -4.016552717352218593e+01 1.617756299027703015e+00 1.784830042052892551e+01
1.299625000357985227e+00 -2.827241769567839569e+01 -2.279403167785803763e+00 1.319465007242789767e+01
1.449116568932995452e+00 -1.962548128680317205e+01 -4.283822889967847658e+00 9.442303035886229878e+00
1.615803658576671964e+00 -1.351898110410069620e+01 -4.952294360054634303e+00 6.486232926557037537e+00
1.801664213246928048e+00 -9.283887745123598378e+00 -4.786278843870602984e+00 4.228097114103688270e+00
2.008903693258128342e+00 -6.376573750374876504e+00 -4.186448298309533023e+00 2.569501469698520335e+00
2.239981245735629400e+00 -4.389706331093260694e+00 -3.432954002292291307e+00 1.409464137138740192e+00
2.497638885371206374e+00 -3.033089377001370046e+00 -2.693581394033969012e+00 6.457703294487368018e-01
2.784934031744384253e+00 -2.105057731275875366e+00 -2.049855401879435490e+00 1.800555441443691951e-01
3.105275789304232426e+00 -1.467819559826950560e+00 -1.527560772140208023e+00 -7.582950042935905632e-02
3.462465400517639402e+00 -1.028248921204407251e+00 -1.122425813510137038e+00 -1.945795363701924852e-01
3.860741352209485999e+00 -7.233457848874490503e-01 -8.172051380104865537e-01 -2.311178943195496549e-01
4.304829670336041580e+00 -5.106879889054461996e-01 -5.915788707089069121e-01 -2.234542133212393811e-01
4.799999999999999822e+00 0.000000000000000000e+00 -4.268123939561413449e-01 -1.956773018948318177e-01
