1.000000000230258569e-04 1.623069946691485086e+02 6.611345012226549045e+01 3.595360101209772807e+01
1.115026695290953366e-04 1.824505729594837078e+02 7.432419198149267459e+01 4.042134252404689931e+01
1.243284530925187648e-04 2.061160866777734668e+02 8.397322241817417421e+01 4.566899077554464981e+01
1.386295441504667143e-04 2.311700645817255406e+02 9.419247678323874595e+01 5.122684211595827009e+01
1.545756424481938766e-04 2.559011543655201706e+02 1.042872518626343634e+02 5.671791797412791425e+01
1.723559677317991945e-04 2.823135886894406781e+02 1.150745390691588312e+02 6.258514439976170252e+01
1.921815050694108094e-04 3.149819977176051680e+02 1.284169305497364348e+02 6.984312726577475416e+01
2.142875084442451923e-04 3.534520578526120858e+02 1.441371945360604343e+02 7.839493650948232073e+01
2.389362923277018713e-04 3.922472492582408563e+02 1.600028979071506967e+02 8.702640319365836774e+01
2.664203443578849946e-04 4.351861883550065500e+02 1.775713033530331586e+02 9.658372416232741386e+01
2.970657960592480913e-04 4.872259275553420821e+02 1.988687265737182770e+02 1.081725822058360791e+02
3.312362927876497001e-04 5.402767821627797957e+02 2.205941308958319667e+02 1.199934820993374274e+02
3.693373088223966556e-04 6.030360098217921632e+02 2.462944299676922242e+02 1.339789608954096707e+02
4.118209588090659132e-04 6.699693230036580189e+02 2.737102954997340589e+02 1.488985230211212354e+02
4.591913626466918256e-04 7.476147164652113588e+02 3.055042778077714161e+02 1.662019040904062024e+02
5.120106274801957584e-04 8.303919185586585172e+02 3.393844996699664307e+02 1.846396771684496230e+02
5.709055177816341068e-04 9.249375249878580689e+02 3.780618641846193100e+02 2.056903411549889711e+02
6.365748926688486646e-04 1.030691056959121852e+03 4.212897885314798714e+02 2.292176991440686038e+02
7.097979987143026312e-04 1.147412203304438208e+03 4.689539245402233405e+02 2.551575134997258658e+02
7.914437166483044659e-04 1.276964949399329953e+03 5.218077428468631069e+02 2.839208958942688241e+02
8.824808716799498404e-04 1.420718286602597800e+03 5.804041387862541796e+02 3.158077241456600746e+02
9.839897297802024153e-04 1.579581992081425369e+03 6.450986008402828702e+02 3.510093567507157104e+02
1.097174816344422205e-03 1.757448330479669494e+03 7.174888519635319426e+02 3.903962057472266451e+02
1.223379209343287413e-03 1.953983315595532986e+03 7.974498160109685614e+02 4.339020355786967684e+02
1.364100476567608111e-03 2.172259393235493462e+03 8.862271869539613363e+02 4.822015164162921792e+02
1.521008446081769522e-03 2.412506361752366047e+03 9.839164433399874952e+02 5.353460475351739660e+02
1.695965020753673102e-03 2.677822444913684194e+03 1.091805249640996863e+03 5.940402657641460564e+02
1.891046271984591709e-03 2.968974513388752257e+03 1.210178650324691034e+03 6.584338189796042116e+02
2.108567074807741158e-03 3.290516447028644507e+03 1.340974739472414285e+03 7.295947834579253595e+02
2.351108576680822643e-03 3.641839916536742294e+03 1.483889118940658818e+03 8.073481659984907992e+02
2.621548825923003187e-03 4.025407702228058042e+03 1.639932930329552846e+03 8.922450019970480071e+02
2.923096923239734257e-03 4.443517819747980866e+03 1.810120268350120114e+03 9.848504916276549466e+02
3.259331101584665453e-03 4.896686220154770126e+03 1.994592745301851210e+03 1.085230032181413435e+03
3.634241186222156913e-03 5.385797905290740346e+03 2.193749075527544846e+03 1.193607704063627580e+03
4.052275938830490927e-03 5.911283142090556794e+03 2.407812753639743278e+03 1.310113944505334075e+03
4.518395847440812539e-03 6.472537400014691229e+03 2.636550680332251432e+03 1.434624447142795589e+03
5.038131988628217865e-03 7.068157165515769520e+03 2.879429896762178032e+03 1.566856145208434327e+03
5.617651660426248826e-03 7.695851719695629981e+03 3.135544096158010234e+03 1.706320855673574442e+03
6.263831564778516575e-03 8.351979069416236598e+03 3.403468957360415061e+03 1.852255064309845466e+03
6.984339407925946493e-03 9.031302055050906347e+03 3.681141206472805152e+03 2.003547275428029025e+03
7.787724887016851671e-03 9.727082078514918976e+03 3.965902625422706024e+03 2.158763826003366376e+03
8.683521142606049834e-03 1.043065216047294962e+04 4.254324347842357383e+03 2.316056162896871683e+03
9.682357880899711625e-03 1.113101507611721536e+04 4.542055767459227354e+03 2.473074858493940610e+03
1.079608750807801998e-02 1.181584490685848505e+04 4.824224740489695250e+03 2.627190903923951737e+03
1.203792577343234388e-02 1.246362762315339933e+04 5.092232334502266895e+03 2.773746865954021814e+03
1.342260859021738965e-02 1.305451424306008994e+04 5.338169430746267608e+03 2.908458949187799590e+03
1.496656689508787767e-02 1.356743989915914426e+04 5.553652550939945286e+03 3.026790072868056996e+03
1.668812162103823840e-02 1.397869538225638462e+04 5.729196037737144252e+03 3.123595002518761248e+03
1.860770109743517184e-02 1.426075077831466297e+04 5.853715875040897117e+03 3.192851307263777016e+03
2.074808345685756270e-02 1.438808616468773471e+04 5.916898841948558584e+03 3.228941325501630672e+03
2.313466692519383291e-02 1.433984704428561599e+04 5.910222880898389121e+03 3.227212999731522359e+03
2.579577120231610690e-02 1.410269527022539296e+04 5.828089674411304259e+03 3.184576954927418683e+03
2.876297350957714855e-02 1.367653974861811184e+04 5.670152998080250654e+03 3.100764627652396939e+03
3.207148329174031032e-02 1.307919434569415898e+04 5.443313376426159266e+03 2.979471070795866581e+03
3.576056001963404812e-02 1.234707574513021973e+04 5.162047268848663407e+03 2.828512605259536940e+03
3.987397905126498221e-02 1.153483044278928537e+04 4.848513056159799817e+03 2.659918568751191287e+03
4.446055107939526907e-02 1.070642200256593060e+04 4.529156059842953255e+03 2.488127198676190346e+03
4.957470132945773766e-02 9.918884459079499720e+03 4.228210251867353691e+03 2.326472227636464140e+03
5.527711538069327024e-02 9.203280467965174466e+03 3.959665615054927457e+03 2.182746230908975122e+03
6.163545927395905344e-02 8.539579216195101253e+03 3.715821291953847322e+03 2.052818194998822946e+03
6.872518245115814828e-02 7.859676118018853231e+03 3.466819083777575088e+03 1.920127836310375642e+03
7.663041305413779980e-02 7.080690815436513731e+03 3.173018622184169544e+03 1.762248817502493921e+03
8.544495620686157200e-02 6.177111847057662999e+03 2.816885434169434120e+03 1.568587894723659019e+03
9.527340712667957401e-02 5.238371080969836839e+03 2.434307146698315137e+03 1.358571461484300471e+03
1.062323922731101822e-01 4.418726893659775669e+03 2.100263316356254563e+03 1.174840328790526428e+03
1.184519532618636822e-01 3.787491438942489822e+03 1.858433877306157001e+03 1.043691141934030156e+03
1.320770899659224340e-01 3.248915179919478305e+03 1.664709359419759949e+03 9.405402542994922896e+02
1.472694811144383831e-01 2.677678725346122064e+03 1.439353170204714161e+03 8.171893919106713611e+02
1.642094028064348954e-01 2.119824130574348146e+03 1.199333874799203613e+03 6.821806037423945099e+02
1.830978677048002712e-01 1.673992836012714406e+03 1.022455777541356383e+03 5.851138537547620899e+02
2.041590102946942431e-01 1.294006674548341607e+03 8.820052106408237478e+02 5.106138297012720386e+02
2.276427465103479653e-01 9.418267830965804706e+02 7.308209424664576090e+02 4.255692065151495171e+02
2.538277392899435103e-01 6.486290373100833904e+02 6.104606461567781253e+02 3.599675857128170264e+02
2.830247052484705095e-01 4.026722127068610462e+02 5.071859414757080913e+02 3.044272513539269198e+02
3.155801017062329072e-01 2.015665625629922602e+02 4.145465429446578582e+02 2.535628967909997016e+02
3.518802378240603601e-01 4.452120538809121086e+01 3.370437573352055551e+02 2.123198203608468191e+02
3.923558586288135031e-01 -7.084887249063824299e+01 2.698099420476833075e+02 1.763041305635816798e+02
4.374872563241952172e-01 -1.472906549337731974e+02 2.125203351748543525e+02 1.458463609634616773e+02
4.878099695387512202e-01 -1.889193218473818092e+02 1.639434767821424259e+02 1.201643587666515174e+02
5.439211381395319123e-01 -2.013821125482915591e+02 1.229857415305675801e+02 9.836359892745055333e+01
6.064865890189676811e-01 -1.917904982656153265e+02 8.888924021999545744e+01 7.992472557103079112e+01
6.762487369363893164e-01 -1.680239510577136741e+02 6.100510528601754601e+01 6.435268391528462928e+01
7.540353941672404137e-01 -1.376321579263926367e+02 3.877818833106240959e+01 5.122827962394611490e+01
8.407695934971151086e-01 -1.067042076436673170e+02 2.169338594129115805e+01 4.019884848643111042e+01
9.374805411223435803e-01 -7.917956185061267149e+01 9.219552958443614443e+00 3.097415487656656552e+01
1.045315829426528564e+00 -5.684477692816692240e+01 7.607231014921687073e-01 2.332308204897818271e+01
1.165555054552403824e+00 -3.987607431380649103e+01 -4.365103782475675764e+00 1.705613533217794853e+01
1.299625000357985227e+00 -2.756141221288012133e+01 -6.907167981502745135e+00 1.201557963260720996e+01
1.449116568932995452e+00 -1.889286251013548323e+01 -7.624732693662528149e+00 8.062714550028402982e+00
1.615803658576671964e+00 -1.290520374665501002e+01 -7.209597233253626669e+00 5.065259420618994035e+00
1.801664213246928048e+00 -8.813362278782703285e+00 -6.219494271959780995e+00 2.889540661706355262e+00
2.008903693258128342e+00 -6.031658450961351114e+00 -5.045822528260160311e+00 1.396341098442039241e+00
2.239981245735629400e+00 -4.142530011826067948e+00 -3.921690450552811402e+00 4.434615781196236672e-01
2.497638885371206374e+00 -2.857668609684463679e+00 -2.957468555945399924e+00 -1.070723450238852403e-01
2.784934031744384253e+00 -1.980928882075057462e+00 -2.184278267939292917e+00 -3.791968181982754427e-01
3.105275789304232426e+00 -1.379791073415240099e+00 -1.590695415641689259e+00 -4.748036285924477906e-01
3.462465400517639402e+00 -9.654647243682403790e-01 -1.147965524686627825e+00 -4.700828940540265344e-01
3.860741352209485999e+00 -6.782731944386558576e-01 -8.239255279743304961e-01 -4.167052092422409704e-01
4.304829670336041580e+00 -4.780659565846672732e-01 -5.895595493649075092e-01 -3.462923184539725696e-01
4.799999999999999822e+00 0.000000000000000000e+00 -4.212883689446082491e-01 -2.760659668223682806e-01
