1.000000000230258569e-04 3.504412339963436693e+02 1.565990568430498797e+02 8.896768148137491039e+01
1.115026695290953366e-04 3.918930146693457459e+02 1.750435898593777324e+02 9.943144317918604713e+01
1.243284530925187648e-04 4.421100733595212660e+02 1.973939329276965964e+02 1.121163259555925151e+02
1.386295441504667143e-04 4.972012205155781430e+02 2.218839883641375934e+02 1.260079237061733721e+02
1.545756424481938766e-04 5.520942067018937678e+02 2.462032189518240557e+02 1.397898307179533504e+02
1.723559677317991945e-04 6.080240687278268297e+02 2.708877489961188303e+02 1.537604510451073168e+02
1.921815050694108094e-04 6.750078489634696552e+02 3.004292096397901446e+02 1.704756343084457626e+02
2.142875084442451923e-04 7.576612256609103042e+02 3.368977695648984536e+02 1.911112749143016458e+02
2.389362923277018713e-04 8.443209513869454668e+02 3.750249649345698799e+02 2.126624241128579342e+02
2.664203443578849946e-04 9.341632579155060512e+02 4.144070125143775272e+02 2.348897954184254786e+02
2.970657960592480913e-04 1.045054014880256091e+03 4.630935935049173509e+02 2.623768432689156498e+02
3.312362927876497001e-04 1.162699303342695430e+03 5.146774713933376688e+02 2.914747588442447750e+02
3.693373088223966556e-04 1.292764232847182257e+03 5.717163147360575977e+02 3.236368904646190572e+02
4.118209588090659132e-04 1.440824486625499276e+03 6.368092007717098113e+02 3.603547581290754920e+02
4.591913626466918256e-04 1.601387893237536218e+03 7.075340976042485863e+02 4.002562730842140013e+02
5.120106274801957584e-04 1.778192796943113308e+03 7.857219789863149799e+02 4.444099061313227139e+02
5.709055177816341068e-04 1.978388410892751153e+03 8.747010846303293192e+02 4.947331048377022853e+02
6.365748926688486646e-04 2.193975076493180040e+03 9.709757264780776040e+02 5.492619461592014432e+02
7.097979987143026312e-04 2.429929230818052474e+03 1.076904095386234985e+03 6.093727188193258826e+02
7.914437166483044659e-04 2.690108634689376231e+03 1.194316422992441176e+03 6.761397670079702493e+02
8.824808716799498404e-04 2.976773012163343083e+03 1.324247953231687006e+03 7.501657412063640322e+02
9.839897297802024153e-04 3.292096500561396624e+03 1.467651987724562787e+03 8.320009299738994741e+02
1.097174816344422205e-03 3.634204751977024443e+03 1.623620979938123355e+03 9.211265260772109968e+02
1.223379209343287413e-03 4.011886878441691351e+03 1.796040149813181642e+03 1.019743693873742473e+03
1.364100476567608111e-03 4.424377870961138797e+03 1.984485077353336237e+03 1.127591968478460785e+03
1.521008446081769522e-03 4.879429357114419872e+03 2.192310235552843096e+03 1.246549596389661019e+03
1.695965020753673102e-03 5.375613669812477383e+03 2.418810202947153357e+03 1.376197753786718067e+03
1.891046271984591709e-03 5.917402128912450280e+03 2.665952925656576099e+03 1.517641228792257152e+03
2.108567074807741158e-03 6.510346101600572183e+03 2.936208124571628559e+03 1.672271986513217826e+03
2.351108576680822643e-03 7.152153977971190216e+03 3.228505378577836836e+03 1.839469134534075465e+03
2.621548825923003187e-03 7.845112836633058578e+03 3.543884979251185996e+03 2.019825725216432829e+03
2.923096923239734257e-03 8.590091451280211913e+03 3.882751863533519099e+03 2.213573803579916785e+03
3.259331101584665453e-03 9.387677072033033255e+03 4.245397318939255456e+03 2.420885013994039127e+03
3.634241186222156913e-03 1.023550721643694851e+04 4.630778805061155253e+03 2.641172008286494474e+03
4.052275938830490927e-03 1.112920092858969474e+04 5.036946305969844616e+03 2.873331402417990375e+03
4.518395847440812539e-03 1.206388823769251576e+04 5.461760476805538019e+03 3.116101778698733142e+03
5.038131988628217865e-03 1.303294073886652222e+04 5.902242188042139787e+03 3.367956917169342432e+03
5.617651660426248826e-03 1.402715787585689941e+04 6.354260106908091984e+03 3.626409427190119914e+03
6.263831564778516575e-03 1.503518815711731986e+04 6.812760749709752417e+03 3.888625423500860052e+03
6.984339407925946493e-03 1.604275154931860925e+04 7.271360402167720167e+03 4.150986751031248787e+03
7.787724887016851671e-03 1.703229983266032286e+04 7.722203263852391501e+03 4.409033968660635765e+03
8.683521142606049834e-03 1.798329343577554391e+04 8.156073004456501621e+03 4.657531340623330834e+03
9.682357880899711625e-03 1.887497281869997096e+04 8.563672208682994096e+03 4.891195010645824368e+03
1.079608750807801998e-02 1.966778103361806643e+04 8.927167956599525496e+03 5.099858372691376644e+03
1.203792577343234388e-02 2.033156780198245906e+04 9.232970289679580674e+03 5.275774014799618271e+03
1.342260859021738965e-02 2.082899743135699464e+04 9.464228411618281825e+03 5.409330757609530338e+03
1.496656689508787767e-02 2.112710798735695425e+04 9.606011671891097649e+03 5.491995330160804770e+03
1.668812162103823840e-02 2.118384500146887513e+04 9.639176113945130055e+03 5.512801302078067238e+03
1.860770109743517184e-02 2.096387527594390485e+04 9.547538028162382034e+03 5.462460192262364217e+03
2.074808345685756270e-02 2.044239447806974567e+04 9.319589912593015470e+03 5.334324622188735702e+03
2.313466692519383291e-02 1.960814569264009333e+04 8.949715716655095093e+03 5.125060928563495509e+03
2.579577120231610690e-02 1.847513889001546340e+04 8.443683582755153111e+03 4.837782791069043014e+03
2.876297350957714855e-02 1.708896921291034232e+04 7.821575305821825168e+03 4.483831643785832057e+03
3.207148329174031032e-02 1.552983562687594895e+04 7.119206236399617410e+03 4.083538673616159940e+03
3.576056001963404812e-02 1.390967869421851901e+04 6.387158328911660647e+03 3.665750639814476926e+03
3.987397905126498221e-02 1.235567742277793513e+04 5.683561299467268327e+03 3.263774817632928716e+03
4.446055107939526907e-02 1.098788559289921068e+04 5.064166407235392398e+03 2.909750327183284298e+03
4.957470132945773766e-02 9.884820291984766300e+03 4.566559479212583028e+03 2.625551834531605436e+03
5.527711538069327024e-02 9.053038914634207686e+03 4.195726519247471515e+03 2.414432244188916684e+03
6.163545927395905344e-02 8.391711716294475991e+03 3.906044701430497298e+03 2.250326406853295339e+03
6.872518245115814828e-02 7.720398776379215633e+03 3.611949748329137037e+03 2.083577577018713328e+03
7.663041305413779980e-02 6.857335434414880183e+03 3.222769300372403904e+03 1.860711295417766223e+03
8.544495620686157200e-02 5.778992248552401179e+03 2.720675464963409468e+03 1.570102645213430606e+03
9.527340712667957401e-02 4.700880284504387419e+03 2.208351311691785213e+03 1.271445811889160723e+03
1.062323922731101822e-01 3.903254939756148815e+03 1.832230519561792789e+03 1.052430436250807134e+03
1.184519532618636822e-01 3.438866853136428290e+03 1.631345631112056481e+03 9.386281134754186724e+02
1.320770899659224340e-01 3.061266032816471579e+03 1.478264826119643203e+03 8.540070841054360926e+02
1.472694811144383831e-01 2.543820042161733454e+03 1.234165054601543943e+03 7.111870779835645635e+02
1.642094028064348954e-01 2.039205068207687646e+03 9.820839086703464318e+02 5.604644977796428975e+02
1.830978677048002712e-01 1.719447721640509826e+03 8.454643680131418932e+02 4.835111943535213754e+02
2.041590102946942431e-01 1.442408794696911173e+03 7.312865944420564119e+02 4.203589592642512116e+02
2.276427465103479653e-01 1.155562552066188573e+03 5.891198817007709749e+02 3.344445387469801290e+02
2.538277392899435103e-01 9.391484192502895212e+02 4.986921964465371389e+02 2.844401106230773166e+02
2.830247052484705095e-01 7.470787722354328935e+02 4.132397571543535264e+02 2.351990388884009064e+02
3.155801017062329072e-01 5.841191261463999354e+02 3.416959837042448385e+02 1.944343232607803031e+02
3.518802378240603601e-01 4.466796321343709337e+02 2.819144803283641636e+02 1.607429671436535727e+02
3.923558586288135031e-01 3.315394500134441387e+02 2.319601536307843901e+02 1.330669219480625429e+02
4.374872563241952172e-01 2.362144849381550102e+02 1.894292386007842879e+02 1.093781339792061971e+02
4.878099695387512202e-01 1.589532158367883596e+02 1.539865883647015323e+02 9.008514741584205865e+01
5.439211381395319123e-01 9.801277960133057832e+01 1.242245101028627943e+02 7.406662147139005015e+01
6.064865890189676811e-01 5.182218464791274215e+01 9.923514330547712348e+01 6.074558404257453503e+01
6.762487369363893164e-01 1.873063348774228132e+01 7.831389111705682637e+01 4.969585347581232782e+01
7.540353941672404137e-01 -3.113416474760168029e+00 6.086087839853632175e+01 4.052447229066648049e+01
8.407695934971151086e-01 -1.579355912732723333e+01 4.639467050781277635e+01 3.291025766993676172e+01
9.374805411223435803e-01 -2.153597833291807007e+01 3.452361929679754127e+01 2.658630019426806967e+01
1.045315829426528564e+00 -2.252351474462076908e+01 2.492335818245260626e+01 2.133101068622737273e+01
1.165555054552403824e+00 -2.067915596859628380e+01 1.731839493965156862e+01 1.696759079311475205e+01
1.299625000357985227e+00 -1.750015796404263924e+01 1.145813361336526626e+01 1.335203339986361115e+01
1.449116568932995452e+00 -1.400000828146053777e+01 7.100827780533964351e+00 1.036827247798918350e+01
1.615803658576671964e+00 -1.075758886047512597e+01 4.003670712693783607e+00 7.923288886716417956e+00
1.801664213246928048e+00 -8.028655683667736298e+00 1.922616543004151302e+00 5.940027694704089534e+00
2.008903693258128342e+00 -5.867367768403223494e+00 6.207441544241630860e-01 4.354364471201869868e+00
2.239981245735629400e+00 -4.224288485914521551e+00 -1.186570583012584584e-01 3.110373476338693433e+00
2.497638885371206374e+00 -3.009612983229648098e+00 -4.794929962819470814e-01 2.157182119188921998e+00
2.784934031744384253e+00 -2.128913358947158052e+00 -6.056483460745731850e-01 1.447048879747023786e+00
3.105275789304232426e+00 -1.498861268522980073e+00 -6.005103724397713449e-01 9.347025931022021616e-01
3.462465400517639402e+00 -1.052053584174482248e+00 -5.322164447119505093e-01 5.779780256688572537e-01
3.860741352209485999e+00 -7.370190729442976929e-01 -4.417725622567727495e-01 3.390228131958802904e-01
4.304829670336041580e+00 -5.156246455667493622e-01 -3.513736761818806453e-01 1.855344350564559208e-01
4.799999999999999822e+00 0.000000000000000000e+00 -2.713187048616643171e-01 9.140830110763421834e-02
