1.000000000230258569e-04 7.310224570858661082e+02 3.529763999263370806e+02 2.068914979199270476e+02
1.115026695290953366e-04 8.168236659266540300e+02 3.941393160443208217e+02 2.309559328965771385e+02
1.243284530925187648e-04 9.222983113592397331e+02 4.447761564203213993e+02 2.605638140080908443e+02
1.386295441504667143e-04 1.042393863712851271e+03 5.023763894866049782e+02 2.942304678738306052e+02
1.545756424481938766e-04 1.166654733449561945e+03 5.617783996813855083e+02 3.288984542447562376e+02
1.723559677317991945e-04 1.292151521920382720e+03 6.214778834913473702e+02 3.636638041898767710e+02
1.921815050694108094e-04 1.435016465740960257e+03 6.892993340437672032e+02 4.031144139998494325e+02
2.142875084442451923e-04 1.612803231783012279e+03 7.737956375208131021e+02 4.522771598752929663e+02
2.389362923277018713e-04 1.810783354816920792e+03 8.677736609192730839e+02 5.069049281366127389e+02
2.664203443578849946e-04 2.012098231524051471e+03 9.629556961445659908e+02 5.620994931675869566e+02
2.970657960592480913e-04 2.250740546336921398e+03 1.075946946002247842e+03 6.276281149879147279e+02
3.312362927876497001e-04 2.522110726157572117e+03 1.204668418075403451e+03 7.022904082446402754e+02
3.693373088223966556e-04 2.805242145757525122e+03 1.338986780636928643e+03 7.801338394834077690e+02
4.118209588090659132e-04 3.141375254560549820e+03 1.499305304497905126e+03 8.732207224480980585e+02
4.591913626466918256e-04 3.491139630231495630e+03 1.666669164539518988e+03 9.704599472071437276e+02
5.120106274801957584e-04 3.894188447794331296e+03 1.860785507090505234e+03 1.083553633516642321e+03
5.709055177816341068e-04 4.328917339882952547e+03 2.071462984300951575e+03 1.206616221898389085e+03
6.365748926688486646e-04 4.799004724188434921e+03 2.300820918873855589e+03 1.341007932565225474e+03
7.097979987143026312e-04 5.319805540366122841e+03 2.556510484222494597e+03 1.491318526834189470e+03
7.914437166483044659e-04 5.889757913666673630e+03 2.837893062058442410e+03 1.657262444545704511e+03
8.824808716799498404e-04 6.510058876184007204e+03 3.145542410831030793e+03 1.839210147826645652e+03
9.839897297802024153e-04 7.187321385320725312e+03 3.482513091847250962e+03 2.038932503001323084e+03
1.097174816344422205e-03 7.933863912058272945e+03 3.854516715117441890e+03 2.259727045274821648e+03
1.223379209343287413e-03 8.742490605546958250e+03 4.257838341038398539e+03 2.499351628521961629e+03
1.364100476567608111e-03 9.629739571213785894e+03 4.700278123243393566e+03 2.762310671973585158e+03
1.521008446081769522e-03 1.059250614801650045e+04 5.180070791674680549e+03 3.047465123537476757e+03
1.695965020753673102e-03 1.164669244375514972e+04 5.704809182197685914e+03 3.359212953047454903e+03
1.891046271984591709e-03 1.279677615205103575e+04 6.276653288533069826e+03 3.698793511390943422e+03
2.108567074807741158e-03 1.403911018514585339e+04 6.893790853997436898e+03 4.065099326681899583e+03
2.351108576680822643e-03 1.538416380878934251e+04 7.561325925366782940e+03 4.461132452795670361e+03
2.621548825923003187e-03 1.682604016222773862e+04 8.276350071524220766e+03 4.885210796998891965e+03
2.923096923239734257e-03 1.836401065955045124e+04 9.038498407081551704e+03 5.337164085128161787e+03
3.259331101584665453e-03 2.000140315276968977e+04 9.849569623498919100e+03 5.818028151600643469e+03
3.634241186222156913e-03 2.172673696344864948e+04 1.070413663116692987e+04 6.324439019160991847e+03
4.052275938830490927e-03 2.353211137046662407e+04 1.159859045761017114e+04 6.854125628382991636e+03
4.518395847440812539e-03 2.540068350593678406e+04 1.252405363321725054e+04 7.402732066395896254e+03
5.038131988628217865e-03 2.731516361542482991e+04 1.347240747440555060e+04 7.964752478652711943e+03
5.617651660426248826e-03 2.925145234008616171e+04 1.443194038816578359e+04 8.533404198999847722e+03
6.263831564778516575e-03 3.117990628204348832e+04 1.538817389290470055e+04 9.100218250915579119e+03
6.984339407925946493e-03 3.306393526140062750e+04 1.632319832381392189e+04 9.654594973029103130e+03
7.787724887016851671e-03 3.485980077291410271e+04 1.721570191443154181e+04 1.018397884100665942e+04
8.683521142606049834e-03 3.651549656869384489e+04 1.804011960388856460e+04 1.067331499005937076e+04
9.682357880899711625e-03 3.797330659419090807e+04 1.876829928403090162e+04 1.110593691938044867e+04
1.079608750807801998e-02 3.916731956311338581e+04 1.936792209677287246e+04 1.146288030637608063e+04
1.203792577343234388e-02 4.002696104374985589e+04 1.980407969622733071e+04 1.172340152181325720e+04
1.342260859021738965e-02 4.047733711217868404e+04 2.004006231948967979e+04 1.186577495506569539e+04
1.496656689508787767e-02 4.044523242114191817e+04 2.003955089105750085e+04 1.186853901394064997e+04
1.668812162103823840e-02 3.986720735275226616e+04 1.977092377088951253e+04 1.171289066465355972e+04
1.860770109743517184e-02 3.869929793784407957e+04 1.921184406702857450e+04 1.138548369945153900e+04
2.074808345685756270e-02 3.693162510813621338e+04 1.835648577227396527e+04 1.088265515432086613e+04
2.313466692519383291e-02 3.459990424721129239e+04 1.722118283924930438e+04 1.021379662944134361e+04
2.579577120231610690e-02 3.180201220845686839e+04 1.585284361583035752e+04 9.406360386149086480e+03
2.876297350957714855e-02 2.870366757002621307e+04 1.433212699330641954e+04 8.507823752642942054e+03
3.207148329174031032e-02 2.552612332074530786e+04 1.276799495618867695e+04 7.582572673096651670e+03
3.576056001963404812e-02 2.251827761365420156e+04 1.128459735719465243e+04 6.704317386225783594e+03
3.987397905126498221e-02 1.990449539342788557e+04 9.995991312045734958e+03 5.941201693130159583e+03
4.446055107939526907e-02 1.782279411946217078e+04 8.975266063183171354e+03 5.337487595792312277e+03
4.957470132945773766e-02 1.626821377031970587e+04 8.224859765443048673e+03 4.895633622353068859e+03
5.527711538069327024e-02 1.504990239995593220e+04 7.651251719131697428e+03 4.560473176728139151e+03
6.163545927395905344e-02 1.383578129324390829e+04 7.082175505156361396e+03 4.228333480141914151e+03
6.872518245115814828e-02 1.225310268677638487e+04 6.311826849369749652e+03 3.772747376154823996e+03
7.663041305413779980e-02 1.027631040695347656e+04 5.310049547390910448e+03 3.171908351560879964e+03
8.544495620686157200e-02 8.302881189918263772e+03 4.284513987192919558e+03 2.551048668533353066e+03
9.527340712667957401e-02 6.832613564532767668e+03 3.528209733844802940e+03 2.094092053465724348e+03
1.062323922731101822e-01 5.949485243217704920e+03 3.118502490624615803e+03 1.855767014253815205e+03
1.184519532618636822e-01 5.239016554008012463e+03 2.816421400096213347e+03 1.686996100185354862e+03
1.320770899659224340e-01 4.331120701899129017e+03 2.358319880543162071e+03 1.410793177076289339e+03
1.472694811144383831e-01 3.447831882320958812e+03 1.878336599259575905e+03 1.111850250955179717e+03
1.642094028064348954e-01 2.844034266183083218e+03 1.597253942281051650e+03 9.486853983166500939e+02
1.830978677048002712e-01 2.332941903557283695e+03 1.373738940821697952e+03 8.241171920814510941e+02
2.041590102946942431e-01 1.835562684429462934e+03 1.113597696813850916e+03 6.623598532315093053e+02
2.276427465103479653e-01 1.437924245296904019e+03 9.293117244089166888e+02 5.569318023346925202e+02
2.538277392899435103e-01 1.096911465586578970e+03 7.676211957384890638e+02 4.631801247137913151e+02
2.830247052484705095e-01 8.092861256516843014e+02 6.282387452696259516e+02 3.818083170036566116e+02
3.155801017062329072e-01 5.713130227378615018e+02 5.125197057711171738e+02 3.160491064301835991e+02
3.518802378240603601e-01 3.776725654953173716e+02 4.144464878693308378e+02 2.606018185044363804e+02
3.923558586288135031e-01 2.247020776290532922e+02 3.316499419536780238e+02 2.140572431534878035e+02
4.374872563241952172e-01 1.087760186816727526e+02 2.621565690672177311e+02 1.755041941115708539e+02
4.878099695387512202e-01 2.603228970983523283e+01 2.038917259264794950e+02 1.432992454520831416e+02
5.439211381395319123e-01 -2.793943919982556778e+01 1.553504754746865046e+02 1.164148903518111098e+02
6.064865890189676811e-01 -5.824389313756383757e+01 1.152928895336453934e+02 9.397232229217823374e+01
6.762487369363893164e-01 -7.050633345214082226e+01 8.271330451534240069e+01 7.524447399079251397e+01
7.540353941672404137e-01 -7.039752714489912933e+01 5.675983117254978083e+01 5.963632593683644245e+01
8.407695934971151086e-01 -6.302906563912303994e+01 3.666674746298753718e+01 4.666232160742937651e+01
9.374805411223435803e-01 -5.244594040719916705e+01 2.169359156789241538e+01 3.593407429634081041e+01
1.045315829426528564e+00 -4.140090749661835190e+01 1.108107400351786609e+01 2.713447973097846599e+01
1.165555054552403824e+00 -3.144370204027626059e+01 4.040083434246117378e+00 2.000463592706012506e+01
1.299625000357985227e+00 -2.321650133335590382e+01 -2.274515789180195646e-01 1.432642254358117384e+01
1.449116568932995452e+00 -1.679606374105144795e+01 -2.480459578900600093e+00 9.906083329845793983e+00
1.615803658576671964e+00 -1.197653235609405264e+01 -3.385689735981341819e+00 6.563195032561798037e+00
1.801664213246928048e+00 -8.454800198237975906e+00 -3.477240761904983213e+00 4.122989863476712813e+00
2.008903693258128342e+00 -5.928204610870675850e+00 -3.143018620818510911e+00 2.415169757618526702e+00
2.239981245735629400e+00 -4.138323728389506684e+00 -2.636930645025095554e+00 1.277638378551692711e+00
2.497638885371206374e+00 -2.881001188625091913e+00 -2.107041348955478899e+00 5.632242184239740768e-01
2.784934031744384253e+00 -2.002316547996296769e+00 -1.627584328995789642e+00 1.461819229333588543e-01
3.105275789304232426e+00 -1.390157573392863721e+00 -1.227077364893384148e+00 -7.387304718567820616e-02
3.462465400517639402e+00 -9.642245463821412788e-01 -9.088118782377440086e-01 -1.716680394882574567e-01
3.860741352209485999e+00 0.000000000000000000e+00 -6.641817366942457390e-01 -1.991321427036971126e-01
4.304829670336041580e+00 0.000000000000000000e+00 -4.804700767390209792e-01 -1.900059308302892991e-01
4.799999999999999822e+00 0.000000000000000000e+00 -3.447197227766706784e-01 -1.647571887618747288e-01
