1.000000000230258569e-04 9.915406992171707543e+02 4.445432247026561754e+02 2.483411339025078632e+02
1.115026695290953366e-04 1.078776855840580993e+03 4.837720757559807225e+02 2.702488188930471438e+02
1.243284530925187648e-04 1.188319403210871997e+03 5.330183752045287520e+02 2.977525000629597116e+02
1.386295441504667143e-04 1.328030552924350104e+03 5.958120841685621372e+02 3.328221982939691088e+02
1.545756424481938766e-04 1.493310179987644688e+03 6.701127684103845468e+02 3.743197598803739083e+02
1.723559677317991945e-04 1.666065625429212787e+03 7.478518276657079014e+02 4.177303964170897075e+02
1.921815050694108094e-04 1.831904587413695481e+03 8.226170114395281416e+02 4.594740977982982599e+02
2.142875084442451923e-04 2.006407879882036241e+03 9.014026528612182574e+02 5.034564217251120226e+02
2.389362923277018713e-04 2.225986703349397430e+03 1.000509144975122354e+03 5.587850016259449148e+02
2.664203443578849946e-04 2.485379253276718828e+03 1.117595725836707061e+03 6.241535114813460723e+02
2.970657960592480913e-04 2.739400857983545848e+03 1.232474839564108834e+03 6.882810659173643444e+02
3.312362927876497001e-04 3.019490988728690354e+03 1.359230653688224265e+03 7.590380772146298796e+02
3.693373088223966556e-04 3.362410608099622550e+03 1.514289446764693594e+03 8.456119328891547866e+02
4.118209588090659132e-04 3.701856430852590620e+03 1.667974761314753323e+03 9.314235940114459709e+02
4.591913626466918256e-04 4.108102213954260151e+03 1.851707347357333674e+03 1.034044069212446630e+03
5.120106274801957584e-04 4.531543153689446626e+03 2.043230312690281835e+03 1.141047358677940565e+03
5.709055177816341068e-04 5.025156301808234275e+03 2.266223264551693319e+03 1.265681198710279205e+03
6.365748926688486646e-04 5.539929200166105147e+03 2.498663227487893437e+03 1.395655255487724617e+03
7.097979987143026312e-04 6.124483476504289683e+03 2.762262194587873637e+03 1.543118564139374485e+03
7.914437166483044659e-04 6.773070117081858371e+03 3.054407456020935115e+03 1.706615806467591483e+03
8.824808716799498404e-04 7.478264595236307287e+03 3.371720307544750085e+03 1.884262175777228094e+03
9.839897297802024153e-04 8.248721120353082370e+03 3.718048798415975398e+03 2.078208596706760090e+03
1.097174816344422205e-03 9.089095215152730816e+03 4.095484924866228084e+03 2.289617486033213027e+03
1.223379209343287413e-03 1.000071731412230474e+04 4.504651513621546655e+03 2.518821099003629115e+03
1.364100476567608111e-03 1.100756416085165620e+04 4.956345662096266096e+03 2.771845884257629677e+03
1.521008446081769522e-03 1.209111408298703827e+04 5.442310546615398380e+03 3.044077235825255684e+03
1.695965020753673102e-03 1.327274731205029639e+04 5.972210416033020920e+03 3.340913770671338170e+03
1.891046271984591709e-03 1.453587252081526276e+04 6.538675989775451853e+03 3.658235906322676328e+03
2.108567074807741158e-03 1.588950879230997089e+04 7.145823367419736314e+03 3.998353672639220804e+03
2.351108576680822643e-03 1.732388990271256989e+04 7.789322912369073492e+03 4.358848467473122582e+03
2.621548825923003187e-03 1.885927601593134750e+04 8.478402666045996739e+03 4.744906559783202283e+03
2.923096923239734257e-03 2.046765040926851361e+04 9.200498862571492282e+03 5.149506061412708732e+03
3.259331101584665453e-03 2.214346318478493777e+04 9.953183205518651448e+03 5.571309225985459307e+03
3.634241186222156913e-03 2.388786033712409699e+04 1.073711276934496527e+04 6.010723921851440537e+03
4.052275938830490927e-03 2.567473882463558766e+04 1.154061791837022793e+04 6.461240208225181959e+03
4.518395847440812539e-03 2.749179153387789847e+04 1.235834383034266102e+04 6.919910497782480888e+03
5.038131988628217865e-03 2.931886560469527831e+04 1.318123893051976120e+04 7.381673808634347552e+03
5.617651660426248826e-03 3.113004603485961343e+04 1.399779733279776519e+04 7.840110318615030337e+03
6.263831564778516575e-03 3.290262676020699291e+04 1.479802170710905011e+04 8.289703835774140316e+03
6.984339407925946493e-03 3.458586121329720481e+04 1.555920832479545970e+04 8.717735883543324235e+03
7.787724887016851671e-03 3.614885036854344071e+04 1.626756840597317387e+04 9.116506304013837507e+03
8.683521142606049834e-03 3.754092150853921339e+04 1.690044444583278528e+04 9.473339699243617360e+03
9.682357880899711625e-03 3.872693881022133428e+04 1.744221678860743123e+04 9.779550260287791389e+03
1.079608750807801998e-02 3.965157246402424062e+04 1.786800774083389842e+04 1.002120158398430794e+04
1.203792577343234388e-02 4.025900007370468666e+04 1.815270728806923216e+04 1.018418423553253524e+04
1.342260859021738965e-02 4.049789952481558430e+04 1.827318986863096507e+04 1.025551658684074755e+04
1.496656689508787767e-02 4.031763063634692662e+04 1.820658947462082870e+04 1.022234861659713351e+04
1.668812162103823840e-02 3.967234399360893440e+04 1.793175970708047680e+04 1.007264056377352972e+04
1.860770109743517184e-02 3.853176929739969637e+04 1.743444005110031139e+04 9.798111635838413349e+03
2.074808345685756270e-02 3.688705352050610963e+04 1.670989259713609499e+04 9.395951608732515524e+03
2.313466692519383291e-02 3.475996508758942218e+04 1.576662303849071031e+04 8.870638319735107871e+03
2.579577120231610690e-02 3.221408158148354414e+04 1.463183799022120002e+04 8.237032854522010894e+03
2.876297350957714855e-02 2.936048594185353795e+04 1.335439106328192975e+04 7.522286138357710115e+03
3.207148329174031032e-02 2.635657265397829906e+04 1.200442720526407356e+04 6.765632302851690838e+03
3.576056001963404812e-02 2.339406005827322952e+04 1.066851416135218460e+04 6.015668727684343139e+03
3.987397905126498221e-02 2.066406873950965382e+04 9.434373107350513237e+03 5.322001450165291317e+03
4.446055107939526907e-02 1.831857804540845245e+04 8.373534150147885157e+03 4.725436750439884236e+03
4.957470132945773766e-02 1.642245141279802920e+04 7.518971189795342980e+03 4.245291247300364375e+03
5.527711538069327024e-02 1.491407075679865557e+04 6.845372786050635113e+03 3.867888773579664758e+03
6.163545927395905344e-02 1.360079357246748805e+04 6.263868535716125734e+03 3.542913979281566299e+03
6.872518245115814828e-02 1.222902661103192077e+04 5.651212524107183526e+03 3.199270071501461643e+03
7.663041305413779980e-02 1.059743610613887358e+04 4.901210857411639154e+03 2.773967948996294126e+03
8.544495620686157200e-02 8.830799186532522072e+03 4.066444221832207859e+03 2.295625455391899322e+03
9.527340712667957401e-02 7.268866311704560758e+03 3.319213809111271075e+03 1.865144757121959401e+03
1.062323922731101822e-01 6.163203342440395318e+03 2.805078167357058646e+03 1.571695654753356848e+03
1.184519532618636822e-01 5.408716155817231993e+03 2.483463757827035352e+03 1.394540607290271964e+03
1.320770899659224340e-01 4.674464827824372151e+03 2.163292208464273699e+03 1.216479660437474195e+03
1.472694811144383831e-01 3.866997757906145580e+03 1.770285295078310355e+03 9.870123315337206122e+02
1.642094028064348954e-01 3.200852582173048631e+03 1.448567720654096092e+03 7.993425412106286103e+02
1.830978677048002712e-01 2.710155693982077537e+03 1.242750285897573121e+03 6.879219893954223153e+02
2.041590102946942431e-01 2.259581636007602356e+03 1.040746986057961522e+03 5.740221726748914080e+02
2.276427465103479653e-01 1.864412508424325097e+03 8.561071573413531723e+02 4.668136039635031125e+02
2.538277392899435103e-01 1.539532883304324287e+03 7.179141088317743424e+02 3.920528759214471393e+02
2.830247052484705095e-01 1.258984007138356901e+03 5.935375763522777106e+02 3.218113886919711604e+02
3.155801017062329072e-01 1.021895322106652543e+03 4.919639432839247206e+02 2.665207449578844603e+02
3.518802378240603601e-01 8.210729456923555745e+02 4.057915961345930214e+02 2.193702878322845606e+02
3.923558586288135031e-01 6.520576189518902765e+02 3.339066095334824809e+02 1.808565193481038023e+02
4.374872563241952172e-01 5.107485007049383512e+02 2.735075561201615528e+02 1.487722759695266177e+02
4.878099695387512202e-01 3.938401716251640892e+02 2.228609064563693778e+02 1.222189947557210985e+02
5.439211381395319123e-01 2.984606740906222058e+02 1.804156165650017556e+02 1.002485830057025851e+02
6.064865890189676811e-01 2.220204224624074243e+02 1.448799971909055557e+02 8.204187812073779185e+01
6.762487369363893164e-01 1.620573002779976548e+02 1.152184970632289236e+02 6.695046912185519261e+01
7.540353941672404137e-01 1.161413182763544683e+02 9.057269268091451409e+01 5.442789725149826552e+01
8.407695934971151086e-01 8.186945768113825750e+01 7.024640091005896636e+01 4.403212288071686231e+01
9.374805411223435803e-01 5.692316054460030017e+01 5.366006992373757356e+01 3.540475360416202477e+01
1.045315829426528564e+00 3.917705366614056572e+01 4.031425756612039635e+01 2.825072669322723939e+01
1.165555054552403824e+00 2.678917173465175594e+01 2.976308378524992193e+01 2.233476714306761934e+01
1.299625000357985227e+00 1.826139705829858073e+01 2.159057290313901945e+01 1.746518486259541447e+01
1.449116568932995452e+00 1.244242148034864215e+01 1.540162485674408543e+01 1.348498444683566255e+01
1.615803658576671964e+00 8.488485758534434211e+00 1.082251010682029246e+01 1.026471877184247283e+01
1.801664213246928048e+00 5.803881121943057941e+00 7.509958825580820729e+00 7.693480607503465407e+00
2.008903693258128342e+00 3.978022032573692357e+00 5.161617227914092609e+00 5.673600610812255418e+00
2.239981245735629400e+00 2.732297128881940651e+00 3.524465442372635149e+00 4.116411227537545514e+00
2.497638885371206374e+00 1.879144215898705728e+00 2.397469077023116402e+00 2.940106972529734630e+00
2.784934031744384253e+00 1.292615642396144571e+00 1.628198642631979443e+00 2.069970659599663865e+00
3.105275789304232426e+00 8.880216303557234570e-01 1.105579607399686859e+00 1.439256804718387350e+00
3.462465400517639402e+00 6.082475085945866500e-01 7.511480794681881790e-01 9.905359020034942841e-01
3.860741352209485999e+00 0.000000000000000000e+00 5.106611895345000152e-01 6.763524406243446307e-01
4.304829670336041580e+00 0.000000000000000000e+00 3.471855549889771297e-01 4.591757791667339106e-01
4.799999999999999822e+00 0.000000000000000000e+00 2.357933265464485229e-01 3.104846127739954720e-01
