1.000000000230258569e-04 1.016357663859680088e+03 4.469376559433503076e+02 2.461711180913830503e+02
1.115026695290953366e-04 1.109641056052877275e+03 4.881846974756216468e+02 2.689127073327775292e+02
1.243284530925187648e-04 1.229151881900977060e+03 5.409883824096410763e+02 2.980220620007090702e+02
1.386295441504667143e-04 1.378441889767786734e+03 6.069261529067176753e+02 3.343702162552442019e+02
1.545756424481938766e-04 1.546528236635327175e+03 6.812287535439975272e+02 3.753367876931080787e+02
1.723559677317991945e-04 1.713461793878072513e+03 7.552175577232350179e+02 4.161497838193237726e+02
1.921815050694108094e-04 1.874460251513529329e+03 8.268458709239516793e+02 4.556908902995749031e+02
2.142875084442451923e-04 2.058562274212711600e+03 9.088543404588632484e+02 5.009763455146279512e+02
2.389362923277018713e-04 2.293174771295816299e+03 1.013250061290722329e+03 5.586179710735621029e+02
2.664203443578849946e-04 2.547130963899403923e+03 1.126412833393074834e+03 6.211225936859437979e+02
2.970657960592480913e-04 2.793945947850488210e+03 1.236790655434729388e+03 6.821441387699255756e+02
3.312362927876497001e-04 3.094637930322217017e+03 1.371074707841252575e+03 7.563732246042416136e+02
3.693373088223966556e-04 3.430188638018774782e+03 1.520851441834192201e+03 8.391755695369010937e+02
4.118209588090659132e-04 3.774362886727727982e+03 1.674582368357858286e+03 9.241985522423890416e+02
4.591913626466918256e-04 4.190488887984155554e+03 1.859834789428627801e+03 1.026603060924559031e+03
5.120106274801957584e-04 4.616922096891641559e+03 2.049484694498491081e+03 1.131444050499332661e+03
5.709055177816341068e-04 5.114121600636939547e+03 2.269815850843416229e+03 1.253168128664822234e+03
6.365748926688486646e-04 5.659472343228877435e+03 2.510741740469125489e+03 1.386196655604296438e+03
7.097979987143026312e-04 6.247718173558334456e+03 2.769799636569503946e+03 1.529151731318484053e+03
7.914437166483044659e-04 6.906385764962333269e+03 3.058973759565148157e+03 1.688613711266181099e+03
8.824808716799498404e-04 7.636848334483954204e+03 3.378801452239225910e+03 1.864859291413907840e+03
9.839897297802024153e-04 8.439715768861835386e+03 3.729553856386346069e+03 2.058031640571924072e+03
1.097174816344422205e-03 9.323969330256990361e+03 4.115256095847671531e+03 2.270351720349035986e+03
1.223379209343287413e-03 1.029976608720271179e+04 4.540525025782802004e+03 2.504376699578049283e+03
1.364100476567608111e-03 1.134514745427454000e+04 4.995813906435218996e+03 2.754860237197763581e+03
1.521008446081769522e-03 1.250289947324986861e+04 5.500067637094130077e+03 3.032266391563039633e+03
1.695965020753673102e-03 1.374327383865413685e+04 6.040371830506894185e+03 3.329510922481949819e+03
1.891046271984591709e-03 1.508744323641384472e+04 6.626162910114325314e+03 3.651817933736030227e+03
2.108567074807741158e-03 1.653670252685199375e+04 7.258098500738234179e+03 3.999566330855244814e+03
2.351108576680822643e-03 1.807470137174319098e+04 7.929038061759611992e+03 4.368830034432850880e+03
2.621548825923003187e-03 1.972347179051679268e+04 8.648811952030433531e+03 4.765062116216359755e+03
2.923096923239734257e-03 2.146045686001036665e+04 9.407517055301370419e+03 5.182822241437977937e+03
3.259331101584665453e-03 2.328669569494900134e+04 1.020571039108345940e+04 5.622455099906606847e+03
3.634241186222156913e-03 2.518405482193429998e+04 1.103546264893670923e+04 6.079595856231437210e+03
4.052275938830490927e-03 2.714658663843485192e+04 1.189438370127759117e+04 6.552946778579861530e+03
4.518395847440812539e-03 2.914784570296212405e+04 1.277092087435476606e+04 7.036135607244228595e+03
5.038131988628217865e-03 3.117080868438530888e+04 1.365776476304788412e+04 7.525253108187036560e+03
5.617651660426248826e-03 3.318594380483210261e+04 1.454210705188899010e+04 8.013262427276205017e+03
6.263831564778516575e-03 3.516393878941922594e+04 1.541125632650007356e+04 8.493206081367497973e+03
6.984339407925946493e-03 3.706871438663051958e+04 1.624960493708089234e+04 8.956521550904217293e+03
7.787724887016851671e-03 3.885761697968501539e+04 1.703866888918477707e+04 9.393072588905384691e+03
8.683521142606049834e-03 4.049225981158521608e+04 1.776185220078142811e+04 9.793780699676937729e+03
9.682357880899711625e-03 4.189187541425867676e+04 1.838388609818871919e+04 1.013919442206563872e+04
1.079608750807801998e-02 4.299936458575250435e+04 1.887987819949260665e+04 1.041560079635652255e+04
1.203792577343234388e-02 4.376481455480009754e+04 1.922806401284686581e+04 1.061103733791167178e+04
1.342260859021738965e-02 4.412243047712442785e+04 1.939949803885904839e+04 1.070949094265395433e+04
1.496656689508787767e-02 4.399783319613978529e+04 1.936131162584150661e+04 1.069274653432293780e+04
1.668812162103823840e-02 4.333276508413743431e+04 1.908750041521991079e+04 1.054635153215662467e+04
1.860770109743517184e-02 4.208166737653028395e+04 1.855735864371548087e+04 1.025872584864579039e+04
2.074808345685756270e-02 4.022106606505855598e+04 1.775931160098939654e+04 9.823132930282083180e+03
2.313466692519383291e-02 3.776868574269897363e+04 1.669966353140853244e+04 9.242609476389441625e+03
2.579577120231610690e-02 3.479074190924195864e+04 1.540584698193150325e+04 8.531940430258460765e+03
2.876297350957714855e-02 3.141455182042151500e+04 1.393184544019921668e+04 7.720467461065095449e+03
3.207148329174031032e-02 2.783186349951786906e+04 1.236059713326461861e+04 6.853665338567702747e+03
3.576056001963404812e-02 2.428142495145419525e+04 1.079704068636466036e+04 5.989508440086058727e+03
3.987397905126498221e-02 2.101664023963100408e+04 9.354482615934470232e+03 5.191009785142033252e+03
4.446055107939526907e-02 1.825285185724567418e+04 8.131802723320861332e+03 4.513654125093776202e+03
4.957470132945773766e-02 1.610674010182533493e+04 7.186142815000353039e+03 3.990222942779154437e+03
5.527711538069327024e-02 1.455144489885622534e+04 6.511094458417471287e+03 3.618282509779218799e+03
6.163545927395905344e-02 1.338583468865381474e+04 6.018967078059281448e+03 3.349544826106966866e+03
6.872518245115814828e-02 1.227300520141973539e+04 5.552635516917354835e+03 3.095372440551580439e+03
7.663041305413779980e-02 1.084672459935735242e+04 4.928499983025563779e+03 2.749659763530778491e+03
8.544495620686157200e-02 9.060912030955558293e+03 4.108257543241194071e+03 2.287389850193970233e+03
9.527340712667957401e-02 7.272757545281120656e+03 3.261287643828328328e+03 1.804605404923265723e+03
1.062323922731101822e-01 5.942053200228067908e+03 2.637135966140631808e+03 1.449481056789597915e+03
1.184519532618636822e-01 5.155264546566402714e+03 2.309888051056208951e+03 1.271479843243530240e+03
1.320770899659224340e-01 4.557617195157445167e+03 2.091968865488942811e+03 1.160322492004147080e+03
1.472694811144383831e-01 3.808381766123498892e+03 1.753946494436164812e+03 9.695680888822500947e+02
1.642094028064348954e-01 3.065559857927794837e+03 1.382267880537628571e+03 7.500850207363592972e+02
1.830978677048002712e-01 2.550147401019971312e+03 1.165115758423466104e+03 6.315927654518483223e+02
2.041590102946942431e-01 2.127335546666790833e+03 1.006005365432363078e+03 5.511042907036958240e+02
2.276427465103479653e-01 1.720437694672245470e+03 8.148305133953924724e+02 4.386358200534735943e+02
2.538277392899435103e-01 1.390498129206257317e+03 6.785187200228867823e+02 3.654356954472575580e+02
2.830247052484705095e-01 1.109597334063839298e+03 5.632902162963529236e+02 3.037851539538995667e+02
3.155801017062329072e-01 8.708388838422943081e+02 4.626949180074498713e+02 2.484369424015633001e+02
3.518802378240603601e-01 6.709874943089392900e+02 3.806304750213651005e+02 2.053194934800355895e+02
3.923558586288135031e-01 5.048988248387950080e+02 3.111997892882232577e+02 1.687554684845050303e+02
4.374872563241952172e-01 3.691199924820205638e+02 2.529571746184016945e+02 1.384233525292902414e+02
4.878099695387512202e-01 2.604718038679576466e+02 2.042650344029075029e+02 1.135676871093639022e+02
5.439211381395319123e-01 1.759614573878527608e+02 1.634715893846538961e+02 9.295778793404234364e+01
6.064865890189676811e-01 1.125672985504124597e+02 1.293893559142318850e+02 7.589296787633028885e+01
6.762487369363893164e-01 6.709085880741479002e+01 1.010317807247212158e+02 6.176253645661929426e+01
7.540353941672404137e-01 3.617737305927496294e+01 7.759990244804849624e+01 5.005624670205602911e+01
8.407695934971151086e-01 1.647308816262091824e+01 5.843938474341688050e+01 4.035412242254685822e+01
9.374805411223435803e-01 4.867234054006986277e+00 4.299919201078634501e+01 3.230989207566314292e+01
1.045315829426528564e+00 -1.287383909508987623e+00 3.079924793035377917e+01 2.564882338485215740e+01
1.165555054552403824e+00 -4.044388279351101900e+00 2.139518115326973557e+01 2.014770821694022018e+01
1.299625000357985227e+00 -4.858837412022864122e+00 1.435918415355011390e+01 1.562552597024467005e+01
1.449116568932995452e+00 -4.675943554334254237e+00 9.272918020600705802e+00 1.193662928934389100e+01
1.615803658576671964e+00 -4.060792236727337468e+00 5.734213773500660416e+00 8.960057054622405204e+00
1.801664213246928048e+00 -3.323211390142268407e+00 3.371832742240778114e+00 6.593348220298329565e+00
2.008903693258128342e+00 -2.616486394702111085e+00 1.862454522284096914e+00 4.746328955963313057e+00
2.239981245735629400e+00 -2.004508364248716923e+00 9.423390373949911414e-01 3.336456330396134096e+00
2.497638885371206374e+00 -1.504122355514604381e+00 4.100963841803096921e-01 2.287241598267463427e+00
2.784934031744384253e+00 -1.109872794963348674e+00 1.212898447837099936e-01 1.527728315810926052e+00
3.105275789304232426e+00 -8.070645828694439361e-01 -2.190973057772888435e-02 9.936934965830614974e-01
3.462465400517639402e+00 -5.789411163222222267e-01 -8.243625548864029484e-02 6.291128938292549488e-01
3.860741352209485999e+00 0.000000000000000000e+00 -9.890884525223855861e-02 3.873998274198883207e-01
4.304829670336041580e+00 0.000000000000000000e+00 -9.393705136035547520e-02 2.316911509136925784e-01
4.799999999999999822e+00 0.000000000000000000e+00 -8.013681021863526543e-02 1.341912875634745372e-01
