1.000000000230258569e-04 2.823418344237618385e+02 1.244625010860794134e+02 6.959063151169691253e+01
1.115026695290953366e-04 3.182119207844595508e+02 1.402674306247029392e+02 7.842774516631367021e+01
1.243284530925187648e-04 3.588786251703484709e+02 1.581871255915297922e+02 8.844203246429492538e+01
1.386295441504667143e-04 4.002873674044680570e+02 1.764288566654234955e+02 9.863438102890953019e+01
1.545756424481938766e-04 4.412592565254681745e+02 1.944669994820305874e+02 1.087096666932010578e+02
1.723559677317991945e-04 4.877140049001847615e+02 2.149145763697994482e+02 1.201262289984771172e+02
1.921815050694108094e-04 5.460890023385826453e+02 2.406147754575211763e+02 1.344766511908971154e+02
2.142875084442451923e-04 6.107490837195767881e+02 2.690789225091403409e+02 1.503675939048682153e+02
2.389362923277018713e-04 6.753047769342189213e+02 2.974804000011683343e+02 1.662139872923098665e+02
2.664203443578849946e-04 7.522506347382545755e+02 3.313382690745506238e+02 1.851026341041535375e+02
2.970657960592480913e-04 8.398405115573867761e+02 3.698907327933384295e+02 2.066088879163405068e+02
3.312362927876497001e-04 9.304600610361821964e+02 4.097693083534467178e+02 2.288438046991360011e+02
3.693373088223966556e-04 1.039367728216944670e+03 4.577339197668046040e+02 2.555947048210513515e+02
4.118209588090659132e-04 1.152469334749848485e+03 5.075573584959915934e+02 2.833763164869022262e+02
4.591913626466918256e-04 1.284374286910275714e+03 5.657281511593170080e+02 3.158285534682376579e+02
5.120106274801957584e-04 1.427993191331725257e+03 6.291172542570376436e+02 3.512029259511829764e+02
5.709055177816341068e-04 1.584822883756248302e+03 6.984129808953447309e+02 3.898943638208394304e+02
6.365748926688486646e-04 1.760860092431330713e+03 7.762882676016625965e+02 4.334095236932174089e+02
7.097979987143026312e-04 1.956047263732859619e+03 8.627303267190043243e+02 4.817515447050654984e+02
7.914437166483044659e-04 2.171094178065834967e+03 9.580562845444063669e+02 5.351045985158284566e+02
8.824808716799498404e-04 2.408610050441348449e+03 1.063415391518801243e+03 5.941158660787336885e+02
9.839897297802024153e-04 2.672880074395156498e+03 1.180703363180555925e+03 6.598528238554873724e+02
1.097174816344422205e-03 2.961464835667643001e+03 1.308818767623981785e+03 7.316951777617206290e+02
1.223379209343287413e-03 3.281152466281766010e+03 1.450742118969091734e+03 8.113060993456929282e+02
1.364100476567608111e-03 3.630579017540213954e+03 1.605844959691535905e+03 8.983242550999398190e+02
1.521008446081769522e-03 4.016013175469797261e+03 1.776902462609987879e+03 9.943011111672776678e+02
1.695965020753673102e-03 4.439962851956980558e+03 1.965026665887343597e+03 1.099856579688667807e+03
1.891046271984591709e-03 4.902020711927919365e+03 2.170000851994100231e+03 1.214856731341789555e+03
2.108567074807741158e-03 5.407953720701101702e+03 2.394420360110921138e+03 1.340760564999074631e+03
2.351108576680822643e-03 5.957254244602413564e+03 2.638031710291149466e+03 1.477418745590232675e+03
2.621548825923003187e-03 6.551837922112286833e+03 2.901695968825466480e+03 1.625314269404502284e+03
2.923096923239734257e-03 7.195233930337987658e+03 3.187041814945316219e+03 1.785372908185481947e+03
3.259331101584665453e-03 7.886630693868604794e+03 3.493706443389014112e+03 1.957392404727596386e+03
3.634241186222156913e-03 8.626428398327478135e+03 3.821883743544162826e+03 2.141487415894948299e+03
4.052275938830490927e-03 9.413419688989919450e+03 4.171106385835285437e+03 2.337410877277412510e+03
4.518395847440812539e-03 1.024524378708201402e+04 4.540345933576917560e+03 2.544575487678925128e+03
5.038131988628217865e-03 1.111813958775879837e+04 4.927969319880283365e+03 2.762113835995949103e+03
5.617651660426248826e-03 1.202666958314130716e+04 5.331626779152839845e+03 2.988691155266142232e+03
6.263831564778516575e-03 1.296420461000521755e+04 5.748462315429087539e+03 3.222735277487823168e+03
6.984339407925946493e-03 1.391767173370690762e+04 6.172761090266765677e+03 3.461056362094026554e+03
7.787724887016851671e-03 1.487336474738864854e+04 6.598546137977959006e+03 3.700324219490535143e+03
8.683521142606049834e-03 1.581603944077966116e+04 7.019168550430112191e+03 3.936833160255341681e+03
9.682357880899711625e-03 1.672517010097708408e+04 7.425673987143458362e+03 4.165596022827565321e+03
1.079608750807801998e-02 1.757578319164126515e+04 7.807120613331230743e+03 4.380495258567412748e+03
1.203792577343234388e-02 1.833929693647382737e+04 8.150977016255947092e+03 4.574517452129246522e+03
1.342260859021738965e-02 1.898348765474988613e+04 8.443106383839505725e+03 4.739753319533504509e+03
1.496656689508787767e-02 1.947247564336620417e+04 8.667718108871673394e+03 4.867367768807581342e+03
1.668812162103823840e-02 1.977012351690067226e+04 8.808813648054217992e+03 4.948373216182113538e+03
1.860770109743517184e-02 1.984233328679776241e+04 8.851218329664219709e+03 4.974216909086469968e+03
2.074808345685756270e-02 1.966175845025266608e+04 8.782691171900445624e+03 4.938007706993923421e+03
2.313466692519383291e-02 1.921201827616002993e+04 8.595632011787796728e+03 4.835413123680543322e+03
2.579577120231610690e-02 1.849661958303905340e+04 8.291115513848548289e+03 4.666906387092641125e+03
2.876297350957714855e-02 1.754560706315227435e+04 7.881963440914755665e+03 4.439580047718585774e+03
3.207148329174031032e-02 1.641806751575013550e+04 7.393925390982189128e+03 4.167796590580644079e+03
3.576056001963404812e-02 1.519966008549276376e+04 6.864849193644216939e+03 3.872746141563290166e+03
3.987397905126498221e-02 1.398855352207497890e+04 6.338683252872655430e+03 3.579161056720942724e+03
4.446055107939526907e-02 1.287323901257839316e+04 5.855801646758760398e+03 3.309889829824518984e+03
4.957470132945773766e-02 1.190278483132207293e+04 5.439527985206759695e+03 3.078294499102772534e+03
5.527711538069327024e-02 1.105881205604641764e+04 5.082732107253423237e+03 2.880557323172489305e+03
6.163545927395905344e-02 1.023293110761967910e+04 4.735541925336361601e+03 2.688366121350386493e+03
6.872518245115814828e-02 9.288430469741557317e+03 4.331577493437084740e+03 2.463426859742688976e+03
7.663041305413779980e-02 8.153408835258246654e+03 3.830969510471763442e+03 2.181872310176238443e+03
8.544495620686157200e-02 6.929703039788638307e+03 3.276897324402174490e+03 1.867503697115461819e+03
9.527340712667957401e-02 5.851715723624050952e+03 2.785437144232435003e+03 1.587701592852113436e+03
1.062323922731101822e-01 5.065730038585312286e+03 2.440304965647790596e+03 1.393179213249639361e+03
1.184519532618636822e-01 4.459801432132027912e+03 2.191703170759174554e+03 1.256211507152559534e+03
1.320770899659224340e-01 3.803997318979570991e+03 1.906833237018596719e+03 1.095991818175984235e+03
1.472694811144383831e-01 3.107927774521540869e+03 1.577967771449823886e+03 9.051838008029499179e+02
1.642094028064348954e-01 2.560974963281185410e+03 1.331099071584269950e+03 7.639291008223435711e+02
1.830978677048002712e-01 2.128492438813260378e+03 1.156321546154616499e+03 6.687874971362874703e+02
2.041590102946942431e-01 1.703425424544651605e+03 9.622383827524583921e+02 5.568715930303389996e+02
2.276427465103479653e-01 1.343334871909979711e+03 8.014414689950147022e+02 4.651368523119681413e+02
2.538277392899435103e-01 1.039887783816621095e+03 6.731691136046217707e+02 3.948556987345039033e+02
2.830247052484705095e-01 7.760658216107392491e+02 5.535491551655094327e+02 3.265474442954413234e+02
3.155801017062329072e-01 5.562654348980042869e+02 4.565379258733953520e+02 2.736763851853634151e+02
3.518802378240603601e-01 3.744173100083799568e+02 3.715880116611194808e+02 2.265887233609565499e+02
3.923558586288135031e-01 2.287215947582173783e+02 2.999178978373068958e+02 1.876467636534121937e+02
4.374872563241952172e-01 1.164368095084360988e+02 2.390218108645885309e+02 1.548222433663131596e+02
4.878099695387512202e-01 3.475124630840271323e+01 1.874351507941347847e+02 1.271081848886051802e+02
5.439211381395319123e-01 -1.980851025429430123e+01 1.440411641623429091e+02 1.038251463315088188e+02
6.064865890189676811e-01 -5.154050893292132685e+01 1.078506611654767511e+02 8.425734046034078517e+01
6.762487369363893164e-01 -6.545894624267559436e+01 7.806959162768504257e+01 6.782035440154126604e+01
7.540353941672404137e-01 -6.686594877441307005e+01 5.403393285767766230e+01 5.402993750443596355e+01
8.407695934971151086e-01 -6.072954784471323819e+01 3.515753490546298110e+01 4.248733657892466198e+01
9.374805411223435803e-01 -5.109687491943891047e+01 2.087575471417197548e+01 3.287135041433341343e+01
1.045315829426528564e+00 -4.077566061767381456e+01 1.059742789740214697e+01 2.491778466293780525e+01
1.165555054552403824e+00 -3.136370843877323367e+01 3.681838290426666660e+00 1.841416137464192104e+01
1.299625000357985227e+00 -2.353024956396755485e+01 -5.544808993848551193e-01 1.318354549248993735e+01
1.449116568932995452e+00 -1.736772267173871853e+01 -2.798242962667674583e+00 9.071068946149042134e+00
1.615803658576671964e+00 -1.268854890828328053e+01 -3.683650986579307673e+00 5.933023514198456638e+00
1.801664213246928048e+00 -9.213080201825196269e+00 -3.739899157544241071e+00 3.627747184008087267e+00
2.008903693258128342e+00 -6.665084969780622259e+00 -3.362598410928901771e+00 2.012307869628902957e+00
2.239981245735629400e+00 -4.811407723127210545e+00 -2.814652315997669962e+00 9.442632097764046550e-01
2.497638885371206374e+00 -3.468480556710831220e+00 -2.249351334961382065e+00 2.880873920136032829e-01
2.784934031744384253e+00 -2.497624624732828202e+00 -1.742173332231500948e+00 -7.700291563800704120e-02
3.105275789304232426e+00 -1.796735054108009599e+00 -1.320595310657825205e+00 -2.505272683398903077e-01
3.462465400517639402e+00 -1.290999955453719483e+00 -9.861240813582641263e-01 -3.079730530297828950e-01
3.860741352209485999e+00 -9.262777511256778951e-01 -7.286255557701060148e-01 -3.019912078111742781e-01
4.304829670336041580e+00 0.000000000000000000e+00 -5.343262818014217208e-01 -2.663503966880428342e-01
4.799999999999999822e+00 0.000000000000000000e+00 -3.896373249386659854e-01 -2.208608600574553660e-01
