1.000000000230258569e-04 9.469552899831433024e+02 4.414093805251955018e+02 2.542237320384631687e+02
1.115026695290953366e-04 1.035076287001011451e+03 4.821626762378618309e+02 2.776355928929459083e+02
1.243284530925187648e-04 1.145882135477799920e+03 5.334473300675621203e+02 3.071051463290329480e+02
1.386295441504667143e-04 1.285477601571101104e+03 5.981013970213854236e+02 3.442643129338740664e+02
1.545756424481938766e-04 1.448117047055006651e+03 6.733778874383773427e+02 3.875159716899432851e+02
1.723559677317991945e-04 1.616871749127733892e+03 7.512684873580693647e+02 4.322270499945338429e+02
1.921815050694108094e-04 1.781590042008551109e+03 8.269403562282953999e+02 4.755910822045235022e+02
2.142875084442451923e-04 1.961538840253677563e+03 9.093908258381203495e+02 5.227878914360089766e+02
2.389362923277018713e-04 2.188330746070682380e+03 1.013449193964486199e+03 5.823719925876768002e+02
2.664203443578849946e-04 2.448935072697200667e+03 1.133009141447109414e+03 6.508101554592748244e+02
2.970657960592480913e-04 2.706128918336490642e+03 1.250573758577129865e+03 7.179909978763204208e+02
3.312362927876497001e-04 3.000682814812324523e+03 1.385315385096745558e+03 7.949753520494510894e+02
3.693373088223966556e-04 3.349655681876909057e+03 1.545425532097425048e+03 8.865181427391185025e+02
4.118209588090659132e-04 3.698928423747254328e+03 1.705648379608883943e+03 9.780645360993876238e+02
4.591913626466918256e-04 4.118747079470645986e+03 1.899220025099634086e+03 1.088845684961946745e+03
5.120106274801957584e-04 4.548356500424959449e+03 2.097928635988877431e+03 1.202643407731677598e+03
5.709055177816341068e-04 5.050687831585384629e+03 2.331562753953334322e+03 1.336721358603987710e+03
6.365748926688486646e-04 5.575027452266551336e+03 2.576671867879548245e+03 1.477642037993295617e+03
7.097979987143026312e-04 6.153484807608564552e+03 2.848575782093479575e+03 1.634326851365859739e+03
7.914437166483044659e-04 6.795600539574964387e+03 3.151795324253479976e+03 1.809425144975862395e+03
8.824808716799498404e-04 7.492957630772685661e+03 3.482404669522087261e+03 2.000715164382075045e+03
9.839897297802024153e-04 8.248898299162487092e+03 3.841919142663041839e+03 2.209082995363469308e+03
1.097174816344422205e-03 9.068384840883019933e+03 4.232492540631907104e+03 2.435738975235679391e+03
1.223379209343287413e-03 9.963715862573462800e+03 4.659585169770554785e+03 2.683766562323750804e+03
1.364100476567608111e-03 1.095097165115511598e+04 5.130520786394791685e+03 2.957338022853527491e+03
1.521008446081769522e-03 1.200102069503950406e+04 5.631471293992341089e+03 3.248425397979921399e+03
1.695965020753673102e-03 1.315324041241061423e+04 6.180696243109617171e+03 3.567499626340308168e+03
1.891046271984591709e-03 1.439374510587623081e+04 6.771519065985078669e+03 3.910657286602734985e+03
2.108567074807741158e-03 1.571948127636614845e+04 7.402464207074606747e+03 4.277034680316233789e+03
2.351108576680822643e-03 1.714324866777187344e+04 8.079512432919317689e+03 4.670076103247869469e+03
2.621548825923003187e-03 1.864381679668719153e+04 8.792692969270126923e+03 5.084013556304164013e+03
2.923096923239734257e-03 2.022694959940501576e+04 9.544736473851662595e+03 5.520410814760306494e+03
3.259331101584665453e-03 2.188119265454823835e+04 1.033035410965117080e+04 5.976209467566413878e+03
3.634241186222156913e-03 2.358122080597872991e+04 1.113764918338351526e+04 6.444556977088761414e+03
4.052275938830490927e-03 2.532052723259331106e+04 1.196358422970791071e+04 6.923802290905732661e+03
4.518395847440812539e-03 2.707097759235389458e+04 1.279486615920065378e+04 7.406371120469280868e+03
5.038131988628217865e-03 2.880748761572774310e+04 1.361990693703474062e+04 7.885431219755022539e+03
5.617651660426248826e-03 3.050409649934577828e+04 1.442653159245709867e+04 8.353978776769099568e+03
6.263831564778516575e-03 3.212718806571495224e+04 1.519899912274158123e+04 8.802970772087592195e+03
6.984339407925946493e-03 3.364228587046852044e+04 1.592114473301632279e+04 9.223096074370974748e+03
7.787724887016851671e-03 3.501114978482003789e+04 1.657505633455252973e+04 9.604023540027768831e+03
8.683521142606049834e-03 3.619133475636741059e+04 1.714079826221452458e+04 9.934255456605538711e+03
9.682357880899711625e-03 3.715030751153139863e+04 1.760311468404662810e+04 1.020497443497650420e+04
1.079608750807801998e-02 3.780265977904539614e+04 1.792156359927975791e+04 1.039271054199902028e+04
1.203792577343234388e-02 3.810528361240195954e+04 1.807574681987382428e+04 1.048561170432705330e+04
1.342260859021738965e-02 3.803086027491420828e+04 1.805264916768105104e+04 1.047612474719731290e+04
1.496656689508787767e-02 3.753038478823351761e+04 1.782869505573696370e+04 1.035042225533478631e+04
1.668812162103823840e-02 3.656251559775333590e+04 1.738381681130599100e+04 1.009670981286590541e+04
1.860770109743517184e-02 3.510840449011015153e+04 1.670842721287945460e+04 9.709250054446654758e+03
2.074808345685756270e-02 3.317779497410493786e+04 1.580626813982841304e+04 9.189992544171624104e+03
2.313466692519383291e-02 3.080679616465407526e+04 1.469320558896545299e+04 8.547740355954529150e+03
2.579577120231610690e-02 2.807789693353511757e+04 1.340735910790248454e+04 7.804323771073157332e+03
2.876297350957714855e-02 2.512064653005073706e+04 1.200925767089210603e+04 6.994630753192913289e+03
3.207148329174031032e-02 2.210523444118020416e+04 1.057921204013523675e+04 6.165083096126916644e+03
3.576056001963404812e-02 1.922599150550515333e+04 9.209957429316496928e+03 5.369615208434803208e+03
3.987397905126498221e-02 1.666956704576334596e+04 7.991944749660456182e+03 4.661250339434819580e+03
4.446055107939526907e-02 1.457018403315245450e+04 6.991895911452091241e+03 4.079468844591694506e+03
4.957470132945773766e-02 1.297110347573970284e+04 6.233866136114364963e+03 3.639093353255219427e+03
5.527711538069327024e-02 1.178775129126850879e+04 5.679830846560396822e+03 3.318542960565125668e+03
6.163545927395905344e-02 1.080291145121474256e+04 5.224483671029362085e+03 3.056139226433129352e+03
6.872518245115814828e-02 9.735751228063056260e+03 4.725738689791392062e+03 2.767303503754820213e+03
7.663041305413779980e-02 8.372077934177208590e+03 4.067712838001362798e+03 2.381412282297489128e+03
8.544495620686157200e-02 6.833010546980446634e+03 3.304509760269644630e+03 1.929104183467976100e+03
9.527340712667957401e-02 5.486528443019090446e+03 2.629409531533709014e+03 1.527085591398977613e+03
1.062323922731101822e-01 4.601685264797924901e+03 2.199542642527983389e+03 1.273805922107734659e+03
1.184519532618636822e-01 4.069859248872224271e+03 1.968984414766252485e+03 1.144189961121205442e+03
1.320770899659224340e-01 3.530292575248681715e+03 1.727182462762270461e+03 1.006149151422832460e+03
1.472694811144383831e-01 2.866283257267904901e+03 1.387067250332078856e+03 8.005037506066452124e+02
1.642094028064348954e-01 2.329555663931527306e+03 1.114410687799543211e+03 6.359049955959168301e+02
1.830978677048002712e-01 1.972352736331593405e+03 9.635052546547321981e+02 5.529546179713693164e+02
2.041590102946942431e-01 1.629008716742634306e+03 8.033797415494964298e+02 4.595946933822048095e+02
2.276427465103479653e-01 1.322230938371267712e+03 6.515340522727678945e+02 3.677945589088663496e+02
2.538277392899435103e-01 1.080294242975742009e+03 5.470618919798074558e+02 3.101635197800430888e+02
2.830247052484705095e-01 8.683096894583602534e+02 4.482989943721025838e+02 2.519095380716626380e+02
3.155801017062329072e-01 6.914139231919672284e+02 3.703142146701068214e+02 2.081820750688491160e+02
3.518802378240603601e-01 5.419971343765561187e+02 3.037028568478972943e+02 1.701972320183512579e+02
3.923558586288135031e-01 4.171044277413701593e+02 2.488936933964407672e+02 1.397857038433056118e+02
4.374872563241952172e-01 3.134106763174320349e+02 2.030376293905757450e+02 1.144634297740837496e+02
4.878099695387512202e-01 2.284677875064364798e+02 1.648164375365618639e+02 9.363690114202002235e+01
5.439211381395319123e-01 1.601872875466699782e+02 1.329858699162097366e+02 7.654453059402121085e+01
6.064865890189676811e-01 1.067031309095925451e+02 1.064588544098645144e+02 6.247798080626701278e+01
6.762487369363893164e-01 6.624114403525489081e+01 8.437714394986076627e+01 5.089402392903573258e+01
7.540353941672404137e-01 3.698786736281501675e+01 6.604942620767239703e+01 4.135019912698722067e+01
8.407695934971151086e-01 1.704417704109624410e+01 5.091042828860694414e+01 3.347711738223021882e+01
9.374805411223435803e-01 4.455999651596423305e+00 3.850807774442468912e+01 2.697821557132951042e+01
1.045315829426528564e+00 -2.675865997853124068e+00 2.846963216929376372e+01 2.161165400542955695e+01
1.165555054552403824e+00 -6.057717946466810055e+00 2.047921184986580556e+01 1.718064340012359636e+01
1.299625000357985227e+00 -7.088953682480605423e+00 1.425830123114048398e+01 1.352886234960196710e+01
1.449116568932995452e+00 -6.810599041499703965e+00 9.547989239602271638e+00 1.052935931219905363e+01
1.615803658576671964e+00 -5.922557900350912341e+00 6.099783762618912419e+00 8.080117559413876549e+00
1.801664213246928048e+00 -4.847521891794977833e+00 3.673585359028453734e+00 6.098461384803354868e+00
2.008903693258128342e+00 -3.810498471393660935e+00 2.042856785645137396e+00 4.514695604100607440e+00
2.239981245735629400e+00 -2.910952074896512975e+00 1.003364903375433714e+00 3.269529666895833575e+00
2.497638885371206374e+00 -2.177188381225878988e+00 3.814662815878331337e-01 2.310198093962426480e+00
2.784934031744384253e+00 -1.601591358659326003e+00 3.878541797964699805e-02 1.588576584983502071e+00
3.105275789304232426e+00 -1.161979580163342129e+00 -1.279508788374444928e-01 1.060302025316149477e+00
3.462465400517639402e+00 -8.326214301007872631e-01 -1.909848238899339024e-01 6.848952671926064051e-01
3.860741352209485999e+00 -5.894031739718563756e-01 -1.977761963666559430e-01 4.264897463978958858e-01
4.304829670336041580e+00 0.000000000000000000e+00 -1.776190972357040709e-01 2.545263027034821435e-01
4.799999999999999822e+00 0.000000000000000000e+00 -1.474215818714964543e-01 1.441449006014836054e-01
