1.000000000230258569e-04 4.548189418614440456e+02 1.955833883507685869e+02 1.080882577952520052e+02
1.122634227564673579e-04 5.078000262256339283e+02 2.183513551039022786e+02 1.206712209487145913e+02
1.260307608609534901e-04 5.742928742237387496e+02 2.469288149893522473e+02 1.364664099137018241e+02
1.414864458359461712e-04 6.482551184977257890e+02 2.787112476361187987e+02 1.540345963222258661e+02
1.588375267953347550e-04 7.204083904484608638e+02 3.096997355920199197e+02 1.711642715288681700e+02
1.783164441611049004e-04 7.923391668598397928e+02 3.405698947769734559e+02 1.882323787354110038e+02
2.001841435067871621e-04 8.809751693683384701e+02 3.786087794767421997e+02 2.092639440822080701e+02
2.247335712646909519e-04 9.907335990961514653e+02 4.257174108756480564e+02 2.353109898526682287e+02
2.522935991264941354e-04 1.100244015268986914e+03 4.726871186942721579e+02 2.612843973313487709e+02
2.832334297096662638e-04 1.219075163608943512e+03 5.236273226662929119e+02 2.894589669053878538e+02
3.179675425093897337e-04 1.366334497443304144e+03 5.867746867847347403e+02 3.243837794414304767e+02
3.569612463934728852e-04 1.512889317711463264e+03 6.495748463490031099e+02 3.591234639006456746e+02
4.007369130231864672e-04 1.691429384182003787e+03 7.261119699929312219e+02 4.014623993047628687e+02
4.498809747048478080e-04 1.875305595531668359e+03 8.049136596225661151e+02 4.450583203178982785e+02
5.050517804175268938e-04 2.092793956778264146e+03 8.981752160676441008e+02 4.966525282249814381e+02
5.669884152586394726e-04 2.328017622024302909e+03 9.990607206478316584e+02 5.524628998175217021e+02
6.365206014554368984e-04 2.585588454410146369e+03 1.109577313008872125e+03 6.135973569378484171e+02
7.145798135793877959e-04 2.874331650341222939e+03 1.233540053424262396e+03 6.821633086380022633e+02
8.022117568662883325e-04 3.195337340153208970e+03 1.371430187197832538e+03 7.584229074080509463e+02
9.005903758055168549e-04 3.552541744485176423e+03 1.524950201425529258e+03 8.433147493131525607e+02
1.011033580661806338e-03 3.948823161423253168e+03 1.695348190210188477e+03 9.375285243018778374e+02
1.135020902606864940e-03 4.378888456830294672e+03 1.880325252679178902e+03 1.039786512837081091e+03
1.274213313974418031e-03 4.861819460098443415e+03 2.088121250285621954e+03 1.154650512037601402e+03
1.430475479156914512e-03 5.387175993561207179e+03 2.314210458747788834e+03 1.279615032199578081e+03
1.605900734223756829e-03 5.966741316827469745e+03 2.563682834406729853e+03 1.417503363975680486e+03
1.802839129895710598e-03 6.603349325452310040e+03 2.837755266619973099e+03 1.568992706236903814e+03
2.023928913547812410e-03 7.294304983029363939e+03 3.135213863895090071e+03 1.733406675386592269e+03
2.272131871983379750e-03 8.050821335241625093e+03 3.460928555216994937e+03 1.913454548578783715e+03
2.550773008441800313e-03 8.871970807004176095e+03 3.814486580366894941e+03 2.108907007918220188e+03
2.863585085365514225e-03 9.760497451058205115e+03 4.197086797512956764e+03 2.320431909059286227e+03
3.214758629634808552e-03 1.071406292387822032e+04 4.607693152243310578e+03 2.547450493169836591e+03
3.608998070155939632e-03 1.173291801308224058e+04 5.046463294047704039e+03 2.790063553729312389e+03
4.051584759838999447e-03 1.281602212476497880e+04 5.512996300451896786e+03 3.048060726531905857e+03
4.548447726227339283e-03 1.395660458276776262e+04 6.004356195426442355e+03 3.319814936705488890e+03
5.106243098575769836e-03 1.514872270708626093e+04 6.518111091794316053e+03 3.603998035908573456e+03
5.732443275407110572e-03 1.638161069919767397e+04 7.049657052076030595e+03 3.898081194834524467e+03
6.435437027063155117e-03 1.764063238293159156e+04 7.592796376471919757e+03 4.198656563952194119e+03
7.224641874254610074e-03 1.890932151418067951e+04 8.140541673649740915e+03 4.501879655503615140e+03
8.110630248067678127e-03 2.016348379863538139e+04 8.682608376292453613e+03 4.802090749461949599e+03
9.105271121505569346e-03 2.137703965484233413e+04 9.207921208330339141e+03 5.093193545121329407e+03
1.022188900990466699e-02 2.251688338938929883e+04 9.702400176782046401e+03 5.367435149378328788e+03
1.147544247024383408e-02 2.353981173594974098e+04 1.014762211731930074e+04 5.614662086872066538e+03
1.288272449057868002e-02 2.440107643053966967e+04 1.052450115351025852e+04 5.824345841876271152e+03
1.446258745407916733e-02 2.505111193744427146e+04 1.081183682454610607e+04 5.984790287587915373e+03
1.623619569135818438e-02 2.543914775692825788e+04 1.098784952458895350e+04 6.083962767175428780e+03
1.822730900435978393e-02 2.551043504851633406e+04 1.102891726791792462e+04 6.108778042678171914e+03
2.046260095998037737e-02 2.522269709293097549e+04 1.091662629056726109e+04 6.049009183074491375e+03
2.297201621738221775e-02 2.454528276286927576e+04 1.063730552008837731e+04 5.897000302456353893e+03
2.578917167586586637e-02 2.347854920178895190e+04 1.019038603903220246e+04 5.652280369657588381e+03
2.895180681720203528e-02 2.205768199618904691e+04 9.590087699743300618e+03 5.322518660023454686e+03
3.250228927534733192e-02 2.036667182379176302e+04 8.871655914116925487e+03 4.927032474935211212e+03
3.648818240631140908e-02 1.853285472711727562e+04 8.089323649737249070e+03 4.495687264352315651e+03
4.096288246151627566e-02 1.671234818843551329e+04 7.310556652254674191e+03 4.065836496157181500e+03
4.598633390041809155e-02 1.505530498551685741e+04 6.601493718744724902e+03 3.674349966698097887e+03
5.162583242493973962e-02 1.365764372785889645e+04 6.005944796165616935e+03 3.345933758930056683e+03
5.795692649341043640e-02 1.251630075479822517e+04 5.524925315650130869e+03 3.081601176670839777e+03
6.506442939097074885e-02 1.148546850944624566e+04 5.094251014522572405e+03 2.845573996890248964e+03
7.304355541444980393e-02 1.035191936316079955e+04 4.614430230763585314e+03 2.581296538494027573e+03
8.200119539239680844e-02 8.980842810388043290e+03 4.015247398570274981e+03 2.247447064844202941e+03
9.205734862752627812e-02 7.500099041587455758e+03 3.348605561340620170e+03 1.871949862714678375e+03
1.033467304443183715e-01 6.238666407933286791e+03 2.775549424065387029e+03 1.547776027264464119e+03
1.160205768769771578e-01 5.376329770854560593e+03 2.401298649853001734e+03 1.339210468368974716e+03
1.302486706739022226e-01 4.717623331779092950e+03 2.135088401297176006e+03 1.195073525059432995e+03
1.462216157596530064e-01 3.978102666136918288e+03 1.807190635497525136e+03 1.010594630487433733e+03
1.641533906237988560e-01 3.254245712127449224e+03 1.462407939928289807e+03 8.105082436406406714e+02
1.842842148426375448e-01 2.729800933062937929e+03 1.238387407049475996e+03 6.864511833810640837e+02
2.068837671345900298e-01 2.280218276300080561e+03 1.052008877808361376e+03 5.851597525181131232e+02
2.322547980593316352e-01 1.862507073081543240e+03 8.578159646881493927e+02 4.721698853936745195e+02
2.607371857574901086e-01 1.525119323525865411e+03 7.178233146760940144e+02 3.967307528256984597e+02
2.927124890628471365e-01 1.232672405205696123e+03 5.900034588542495158e+02 3.247512499115243259e+02
3.286090589819373742e-01 9.865729967222195000e+02 4.861091343788285712e+02 2.684304316125861760e+02
3.689077770159973624e-01 7.790035441806503513e+02 3.973104333688760335e+02 2.196827567453599102e+02
4.141484971975938345e-01 6.057799926864414601e+02 3.236059943825421215e+02 1.802821801646948074e+02
4.649372781414354283e-01 4.626727188291384891e+02 2.616778195214187122e+02 1.473553201607062704e+02
5.219545019921476570e-01 3.463016067290860178e+02 2.098565839185926052e+02 1.200672305119777548e+02
5.859639890329354506e-01 2.535608010169060265e+02 1.666204616153435438e+02 9.751721077240860325e+01
6.578232300572349756e-01 1.814915228189147172e+02 1.306876011426226967e+02 7.885374217794407059e+01
7.384948735793578356e-01 1.270731912667513228e+02 1.010212166291826037e+02 6.340176809961849358e+01
8.290596217703356530e-01 8.723708536473564834e+01 7.678077560331600182e+01 5.061779051011939146e+01
9.307307078768926045e-01 5.894860233255730009e+01 5.725642071246161180e+01 4.005241881816755267e+01
1.044870149067508081e+00 3.939956208044979746e+01 4.182632953445525459e+01 3.134682073019655135e+01
1.173006992433692330e+00 2.617950966067860818e+01 2.991302370224299523e+01 2.421337966500803063e+01
1.316857798575541416e+00 1.736968494672669650e+01 2.095616410645365235e+01 1.841821800874371817e+01
1.478349637175967013e+00 1.154610731650316424e+01 1.441148222984961613e+01 1.376956784515670407e+01
1.659645902619409696e+00 7.704714236472784528e+00 9.760409754721573350e+00 1.010156279831866222e+01
1.863175295489004624e+00 5.166899984732564732e+00 6.538051865210660729e+00 7.266964471497865397e+00
2.091664358187257822e+00 3.482836252748208850e+00 4.350641696191308583e+00 5.127614138640521624e+00
2.348174000537423645e+00 2.359138704271720677e+00 2.887736371400354773e+00 3.554090539908548951e+00
2.636140504673786467e+00 1.604683542084480719e+00 1.917952617830203099e+00 2.426032936950913932e+00
2.959421558534973240e+00 1.095086396460177136e+00 1.277447221566170965e+00 1.636410919356872773e+00
3.322347934639153344e+00 7.489692853335514489e-01 8.542862819815638664e-01 1.094833764516936592e+00
3.729781506445900785e+00 5.127383021363288718e-01 5.738312695992813239e-01 7.291619052378484067e-01
4.187180379509764627e+00 3.508975453685703738e-01 3.871010237268971421e-01 4.849393661347337070e-01
4.700672009942531204e+00 0.000000000000000000e+00 2.620708891231711690e-01 3.227895639879119205e-01
5.277135289701610610e+00 0.000000000000000000e+00 1.779057858210849052e-01 2.153777828139669670e-01
5.924292698344328478e+00 0.000000000000000000e+00 1.209443669292597501e-01 1.441456355236362397e-01
6.650813755741415534e+00 0.000000000000000000e+00 0.000000000000000000e+00 9.677281227772521754e-02
7.466431161634059954e+00 0.000000000000000000e+00 0.000000000000000000e+00 6.513418247503119374e-02
8.382071177875818790e+00 0.000000000000000000e+00 0.000000000000000000e+00 0.000000000000000000e+00
9.410000000000001918e+00 0.000000000000000000e+00 0.000000000000000000e+00 0.000000000000000000e+00
