1.000000000230258569e-04 3.064438528259081068e+03 1.250078387917202235e+03 6.988468681035193413e+02
1.115486563971542785e-04 3.416258411648153924e+03 1.391844723438847495e+03 7.777631115943614759e+02
1.244310274114527074e-04 3.764438778528465264e+03 1.531077725628865210e+03 8.550473654658094347e+02
1.388011391866901154e-04 4.166657763747476565e+03 1.691628594094244136e+03 9.440829040514070130e+02
1.548308057910457113e-04 4.672783258560205468e+03 1.894244698302422421e+03 1.056532048776741931e+03
1.727116835090306587e-04 5.223386942708962124e+03 2.114082993392127264e+03 1.178355816803942162e+03
1.926575623508681512e-04 5.778192483046791494e+03 2.334141967184500118e+03 1.299906570273721172e+03
2.149069222004190347e-04 6.452742865072696986e+03 2.602813940260904019e+03 1.448426009584349686e+03
2.397257841638464457e-04 7.196282335962042453e+03 2.899500424765166372e+03 1.612376113138447636e+03
2.674108912107391479e-04 7.981376505705025011e+03 3.213074760127750324e+03 1.785495302152936802e+03
2.982932561365508645e-04 8.901973229654840907e+03 3.583888209007923251e+03 1.990685989783920604e+03
3.327421192670277522e-04 9.861237596594899514e+03 3.972294632707637447e+03 2.205762469823268475e+03
3.711693632243215748e-04 1.094228934281610054e+04 4.414461595520474475e+03 2.451432641228371722e+03
4.140344375392690035e-04 1.212761412803595522e+04 4.904166073675492953e+03 2.724485958682827004e+03
4.618498519902246974e-04 1.338436714584876427e+04 5.428660110418923068e+03 3.018063760389904928e+03
5.151873043487156757e-04 1.475672992028884983e+04 6.006864964818701992e+03 3.343123365587543503e+03
5.746845157973842983e-04 1.625370641804822844e+04 6.642724154588573583e+03 3.702165893623415286e+03
6.410528557468661917e-04 1.788080947537702014e+04 7.338154507240080420e+03 4.096333521038383878e+03
7.150858472165629249e-04 1.965812046493011076e+04 8.100585670090940766e+03 4.529724898069261144e+03
7.976686544726134401e-04 2.158970045524575471e+04 8.930441232709781616e+03 5.002396600208938253e+03
8.897886663605780169e-04 2.366677234554795723e+04 9.823099234085586431e+03 5.511519178924238986e+03
9.925473018708411317e-04 2.596933312207132985e+04 1.081106447059867060e+04 6.075107434756559996e+03
1.107173179088194286e-03 2.847318289057179209e+04 1.188316848491422934e+04 6.686469051168131955e+03
1.235036804978161722e-03 3.119644205680389859e+04 1.304667160744230569e+04 7.349506581420860130e+03
1.377666961646263968e-03 3.414785894482281583e+04 1.430520649704352036e+04 8.066136138384557853e+03
1.536768984990051967e-03 3.736620072969670582e+04 1.567499321262616832e+04 8.845363729413855253e+03
1.714245154289869167e-03 4.082642886926209758e+04 1.714554827192858647e+04 9.681294219705123396e+03
1.912217436523370962e-03 4.455414920314496703e+04 1.872741809705227206e+04 1.057997997846180806e+04
2.133052857342773462e-03 4.852062783386462252e+04 2.040849493823466764e+04 1.153471386587314009e+04
2.379391802059096454e-03 5.272483274569308560e+04 2.218902786887445836e+04 1.254552892021449225e+04
2.654179585009814029e-03 5.712900863180101442e+04 2.405439063653071935e+04 1.360385009523656845e+04
2.960701664764286197e-03 6.169872891417265782e+04 2.599104693036506796e+04 1.470193364433598799e+04
3.302622926212283368e-03 6.638441835306037683e+04 2.797588351807650906e+04 1.582841170067246276e+04
3.684031499205906151e-03 7.111953225953101355e+04 2.998154410156618906e+04 1.696662855692830271e+04
4.109487637665882979e-03 7.583205529097199906e+04 3.197842298863071119e+04 1.809994962680411845e+04
4.584078243567925488e-03 8.043412094366797828e+04 3.392993388412699278e+04 1.920787015102316218e+04
5.113477687716873853e-03 8.482619049148290651e+04 3.579455415473748144e+04 2.026703651546909532e+04
5.704015654503047893e-03 8.889834427233904717e+04 3.752636924374420050e+04 2.125158982222557461e+04
6.362752821816417166e-03 9.253175343793218781e+04 3.907570436441867787e+04 2.213351337575121215e+04
7.097565280973966440e-03 9.559910586435488949e+04 4.038930058928400831e+04 2.288275214368589513e+04
7.917238706014356406e-03 9.796770611652836669e+04 4.141153124949855555e+04 2.346790199503654367e+04
8.831573398280912271e-03 9.949008991113505908e+04 4.208040595715344534e+04 2.385386430938170452e+04
9.851501462242475554e-03 1.000801001176942955e+05 4.235964193857261125e+04 2.402012884958583163e+04
1.098921751354712747e-02 9.945559597151720664e+04 4.212953247476214892e+04 2.389865369882519735e+04
1.225832448210000328e-02 9.753296638101630379e+04 4.135378375088558823e+04 2.346862538625010347e+04
1.367399625343743499e-02 9.431227287575074297e+04 4.003092369281768333e+04 2.272880119565050700e+04
1.525315909299450497e-02 8.978899363547221583e+04 3.815672323751522345e+04 2.167619860653976866e+04
1.701469402243795462e-02 8.403627390558384650e+04 3.575914334969573247e+04 2.032597078928505653e+04
1.897966256774625410e-02 7.728064513939688914e+04 3.293074078202478267e+04 1.872988688930022181e+04
2.117155857815964867e-02 6.989495689689840947e+04 2.982640439819966559e+04 1.697512003483756780e+04
2.361658912683562567e-02 6.234113545571073337e+04 2.664034553873381446e+04 1.517149314685657191e+04
2.634398785175567220e-02 5.514352721196920174e+04 2.359616738753203754e+04 1.344625482871507484e+04
2.938636448329653983e-02 4.877640046449538931e+04 2.089961913686324260e+04 1.191707477373591973e+04
3.278009473753994152e-02 4.354439688984513487e+04 1.868780992630217952e+04 1.066333278760728172e+04
3.656575523702054742e-02 3.945043602976176044e+04 1.696987346487906325e+04 9.691795083882530889e+03
4.078860865897657173e-02 3.615015927818881755e+04 1.560198052617381290e+04 8.921218148671574454e+03
4.549914491170512637e-02 3.292010614008311677e+04 1.426247677134918922e+04 8.165917742773177451e+03
5.075368480951484434e-02 2.910155091997430645e+04 1.264103482321941738e+04 7.243363215267388114e+03
5.661505346402430361e-02 2.460113638719704977e+04 1.067087337381461111e+04 6.110002321120654415e+03
6.315333144310807112e-02 2.016733525350244599e+04 8.687680459806430008e+03 4.960071215759429833e+03
7.044669267860774464e-02 1.678751444344408083e+04 7.183941815038097047e+03 4.088634826080398852e+03
7.858233914112514040e-02 1.465568231814961291e+04 6.300254137532477216e+03 3.588469455318931068e+03
8.765754345719625751e-02 1.294022587971130633e+04 5.628148159390136243e+03 3.216313229568901534e+03
9.778081193473929511e-02 1.087285801355581498e+04 4.712228221519209001e+03 2.684100537240820813e+03
1.090731819023149224e-01 8.889574524119328998e+03 3.779944982109369448e+03 2.129454425301121319e+03
1.216696688736408766e-01 7.523473769561059271e+03 3.214375284492853098e+03 1.809482769048034697e+03
1.357208808401622890e-01 6.373704331013324918e+03 2.759671987278568395e+03 1.558247634084749507e+03
1.513948189927238619e-01 5.258621754050905110e+03 2.247236570286321694e+03 1.252081002305612856e+03
1.688788864024014236e-01 4.374554432346314570e+03 1.887502604929726886e+03 1.051019347677142832e+03
1.883821286769788717e-01 3.611581106813192491e+03 1.570135306584482123e+03 8.703558090996541523e+02
2.101377333831422056e-01 2.961588785380934496e+03 1.300741181037341221e+03 7.170603097019179586e+02
2.344058181183555356e-01 2.411719930871901852e+03 1.077988822245401252e+03 5.924680910473201720e+02
2.614765405675759102e-01 1.946275329463660228e+03 8.912213987146734553e+02 4.889000987910751519e+02
2.916735677297306317e-01 1.553845387730322273e+03 7.341875413562790982e+02 4.021709910480183794e+02
3.253579457932418983e-01 1.225134359716284507e+03 6.031719696156615100e+02 3.310174211698230806e+02
3.629324169301749725e-01 9.521424088805440533e+02 4.934903595721213492e+02 2.721305352875514245e+02
4.048462346221089470e-01 7.281349008035615498e+02 4.016283408262634680e+02 2.233751190616779922e+02
4.516005350914485406e-01 5.472084265934159930e+02 3.247450753058748205e+02 1.830327591806922953e+02
5.037543290608768043e-01 4.038806073791088238e+02 2.604960358070364350e+02 1.496383561144036207e+02
5.619311854805180140e-01 2.928523927100899300e+02 2.069519708157350806e+02 1.219652405322183597e+02
6.268266871357865977e-01 2.089040125328989177e+02 1.625491904838449102e+02 9.901675859598405793e+01
6.992167472777639503e-01 1.469611425669642699e+02 1.260076968129479269e+02 7.998037961616583402e+01
7.799668867126374749e-01 1.022830906733883012e+02 9.625722096611966094e+01 6.419579747003223247e+01
8.700425822703268253e-01 7.067748527343978537e+01 7.237158236681997892e+01 5.112245294073572666e+01
9.705208103821856280e-01 4.864965802754186086e+01 5.352348404016722583e+01 4.032784303528364234e+01
1.082602923786821769e+00 3.344893713547665470e+01 3.894362600174581956e+01 3.146158926229141883e+01
1.207629015322442267e+00 2.301654890718114999e+01 2.790617461708074742e+01 2.423547026165588392e+01
1.347093940544190405e+00 1.586942011886227988e+01 1.973150895458267939e+01 1.840902185937126490e+01
1.502665190738521561e+00 1.096870063817030783e+01 1.380117082400241380e+01 1.377551872396966282e+01
1.676202830030598223e+00 7.599834714407158742e+00 9.576450697618794194e+00 1.015116976317373343e+01
1.869781734959676811e+00 5.276159153917874711e+00 6.610681228546651411e+00 7.368303449200145572e+00
2.085716402426663674e+00 3.667572647706580646e+00 4.550944848554120625e+00 5.273429745172016680e+00
2.326588622626292402e+00 2.550129349997253936e+00 3.130243541463974655e+00 3.727324395442771721e+00
2.595278347831105226e+00 1.771568935677415579e+00 2.153791626787201707e+00 2.607286656098173339e+00
2.894998126105261083e+00 0.000000000000000000e+00 1.483310290324771463e+00 1.809169953833057454e+00
3.229331511649635278e+00 0.000000000000000000e+00 1.022507695299387231e+00 1.248110667020836839e+00
3.602275911025628830e+00 0.000000000000000000e+00 7.051915922510794132e-01 8.577682977137499609e-01
4.018290377542188097e+00 0.000000000000000000e+00 4.861564972434756493e-01 5.881458665641938754e-01
4.482348925252354732e+00 0.000000000000000000e+00 0.000000000000000000e+00 4.027240069622509133e-01
5.000000000000000888e+00 0.000000000000000000e+00 0.000000000000000000e+00 2.754759871213090516e-01
