1.000000000230258569e-04 1.261576265378397329e+04 5.494819265211158381e+03 3.116910925023728396e+03
1.115486563971542785e-04 1.397803682795871282e+04 6.080401782495268890e+03 3.445710085335583244e+03
1.244310274114527074e-04 1.528380896623654553e+04 6.636925970227513972e+03 3.755864369463608000e+03
1.388011391866901154e-04 1.679932113175459745e+04 7.282794267714012676e+03 4.115348997170923212e+03
1.548308057910457113e-04 1.875842466655396856e+04 8.123067127497131878e+03 4.584749172944861130e+03
1.727116835090306587e-04 2.087736901490243690e+04 9.032341291980434107e+03 5.091628774165857976e+03
1.926575623508681512e-04 2.294692525623288748e+04 9.918338371332640236e+03 5.582428492836663281e+03
2.149069222004190347e-04 2.549500102092096859e+04 1.101979315210295863e+04 6.195463705315102743e+03
2.397257841638464457e-04 2.827853229260679655e+04 1.223419739355490128e+04 6.873105019854652710e+03
2.674108912107391479e-04 3.112302617051115885e+04 1.348908223976485715e+04 7.574735061720647536e+03
2.982932561365508645e-04 3.444940449215721310e+04 1.498162789163528578e+04 8.417220292369105664e+03
3.327421192670277522e-04 3.774900812884115294e+04 1.649201259873060189e+04 9.276550186735366879e+03
3.711693632243215748e-04 4.136735884380014613e+04 1.818402232262293182e+04 1.025189740044667633e+04
4.140344375392690035e-04 4.514348438050205732e+04 1.999240562791510092e+04 1.130969832142223640e+04
4.618498519902246974e-04 4.887248185065178404e+04 2.182825615787267452e+04 1.240207390423593279e+04
5.151873043487156757e-04 5.268661136347641877e+04 2.374782346312579466e+04 1.356374455790759021e+04
5.746845157973842983e-04 5.654977405602387444e+04 2.572842935942380427e+04 1.478265357200818107e+04
6.410528557468661917e-04 6.042761248671834619e+04 2.774404531351427795e+04 1.604144317943072019e+04
7.150858472165629249e-04 6.435626599413398071e+04 2.979634865546645597e+04 1.733626734934869091e+04
7.976686544726134401e-04 6.830026281748848851e+04 3.185411920331945294e+04 1.864299383108000256e+04
8.897886663605780169e-04 7.216419246714875044e+04 3.386668492638859607e+04 1.992722173993277829e+04
9.925473018708411317e-04 7.626471285434570746e+04 3.596997232655784319e+04 2.126210084580139301e+04
1.107173179088194286e-03 8.043783251031067630e+04 3.808738291966854013e+04 2.259846717298776639e+04
1.235036804978161722e-03 8.471514905175118474e+04 4.023375764416994207e+04 2.394349833372535431e+04
1.377666961646263968e-03 8.908562679529668821e+04 4.240724808658636175e+04 2.529649967247906898e+04
1.536768984990051967e-03 9.367717843226199329e+04 4.466861838071210514e+04 2.669328372595020846e+04
1.714245154289869167e-03 9.834012245669899858e+04 4.695458862299886823e+04 2.809856256219228089e+04
1.912217436523370962e-03 1.031648440915634274e+05 4.930774302631197497e+04 2.953795390641364065e+04
2.133052857342773462e-03 1.080182682714586845e+05 5.167171098194655497e+04 3.098047339115965224e+04
2.379391802059096454e-03 1.129421543109847553e+05 5.406253655443618482e+04 3.243514406811392837e+04
2.654179585009814029e-03 1.178592649624356418e+05 5.644038307553691266e+04 3.387796930791201885e+04
2.960701664764286197e-03 1.227282702935928974e+05 5.879077158321313618e+04 3.529911634733840765e+04
3.302622926212283368e-03 1.274466730828250293e+05 6.107342692215364514e+04 3.668323991454691713e+04
3.684031499205906151e-03 1.319301388557929604e+05 6.324155456244903326e+04 3.799663211714247882e+04
4.109487637665882979e-03 1.361068622641075635e+05 6.526187743846231024e+04 3.921961678410043532e+04
4.584078243567925488e-03 1.398712116195201816e+05 6.708454103053623112e+04 4.032295539142117195e+04
5.113477687716873853e-03 1.431070147460949956e+05 6.865441005025448976e+04 4.127368761562029977e+04
5.704015654503047893e-03 1.456849962091430789e+05 6.991038402878370835e+04 4.203545357562392019e+04
6.362752821816417166e-03 1.474661392236542597e+05 7.078558148212026572e+04 4.256817908830815577e+04
7.097565280973966440e-03 1.482982889713590848e+05 7.120811078094042023e+04 4.282879462288037757e+04
7.917238706014356406e-03 1.480248230488198169e+05 7.110253815796264098e+04 4.277229465493797034e+04
8.831573398280912271e-03 1.464884194654847961e+05 7.039263510174985277e+04 4.235225415055305348e+04
9.851501462242475554e-03 1.435404066597470955e+05 6.900730737467115978e+04 4.152617144016782549e+04
1.098921751354712747e-02 1.390546942968731164e+05 6.688473959808774816e+04 4.025657694531224115e+04
1.225832448210000328e-02 1.329496703689607384e+05 6.398429685826065543e+04 3.851874508174735820e+04
1.367399625343743499e-02 1.252229941618786252e+05 6.030248545952184213e+04 3.631008249854554015e+04
1.525315909299450497e-02 1.159871579551099276e+05 5.589044604671985144e+04 3.366071965008275583e+04
1.701469402243795462e-02 1.055013638459105423e+05 5.086929798821514123e+04 3.064282908795952972e+04
1.897966256774625410e-02 9.419569096945322235e+04 4.544260422903407016e+04 2.737823173168871654e+04
2.117155857815964867e-02 8.266424993852322223e+04 3.989416713895773137e+04 2.403733236072588261e+04
2.361658912683562567e-02 7.160588393380580237e+04 3.456099188154312287e+04 2.082318111238913843e+04
2.634398785175567220e-02 6.171148574071774055e+04 2.978037597401770836e+04 1.793987204533894328e+04
2.938636448329653983e-02 5.351975417841126182e+04 2.582090639867276332e+04 1.555113792567156815e+04
3.278009473753994152e-02 4.725973907140936353e+04 2.280495801574312645e+04 1.373329263980981523e+04
3.656575523702054742e-02 4.271341071344491502e+04 2.063726929648195437e+04 1.243111118460219404e+04
4.078860865897657173e-02 3.920264194531366957e+04 1.899019693423057834e+04 1.144706641751113784e+04
4.549914491170512637e-02 3.559262783733368269e+04 1.728972908534989983e+04 1.042937687492021723e+04
5.075368480951484434e-02 3.100612555759767565e+04 1.506615890651780865e+04 9.084476422125815589e+03
5.661505346402430361e-02 2.553327407900066100e+04 1.233336427142775392e+04 7.413717189198127926e+03
6.315333144310807112e-02 2.039364750177501992e+04 9.724866426943421175e+03 5.809025769258170840e+03
7.044669267860774464e-02 1.681802512792070775e+04 7.942863426765970871e+03 4.719377290380933118e+03
7.858233914112514040e-02 1.476984870775902164e+04 7.025164875075570308e+03 4.182011788688104389e+03
8.765754345719625751e-02 1.301280364912448931e+04 6.266004234000547513e+03 3.745195181103621508e+03
9.778081193473929511e-02 1.073386220703379513e+04 5.110311332678417784e+03 3.030762436071288448e+03
1.090731819023149224e-01 8.679105188801680924e+03 4.029954950239242862e+03 2.351870452225079134e+03
1.216696688736408766e-01 7.346748523671341900e+03 3.442751404680750056e+03 2.013710180523935151e+03
1.357208808401622890e-01 6.170590230280308788e+03 2.917657716203540986e+03 1.708902793864606792e+03
1.513948189927238619e-01 5.054103459545526675e+03 2.347141253641740150e+03 1.349480408677301057e+03
1.688788864024014236e-01 4.186527762398407503e+03 1.965831965998961323e+03 1.132449502162007775e+03
1.883821286769788717e-01 3.434646429157938655e+03 1.616610440186807409e+03 9.229576053792682160e+02
2.101377333831422056e-01 2.803180582467399745e+03 1.332635914233195308e+03 7.573345506899349857e+02
2.344058181183555356e-01 2.271125898315835911e+03 1.095272620983555726e+03 6.189015813034588973e+02
2.614765405675759102e-01 1.824103157130499540e+03 8.996530095476269935e+02 5.072729191558465800e+02
2.916735677297306317e-01 1.449363978190974649e+03 7.362121194706263623e+02 4.141808196169409939e+02
3.253579457932418983e-01 1.137198083069642280e+03 6.007004210773307022e+02 3.382602327944834997e+02
3.629324169301749725e-01 8.792963514135692549e+02 4.881675352839565107e+02 2.761084347707285929e+02
4.048462346221089470e-01 6.686945659690014736e+02 3.945993038566342079e+02 2.250782446471033325e+02
4.516005350914485406e-01 4.993788422697943474e+02 3.168360767550222477e+02 1.831748804995328896e+02
5.037543290608768043e-01 3.658592112276837724e+02 2.523094921262089088e+02 1.487470877437775414e+02
5.619311854805180140e-01 2.629183482926919169e+02 1.989200848903493011e+02 1.204287972693481805e+02
6.268266871357865977e-01 1.854967879547856171e+02 1.549730435739022028e+02 9.711582456204057223e+01
6.992167472777639503e-01 1.287331231518627987e+02 1.190854463211922791e+02 7.791680689765573220e+01
7.799668867126374749e-01 8.811934321283938232e+01 9.010343258592550342e+01 6.211275856330961176e+01
8.700425822703268253e-01 5.968470571830522431e+01 6.703186228646649170e+01 4.911860930465630304e+01
9.705208103821856280e-01 4.012638988833712261e+01 4.898804403833199217e+01 3.846831108204470695e+01
1.082602923786821769e+00 2.684833250665398552e+01 3.516124385156670940e+01 2.978557666556972094e+01
1.207629015322442267e+00 1.791147346192362733e+01 2.479865859877452650e+01 2.276174898436675420e+01
1.347093940544190405e+00 1.192523678168831403e+01 1.720778542230706876e+01 1.714036162262533480e+01
1.502665190738521561e+00 7.923208335687908388e+00 1.176902973381357498e+01 1.270261918876241936e+01
1.676202830030598223e+00 5.248353448904593321e+00 7.950450783028571777e+00 9.256440826978320047e+00
1.869781734959676811e+00 3.459861986783354659e+00 5.316019124592340717e+00 6.629461770701674084e+00
2.085716402426663674e+00 2.264111289573052854e+00 3.524411962755663374e+00 4.666865378670833842e+00
2.326588622626292402e+00 1.465825291485062465e+00 2.319457549466947377e+00 3.230687676289360155e+00
2.595278347831105226e+00 9.349420080339321260e-01 1.515774195498567511e+00 2.201035989912672353e+00
2.894998126105261083e+00 0.000000000000000000e+00 9.830457834889593238e-01 1.477115742750601646e+00
3.229331511649635278e+00 0.000000000000000000e+00 6.316795721591973445e-01 9.772239653419811933e-01
3.602275911025628830e+00 0.000000000000000000e+00 4.010762117867383569e-01 6.376054560898628543e-01
4.018290377542188097e+00 0.000000000000000000e+00 0.000000000000000000e+00 4.102178060740877541e-01
4.482348925252354732e+00 0.000000000000000000e+00 0.000000000000000000e+00 2.599881794265555546e-01
5.000000000000000888e+00 0.000000000000000000e+00 0.000000000000000000e+00 0.000000000000000000e+00
