1.000000000230258569e-04 8.123701981687554508e+02 3.678399610771506900e+02 2.080302562498989403e+02
1.115026695290953366e-04 8.915030571352468769e+02 4.036016821319676637e+02 2.282279387950359819e+02
1.243284530925187648e-04 9.928602436613406326e+02 4.494213257789747331e+02 2.541119862558324485e+02
1.386295441504667143e-04 1.116365079004756808e+03 5.052581263079945302e+02 2.856537857330202428e+02
1.545756424481938766e-04 1.250536452511164725e+03 5.658879805605772617e+02 3.198947007198287338e+02
1.723559677317991945e-04 1.381228090871826453e+03 6.248822270864728807e+02 3.531815925571224284e+02
1.921815050694108094e-04 1.512543531442857329e+03 6.840869461322971574e+02 3.865566350562250477e+02
2.142875084442451923e-04 1.671629327711419364e+03 7.558179198560277428e+02 4.269873464389908122e+02
2.389362923277018713e-04 1.868882697727664208e+03 8.447982256725293837e+02 4.771482280650343455e+02
2.664203443578849946e-04 2.070885608064987082e+03 9.358681634560391558e+02 5.284472137187356111e+02
2.970657960592480913e-04 2.278107853001711646e+03 1.029241694292294142e+03 5.809972434931067937e+02
3.312362927876497001e-04 2.537193064091477481e+03 1.146124003719710345e+03 6.468136231025276857e+02
3.693373088223966556e-04 2.805180146195984889e+03 1.267077655419587927e+03 7.148977469393056481e+02
4.118209588090659132e-04 3.103111609636563571e+03 1.401706590251717216e+03 7.906992187775722414e+02
4.591913626466918256e-04 3.437931664206046207e+03 1.553273651002431052e+03 8.760961488683235530e+02
5.120106274801957584e-04 3.801853547925527437e+03 1.718310158413218005e+03 9.691484582139325994e+02
5.709055177816341068e-04 4.196243780972740751e+03 1.897571289240093847e+03 1.070336638309310956e+03
6.365748926688486646e-04 4.645499389429768598e+03 2.102212945710690747e+03 1.186018271865360475e+03
7.097979987143026312e-04 5.127421205372573240e+03 2.322207271258273522e+03 1.310547862487873772e+03
7.914437166483044659e-04 5.651387854943557613e+03 2.561836730664458173e+03 1.446385115297279754e+03
8.824808716799498404e-04 6.228063075674278480e+03 2.825933161471537005e+03 1.596289833395852156e+03
9.839897297802024153e-04 6.862193818742154690e+03 3.116603560967176691e+03 1.761451934755339380e+03
1.097174816344422205e-03 7.555172370935008075e+03 3.434392013700862663e+03 1.942159063179397435e+03
1.223379209343287413e-03 8.300699029468491062e+03 3.776323212007771872e+03 2.136693381023198526e+03
1.364100476567608111e-03 9.125318609510652095e+03 4.154386112449758002e+03 2.351820707601551021e+03
1.521008446081769522e-03 1.001010762589949445e+04 4.559941863238290352e+03 2.582620410476975849e+03
1.695965020753673102e-03 1.097855478305662291e+04 5.003587682335745740e+03 2.835055263304974687e+03
1.891046271984591709e-03 1.202171195081241603e+04 5.481249568568186987e+03 3.106803927929230213e+03
2.108567074807741158e-03 1.314686939122683907e+04 5.996254714084789157e+03 3.399742953774689340e+03
2.351108576680822643e-03 1.434899336440258594e+04 6.546344890311784184e+03 3.712587101163504485e+03
2.621548825923003187e-03 1.563024559632293494e+04 7.132523633137392608e+03 4.045907754034470145e+03
2.923096923239734257e-03 1.697959161529952689e+04 7.749801518700664928e+03 4.396885573064147138e+03
3.259331101584665453e-03 1.840129379689069174e+04 8.400192382738092419e+03 4.766683722183052851e+03
3.634241186222156913e-03 1.987812148167673149e+04 9.075888712428144572e+03 5.150874643607723556e+03
4.052275938830490927e-03 2.140069650904565424e+04 9.772692501534878829e+03 5.547082064276009987e+03
4.518395847440812539e-03 2.295513259780130829e+04 1.048432558375564804e+04 5.951879401594068440e+03
5.038131988628217865e-03 2.452370828070435891e+04 1.120278600784082300e+04 6.360675026758681270e+03
5.617651660426248826e-03 2.608357714152368862e+04 1.191770962838340165e+04 6.767586055127539112e+03
6.263831564778516575e-03 2.761123149592358459e+04 1.261851010720795057e+04 7.166655915496733542e+03
6.984339407925946493e-03 2.907678636660535631e+04 1.329164892056568169e+04 7.550234571243826394e+03
7.787724887016851671e-03 3.044600664826665525e+04 1.392162417462152371e+04 7.909552234639974813e+03
8.683521142606049834e-03 3.168849119248007264e+04 1.449469026928894164e+04 8.236848948934539294e+03
9.682357880899711625e-03 3.274102568009037350e+04 1.498199841525849843e+04 8.515723104999524367e+03
1.079608750807801998e-02 3.355722151298601966e+04 1.536242260772986447e+04 8.734174934415283133e+03
1.203792577343234388e-02 3.409727188810671942e+04 1.561781682160672426e+04 8.881911902854868458e+03
1.342260859021738965e-02 3.430756243046826421e+04 1.572355147357955138e+04 8.944891834609503348e+03
1.496656689508787767e-02 3.413104231932516268e+04 1.565333433167913245e+04 8.908094175569063736e+03
1.668812162103823840e-02 3.352363577415193140e+04 1.538668981228433404e+04 8.759794267506295000e+03
1.860770109743517184e-02 3.245218825565553198e+04 1.490795581804674293e+04 8.490966933396903187e+03
2.074808345685756270e-02 3.090139704169579636e+04 1.420927299805008988e+04 8.096877440537180519e+03
2.313466692519383291e-02 2.889107339066226996e+04 1.329877034701682169e+04 7.581838342124384326e+03
2.579577120231610690e-02 2.648262454325103317e+04 1.220358165159476812e+04 6.961051826954102580e+03
2.876297350957714855e-02 2.378707493479846380e+04 1.097341630355230700e+04 6.262505936271259998e+03
3.207148329174031032e-02 2.096547952726661606e+04 9.681405532759023117e+03 5.527635072780468363e+03
3.576056001963404812e-02 1.821113591393062961e+04 8.416361459718804326e+03 4.807063664956439425e+03
3.987397905126498221e-02 1.572376713318972543e+04 7.271242676686681079e+03 4.154050980979955966e+03
4.446055107939526907e-02 1.366468453707255139e+04 6.322749577380808660e+03 3.612877015580072566e+03
4.957470132945773766e-02 1.210862633095224737e+04 5.608686118816401176e+03 3.205863043153030048e+03
5.527711538069327024e-02 1.101000979325355365e+04 5.111031975313018847e+03 2.923378905520473381e+03
6.163545927395905344e-02 1.018774184901493209e+04 4.746439400366543850e+03 2.717901593101315029e+03
6.872518245115814828e-02 9.331012316471296799e+03 4.364828172521629313e+03 2.502334794163325569e+03
7.663041305413779980e-02 8.174571887226677973e+03 3.830731458028921679e+03 2.196538063414596309e+03
8.544495620686157200e-02 6.730901910641633549e+03 3.140934639651640282e+03 1.796715599673158749e+03
9.527340712667957401e-02 5.348507624039082657e+03 2.467661103837776864e+03 1.403659045554958766e+03
1.062323922731101822e-01 4.397827596215830454e+03 2.011742428771595314e+03 1.138728100141243885e+03
1.184519532618636822e-01 3.889090995444056716e+03 1.794939923047721777e+03 1.018458297461899065e+03
1.320770899659224340e-01 3.464464922455803389e+03 1.623468708864741529e+03 9.257879885155374495e+02
1.472694811144383831e-01 2.859476041365591300e+03 1.327125509112816644e+03 7.516217593157062993e+02
1.642094028064348954e-01 2.297288908732542041e+03 1.038115868922829122e+03 5.782838473841363793e+02
1.830978677048002712e-01 1.955157016571328768e+03 8.931140296004441552e+02 4.989263467564233565e+02
2.041590102946942431e-01 1.655194942799216506e+03 7.653492958756619373e+02 4.289945734884109356e+02
2.276427465103479653e-01 1.355378581332237445e+03 6.119994392152533464e+02 3.359999062144872255e+02
2.538277392899435103e-01 1.131266385841311148e+03 5.162935920187296688e+02 2.843373660545696566e+02
2.830247052484705095e-01 9.357121623437481048e+02 4.258813646583639638e+02 2.323184408572551547e+02
3.155801017062329072e-01 7.722392210794218954e+02 3.522007856474320420e+02 1.909428800800761223e+02
3.518802378240603601e-01 6.352973025620018461e+02 2.907761735184332110e+02 1.564997804219273121e+02
3.923558586288135031e-01 5.207294445611260016e+02 2.402158505208861072e+02 1.287368645107305554e+02
4.374872563241952172e-01 4.248380156013201372e+02 1.978002273264337134e+02 1.053051072978278313e+02
4.878099695387512202e-01 3.447860592910504920e+02 1.627486694359359376e+02 8.630155740967487077e+01
5.439211381395319123e-01 2.780754886708579647e+02 1.336629311283996913e+02 7.071659253761316677e+01
6.064865890189676811e-01 2.226629365020267244e+02 1.094991188978713836e+02 5.790395060007240602e+01
6.762487369363893164e-01 1.768353477756167536e+02 8.941944208543638695e+01 4.737810850916780936e+01
7.540353941672404137e-01 1.391742150272062588e+02 7.273698741037404147e+01 3.873658686793414319e+01
8.407695934971151086e-01 1.084777993377170446e+02 5.888403457041314937e+01 3.163480497448453121e+01
9.374805411223435803e-01 8.370009533494614118e+01 4.738903877075254911e+01 2.578870159686104557e+01
1.045315829426528564e+00 6.392845092637130477e+01 3.787381054608191988e+01 2.097332426603551525e+01
1.165555054552403824e+00 4.834722342190298150e+01 3.002693075204732409e+01 1.700388796963916604e+01
1.299625000357985227e+00 3.622612694801888011e+01 2.359149214253958604e+01 1.372971538828256577e+01
1.449116568932995452e+00 2.691567294643261121e+01 1.835453331145208011e+01 1.103063079432083526e+01
1.615803658576671964e+00 1.984718823970998614e+01 1.413293491770401111e+01 8.807701308432404730e+00
1.801664213246928048e+00 1.453677698518563055e+01 1.076835704837023222e+01 6.981600267659917591e+00
2.008903693258128342e+00 1.058283696765941073e+01 8.120513785862069511e+00 5.488115513461093720e+00
2.239981245735629400e+00 7.661712734702697425e+00 6.064279344544338812e+00 4.274002130321419735e+00
2.497638885371206374e+00 5.517611749103860319e+00 4.488350498609960049e+00 3.295203710099251282e+00
2.784934031744384253e+00 3.952536572576916818e+00 3.295288606240017959e+00 2.514074195085939767e+00
3.105275789304232426e+00 2.815693360274702073e+00 2.401957164696956859e+00 1.897882358002941361e+00
3.462465400517639402e+00 1.993578868917687652e+00 1.739360635027118018e+00 1.417942010585880208e+00
3.860741352209485999e+00 1.401701145718660113e+00 1.251868685714218277e+00 1.048981875964485111e+00
4.304829670336041580e+00 9.775537313161537512e-01 8.956531211882445831e-01 7.689498042843933012e-01
4.799999999999999822e+00 0.000000000000000000e+00 6.368805819178972039e-01 5.589384391921471407e-01
