1.000000000230258569e-04 1.161522315115132733e+04 4.685730789580542478e+03 2.487478214751038649e+03
1.115486563971542785e-04 1.277886631866000425e+04 5.160711180349645474e+03 2.740472912626449215e+03
1.244310274114527074e-04 1.383214146945391622e+04 5.594779114271763319e+03 2.972322579878246870e+03
1.388011391866901154e-04 1.504248169065812726e+04 6.094237667893469734e+03 3.239254069460889696e+03
1.548308057910457113e-04 1.665178929407971737e+04 6.754734237607422074e+03 3.591805927297256858e+03
1.727116835090306587e-04 1.835885437592759263e+04 7.457080305294799473e+03 3.967107305116252064e+03
1.926575623508681512e-04 1.993052897510250477e+04 8.109508718041533939e+03 4.316855223320155346e+03
2.149069222004190347e-04 2.192243303927661327e+04 8.931334691587795533e+03 4.756865917799358613e+03
2.397257841638464457e-04 2.410601832189688866e+04 9.830484238506469410e+03 5.238345490840580169e+03
2.674108912107391479e-04 2.630443242117983027e+04 1.073660545318882396e+04 5.724192461046461176e+03
2.982932561365508645e-04 2.900788956663913632e+04 1.184110854554248908e+04 6.315156879177447991e+03
3.327421192670277522e-04 3.172327334304316173e+04 1.294786707406782989e+04 6.907531884416805951e+03
3.711693632243215748e-04 3.488985210193116654e+04 1.422817481106540436e+04 7.591341687991218350e+03
4.140344375392690035e-04 3.840230821591751010e+04 1.563924054176374557e+04 8.343742163481854732e+03
4.618498519902246974e-04 4.212712473714508087e+04 1.712671221741012414e+04 9.135690359503163563e+03
5.151873043487156757e-04 4.627130064849839255e+04 1.877245493021582661e+04 1.001024757827060239e+04
5.746845157973842983e-04 5.086242692982336303e+04 2.058782013272480617e+04 1.097327076775613932e+04
6.410528557468661917e-04 5.589853571882272809e+04 2.257285012117783117e+04 1.202479495903569114e+04
7.150858472165629249e-04 6.143237114655605546e+04 2.475007316932924005e+04 1.317686848272370662e+04
7.976686544726134401e-04 6.743507839482932468e+04 2.711007914281319972e+04 1.442473873322624786e+04
8.897886663605780169e-04 7.380171082340877911e+04 2.961265975827761940e+04 1.574738247728908391e+04
9.925473018708411317e-04 8.083847627145453589e+04 3.238103305457844544e+04 1.721025887086073635e+04
1.107173179088194286e-03 8.835206409692225861e+04 3.533996835389840271e+04 1.877395597184491271e+04
1.235036804978161722e-03 9.636509155410841049e+04 3.849921174290695490e+04 2.044381832048528304e+04
1.377666961646263968e-03 1.048529672923792241e+05 4.184945161674570409e+04 2.221506641927848614e+04
1.536768984990051967e-03 1.139201270492266194e+05 4.543294302974600578e+04 2.411025930608704584e+04
1.714245154289869167e-03 1.233989991512194247e+05 4.918286294310445373e+04 2.609412373000719890e+04
1.912217436523370962e-03 1.333512694310772931e+05 5.312409740936727030e+04 2.817997609262591141e+04
2.133052857342773462e-03 1.436015426467952784e+05 5.718636573173318902e+04 3.033066584220176446e+04
2.379391802059096454e-03 1.541179791543619940e+05 6.135778429396286811e+04 3.253996968209771512e+04
2.654179585009814029e-03 1.647230630241598410e+05 6.556836816222986090e+04 3.477078170633305854e+04
2.960701664764286197e-03 1.752751516333905456e+05 6.976235091600171290e+04 3.699363361739749962e+04
3.302622926212283368e-03 1.855860837522752699e+05 7.386503887301553914e+04 3.916935786983240541e+04
3.684031499205906151e-03 1.954206848928797117e+05 7.778310987475016736e+04 4.124852456974849338e+04
4.109487637665882979e-03 2.045636999132427736e+05 8.143182106201032002e+04 4.318640356624319247e+04
4.584078243567925488e-03 2.127668757762632449e+05 8.471321085716297966e+04 4.493122922808044677e+04
5.113477687716873853e-03 2.197737127106370754e+05 8.752601215600830619e+04 4.642951936158932222e+04
5.704015654503047893e-03 2.253274049403836252e+05 8.976875564439252776e+04 4.762762357066152617e+04
6.362752821816417166e-03 2.291772982006581733e+05 9.134224489792152599e+04 4.847303255879162316e+04
7.097565280973966440e-03 2.310796859146370261e+05 9.214981467583739141e+04 4.891451595343553345e+04
7.917238706014356406e-03 2.307981667790906504e+05 9.209705866069416516e+04 4.890192334880415001e+04
8.831573398280912271e-03 2.282899451197592425e+05 9.116630080306835589e+04 4.842563417346206552e+04
9.851501462242475554e-03 2.228906450065769604e+05 8.908991129268675286e+04 4.734283098855997378e+04
1.098921751354712747e-02 2.147242965050076018e+05 8.591397418401671166e+04 4.567715751991904108e+04
1.225832448210000328e-02 2.036415991335179715e+05 8.157328032365992840e+04 4.339264972949541698e+04
1.367399625343743499e-02 1.900182132876763644e+05 7.621125398088924703e+04 4.056394208731275285e+04
1.525315909299450497e-02 1.741180502741436067e+05 6.992457012579996081e+04 3.724042188770831126e+04
1.701469402243795462e-02 1.564596274166021904e+05 6.291165863113583328e+04 3.352570795616901887e+04
1.897966256774625410e-02 1.379208163320166641e+05 5.551651955869363883e+04 2.960122779462492690e+04
2.117155857815964867e-02 1.195240652642692585e+05 4.814553264075121842e+04 2.568231672925996099e+04
2.361658912683562567e-02 1.023783805246962875e+05 4.124811034745541110e+04 2.200927475397249145e+04
2.634398785175567220e-02 8.746448131196008762e+04 3.523128607871483837e+04 1.880132167243083677e+04
2.938636448329653983e-02 7.541763804920061375e+04 3.037225265676437266e+04 1.621017157066637992e+04
3.278009473753994152e-02 6.632936163550849597e+04 2.673233578069511350e+04 1.427303814974946727e+04
3.656575523702054742e-02 5.961024995707962808e+04 2.408896530706819249e+04 1.287407395006055776e+04
4.078860865897657173e-02 5.406245065403237822e+04 2.194576640630180918e+04 1.174602524811319017e+04
4.549914491170512637e-02 4.814998630494812096e+04 1.962196272369111830e+04 1.051418456810075259e+04
5.075368480951484434e-02 4.098900670080951386e+04 1.667656392439034971e+04 8.927055727329752699e+03
5.661505346402430361e-02 3.324593786535031541e+04 1.336335736363618889e+04 7.116781822496395762e+03
6.315333144310807112e-02 2.666011040929052615e+04 1.051002441445067598e+04 5.549543943338460849e+03
7.044669267860774464e-02 2.230892527800539392e+04 8.728849997408096897e+03 4.588682231345132095e+03
7.858233914112514040e-02 1.952282893328876526e+04 7.761430428545132600e+03 4.100896422094765512e+03
8.765754345719625751e-02 1.674939072728870087e+04 6.732788807745982922e+03 3.566370020352454503e+03
9.778081193473929511e-02 1.365707679273478971e+04 5.354124472650357347e+03 2.792426010061957186e+03
1.090731819023149224e-01 1.120024809705536063e+04 4.294188086643820498e+03 2.203615382045593833e+03
1.216696688736408766e-01 9.426988030592488940e+03 3.691369088866988932e+03 1.909920826406064407e+03
1.357208808401622890e-01 7.794699798216695854e+03 3.048112360401561091e+03 1.564088412996796478e+03
1.513948189927238619e-01 6.391943060437880376e+03 2.470883572324885336e+03 1.243807219354524932e+03
1.688788864024014236e-01 5.246562056347359430e+03 2.063795786191982188e+03 1.042834761282068484e+03
1.883821286769788717e-01 4.267289721198881125e+03 1.687169771335741643e+03 8.388094453840994902e+02
2.101377333831422056e-01 3.446916355851711160e+03 1.390826864550204846e+03 6.895691181987928076e+02
2.344058181183555356e-01 2.757721167331534616e+03 1.139953809726755026e+03 5.596981069013916112e+02
2.614765405675759102e-01 2.182011569038348171e+03 9.343359637621515503e+02 4.568697491246934987e+02
2.916735677297306317e-01 1.704103355683114387e+03 7.636794984217623323e+02 3.721963565800501215e+02
3.253579457932418983e-01 1.311292633441829594e+03 6.221507970130160174e+02 3.029341812031318000e+02
3.629324169301749725e-01 9.926783521258587371e+02 5.048788627801228017e+02 2.465650991553356448e+02
4.048462346221089470e-01 7.385334985039319236e+02 4.076162074648796647e+02 2.005739530448143171e+02
4.516005350914485406e-01 5.398330421653108715e+02 3.269681046995248721e+02 1.630150124885908554e+02
5.037543290608768043e-01 3.879180879963189454e+02 2.601991335994693486e+02 1.323147900758290234e+02
5.619311854805180140e-01 2.744736379093587857e+02 2.050822356762054710e+02 1.071914147332249314e+02
6.268266871357865977e-01 1.916841064721353121e+02 1.598191442803124573e+02 8.660907143361551164e+01
6.992167472777639503e-01 1.325111945630384582e+02 1.229401904476895027e+02 6.973212944729941398e+01
7.799668867126374749e-01 9.094522668538913024e+01 9.321669553389716611e+01 5.588777637160032441e+01
8.700425822703268253e-01 6.212826980751280814e+01 6.958839323146035838e+01 4.452861241309285134e+01
9.705208103821856280e-01 4.232597732119219813e+01 5.111762375359404587e+01 3.521997579733854167e+01
1.082602923786821769e+00 2.878710579613183640e+01 3.694994976264049313e+01 2.761325016116595421e+01
1.207629015322442267e+00 1.955145657748943933e+01 2.630132072535894139e+01 2.142569908074752405e+01
1.347093940544190405e+00 1.325378392447997200e+01 1.846018698467064567e+01 1.642745168898699148e+01
1.502665190738521561e+00 8.957304773193003555e+00 1.279793491253144744e+01 1.242857789295345761e+01
1.676202830030598223e+00 6.024589971804952704e+00 8.780180501685395100e+00 9.268322410545966505e+00
1.869781734959676811e+00 4.023179306835115376e+00 5.971438884072284736e+00 6.806757026221389673e+00
2.085716402426663674e+00 2.659624957360508191e+00 4.031258020001454057e+00 4.921011510026867875e+00
2.326588622626292402e+00 0.000000000000000000e+00 2.703259732008747473e+00 3.502043914072054953e+00
2.595278347831105226e+00 0.000000000000000000e+00 1.800494940333502880e+00 2.453899422872029668e+00
2.894998126105261083e+00 0.000000000000000000e+00 1.190025438747232878e+00 1.693811478869845288e+00
3.229331511649635278e+00 0.000000000000000000e+00 7.790855459734395971e-01 1.152276730952039419e+00
3.602275911025628830e+00 0.000000000000000000e+00 0.000000000000000000e+00 7.727983655973034161e-01
4.018290377542188097e+00 0.000000000000000000e+00 0.000000000000000000e+00 5.109186050861846962e-01
4.482348925252354732e+00 0.000000000000000000e+00 0.000000000000000000e+00 3.327430179256307685e-01
5.000000000000000888e+00 0.000000000000000000e+00 0.000000000000000000e+00 0.000000000000000000e+00
