1.000000000230258569e-04 9.330220652166758555e+02 4.218665409174689671e+02 2.324564441517178182e+02
1.115026695290953366e-04 1.018389874784539302e+03 4.608112148215417960e+02 2.539648140867460313e+02
1.243284530925187648e-04 1.123460171793913560e+03 5.087218304870636416e+02 2.804230103020254319e+02
1.386295441504667143e-04 1.256409679385101072e+03 5.693006676034369775e+02 3.138708644448623772e+02
1.545756424481938766e-04 1.415254525174790160e+03 6.417052034251821624e+02 3.538549203399127805e+02
1.723559677317991945e-04 1.585028794579557371e+03 7.192816590396645324e+02 3.967238297871753616e+02
1.921815050694108094e-04 1.750936133262322528e+03 7.954588979239725859e+02 4.388790261084328108e+02
2.142875084442451923e-04 1.922637626746202386e+03 8.746350860557505484e+02 4.827499491906212938e+02
2.389362923277018713e-04 2.133160100474508909e+03 9.716590089212686507e+02 5.365125246426856620e+02
2.664203443578849946e-04 2.386525373920555921e+03 1.088334995892489815e+03 6.011664164159075199e+02
2.970657960592480913e-04 2.641635443891235354e+03 1.206229191420326742e+03 6.665816646298944761e+02
3.312362927876497001e-04 2.914624601127799906e+03 1.332586790589997236e+03 7.367542091335532177e+02
3.693373088223966556e-04 3.251707089838626416e+03 1.488023727069480628e+03 8.230123287941391936e+02
4.118209588090659132e-04 3.595133832416525365e+03 1.646449464992954518e+03 9.109878643031098591e+02
4.591913626466918256e-04 3.994528077015619147e+03 1.829985602990008601e+03 1.012828293718669784e+03
5.120106274801957584e-04 4.429636978878527771e+03 2.029213067913871782e+03 1.123307712578181281e+03
5.709055177816341068e-04 4.925609209385008398e+03 2.255284682099802012e+03 1.248530760211416919e+03
6.365748926688486646e-04 5.456819302836210227e+03 2.496325769848413074e+03 1.381899615905886776e+03
7.097979987143026312e-04 6.069431182522590461e+03 2.772899174828339255e+03 1.534685148086130994e+03
7.914437166483044659e-04 6.745704824237976027e+03 3.076938298293014668e+03 1.702421796776161500e+03
8.824808716799498404e-04 7.486874701487080529e+03 3.408941960505845600e+03 1.885358155907951186e+03
9.839897297802024153e-04 8.306325514967424169e+03 3.774963686444358700e+03 2.086816048401221451e+03
1.097174816344422205e-03 9.209915224657705039e+03 4.177751606541128240e+03 2.308322978679870630e+03
1.223379209343287413e-03 1.019480939681083146e+04 4.616253429096396758e+03 2.549334305762429267e+03
1.364100476567608111e-03 1.126780448354708460e+04 5.093789988516054109e+03 2.811722643545299434e+03
1.521008446081769522e-03 1.245209490489484415e+04 5.621000251454297540e+03 3.101389657202517355e+03
1.695965020753673102e-03 1.371918700107322184e+04 6.185189130658868635e+03 3.411385003395811964e+03
1.891046271984591709e-03 1.508630382123448908e+04 6.794359319949018754e+03 3.746176343619571526e+03
2.108567074807741158e-03 1.655797118525014594e+04 7.450687711762323488e+03 4.106994960987932245e+03
2.351108576680822643e-03 1.812863310445313982e+04 8.151779630186699251e+03 4.492551790063230328e+03
2.621548825923003187e-03 1.978546528478830078e+04 8.891907339529992896e+03 4.899712043572313632e+03
2.923096923239734257e-03 2.153607423913184175e+04 9.674648725920102152e+03 5.330486965897875962e+03
3.259331101584665453e-03 2.337278571887602448e+04 1.049662802184737302e+04 5.783047205641928485e+03
3.634241186222156913e-03 2.527358865431593222e+04 1.134790497640949070e+04 6.251924392210301448e+03
4.052275938830490927e-03 2.723308422285440247e+04 1.222631825889624633e+04 6.735970295346825878e+03
4.518395847440812539e-03 2.923383893499027181e+04 1.312426497377721898e+04 7.231027636701441224e+03
5.038131988628217865e-03 3.124965711893151456e+04 1.402993177159858715e+04 7.730619301598611855e+03
5.617651660426248826e-03 3.324594176097679883e+04 1.492793721701343202e+04 8.226295337043420659e+03
6.263831564778516575e-03 3.519453515872145363e+04 1.580575429186277688e+04 8.711178197493691187e+03
6.984339407925946493e-03 3.704982561308125150e+04 1.664304512954155143e+04 9.174071062286660890e+03
7.787724887016851671e-03 3.877789126634458080e+04 1.742481747744859604e+04 9.606794883584027048e+03
8.683521142606049834e-03 4.032686269195040222e+04 1.812791715309830397e+04 9.996642163191183499e+03
9.682357880899711625e-03 4.164068463240106939e+04 1.872725963198112731e+04 1.032975251269070941e+04
1.079608750807801998e-02 4.266179543616765295e+04 1.919717193916762335e+04 1.059197151037688491e+04
1.203792577343234388e-02 4.332782892683712271e+04 1.950981326101904051e+04 1.076793970153281589e+04
1.342260859021738965e-02 4.357571647159451095e+04 1.963678952835297605e+04 1.084197528110762323e+04
1.496656689508787767e-02 4.334659017892955308e+04 1.955123769626588546e+04 1.079904895368859434e+04
1.668812162103823840e-02 4.259058924187582306e+04 1.923037058984193209e+04 1.062644449583080132e+04
1.860770109743517184e-02 4.127059061713310075e+04 1.865677139106376126e+04 1.031447443096377901e+04
2.074808345685756270e-02 3.937509247522667283e+04 1.782391516998192674e+04 9.859151647809265341e+03
2.313466692519383291e-02 3.693299869911974383e+04 1.674334295932736859e+04 9.266462597706662564e+03
2.579577120231610690e-02 3.402295454353234527e+04 1.544892206251414609e+04 8.554870930195635083e+03
2.876297350957714855e-02 3.078107348217165054e+04 1.400032370423582324e+04 7.756946984595254435e+03
3.207148329174031032e-02 2.739755920442643037e+04 1.248235977004856795e+04 6.919390418134081301e+03
3.576056001963404812e-02 2.409628456003824249e+04 1.099621786961051475e+04 6.098167673565559198e+03
3.987397905126498221e-02 2.110221772622300341e+04 9.645480751089202386e+03 5.350935710020007718e+03
4.446055107939526907e-02 1.858704484962557399e+04 8.511654220628570329e+03 4.723545282460693670e+03
4.957470132945773766e-02 1.661626563104330853e+04 7.629386137621064336e+03 4.236141257444389339e+03
5.527711538069327024e-02 1.510932327506172805e+04 6.965951030276323763e+03 3.871351818877365531e+03
6.163545927395905344e-02 1.382705966822961818e+04 6.411046515550879121e+03 3.567751132411666276e+03
6.872518245115814828e-02 1.246136413216070287e+04 5.813886747744192689e+03 3.239685444734399880e+03
7.663041305413779980e-02 1.076006002151414941e+04 5.039086776273525174e+03 2.807961074325964091e+03
8.544495620686157200e-02 8.866735890609827038e+03 4.145060352001814863e+03 2.303445097828334383e+03
9.527340712667957401e-02 7.190674558075920686e+03 3.341518176335443968e+03 1.847150295052769934e+03
1.062323922731101822e-01 6.032661892816669024e+03 2.807532706558517475e+03 1.547491351125186839e+03
1.184519532618636822e-01 5.273473570251554520e+03 2.500044326899246698e+03 1.383611832491720179e+03
1.320770899659224340e-01 4.529951865370644555e+03 2.191388971578157452e+03 1.217384952260815908e+03
1.472694811144383831e-01 3.685111326029496468e+03 1.782324377907229746e+03 9.818730752616343125e+02
1.642094028064348954e-01 2.984558033738035647e+03 1.444659666039666490e+03 7.872052643419629021e+02
1.830978677048002712e-01 2.473527801980293134e+03 1.240720650971064288e+03 6.808308145401971387e+02
2.041590102946942431e-01 2.004080766616115625e+03 1.037860621295404599e+03 5.695922972974416325e+02
2.276427465103479653e-01 1.590751797021400535e+03 8.471121063862582332e+02 4.601863533446314136e+02
2.538277392899435103e-01 1.251597162987350430e+03 7.076526444448609254e+02 3.874090500390414604e+02
2.830247052484705095e-01 9.609491396355824691e+02 5.807061940263743054e+02 3.172878616444004365e+02
3.155801017062329072e-01 7.184794140914173113e+02 4.771020081400362756e+02 2.625357336933202532e+02
3.518802378240603601e-01 5.180176698153004509e+02 3.890490242271931720e+02 2.156836244477680111e+02
3.923558586288135031e-01 3.557112719009497823e+02 3.155022715613321225e+02 1.774916759011393026e+02
4.374872563241952172e-01 2.278790605398895082e+02 2.536573471860809832e+02 1.456153833508329285e+02
4.878099695387512202e-01 1.310270360465500801e+02 2.018152955465911873e+02 1.192210768188478625e+02
5.439211381395319123e-01 6.142623499453809899e+01 1.584739174039755767e+02 9.736647609405936521e+01
6.064865890189676811e-01 1.492783329525799196e+01 1.224032773746293117e+02 7.924667129873809301e+01
6.762487369363893164e-01 -1.301382035971504081e+01 9.260874407252799756e+01 6.420826782828487467e+01
7.540353941672404137e-01 -2.709513563552614812e+01 6.828887550803349882e+01 5.172489990702401030e+01
8.407695934971151086e-01 -3.174850719723234960e+01 4.876997934226576348e+01 4.136255175128067663e+01
9.374805411223435803e-01 -3.073348462928359837e+01 3.346170484027526726e+01 3.276772501258088965e+01
1.045315829426528564e+00 -2.688255007941548413e+01 2.181397529825332882e+01 2.565852565689948861e+01
1.165555054552403824e+00 -2.207132841996186201e+01 1.328534903143766854e+01 1.980532470713797721e+01
1.299625000357985227e+00 -1.737000404178682089e+01 7.330837722369775378e+00 1.502351002497858445e+01
1.449116568932995452e+00 -1.327764240806904361e+01 3.410281046128945448e+00 1.116192616169030138e+01
1.615803658576671964e+00 -9.944451174580368757e+00 1.013187272075233514e+00 8.091762349153240663e+00
1.801664213246928048e+00 -7.340331857673715099e+00 -3.119396349738551288e-01 5.700507199628254362e+00
2.008903693258128342e+00 -5.360476379514263812e+00 -9.345717230514845042e-01 3.884844431830563938e+00
2.239981245735629400e+00 -3.881941554998408872e+00 -1.133428210174013628e+00 2.547440102453097932e+00
2.497638885371206374e+00 -2.791378071463623822e+00 -1.102123949254392832e+00 1.596120830507992805e+00
2.784934031744384253e+00 -1.993980246129108735e+00 -9.644110568385573234e-01 9.454682693877854982e-01
3.105275789304232426e+00 -1.414689834907350008e+00 -7.926441597655272675e-01 5.195173015021834484e-01
3.462465400517639402e+00 -9.962451275016318553e-01 -6.248792900114650273e-01 2.541395687680718107e-01
3.860741352209485999e+00 0.000000000000000000e+00 -4.781272459046563283e-01 9.826456446532021161e-02
4.304829670336041580e+00 0.000000000000000000e+00 -3.575933059668746639e-01 1.347412235610995733e-02
4.799999999999999822e+00 0.000000000000000000e+00 -2.625471746592826783e-01 -2.753817637902808077e-02
