1.000000000230258569e-04 2.799245225063252178e+02 1.183455382845183408e+02 6.481355809282389657e+01
1.115026695290953366e-04 3.109748522995226381e+02 1.314868818522150775e+02 7.201379447308517001e+01
1.243284530925187648e-04 3.493501635391012883e+02 1.477278494147188894e+02 8.090929073556168305e+01
1.386295441504667143e-04 3.918955830051896214e+02 1.657365650998976037e+02 9.077708475717847136e+01
1.545756424481938766e-04 4.337400827553874478e+02 1.834628831294653253e+02 1.004919909921341485e+02
1.723559677317991945e-04 4.746735511755128982e+02 2.008211326884274399e+02 1.100076008559013587e+02
1.921815050694108094e-04 5.226603435171773526e+02 2.211741848880032251e+02 1.211674505140017715e+02
2.142875084442451923e-04 5.833597485574978236e+02 2.469182104536555755e+02 1.352831370796629642e+02
2.389362923277018713e-04 6.475917499885460984e+02 2.741769870754000067e+02 1.502329096403619815e+02
2.664203443578849946e-04 7.111256804554058135e+02 3.011686916717387135e+02 1.650434976854832030e+02
2.970657960592480913e-04 7.897677194986980567e+02 3.345703227937341353e+02 1.833710627017338766e+02
3.312362927876497001e-04 8.748271906461677645e+02 3.707087796578594521e+02 2.032048378672917863e+02
3.693373088223966556e-04 9.647572022518720587e+02 4.089233269218509008e+02 2.241843622098249398e+02
4.118209588090659132e-04 1.071034171410738054e+03 4.540586623475235228e+02 2.489615622963502801e+02
4.591913626466918256e-04 1.182133024983756741e+03 5.012274734601268733e+02 2.748579054718570092e+02
5.120106274801957584e-04 1.308514155079509692e+03 5.548371338111201112e+02 3.042858267300582611e+02
5.709055177816341068e-04 1.450088802457289830e+03 6.148241167743964297e+02 3.372057665809194305e+02
6.365748926688486646e-04 1.602173905441819898e+03 6.791897612829435502e+02 3.725192270126649419e+02
7.097979987143026312e-04 1.771158018151679926e+03 7.506195434672118836e+02 4.116930339477982557e+02
7.914437166483044659e-04 1.959309888489677405e+03 8.300531693742034349e+02 4.552360711676487881e+02
8.824808716799498404e-04 2.167564479194812520e+03 9.178790671076675380e+02 5.033581820401382174e+02
9.839897297802024153e-04 2.398381987589048549e+03 1.015140388736018053e+03 5.566289235639045501e+02
1.097174816344422205e-03 2.651805700224719658e+03 1.121865600720502016e+03 6.150625892148586900e+02
1.223379209343287413e-03 2.926872740442554459e+03 1.237638404873849368e+03 6.784287901480580558e+02
1.364100476567608111e-03 3.233521948603770397e+03 1.366710759886028427e+03 7.490659139278167231e+02
1.521008446081769522e-03 3.567941231869423973e+03 1.507470164679310756e+03 8.260903809718830644e+02
1.695965020753673102e-03 3.932486369934094455e+03 1.660932756679968861e+03 9.100641113220757461e+02
1.891046271984591709e-03 4.328458456310456313e+03 1.827653587216534106e+03 1.001294375857198588e+03
2.108567074807741158e-03 4.760477849112983677e+03 2.009612353506290901e+03 1.100874380759779115e+03
2.351108576680822643e-03 5.226992036275429200e+03 2.206144786456565726e+03 1.208440493329037054e+03
2.621548825923003187e-03 5.731856654995824101e+03 2.418916858842952479e+03 1.324914100124201013e+03
2.923096923239734257e-03 6.273884233897091690e+03 2.647405636007161320e+03 1.450006194105959366e+03
3.259331101584665453e-03 6.853129136641121477e+03 2.891663835020674469e+03 1.583753156343624141e+03
3.634241186222156913e-03 7.468131714111248584e+03 3.151054333617854809e+03 1.725802803332476287e+03
4.052275938830490927e-03 8.119113950398259476e+03 3.425733804547190175e+03 1.876255471236098856e+03
4.518395847440812539e-03 8.803119294981708663e+03 3.714478625215450847e+03 2.034461211597970305e+03
5.038131988628217865e-03 9.515645407248699485e+03 4.015364677151722390e+03 2.199332843851461803e+03
5.617651660426248826e-03 1.025210171988602633e+04 4.326536770041625459e+03 2.369896796335558520e+03
6.263831564778516575e-03 1.100566063062459762e+04 4.645143003703260547e+03 2.544593566079786797e+03
6.984339407925946493e-03 1.176812391078624023e+04 4.967769539953244930e+03 2.721564895926950157e+03
7.787724887016851671e-03 1.252895545652464534e+04 5.290034136908971050e+03 2.898422258629772386e+03
8.683521142606049834e-03 1.327707150737153097e+04 5.607328572090108537e+03 3.072658761892985240e+03
9.682357880899711625e-03 1.399199798709846254e+04 5.911081759245857029e+03 3.239592139111632605e+03
1.079608750807801998e-02 1.465519743974957601e+04 6.193543045998909292e+03 3.394987461916780376e+03
1.203792577343234388e-02 1.524882542928131443e+04 6.447270421473084753e+03 3.534786666165396582e+03
1.342260859021738965e-02 1.574906757017023665e+04 6.662284973265933331e+03 3.653538061331581957e+03
1.496656689508787767e-02 1.612968329022861872e+04 6.827556582730991977e+03 3.745197903657979623e+03
1.668812162103823840e-02 1.636423091214996020e+04 6.931943337754443746e+03 3.803657084378088712e+03
1.860770109743517184e-02 1.642768720875303188e+04 6.964877013441147938e+03 3.823115003124482882e+03
2.074808345685756270e-02 1.629832617798236606e+04 6.917084379311294470e+03 3.798457221499106709e+03
2.313466692519383291e-02 1.596278339527692333e+04 6.782704022923391676e+03 3.726394740710768019e+03
2.579577120231610690e-02 1.542052548241968543e+04 6.561262750021870488e+03 3.606610341359747508e+03
2.876297350957714855e-02 1.468718286616015394e+04 6.258996055719162541e+03 3.442448646898787047e+03
3.207148329174031032e-02 1.379886190660434113e+04 5.890762216292912854e+03 3.241963220485900820e+03
3.576056001963404812e-02 1.281274679751101758e+04 5.480449268369164201e+03 3.018184627322570577e+03
3.987397905126498221e-02 1.180024282607531131e+04 5.058244980787407258e+03 2.787679430497059002e+03
4.446055107939526907e-02 1.083406129112850431e+04 4.655248743120759173e+03 2.567565692634947936e+03
4.957470132945773766e-02 9.967386448817824203e+03 4.294697888679023890e+03 2.370729160203533411e+03
5.527711538069327024e-02 9.213332745784311555e+03 3.982914579212574154e+03 2.200777485614522902e+03
6.163545927395905344e-02 8.523078202995935499e+03 3.699093200678980338e+03 2.046261642676368638e+03
6.872518245115814828e-02 7.801507476025382857e+03 3.400867299914720661e+03 1.883536213911506366e+03
7.663041305413779980e-02 6.964553974258397830e+03 3.048555516476860703e+03 1.690057061819620913e+03
8.544495620686157200e-02 6.021761207121387088e+03 2.642963688797635768e+03 1.465648579326910294e+03
9.527340712667957401e-02 5.108509173592779007e+03 2.244304172096015918e+03 1.243882014175371978e+03
1.062323922731101822e-01 4.383585624187862777e+03 1.929896141803903902e+03 1.069121227221893378e+03
1.184519532618636822e-01 3.860876604518195109e+03 1.712668037565146733e+03 9.499007784907753376e+02
1.320770899659224340e-01 3.383842972755580831e+03 1.516332450742114133e+03 8.424458500273983645e+02
1.472694811144383831e-01 2.848128340354496231e+03 1.279948471053293360e+03 7.097891421337940301e+02
1.642094028064348954e-01 2.364290822891613516e+03 1.061733995319148335e+03 5.861374758930452344e+02
1.830978677048002712e-01 2.008880537183003980e+03 9.153112539062807400e+02 5.058554807738068462e+02
2.041590102946942431e-01 1.685695734198149921e+03 7.807206777666980315e+02 4.317080553846961948e+02
2.276427465103479653e-01 1.383613891507344078e+03 6.459200517782082898e+02 3.549421470127913949e+02
2.538277392899435103e-01 1.139377874483627238e+03 5.466727613234618275e+02 3.009879579159091350e+02
2.830247052484705095e-01 9.230484091693216442e+02 4.551452279293923766e+02 2.499721337755630088e+02
3.155801017062329072e-01 7.387939924424774745e+02 3.792871014120661926e+02 2.084966793572974098e+02
3.518802378240603601e-01 5.812881170485608209e+02 3.142510303876243825e+02 1.729391412724580164e+02
3.923558586288135031e-01 4.480835127444203181e+02 2.596416380999858120e+02 1.436036896900012607e+02
4.374872563241952172e-01 3.365079642952003951e+02 2.131649076575645552e+02 1.187270397219094917e+02
4.878099695387512202e-01 2.446301253318717386e+02 1.739701904977331992e+02 9.805610301893533176e+01
5.439211381395319123e-01 1.706453714448015830e+02 1.408823387329123875e+02 8.081989904481604015e+01
6.064865890189676811e-01 1.128527135228502942e+02 1.129764226054318357e+02 6.643660734800019441e+01
6.762487369363893164e-01 6.946574265711801388e+01 8.951324049541257466e+01 5.444657097241098143e+01
7.540353941672404137e-01 3.850113323676598753e+01 6.987100253555898632e+01 4.444328978589297208e+01
8.407695934971151086e-01 1.776884408206379362e+01 5.355169718510430243e+01 3.609612701711706251e+01
9.374805411223435803e-01 4.975568401947946917e+00 4.014604401824929170e+01 2.913224942492199077e+01
1.045315829426528564e+00 -2.087667017893947374e+00 2.930831457909011206e+01 2.332491277931871565e+01
1.165555054552403824e+00 -5.349224161953138434e+00 2.073401966283968889e+01 1.849101693943009650e+01
1.299625000357985227e+00 -6.322887229428681088e+00 1.413527399741120938e+01 1.448095800823663559e+01
1.449116568932995452e+00 -6.076532751943058308e+00 9.226376270027470738e+00 1.117379156544034835e+01
1.615803658576671964e+00 -5.287966730240184710e+00 5.717931683159918954e+00 8.471593254650915839e+00
1.801664213246928048e+00 -4.343724758851975842e+00 3.322958890650459907e+00 6.292282996402049022e+00
2.008903693258128342e+00 -3.438649413233543228e+00 1.770146987020304818e+00 4.565201742050859046e+00
2.239981245735629400e+00 -2.654723409132409007e+00 8.200530706433131201e-01 3.226369352911304667e+00
2.497638885371206374e+00 -2.013183843795728123e+00 2.769010317299342439e-01 2.215476378914853495e+00
2.784934031744384253e+00 -1.506522945266810742e+00 -7.447023450501757090e-03 1.474856263922686761e+00
3.105275789304232426e+00 -1.115895497226835786e+00 -1.371041118949063997e-01 9.498632920820888614e-01
3.462465400517639402e+00 -8.197009057588884318e-01 -1.804181248903743429e-01 5.904799804744703673e-01
3.860741352209485999e+00 -5.979053213535527878e-01 -1.795332208439651966e-01 3.531184998355947902e-01
4.304829670336041580e+00 -4.334034457842358967e-01 -1.589145253964517057e-01 2.019421488617170746e-01
4.799999999999999822e+00 0.000000000000000000e+00 -1.318540567238409567e-01 1.091674135340523349e-01
