1.000000000230258569e-04 4.034904615592564596e+02 1.722471813542487951e+02 9.635076017867376663e+01
1.115026695290953366e-04 4.405693331808479343e+02 1.879868591148080839e+02 1.051403676490584047e+02
1.243284530925187648e-04 4.877146553788817869e+02 2.080123732613979257e+02 1.163258063978330057e+02
1.386295441504667143e-04 5.470398621827696388e+02 2.332224965426580354e+02 1.304074897904032184e+02
1.545756424481938766e-04 6.151468279227686935e+02 2.621431938329631635e+02 1.465597741442078359e+02
1.723559677317991945e-04 6.843429592951064251e+02 2.914567693987007715e+02 1.629168256286326937e+02
1.921815050694108094e-04 7.514587489673461960e+02 3.197804696533858078e+02 1.787022567782682358e+02
2.142875084442451923e-04 8.264291836006327685e+02 3.513596044277921351e+02 1.962893560532140782e+02
2.389362923277018713e-04 9.218451610807844645e+02 3.915924495264042662e+02 2.186994433465390841e+02
2.664203443578849946e-04 1.028732568428048353e+03 4.366210411761425121e+02 2.437699688304355732e+02
2.970657960592480913e-04 1.133226443900357026e+03 4.804798143533860184e+02 2.681496685499379851e+02
3.312362927876497001e-04 1.256879712962569329e+03 5.324185278174254563e+02 2.970202428661724525e+02
3.693373088223966556e-04 1.399605585812121944e+03 5.924516036568670643e+02 3.303927749729108996e+02
4.118209588090659132e-04 1.543428007964630069e+03 6.528951670650818642e+02 3.639637390492712257e+02
4.591913626466918256e-04 1.717861621782379189e+03 7.265015026930901740e+02 4.048895623227394367e+02
5.120106274801957584e-04 1.894928761512724350e+03 8.013488206748190805e+02 4.465053483293971794e+02
5.709055177816341068e-04 2.102569690683473709e+03 8.895441931188247509e+02 4.956189608849199431e+02
6.365748926688486646e-04 2.323010823466009242e+03 9.835819043741021233e+02 5.480518886297672907e+02
7.097979987143026312e-04 2.561957825768357907e+03 1.086018412569299699e+03 6.052664728833760819e+02
7.914437166483044659e-04 2.828205795757888609e+03 1.200681140259226822e+03 6.694309443967393918e+02
8.824808716799498404e-04 3.119403493841683030e+03 1.326607610264527239e+03 7.400322196668147399e+02
9.839897297802024153e-04 3.435741720531030751e+03 1.463880557187900195e+03 8.171287311801474971e+02
1.097174816344422205e-03 3.780470045003226005e+03 1.613837764758035064e+03 9.014668406199758692e+02
1.223379209343287413e-03 4.160590449404304309e+03 1.779385341449560201e+03 9.946629692571922305e+02
1.364100476567608111e-03 4.573821944674908991e+03 1.959476461145925668e+03 1.096118666849144120e+03
1.521008446081769522e-03 5.022254198355400149e+03 2.154912490194730708e+03 1.206259797875700315e+03
1.695965020753673102e-03 5.509609513948699714e+03 2.367209921655402013e+03 1.325911339438290042e+03
1.891046271984591709e-03 6.041634602548426301e+03 2.598770353884272936e+03 1.456398519635628190e+03
2.108567074807741158e-03 6.619046599390338997e+03 2.849884744610864800e+03 1.597873114489099635e+03
2.351108576680822643e-03 7.242718216307043804e+03 3.120925409495232998e+03 1.750532771556560647e+03
2.621548825923003187e-03 7.911480741055982435e+03 3.411370734386583990e+03 1.914079777858966509e+03
2.923096923239734257e-03 8.626972673909362129e+03 3.721938058617468414e+03 2.088930092835588766e+03
3.259331101584665453e-03 9.386963800438341423e+03 4.051673833080588338e+03 2.274564329486547649e+03
3.634241186222156913e-03 1.019278081567449772e+04 4.401209239448415246e+03 2.471339555066845151e+03
4.052275938830490927e-03 1.103713682122682258e+04 4.767425149289087130e+03 2.677462252590439221e+03
4.518395847440812539e-03 1.191908031534374823e+04 5.150033550138153259e+03 2.892754698105620719e+03
5.038131988628217865e-03 1.282842641521381120e+04 5.544595467487130918e+03 3.114902753132960697e+03
5.617651660426248826e-03 1.376054990206149159e+04 5.949155774795667639e+03 3.342727370010350569e+03
6.263831564778516575e-03 1.470359622784263956e+04 6.358647541447047843e+03 3.573377180272088026e+03
6.984339407925946493e-03 1.564505115602259502e+04 6.767752935054804766e+03 3.803893342346211739e+03
7.787724887016851671e-03 1.657217368045621697e+04 7.171051060286252323e+03 4.031260793721156915e+03
8.683521142606049834e-03 1.746085199872122394e+04 7.558183907222760354e+03 4.249668355614581742e+03
9.682357880899711625e-03 1.829027689625936546e+04 7.920223946808497203e+03 4.454109256047637246e+03
1.079608750807801998e-02 1.904007497366637472e+04 8.248452396382657753e+03 4.639706940488532382e+03
1.203792577343234388e-02 1.968228796339126347e+04 8.530851036648573427e+03 4.799727754132938571e+03
1.342260859021738965e-02 2.018646794213286557e+04 8.754275067766104257e+03 4.926778031873383043e+03
1.496656689508787767e-02 2.052154812061416669e+04 8.905308974199791919e+03 5.013307426846960880e+03
1.668812162103823840e-02 2.065744195457888418e+04 8.970934885493563343e+03 5.051985775811138410e+03
1.860770109743517184e-02 2.056415673516389870e+04 8.938065897721668080e+03 5.035424254533582825e+03
2.074808345685756270e-02 2.021798683737698593e+04 8.796178782378479809e+03 4.957603061088143477e+03
2.313466692519383291e-02 1.960607992684981218e+04 8.539406761862654093e+03 4.815128368360297827e+03
2.579577120231610690e-02 1.873154892785959964e+04 8.168666357037189300e+03 4.608437995237112773e+03
2.876297350957714855e-02 1.761927743764082697e+04 7.694138048470063950e+03 4.343112230837585230e+03
3.207148329174031032e-02 1.632014325973087762e+04 7.137281506803435150e+03 4.031081885285244880e+03
3.576056001963404812e-02 1.491119674578058039e+04 6.531130381239694543e+03 3.690882443623354902e+03
3.987397905126498221e-02 1.348980858708790220e+04 5.917858478527476109e+03 3.346247019658008867e+03
4.446055107939526907e-02 1.215590082198249547e+04 5.341359118001179013e+03 3.022003142711093005e+03
4.957470132945773766e-02 1.098843969700042362e+04 4.837031037885094520e+03 2.738316130134705418e+03
5.527711538069327024e-02 1.001860280410396444e+04 4.419814800590114828e+03 2.503882701691350576e+03
6.163545927395905344e-02 9.205175987716122108e+03 4.072494620891356135e+03 2.309138659961553458e+03
6.872518245115814828e-02 8.442828287422824360e+03 3.747973936114745356e+03 2.127279407141218144e+03
7.663041305413779980e-02 7.580184397581371741e+03 3.375259106216024065e+03 1.917258798584741498e+03
8.544495620686157200e-02 6.565488687227505579e+03 2.926142432666187688e+03 1.662018694417401548e+03
9.527340712667957401e-02 5.507669283361369708e+03 2.448017082821135773e+03 1.388241760574552472e+03
1.062323922731101822e-01 4.617270815797782234e+03 2.043428087049353053e+03 1.155957398251484392e+03
1.184519532618636822e-01 4.001650064076246963e+03 1.773069099898830927e+03 1.002369637284410032e+03
1.320770899659224340e-01 3.540360957767977197e+03 1.581915070760579511e+03 8.960672413946231245e+02
1.472694811144383831e-01 3.034990683407399956e+03 1.359636982045924015e+03 7.695786133635683655e+02
1.642094028064348954e-01 2.507578100372446443e+03 1.110543382825056142e+03 6.238248422159562097e+02
1.830978677048002712e-01 2.109203776546994504e+03 9.316712618693425156e+02 5.210182122178852069e+02
2.041590102946942431e-01 1.799951219007323289e+03 8.056240244003618045e+02 4.518240188201486944e+02
2.276427465103479653e-01 1.497352371509826980e+03 6.674826777203616075e+02 3.714946182214401347e+02
2.538277392899435103e-01 1.245336614450048046e+03 5.563776165946492256e+02 3.079232766542589275e+02
2.830247052484705095e-01 1.034002795042832986e+03 4.678505726250041334e+02 2.588701481253499992e+02
3.155801017062329072e-01 8.500479764280651125e+02 3.876072766890912931e+02 2.129314027857766689e+02
3.518802378240603601e-01 6.946855579680920982e+02 3.228420757258941762e+02 1.772568912453594407e+02
3.923558586288135031e-01 5.622505055417410631e+02 2.672329963647867430e+02 1.463189023789290673e+02
4.374872563241952172e-01 4.502338743814419786e+02 2.207475563675042736e+02 1.209067834540396120e+02
4.878099695387512202e-01 3.559653618825980743e+02 1.816717714766373035e+02 9.979517583437757366e+01
5.439211381395319123e-01 2.773161982878742720e+02 1.487925993409488967e+02 8.221432950314817845e+01
6.064865890189676811e-01 2.124858352399010357e+02 1.211655822472633730e+02 6.762222364302004962e+01
6.762487369363893164e-01 1.598845734305659221e+02 9.796720600691385528e+01 5.550574889069365270e+01
7.540353941672404137e-01 1.180380366114753059e+02 7.852700205356963181e+01 4.544267153227065137e+01
8.407695934971151086e-01 8.550442365719784732e+01 6.228992239349148718e+01 3.707763285906353445e+01
9.374805411223435803e-01 6.084433652214671184e+01 4.880452321993268328e+01 3.011949639912643661e+01
1.045315829426528564e+00 4.263123084594245427e+01 3.770097213890431931e+01 2.433242551462219438e+01
1.165555054552403824e+00 2.950994835478288891e+01 2.866606536533009830e+01 1.952060084255059635e+01
1.299625000357985227e+00 2.025869799525973747e+01 2.142757790081849478e+01 1.552743697038220994e+01
1.449116568932995452e+00 1.384532097272192708e+01 1.573667157475180112e+01 1.222602967533697438e+01
1.615803658576671964e+00 9.450448044933951408e+00 1.135791712043657320e+01 9.512078158997667288e+00
1.801664213246928048e+00 6.457977055444465542e+00 8.066109760289849717e+00 7.300652521674052764e+00
2.008903693258128342e+00 4.424841368973464917e+00 5.648729312862153407e+00 5.519936045876001174e+00
2.239981245735629400e+00 3.042202353862455855e+00 3.912167523636957522e+00 4.107461427402162357e+00
2.497638885371206374e+00 2.099094195273771390e+00 2.688241439727451887e+00 3.007019483513069247e+00
2.784934031744384253e+00 1.453109180959472502e+00 1.838573668127380545e+00 2.166633709643394301e+00
3.105275789304232426e+00 1.008594198498910854e+00 1.255020954973668168e+00 1.538266611669289130e+00
3.462465400517639402e+00 7.012947011064660785e-01 8.568168376114634333e-01 1.078149581988119277e+00
3.860741352209485999e+00 4.879845830395933559e-01 5.858844387769640560e-01 7.477828707549470932e-01
4.304829670336041580e+00 3.393947396636208258e-01 4.015450710301133874e-01 5.145908986689957665e-01
4.799999999999999822e+00 0.000000000000000000e+00 2.758725650113479921e-01 3.522556727523965536e-01
