1.000000000230258569e-04 3.392745707750884208e+02 1.423226565873652874e+02 7.773736914075858806e+01
1.115026695290953366e-04 3.727351911392382249e+02 1.563712518668377811e+02 8.541590621209734024e+01
1.243284530925187648e-04 4.149603292124413088e+02 1.740998777716852146e+02 9.510471875505244554e+01
1.386295441504667143e-04 4.670643751259730152e+02 1.959743854989436898e+02 1.070601193079159259e+02
1.545756424481938766e-04 5.256576998708119390e+02 2.205796791279075819e+02 1.205092022561483134e+02
1.723559677317991945e-04 5.847771180023497664e+02 2.454179265677287276e+02 1.340908502830212115e+02
1.921815050694108094e-04 6.434376383034917808e+02 2.700773374703571790e+02 1.475806324762001793e+02
2.142875084442451923e-04 7.109400205783389310e+02 2.984607270177679652e+02 1.631120253725923988e+02
2.389362923277018713e-04 7.955269905600815719e+02 3.340251303442062181e+02 1.825719734785366200e+02
2.664203443578849946e-04 8.872602121842000997e+02 3.726067999076900037e+02 2.036905094491733337e+02
2.970657960592480913e-04 9.789851329983526966e+02 4.112037805977859648e+02 2.248298787805812537e+02
3.312362927876497001e-04 1.090057235772831746e+03 4.579317835166250461e+02 2.504237764536703423e+02
3.693373088223966556e-04 1.213389761963167075e+03 5.098152115091688188e+02 2.788466097491788105e+02
4.118209588090659132e-04 1.342766965355274124e+03 5.642288073126486552e+02 3.086649772441462005e+02
4.591913626466918256e-04 1.496949916231170391e+03 6.290385109695628216e+02 3.441728401824975663e+02
5.120106274801957584e-04 1.657985217056574584e+03 6.966809430790316355e+02 3.812355196509415691e+02
5.709055177816341068e-04 1.843827142842662397e+03 7.746812325672370889e+02 4.239578317264328575e+02
6.365748926688486646e-04 2.049581238647941518e+03 8.609453350801563829e+02 4.711868047214221633e+02
7.097979987143026312e-04 2.272729181938063448e+03 9.544000172500687995e+02 5.223285850561356938e+02
7.914437166483044659e-04 2.522614775331081546e+03 1.058958651925931463e+03 5.795147106850537284e+02
8.824808716799498404e-04 2.800912278762876213e+03 1.175307924925141606e+03 6.431110771735635581e+02
9.839897297802024153e-04 3.108717093953975109e+03 1.303904091482116655e+03 7.133620928948959090e+02
1.097174816344422205e-03 3.449774118740214817e+03 1.446332989366447237e+03 7.911332201616359043e+02
1.223379209343287413e-03 3.827536413501308743e+03 1.604076162495374774e+03 8.772365573587782137e+02
1.364100476567608111e-03 4.236826010412934011e+03 1.774944392814406683e+03 9.704739155817976552e+02
1.521008446081769522e-03 4.693275889704113069e+03 1.965563833241744305e+03 1.074479318695609436e+03
1.695965020753673102e-03 5.188720679018870214e+03 2.172490858022134034e+03 1.187374898206516491e+03
1.891046271984591709e-03 5.730637990387438549e+03 2.398910035424542457e+03 1.310913508657617058e+03
2.108567074807741158e-03 6.321101135151509880e+03 2.645700528682180902e+03 1.445582959005347220e+03
2.351108576680822643e-03 6.958418057781360403e+03 2.912109195419562184e+03 1.590972103863607572e+03
2.621548825923003187e-03 7.650444423627968717e+03 3.201527876022856162e+03 1.748953347260973715e+03
2.923096923239734257e-03 8.393607337823457783e+03 3.512427512036921598e+03 1.918684193382254307e+03
3.259331101584665453e-03 9.190270379739587952e+03 3.845873995690258198e+03 2.100758002880479580e+03
3.634241186222156913e-03 1.003602735551901969e+04 4.199963195285820802e+03 2.294137353210769106e+03
4.052275938830490927e-03 1.093174335068894652e+04 4.575146405965268059e+03 2.499112210701731783e+03
4.518395847440812539e-03 1.187187279364916867e+04 4.969074167996728647e+03 2.714400549635881362e+03
5.038131988628217865e-03 1.285180458886541601e+04 5.379903750804179253e+03 2.938940017431023080e+03
5.617651660426248826e-03 1.386479320535202351e+04 5.804988711410666838e+03 3.171375338986484621e+03
6.263831564778516575e-03 1.490049851680007669e+04 6.239991835483448995e+03 3.409330382380881474e+03
6.984339407925946493e-03 1.594702599853483298e+04 6.680054314284749125e+03 3.650171160915194378e+03
7.787724887016851671e-03 1.699106976993127319e+04 7.119733644611459567e+03 3.890953655855658781e+03
8.683521142606049834e-03 1.800898827798642014e+04 7.549256518453446006e+03 4.126350973184436953e+03
9.682357880899711625e-03 1.897811884364676007e+04 7.959279640797940374e+03 4.351277418849147580e+03
1.079608750807801998e-02 1.987569451343559194e+04 8.340451921200572542e+03 4.560657100901511512e+03
1.203792577343234388e-02 2.067158843630056435e+04 8.680329765236927415e+03 4.747722337140874515e+03
1.342260859021738965e-02 2.133121196341936229e+04 8.964566117454100095e+03 4.904639061293809391e+03
1.496656689508787767e-02 2.181906841215205714e+04 9.178442343913828154e+03 5.023369488262609593e+03
1.668812162103823840e-02 2.209798689188325443e+04 9.306465479185273580e+03 5.095441653627010055e+03
1.860770109743517184e-02 2.213095653736621898e+04 9.333117671467804030e+03 5.112354576740527591e+03
2.074808345685756270e-02 2.188653391437289247e+04 9.244970079966944468e+03 5.066662219118165922e+03
2.313466692519383291e-02 2.134454352224458489e+04 9.033220096433948129e+03 4.953464426543536320e+03
2.579577120231610690e-02 2.050143878200366817e+04 8.695781841376652665e+03 4.771526442880483955e+03
2.876297350957714855e-02 1.937793472231331907e+04 8.240496207310734462e+03 4.524953659220906957e+03
3.207148329174031032e-02 1.802390489671162504e+04 7.687386650476752038e+03 4.224521372811263973e+03
3.576056001963404812e-02 1.652208400393242482e+04 7.070537414533460833e+03 3.888785875119399407e+03
3.987397905126498221e-02 1.497988525180641227e+04 6.434905999544605038e+03 3.542314325400240250e+03
4.446055107939526907e-02 1.351172764386425297e+04 5.829392821929041929e+03 3.212001013942965074e+03
4.957470132945773766e-02 1.221306996517633161e+04 5.296032055021394626e+03 2.921154463262212630e+03
5.527711538069327024e-02 1.112627199990234294e+04 4.855152273721031634e+03 2.681300273579269742e+03
6.163545927395905344e-02 1.021725465504592285e+04 4.494090282756973465e+03 2.485767029584649663e+03
6.872518245115814828e-02 9.364920401874916934e+03 4.159808618319400011e+03 2.305184404795691080e+03
7.663041305413779980e-02 8.405249839505746422e+03 3.774797590311987278e+03 2.095751756514331646e+03
8.544495620686157200e-02 7.265606038196226109e+03 3.297494298736346082e+03 1.832907664737528876e+03
9.527340712667957401e-02 6.054207326549087156e+03 2.771046245022410403e+03 1.539828734451496302e+03
1.062323922731101822e-01 5.006049121738803478e+03 2.311314577749905311e+03 1.282787203248239393e+03
1.184519532618636822e-01 4.256436430548880708e+03 2.000562729942415899e+03 1.111381111733782973e+03
1.320770899659224340e-01 3.690557366722574443e+03 1.790225848486905079e+03 9.993440468769816789e+02
1.472694811144383831e-01 3.095575543613169430e+03 1.551420197656903838e+03 8.687932935540607104e+02
1.642094028064348954e-01 2.476045355160779764e+03 1.269763582156793518e+03 7.080223084930573805e+02
1.830978677048002712e-01 1.984267713501579692e+03 1.058208538125684754e+03 5.892011675846138132e+02
2.041590102946942431e-01 1.594718231178058204e+03 9.147567455265486842e+02 5.143260191665511911e+02
2.276427465103479653e-01 1.228855569720965377e+03 7.581938864573346564e+02 4.264502407126409480e+02
2.538277392899435103e-01 9.192335013951413885e+02 6.261261410558636271e+02 3.526751572390145384e+02
2.830247052484705095e-01 6.615940334951698105e+02 5.230162008669759643e+02 2.984327336193310884e+02
3.155801017062329072e-01 4.452067864341922245e+02 4.278166160333319681e+02 2.456235655340438200e+02
3.518802378240603601e-01 2.703032533191747575e+02 3.504808384542010913e+02 2.049983918622705801e+02
3.923558586288135031e-01 1.331440239493807951e+02 2.835023072456385194e+02 1.691750155593132092e+02
4.374872563241952172e-01 3.115438735797539849e+01 2.271875145738347328e+02 1.397448219899338540e+02
4.878099695387512202e-01 -3.896030078301310340e+01 1.795645897171659726e+02 1.150273746327020490e+02
5.439211381395319123e-01 -8.124401378399144846e+01 1.394725651941960507e+02 9.429421146684629207e+01
6.064865890189676811e-01 -1.006994071922544265e+02 1.059608942373035489e+02 7.695718838303012888e+01
6.762487369363893164e-01 -1.030721418446424309e+02 7.823254990198877579e+01 6.245514548900018070e+01
7.540353941672404137e-01 -9.428659348584768907e+01 5.563492501823289160e+01 5.032407677705187155e+01
8.407695934971151086e-01 -7.970814954443112299e+01 3.761726385803184058e+01 4.018015515261600257e+01
9.374805411223435803e-01 -6.350744079965360811e+01 2.368326631753851785e+01 3.171585133799378653e+01
1.045315829426528564e+00 -4.837393619381158061e+01 1.334382918101321280e+01 2.467785633315816085e+01
1.165555054552403824e+00 -3.563212781523784400e+01 6.085864167828311189e+00 1.886289776354719905e+01
1.299625000357985227e+00 -2.562061920917651037e+01 1.361294122816259833e+00 1.410677736510180402e+01
1.449116568932995452e+00 -1.811660216979007743e+01 -1.396510484891064774e+00 1.027186134282395180e+01
1.615803658576671964e+00 -1.266986515537435309e+01 -2.736200206458190731e+00 7.240644402978870353e+00
1.801664213246928048e+00 -8.800898653049337383e+00 -3.144068568276447095e+00 4.906041820927362629e+00
2.008903693258128342e+00 -6.090621030462975760e+00 -3.009952715184319505e+00 3.165600245923462452e+00
2.239981245735629400e+00 -4.208654276471842870e+00 -2.614115544268568403e+00 1.918419593239383936e+00
2.497638885371206374e+00 -2.908321309807900601e+00 -2.135596900506657292e+00 1.065720781215075963e+00
2.784934031744384253e+00 -2.011730168130573926e+00 -1.673966802549488708e+00 5.142786490813782141e-01
3.105275789304232426e+00 -1.393732967810125345e+00 -1.274705030557271135e+00 1.809464800023596609e-01
3.462465400517639402e+00 -9.671818363072584024e-01 -9.509287110405890697e-01 -3.478684855336667062e-03
3.860741352209485999e+00 -6.721018870036596926e-01 -6.990365054091166597e-01 -9.259842416276803378e-02
4.304829670336041580e+00 0.000000000000000000e+00 -5.084893737680252768e-01 -1.249962529612310691e-01
4.799999999999999822e+00 0.000000000000000000e+00 -3.670492189719480325e-01 -1.265393088301124125e-01
