1.000000000230258569e-04 2.731661110551883667e+02 1.162703275220167285e+02 6.438111666009979217e+01
1.115026695290953366e-04 3.036945082791855839e+02 1.292472683868918182e+02 7.156604501235972293e+01
1.243284530925187648e-04 3.411479408244967431e+02 1.451724282508551767e+02 8.038134002126477640e+01
1.386295441504667143e-04 3.820604130540295955e+02 1.625633127151296264e+02 9.000685994850861960e+01
1.545756424481938766e-04 4.217545221737475458e+02 1.794189730173016528e+02 9.933423604658410966e+01
1.723559677317991945e-04 4.609365457494551492e+02 1.960352826192133762e+02 1.085262351814199491e+02
1.921815050694108094e-04 5.080298859807854228e+02 2.160030870089535995e+02 1.195720812697426823e+02
2.142875084442451923e-04 5.671832011659743102e+02 2.410924566417749020e+02 1.334503819129299416e+02
2.389362923277018713e-04 6.282822118882332916e+02 2.669843658292382429e+02 1.477689459031170429e+02
2.664203443578849946e-04 6.896871582249684707e+02 2.929702815680017807e+02 1.621342305433479112e+02
2.970657960592480913e-04 7.667950837127685872e+02 3.256224223319839552e+02 1.801850544497646354e+02
3.312362927876497001e-04 8.476618654097427452e+02 3.598502874426364997e+02 1.991030814230519184e+02
3.693373088223966556e-04 9.358193314337488573e+02 3.971573082074803551e+02 2.197204451933076825e+02
4.118209588090659132e-04 1.037068135117465545e+03 4.400401611235104724e+02 2.434214649701826829e+02
4.591913626466918256e-04 1.145317032399711479e+03 4.859035126021618112e+02 2.687690979890684275e+02
5.120106274801957584e-04 1.264905259621108598e+03 5.366316552600040950e+02 2.968133723453260586e+02
5.709055177816341068e-04 1.400775083685222853e+03 5.943526902649078920e+02 3.287364253914440724e+02
6.365748926688486646e-04 1.546301027126925192e+03 6.562564087363399494e+02 3.629854444271875877e+02
7.097979987143026312e-04 1.705774354294439718e+03 7.242011504843007970e+02 4.005965851314516044e+02
7.914437166483044659e-04 1.882256202399794574e+03 7.995127782908982681e+02 4.423108174286356302e+02
8.824808716799498404e-04 2.077163699399710822e+03 8.828003707938564730e+02 4.884682873858640733e+02
9.839897297802024153e-04 2.291925678576530117e+03 9.746713785883241599e+02 5.394068850592665285e+02
1.097174816344422205e-03 2.524507750504155865e+03 1.074241651740612724e+03 5.946367387756279186e+02
1.223379209343287413e-03 2.780721489289054716e+03 1.183976426208914972e+03 6.555213149656731275e+02
1.364100476567608111e-03 3.060575844481451441e+03 1.303873345235628676e+03 7.220578232580107851e+02
1.521008446081769522e-03 3.368638028702398515e+03 1.435854157103570060e+03 7.953060240728611916e+02
1.695965020753673102e-03 3.703169591089002097e+03 1.579155918524399112e+03 8.748384613237401481e+02
1.891046271984591709e-03 4.067086918107978818e+03 1.735016374727421180e+03 9.613395201519715556e+02
2.108567074807741158e-03 4.464970710309656170e+03 1.905403510709427337e+03 1.055901636323114190e+03
2.351108576680822643e-03 4.893765039574476759e+03 2.088983716391243888e+03 1.157779455507581588e+03
2.621548825923003187e-03 5.356138933811209426e+03 2.286911055031213436e+03 1.267615235784275001e+03
2.923096923239734257e-03 5.851979360247381919e+03 2.499132944985771246e+03 1.385378289948238262e+03
3.259331101584665453e-03 6.382830345943193606e+03 2.726340961392320878e+03 1.511459435850704494e+03
3.634241186222156913e-03 6.947292954889872817e+03 2.967947084771030859e+03 1.645537513419125162e+03
4.052275938830490927e-03 7.542550885563741758e+03 3.222751588039048784e+03 1.786946894699875884e+03
4.518395847440812539e-03 8.166458822849348508e+03 3.489855821470333922e+03 1.935184799087719512e+03
5.038131988628217865e-03 8.815728393778801546e+03 3.767922100315231091e+03 2.089551391075539414e+03
5.617651660426248826e-03 9.484997854365958119e+03 4.054652184441076770e+03 2.248752031845541751e+03
6.263831564778516575e-03 1.016785597649078227e+04 4.347357002086160719e+03 2.411310171358656135e+03
6.984339407925946493e-03 1.085617851034629530e+04 4.642614320832834892e+03 2.575338725182877624e+03
7.787724887016851671e-03 1.154007352500162233e+04 4.936251839550990553e+03 2.738537800214433446e+03
8.683521142606049834e-03 1.220782776289444882e+04 5.223328676352594812e+03 2.898179800187306682e+03
9.682357880899711625e-03 1.284737234930155682e+04 5.498757440355883773e+03 3.051459037165676818e+03
1.079608750807801998e-02 1.343713149856291238e+04 5.753389800630971877e+03 3.193312895079400278e+03
1.203792577343234388e-02 1.395823087946124906e+04 5.979223810369097919e+03 3.319312408939726993e+03
1.342260859021738965e-02 1.438865766934307794e+04 6.166920533392754805e+03 3.424287334692409786e+03
1.496656689508787767e-02 1.470921948646623787e+04 6.308332522940107992e+03 3.503724966918095106e+03
1.668812162103823840e-02 1.489460127913649558e+04 6.392650905982370205e+03 3.551624238447196603e+03
1.860770109743517184e-02 1.492230422869530230e+04 6.410224626839389202e+03 3.562612341667630972e+03
2.074808345685756270e-02 1.477387284332785930e+04 6.353093104682108788e+03 3.532252182602052017e+03
2.313466692519383291e-02 1.443747044545047356e+04 6.216025434276671149e+03 3.457597745218543878e+03
2.579577120231610690e-02 1.391319535999140862e+04 5.998793936764300270e+03 3.338437275510528707e+03
2.876297350957714855e-02 1.321698620798740012e+04 5.707934830848372258e+03 3.178333490247967802e+03
3.207148329174031032e-02 1.238377531308991456e+04 5.358080518149331510e+03 2.985345030537135244e+03
3.576056001963404812e-02 1.146568418136538276e+04 4.971304932180642936e+03 2.771666547136864665e+03
3.987397905126498221e-02 1.052798703128816851e+04 4.575550777776844370e+03 2.552803599655758717e+03
4.446055107939526907e-02 9.637187026391706240e+03 4.199684838140432475e+03 2.344859064188720822e+03
4.957470132945773766e-02 8.841427329950640342e+03 3.865014603253748191e+03 2.159783708981829022e+03
5.527711538069327024e-02 8.153905528466752003e+03 3.577961270589806645e+03 2.001273750201433131e+03
6.163545927395905344e-02 7.528179105631887978e+03 3.318479544729106237e+03 1.858160145270889188e+03
6.872518245115814828e-02 6.879618257572769835e+03 3.048442900716208442e+03 1.708929857049882230e+03
7.663041305413779980e-02 6.128922416104716831e+03 2.730087819964518076e+03 1.531936915806752040e+03
8.544495620686157200e-02 5.280912679493523683e+03 2.362402346811232746e+03 1.326077380661159623e+03
9.527340712667957401e-02 4.456861456366119455e+03 1.999844744166370219e+03 1.122053144912166772e+03
1.062323922731101822e-01 3.802914386564993492e+03 1.714183762105649066e+03 9.613943718073442142e+02
1.184519532618636822e-01 3.335723855867363454e+03 1.519189756840316250e+03 8.530163276332283431e+02
1.320770899659224340e-01 2.914389101962496170e+03 1.345741319940400672e+03 7.569506422083653661e+02
1.472694811144383831e-01 2.436929261216904251e+03 1.134326826721732687e+03 6.370508477312089326e+02
1.642094028064348954e-01 2.002121593097406503e+03 9.369196605876942385e+02 5.239906088713460122e+02
1.830978677048002712e-01 1.686488511830921198e+03 8.065083810946775884e+02 4.515575027915087389e+02
2.041590102946942431e-01 1.401216498824449218e+03 6.879192136974972982e+02 3.855230781380741973e+02
2.276427465103479653e-01 1.131940967057150829e+03 5.667568723608687833e+02 3.157461236528840232e+02
2.538277392899435103e-01 9.166487480639933665e+02 4.791637235866731430e+02 2.675270035588707174e+02
2.830247052484705095e-01 7.260637711156784917e+02 3.980332062113030247e+02 2.217779607262660306e+02
3.155801017062329072e-01 5.645873065122995058e+02 3.309712476974205515e+02 1.846101778451624966e+02
3.518802378240603601e-01 4.275171639980216582e+02 2.736640764906122740e+02 1.528684791487335985e+02
3.923558586288135031e-01 3.127126573601697714e+02 2.257139499880005076e+02 1.267555774072466193e+02
4.374872563241952172e-01 2.178786132779803495e+02 1.849699644825603002e+02 1.046266155141386633e+02
4.878099695387512202e-01 1.413806551959816602e+02 1.507387064246938735e+02 8.631989214689633627e+01
5.439211381395319123e-01 8.164030601253934094e+01 1.219180332572594239e+02 7.109833175138101069e+01
6.064865890189676811e-01 3.711257988093468896e+01 9.767066604608774583e+01 5.843700501508392620e+01
6.762487369363893164e-01 6.082724864100950590e+00 7.731479073043219330e+01 4.791474957145657498e+01
7.540353941672404137e-01 -1.344937155918498917e+01 6.028779763552829962e+01 3.916980178007798230e+01
8.407695934971151086e-01 -2.377092664218094598e+01 4.613459861102985826e+01 3.190270889103317487e+01
9.374805411223435803e-01 -2.731890458344598471e+01 3.447994467120890505e+01 2.585827311980577292e+01
1.045315829426528564e+00 -2.644464456924799123e+01 2.501932192815993972e+01 2.083023589050622348e+01
1.165555054552403824e+00 -2.315851361628581984e+01 1.749250431745126733e+01 1.664943714557232468e+01
1.299625000357985227e+00 -1.895856941443896559e+01 1.166399954085392743e+01 1.317777497239830709e+01
1.449116568932995452e+00 -1.479546367336645218e+01 7.306384831289575388e+00 1.030522333699830462e+01
1.615803658576671964e+00 -1.115719943578198681e+01 4.189612260909449049e+00 7.941811950831904277e+00
1.801664213246928048e+00 -8.210779309843202256e+00 2.080141158139185542e+00 6.014495269219040985e+00
2.008903693258128342e+00 -5.940540307495344230e+00 7.482962548804841241e-01 4.462829565257734998e+00
2.239981245735629400e+00 -4.248604019456768022e+00 -1.839081393897886926e-02 3.234636161739807392e+00
2.497638885371206374e+00 -3.015613107779586244e+00 -4.022754607623363343e-01 2.283225891631210924e+00
2.784934031744384253e+00 -2.130535008020987053e+00 -5.471298562973417878e-01 1.565037283083699604e+00
3.105275789304232426e+00 -1.501201738822099951e+00 -5.568695972962474094e-01 1.038741779139399135e+00
3.462465400517639402e+00 -1.056348889902530841e+00 -5.002682679510358499e-01 6.654971501275627199e-01
3.860741352209485999e+00 -7.429034684712052528e-01 -4.188982912345812770e-01 4.099283046889677373e-01
4.304829670336041580e+00 -5.222782335906146489e-01 -3.354037398805117531e-01 2.412736955376437731e-01
4.799999999999999822e+00 -3.669998693969102055e-01 -2.604916139173875100e-01 1.341857934251059759e-01
