1.000000000230258569e-04 7.310221979724336734e+02 3.529763292196225848e+02 2.068906225982643434e+02
1.115026695290953366e-04 8.168235961290545220e+02 3.941392651636008964e+02 2.309560350567410580e+02
1.243284530925187648e-04 9.222988721787492068e+02 4.447761757449902120e+02 2.605638856350438459e+02
1.386295441504667143e-04 1.042394120723051856e+03 5.023763208275674970e+02 2.942304917837758467e+02
1.545756424481938766e-04 1.166655958506489242e+03 5.617784371293023469e+02 3.288984661959265168e+02
1.723559677317991945e-04 1.292151911863031728e+03 6.214779564584016498e+02 3.636640345081328860e+02
1.921815050694108094e-04 1.435016315060634497e+03 6.892993652209353286e+02 4.031146486832247433e+02
2.142875084442451923e-04 1.612803422055264718e+03 7.737957624293087520e+02 4.522767654306746863e+02
2.389362923277018713e-04 1.810783752084076468e+03 8.677737117186007936e+02 5.069049301990439744e+02
2.664203443578849946e-04 2.012098528664494552e+03 9.629557204981524592e+02 5.620995148367251204e+02
2.970657960592480913e-04 2.250741074259128254e+03 1.075946962631845508e+03 6.276281071620824150e+02
3.312362927876497001e-04 2.522112773392678264e+03 1.204668527797589832e+03 7.022904206215449676e+02
3.693373088223966556e-04 2.805242810217019723e+03 1.338986861648464583e+03 7.801337864827971771e+02
4.118209588090659132e-04 3.141377902468377670e+03 1.499305400123517984e+03 8.732207447352732288e+02
4.591913626466918256e-04 3.491141389165822602e+03 1.666669165472149416e+03 9.704599489304181361e+02
5.120106274801957584e-04 3.894194235571675563e+03 1.860785909922334440e+03 1.083553637050042198e+03
5.709055177816341068e-04 4.328922935991988197e+03 2.071463309709799432e+03 1.206616263795083569e+03
6.365748926688486646e-04 4.799010366837929723e+03 2.300821092328855684e+03 1.341007967489025305e+03
7.097979987143026312e-04 5.319814875348976784e+03 2.556510921408703780e+03 1.491318525274900139e+03
7.914437166483044659e-04 5.889771098618451106e+03 2.837893856744743971e+03 1.657262527099917406e+03
8.824808716799498404e-04 6.510076025118565667e+03 3.145543555005342569e+03 1.839210205729047175e+03
9.839897297802024153e-04 7.187343418816500161e+03 3.482514132579593934e+03 2.038932572705093889e+03
1.097174816344422205e-03 7.933897376081999028e+03 3.854518770968871650e+03 2.259727231149636282e+03
1.223379209343287413e-03 8.742538168250026501e+03 4.257841349947138042e+03 2.499351878448733260e+03
1.364100476567608111e-03 9.629802901380091498e+03 4.700281913033251840e+03 2.762310978640594840e+03
1.521008446081769522e-03 1.059258831900790756e+04 5.180075570492507723e+03 3.047465501816976939e+03
1.695965020753673102e-03 1.164680531838627212e+04 5.704815750584442867e+03 3.359213468292638026e+03
1.891046271984591709e-03 1.279693711252029425e+04 6.276662852541187931e+03 3.698794294219469521e+03
2.108567074807741158e-03 1.403932855488385394e+04 6.893803811291725651e+03 4.065100368426038131e+03
2.351108576680822643e-03 1.538446649102018091e+04 7.561343990282593950e+03 4.461133954889402958e+03
2.621548825923003187e-03 1.682644971968031314e+04 8.276374534590311669e+03 4.885212756225856538e+03
2.923096923239734257e-03 1.836455161456964197e+04 9.038530378227273104e+03 5.337166763397468458e+03
3.259331101584665453e-03 2.000213998641398939e+04 9.849613292781907148e+03 5.818031746701519296e+03
3.634241186222156913e-03 2.172773463972596437e+04 1.070419586200594676e+04 6.324443892218345354e+03
4.052275938830490927e-03 2.353345725077702082e+04 1.159867039637108064e+04 6.854132245724112181e+03
4.518395847440812539e-03 2.540249236726631352e+04 1.252416119503121081e+04 7.402740947033405973e+03
5.038131988628217865e-03 2.731758453455733252e+04 1.347255152076915874e+04 7.964764418472341276e+03
5.617651660426248826e-03 2.925467686584559851e+04 1.443213232301117932e+04 8.533420093390534021e+03
6.263831564778516575e-03 3.118417954122414085e+04 1.538842834477020369e+04 9.100239317999197738e+03
6.984339407925946493e-03 3.306956867791001423e+04 1.632353388604318934e+04 9.654622773846354903e+03
7.787724887016851671e-03 3.486718431879312266e+04 1.721614190434929333e+04 1.018401529146427310e+04
8.683521142606049834e-03 3.652511111596373667e+04 1.804069277777037132e+04 1.067336249031104126e+04
9.682357880899711625e-03 3.798573544144154585e+04 1.876904056928746286e+04 1.110599836757716548e+04
1.079608750807801998e-02 3.918325498059568054e+04 1.936887304010129083e+04 1.146295914923722194e+04
1.203792577343234388e-02 4.004720358296399354e+04 1.980528843270938523e+04 1.172350176670031760e+04
1.342260859021738965e-02 4.050278051730379957e+04 2.004158274459572567e+04 1.186590108454675101e+04
1.496656689508787767e-02 4.047683020719829074e+04 2.004144073917644346e+04 1.186869584543268138e+04
1.668812162103823840e-02 3.990591543948755861e+04 1.977324127266340656e+04 1.171308306288968379e+04
1.860770109743517184e-02 3.874599058929279272e+04 1.921464299028409368e+04 1.138571617305399559e+04
2.074808345685756270e-02 3.698699366226197162e+04 1.835980943575741185e+04 1.088293136198251523e+04
2.313466692519383291e-02 3.466435184725692670e+04 1.722505773893949663e+04 1.021411884393054970e+04
2.579577120231610690e-02 3.187559775474637354e+04 1.585727595658065002e+04 9.406729204284261868e+03
2.876297350957714855e-02 2.878616083328454988e+04 1.433710585234549399e+04 8.508238359212360592e+03
3.207148329174031032e-02 2.561722625478958435e+04 1.277350532092023241e+04 7.583031903713685097e+03
3.576056001963404812e-02 2.261806530167210076e+04 1.129064697975055424e+04 6.704821977483677074e+03
3.987397905126498221e-02 2.001400078308997763e+04 1.000264717829370056e+04 5.941757356589645497e+03
4.446055107939526907e-02 1.794452209979433246e+04 8.982688109662027273e+03 5.338107909796488457e+03
4.957470132945773766e-02 1.640616902869614569e+04 8.233306642786361408e+03 4.896340655640639852e+03
5.527711538069327024e-02 1.520839893188226233e+04 7.661010665535641238e+03 4.561291697493737956e+03
6.163545927395905344e-02 1.401679158972889672e+04 7.093394831714827887e+03 4.229276757083759549e+03
6.872518245115814828e-02 1.245228462602546097e+04 6.324246480905383578e+03 3.773793714187831029e+03
7.663041305413779980e-02 1.048390111352646454e+04 5.323027842819630678e+03 3.173002283266562699e+03
8.544495620686157200e-02 8.511390149359758652e+03 4.297522420596616939e+03 2.552143114000648893e+03
9.527340712667957401e-02 7.046192441838318700e+03 3.541519746156769543e+03 2.095209877748945928e+03
1.062323922731101822e-01 6.181579823442138149e+03 3.133126953395157216e+03 1.856999585597198347e+03
1.184519532618636822e-01 5.494849385298328343e+03 2.832854288657610141e+03 1.688391113557790504e+03
1.320770899659224340e-01 4.596432898617793398e+03 2.375455272169225736e+03 1.412247709167900894e+03
1.472694811144383831e-01 3.713431438649890879e+03 1.895343820378373493e+03 1.113281215657095345e+03
1.642094028064348954e-01 3.121092029917039781e+03 1.615287651968541240e+03 9.502087457644763617e+02
1.830978677048002712e-01 2.622462390819650864e+03 1.393113490202912317e+03 8.257699727378629859e+02
2.041590102946942431e-01 2.127718282138761879e+03 1.133247562632069503e+03 6.640231692344350449e+02
2.276427465103479653e-01 1.734668914430471204e+03 9.498525164543463006e+02 5.586822661567877049e+02
2.538277392899435103e-01 1.394792355629121857e+03 7.889236555738216339e+02 4.650052554955100277e+02
2.830247052484705095e-01 1.104344781807833897e+03 6.501752257328014366e+02 3.836968481200930228e+02
3.155801017062329072e-01 8.594940297887217184e+02 5.350955261241301741e+02 3.180129316561825021e+02
3.518802378240603601e-01 6.540631415837434588e+02 4.375532439805850800e+02 2.626386857787276767e+02
3.923558586288135031e-01 4.840951767373599637e+02 3.551446004876651159e+02 2.161639442544803842e+02
4.374872563241952172e-01 3.460915275560562350e+02 2.858715009752403944e+02 1.776812159121383843e+02
4.878099695387512202e-01 2.368441972407729565e+02 2.275972770408975236e+02 1.455423706736246743e+02
5.439211381395319123e-01 1.532206811879705128e+02 1.787640056263072665e+02 1.187174569411160832e+02
6.064865890189676811e-01 9.189682785445879176e+01 1.380802265026493671e+02 9.632416615516865477e+01
6.762487369363893164e-01 4.926920525782071536e+01 1.045037507983616933e+02 7.763133136181080829e+01
7.540353941672404137e-01 2.154045396080757158e+01 7.716965454249063328e+01 6.203917383082038128e+01
8.407695934971151086e-01 4.962476952394395013e+00 5.533292172875624004e+01 4.905684150564785995e+01
9.374805411223435803e-01 -3.860185119372725460e+00 3.831527902946991304e+01 3.829102302346284148e+01
1.045315829426528564e+00 -7.718610328476671611e+00 2.545803528002841531e+01 2.942023720162240608e+01
1.165555054552403824e+00 -8.689734081913700336e+00 1.610052203037769303e+01 2.218292733758470803e+01
1.299625000357985227e+00 -8.174193734148261115e+00 9.580067048731686796e+00 1.636107926958339931e+01
1.449116568932995452e+00 -7.029760820350261952e+00 5.256738559476612949e+00 1.176427057536408327e+01
1.615803658576671964e+00 -5.731611201530338207e+00 2.547082938781207062e+00 8.219098686872088777e+00
1.801664213246928048e+00 -4.513474569397117442e+00 9.567326303465363280e-01 5.560842662835107753e+00
2.008903693258128342e+00 -3.469260124341282836e+00 9.766376667805232170e-02 3.630931887930964219e+00
2.239981245735629400e+00 -2.619823379011523734e+00 -3.125083795781809504e-01 2.278913487424982787e+00
2.497638885371206374e+00 -1.951721965998629349e+00 -4.652203709642084850e-01 1.367361176217011254e+00
2.784934031744384253e+00 -1.438087524631388003e+00 -4.819357458151860563e-01 7.771562963543490188e-01
3.105275789304232426e+00 -1.049762731520876402e+00 -4.350328087120463594e-01 4.110319838450264829e-01
3.462465400517639402e+00 -7.598576356666726372e-01 -3.649117561657285735e-01 1.942970566579833025e-01
3.860741352209485999e+00 0.000000000000000000e+00 -2.923856381656745329e-01 7.285380736573165983e-02
4.304829670336041580e+00 0.000000000000000000e+00 -2.270114745803380740e-01 9.567323520405492110e-03
4.799999999999999822e+00 0.000000000000000000e+00 -1.721781032920120524e-01 -1.984056872320518264e-02
