1.000000000230258569e-04 7.062828384178693568e+02 3.200990508423586220e+02 1.773011261609817097e+02
1.115026695290953366e-04 7.780131797588976497e+02 3.528264565932475989e+02 1.954505161551461754e+02
1.243284530925187648e-04 8.690371691723604499e+02 3.943165272213116168e+02 2.184559472604581458e+02
1.386295441504667143e-04 9.783507744743152443e+02 4.441478845841448333e+02 2.460860334626275687e+02
1.545756424481938766e-04 1.095677513589507953e+03 4.977368883401704238e+02 2.758123825209407300e+02
1.723559677317991945e-04 1.209914607327996237e+03 5.501403650693645204e+02 3.049050494361546839e+02
1.921815050694108094e-04 1.326815587268119089e+03 6.039936825675148384e+02 3.348265257764102785e+02
2.142875084442451923e-04 1.469715923085421082e+03 6.698165173321064003e+02 3.714016170252479583e+02
2.389362923277018713e-04 1.643342432688734107e+03 7.497463730905693637e+02 4.158155526063255820e+02
2.664203443578849946e-04 1.818758000237647138e+03 8.307964425256431014e+02 4.608907241515937585e+02
2.970657960592480913e-04 2.003328205129929074e+03 9.163163187308616671e+02 5.084867316846421659e+02
3.312362927876497001e-04 2.232796017521374324e+03 1.022338989431670939e+03 5.674741133889320963e+02
3.693373088223966556e-04 2.467094059746667426e+03 1.130760944655497497e+03 6.278314674610184056e+02
4.118209588090659132e-04 2.735796964407356882e+03 1.254831747332025543e+03 6.968864694890080500e+02
4.591913626466918256e-04 3.031595534404149475e+03 1.391080349469715884e+03 7.727030259102024274e+02
5.120106274801957584e-04 3.364196168805196976e+03 1.543787649183449957e+03 8.576368575802637224e+02
5.709055177816341068e-04 3.722084351319745110e+03 1.707526222217664554e+03 9.486577120224052351e+02
6.365748926688486646e-04 4.135314058152462167e+03 1.895694824719676490e+03 1.053159316279905624e+03
7.097979987143026312e-04 4.588609776166291340e+03 2.101297672124499059e+03 1.167252855047142248e+03
7.914437166483044659e-04 5.085836889046533543e+03 2.325972827148691522e+03 1.291825283769071802e+03
8.824808716799498404e-04 5.637137508714612522e+03 2.574246633115543773e+03 1.429369876884640234e+03
9.839897297802024153e-04 6.247437574036811384e+03 2.848375060707385728e+03 1.581136419890527350e+03
1.097174816344422205e-03 6.915806482860271899e+03 3.148033738776960035e+03 1.746954492685127207e+03
1.223379209343287413e-03 7.643159615095478330e+03 3.473764018554040831e+03 1.927134860582558531e+03
1.364100476567608111e-03 8.452131742595120159e+03 3.835924669979592636e+03 2.127438489029513676e+03
1.521008446081769522e-03 9.319734693591608448e+03 4.224225825198423081e+03 2.342183875263443042e+03
1.695965020753673102e-03 1.026544340401145564e+04 4.647671013209497687e+03 2.576393628489727689e+03
1.891046271984591709e-03 1.129057238861878977e+04 5.106944638193897845e+03 2.830462510986671077e+03
2.108567074807741158e-03 1.239781615071598026e+04 5.603369360341057472e+03 3.105142099764171235e+03
2.351108576680822643e-03 1.357469346196334664e+04 6.131332213364195923e+03 3.397330026090090996e+03
2.621548825923003187e-03 1.483589217784034918e+04 6.697597362358937971e+03 3.710804442661590201e+03
2.923096923239734257e-03 1.617506039111021164e+04 7.299314312571383198e+03 4.044003474863156953e+03
3.259331101584665453e-03 1.758862543041878962e+04 7.934895553223455863e+03 4.396062666580945915e+03
3.634241186222156913e-03 1.906902772558905781e+04 8.601008415428987064e+03 4.765135308576037460e+03
4.052275938830490927e-03 2.060715784080670346e+04 9.293653989910735618e+03 5.148998947437396055e+03
4.518395847440812539e-03 2.219038276380539173e+04 1.000719159360547201e+04 5.544556696595853282e+03
5.038131988628217865e-03 2.380451177340089635e+04 1.073523404331511847e+04 5.948316753582196725e+03
5.617651660426248826e-03 2.543067681877835639e+04 1.146943199555603860e+04 6.355660221652838118e+03
6.263831564778516575e-03 2.704372415905413072e+04 1.219856261166831428e+04 6.760404967026512168e+03
6.984339407925946493e-03 2.861475561315529194e+04 1.290968322640668157e+04 7.155381037195277713e+03
7.787724887016851671e-03 3.010948684908312862e+04 1.358747285296609698e+04 7.532087086622069364e+03
8.683521142606049834e-03 3.148887678111394416e+04 1.421447110649144270e+04 7.880882717982061877e+03
9.682357880899711625e-03 3.270841401351207605e+04 1.477079353208459361e+04 8.190758511287272995e+03
1.079608750807801998e-02 3.371896769919621875e+04 1.523438133783932244e+04 8.449509935010448316e+03
1.203792577343234388e-02 3.446647974486969906e+04 1.558085552550008651e+04 8.643607220853082254e+03
1.342260859021738965e-02 3.489466317292155873e+04 1.578497957522082106e+04 8.759002165676125514e+03
1.496656689508787767e-02 3.494719925044335832e+04 1.582127113264599575e+04 8.781656238086683516e+03
1.668812162103823840e-02 3.457445680788637401e+04 1.566694813583690848e+04 8.698743098387994905e+03
1.860770109743517184e-02 3.374020954793661076e+04 1.530531547051025336e+04 8.500908059181381759e+03
2.074808345685756270e-02 3.242830996556224636e+04 1.472839835823910653e+04 8.183645564791142533e+03
2.313466692519383291e-02 3.065500054499227917e+04 1.394258538669901463e+04 7.750277191024756576e+03
2.579577120231610690e-02 2.848035725228902083e+04 1.297388397343677752e+04 7.215026207546516162e+03
2.876297350957714855e-02 2.601318661853850790e+04 1.187039536598926497e+04 6.604380995288610393e+03
3.207148329174031032e-02 2.340910213673784892e+04 1.070178354823195332e+04 5.956876136453130130e+03
3.576056001963404812e-02 2.085376849016624328e+04 9.552239210665798964e+03 5.319273902201807687e+03
3.987397905126498221e-02 1.852807788606159374e+04 8.505121179634104919e+03 4.738117992000085906e+03
4.446055107939526907e-02 1.656689469415760686e+04 7.624395044607137606e+03 4.249441311085029156e+03
4.957470132945773766e-02 1.500824837677617506e+04 6.930760903722177318e+03 3.865362713266933497e+03
5.527711538069327024e-02 1.375825233726620354e+04 6.383495636578549238e+03 3.563597751571088793e+03
6.163545927395905344e-02 1.260452428865497313e+04 5.883237997200904829e+03 3.288394362939607618e+03
6.872518245115814828e-02 1.126172674009042748e+04 5.288425510340955952e+03 2.958859774912975809e+03
7.663041305413779980e-02 9.632386571008973988e+03 4.541125725925272491e+03 2.540186484743433994e+03
8.544495620686157200e-02 7.923705046144110383e+03 3.735429958763694231e+03 2.084581243095330137e+03
9.527340712667957401e-02 6.514184669656402548e+03 3.068384235275184437e+03 1.706442190782988746e+03
1.062323922731101822e-01 5.578601662620038951e+03 2.650346852584447788e+03 1.473529986263659112e+03
1.184519532618636822e-01 4.897308515258397165e+03 2.375109983583413850e+03 1.325887340923556849e+03
1.320770899659224340e-01 4.134482053242312759e+03 2.036903063282436278e+03 1.137643563536334113e+03
1.472694811144383831e-01 3.330360984225431821e+03 1.641796289090067148e+03 9.086916001489440760e+02
1.642094028064348954e-01 2.727003006667151112e+03 1.366136477867944905e+03 7.530950052873746472e+02
1.830978677048002712e-01 2.259303344730542449e+03 1.180439879603685540e+03 6.555972617015315791e+02
2.041590102946942431e-01 1.806415241598826469e+03 9.711049766607683296e+02 5.359984537142761383e+02
2.276427465103479653e-01 1.428316813092266784e+03 8.026932078447335925e+02 4.417023595072051307e+02
2.538277392899435103e-01 1.112254289340403830e+03 6.703624300650764098e+02 3.711109959278807651e+02
2.830247052484705095e-01 8.412549783844111744e+02 5.499287943932729377e+02 3.038346809335413923e+02
3.155801017062329072e-01 6.159944340059106480e+02 4.528640957773663445e+02 2.523211267553568291e+02
3.518802378240603601e-01 4.300914887428376119e+02 3.696184270610991121e+02 2.075580324684000004e+02
3.923558586288135031e-01 2.803931878598548337e+02 3.000090054941660469e+02 1.709218912107861001e+02
4.374872563241952172e-01 1.635744178183082340e+02 2.415151585102760805e+02 1.405259601285573581e+02
4.878099695387512202e-01 7.647487982868953793e+01 1.923903694357240681e+02 1.152535718543518470e+02
5.439211381395319123e-01 1.564152081480128231e+01 1.512553460403325971e+02 9.429522003125363483e+01
6.064865890189676811e-01 -2.288210028466878043e+01 1.169587678661740711e+02 7.690312370341924009e+01
6.762487369363893164e-01 -4.355488519056481778e+01 8.857201286008171337e+01 6.246420387423532361e+01
7.540353941672404137e-01 -5.108028446973158765e+01 6.533481475544950001e+01 5.046753847124289649e+01
8.407695934971151086e-01 -4.997030644901630581e+01 4.662236093691415562e+01 4.050032363993960871e+01
9.374805411223435803e-01 -4.407672420901329247e+01 3.189091517389006114e+01 3.222464989082769904e+01
1.045315829426528564e+00 -3.628027551357220659e+01 2.063796548121831265e+01 2.536565773014642033e+01
1.165555054552403824e+00 -2.842915667522589018e+01 1.237049894913179315e+01 1.970437460272794539e+01
1.299625000357985227e+00 -2.149541179667707880e+01 6.588884931377575249e+00 1.506241748790577439e+01
1.449116568932995452e+00 -1.583586063784446374e+01 2.790448065270332290e+00 1.129466726499103757e+01
1.615803658576671964e+00 -1.144944894754385167e+01 4.904481609203518722e-01 8.280118640517201811e+00
1.801664213246928048e+00 -8.167192473408091402e+00 -7.484817727472931059e-01 5.912767259707807810e+00
2.008903693258128342e+00 -5.770203235592849644e+00 -1.291077769732515090e+00 4.097018885119528164e+00
2.239981245735629400e+00 -4.049294421007392231e+00 -1.416572809441512204e+00 2.743095965557519111e+00
2.497638885371206374e+00 -2.827984830701607777e+00 -1.320760246888130984e+00 1.765903858498688805e+00
2.784934031744384253e+00 -1.968167354738559194e+00 -1.129023827621210785e+00 1.085804433075491238e+00
3.105275789304232426e+00 -1.366036429877003133e+00 -9.141016667640514681e-01 6.309585818383353084e-01
3.462465400517639402e+00 -9.456858877036015132e-01 -7.132128217865721931e-01 3.397336512836078293e-01
3.860741352209485999e+00 0.000000000000000000e+00 -5.418901672284569537e-01 1.621535869732826374e-01
4.304829670336041580e+00 0.000000000000000000e+00 -4.036160381629056992e-01 5.998629420865940476e-02
4.799999999999999822e+00 0.000000000000000000e+00 -2.959856954949450225e-01 5.551471122966581025e-03
