1.000000000230258569e-04 2.731661410908037055e+02 1.162703011039454140e+02 6.438110545302386356e+01
1.115026695290953366e-04 3.036942629453875497e+02 1.292472607851424868e+02 7.156605685785184789e+01
1.243284530925187648e-04 3.411482620785972699e+02 1.451723450506514439e+02 8.038136461591679449e+01
1.386295441504667143e-04 3.820620208284285013e+02 1.625634432390907307e+02 9.000689020593937073e+01
1.545756424481938766e-04 4.217560768736437353e+02 1.794188340997732496e+02 9.933419533076643404e+01
1.723559677317991945e-04 4.609372928535032088e+02 1.960352960992116209e+02 1.085262419388156019e+02
1.921815050694108094e-04 5.080291484558714501e+02 2.160030371609318536e+02 1.195720908974829229e+02
2.142875084442451923e-04 5.671842171019212628e+02 2.410925112264197026e+02 1.334503719368991312e+02
2.389362923277018713e-04 6.282844338979354006e+02 2.669844005419005271e+02 1.477689753635862075e+02
2.664203443578849946e-04 6.896868169499440455e+02 2.929702352509871162e+02 1.621342661396578251e+02
2.970657960592480913e-04 7.667957092564905679e+02 3.256225642531361473e+02 1.801850534811703710e+02
3.312362927876497001e-04 8.476639985741130658e+02 3.598503727461887820e+02 1.991030696337916481e+02
3.693373088223966556e-04 9.358184926071006657e+02 3.971571667870488795e+02 2.197204552750123696e+02
4.118209588090659132e-04 1.037071055344608112e+03 4.400403394190943800e+02 2.434216281752846953e+02
4.591913626466918256e-04 1.145316450162973979e+03 4.859035023365051416e+02 2.687690952206177144e+02
5.120106274801957584e-04 1.264905713866747419e+03 5.366316125740831922e+02 2.968133643566132491e+02
5.709055177816341068e-04 1.400780037062324027e+03 5.943530427446517024e+02 3.287364578901115806e+02
6.365748926688486646e-04 1.546302330138052412e+03 6.562564715940856104e+02 3.629854378141326379e+02
7.097979987143026312e-04 1.705772724841158833e+03 7.242010384933251999e+02 4.005965470546080383e+02
7.914437166483044659e-04 1.882254099847030147e+03 7.995124388790197827e+02 4.423107746295603988e+02
8.824808716799498404e-04 2.077163524766792762e+03 8.828001525666837779e+02 4.884682431921889361e+02
9.839897297802024153e-04 2.291932545164314888e+03 9.746716510512342211e+02 5.394069198117475707e+02
1.097174816344422205e-03 2.524515571166157770e+03 1.074242088104185768e+03 5.946367641839800626e+02
1.223379209343287413e-03 2.780724082511888355e+03 1.183976375766974343e+03 6.555212844067951892e+02
1.364100476567608111e-03 3.060581357814131934e+03 1.303873295307973422e+03 7.220577951734942417e+02
1.521008446081769522e-03 3.368654995081498782e+03 1.435854703903214386e+03 7.953060648071808600e+02
1.695965020753673102e-03 3.703186764888366270e+03 1.579156237919954265e+03 8.748384422507319869e+02
1.891046271984591709e-03 4.067098177675130955e+03 1.735016013072973237e+03 9.613394010187838603e+02
2.108567074807741158e-03 4.465009095946593334e+03 1.905404693440507117e+03 1.055901641133261592e+03
2.351108576680822643e-03 4.893815590697408879e+03 2.088985155711608968e+03 1.157779510355365574e+03
2.621548825923003187e-03 5.356204729782376489e+03 2.286912903565887518e+03 1.267615290959328831e+03
2.923096923239734257e-03 5.852044629778386479e+03 2.499133637786738291e+03 1.385378130634610898e+03
3.259331101584665453e-03 6.382920923478325676e+03 2.726342027697343838e+03 1.511459216995989664e+03
3.634241186222156913e-03 6.947433438055479201e+03 2.967949817647983764e+03 1.645537390307337546e+03
4.052275938830490927e-03 7.542737623798208915e+03 3.222755087197054308e+03 1.786946701566165302e+03
4.518395847440812539e-03 8.166681192028047008e+03 3.489858446985153478e+03 1.935184291529828670e+03
5.038131988628217865e-03 8.816045644080757484e+03 3.767926989090681218e+03 2.089550856348470461e+03
5.617651660426248826e-03 9.485424979146378973e+03 4.054658929220468963e+03 2.248751320955938354e+03
6.263831564778516575e-03 1.016842521781412324e+04 4.347366004905898080e+03 2.411309242530334814e+03
6.984339407925946493e-03 1.085693374304789904e+04 4.642626244008733011e+03 2.575337481191962070e+03
7.787724887016851671e-03 1.154107100781060035e+04 4.936267566045395142e+03 2.738536155386223527e+03
8.683521142606049834e-03 1.220913870805370607e+04 5.223349331134751083e+03 2.898177628543428909e+03
9.682357880899711625e-03 1.284908657627229877e+04 5.498784443977171577e+03 3.051456192855634072e+03
1.079608750807801998e-02 1.343935919000387548e+04 5.753424891101381036e+03 3.193309195268707754e+03
1.203792577343234388e-02 1.396110556383967196e+04 5.979269077461259258e+03 3.319307622043784704e+03
1.342260859021738965e-02 1.439233852798062435e+04 6.166978492015429765e+03 3.424281190070391858e+03
1.496656689508787767e-02 1.471389250243892275e+04 6.308406088250287212e+03 3.503717140780676800e+03
1.668812162103823840e-02 1.490047680505621247e+04 6.392743393792515235e+03 3.551614363910820430e+03
1.860770109743517184e-02 1.492961289123532333e+04 6.410339729217504100e+03 3.562600019596725815e+03
2.074808345685756270e-02 1.478285383190552602e+04 6.353234565096447113e+03 3.532236974006094442e+03
2.313466692519383291e-02 1.444836091254970961e+04 6.216197036729850879e+03 3.457579214492405299e+03
2.579577120231610690e-02 1.392621488724039773e+04 5.998999223302281280e+03 3.338415006797754813e+03
2.876297350957714855e-02 1.323232281401887303e+04 5.708176776826056084e+03 3.178307088893405762e+03
3.207148329174031032e-02 1.240158997713476310e+04 5.358361868533312190e+03 2.985314163517297857e+03
3.576056001963404812e-02 1.148612384014080453e+04 4.971628077520200350e+03 2.771630859604565103e+03
3.987397905126498221e-02 1.055123891176919096e+04 4.575918852402157427e+03 2.552762662020971220e+03
4.446055107939526907e-02 9.663566406682153684e+03 4.200103707436528566e+03 2.344812320270499640e+03
4.957470132945773766e-02 8.871433657684727223e+03 3.865492955946832808e+03 2.159730211839661024e+03
5.527711538069327024e-02 8.188257115813209566e+03 3.578512278558345770e+03 2.001212272904358088e+03
6.163545927395905344e-02 7.567623848458259999e+03 3.319118216997916988e+03 1.858089572357726183e+03
6.872518245115814828e-02 6.924554615332655885e+03 3.049179715618578030e+03 1.708849872005473571e+03
7.663041305413779980e-02 6.178995581323893930e+03 2.730923305677365988e+03 1.531849136438900132e+03
8.544495620686157200e-02 5.335093523949683913e+03 2.363326227904831285e+03 1.325985089405405688e+03
9.527340712667957401e-02 4.514559866589390367e+03 2.000854067943669406e+03 1.121959144370013973e+03
1.062323922731101822e-01 3.865407708213425849e+03 1.715312097609575403e+03 9.612985228600698520e+02
1.184519532618636822e-01 3.405778761848394424e+03 1.520506203395499369e+03 8.529163849013317531e+02
1.320770899659224340e-01 2.993303711503175691e+03 1.347297954894262602e+03 7.568487679571725266e+02
1.472694811144383831e-01 2.522961310937062990e+03 1.136117059477623798e+03 6.369569909626272874e+02
1.642094028064348954e-01 2.095065055869768457e+03 9.389630237041446890e+02 5.239111530806435439e+02
1.830978677048002712e-01 1.790010218718907481e+03 8.089326397235111017e+02 4.514913225100706882e+02
2.041590102946942431e-01 1.516147656666687908e+03 6.908002719258480511e+02 3.854778623958212620e+02
2.276427465103479653e-01 1.257226764068123657e+03 5.701090516816169611e+02 3.157335597341607354e+02
2.538277392899435103e-01 1.054381419083076935e+03 4.831298857123302923e+02 2.675504361939042610e+02
2.830247052484705095e-01 8.757541311005300031e+02 4.026736428413853446e+02 2.218487482035124003e+02
3.155801017062329072e-01 7.259311043888860695e+02 3.363800456156184850e+02 1.847363355936930986e+02
3.518802378240603601e-01 5.993085624773394784e+02 2.799179167596365119e+02 1.530596764948715816e+02
3.923558586288135031e-01 4.929990375257509641e+02 2.328914348764845670e+02 1.270210247794159670e+02
4.374872563241952172e-01 4.037525704704041232e+02 1.931261746051147838e+02 1.049763112403545904e+02
4.878099695387512202e-01 3.291087935093818260e+02 1.599098828871118485e+02 8.676265939696456542e+01
5.439211381395319123e-01 2.668078350269462362e+02 1.321107025093549225e+02 7.164261115469410868e+01
6.064865890189676811e-01 2.149739647638092492e+02 1.088537582752232709e+02 5.909032098062922245e+01
6.762487369363893164e-01 1.720068257219830912e+02 8.940984373647344796e+01 4.868292398046994407e+01
7.540353941672404137e-01 1.365631355186023939e+02 7.316254845445814681e+01 4.005664010315437196e+01
8.407695934971151086e-01 1.075148290059494798e+02 5.960162902593716439e+01 3.290993716932744206e+01
9.374805411223435803e-01 8.388182951600757065e+01 4.829072988841701886e+01 2.698385411870283335e+01
1.045315829426528564e+00 6.483196544996697241e+01 3.887629134827086119e+01 2.206827217873034641e+01
1.165555054552403824e+00 4.963769219161542878e+01 3.106556754305869106e+01 1.798937128865098956e+01
1.299625000357985227e+00 3.765747509585182229e+01 2.461528547146703261e+01 1.460345707019108730e+01
1.449116568932995452e+00 2.832510916680978497e+01 1.932459110252161238e+01 1.179510332349120816e+01
1.615803658576671964e+00 2.114033428056311337e+01 1.502174087234736710e+01 9.468691079046752890e+00
1.801664213246928048e+00 1.566985142658105623e+01 1.155867542781463264e+01 7.546429238856668498e+00
2.008903693258128342e+00 1.154576826248610288e+01 8.804816845814906756e+00 5.965151324618318540e+00
2.239981245735629400e+00 8.463516302741595609e+00 6.643088702937472334e+00 4.672194535875831001e+00
2.497638885371206374e+00 6.176716890744443411e+00 4.968375719313236516e+00 3.623716112350984897e+00
2.784934031744384253e+00 4.490343966040295953e+00 3.687172525505097109e+00 2.782134371477333001e+00
3.105275789304232426e+00 3.252957260776103698e+00 2.718124679389894993e+00 2.114441510410849379e+00
3.462465400517639402e+00 2.348792276799856360e+00 1.992403927159563048e+00 1.591454672211008115e+00
3.860741352209485999e+00 1.690456455458326568e+00 1.453431501891204736e+00 1.187150727581155252e+00
4.304829670336041580e+00 1.212615995461524765e+00 1.055909142094975550e+00 8.785538386540092670e-01
4.799999999999999822e+00 8.667547196239102636e-01 7.643395388288155567e-01 6.457381608942841522e-01
