1.000000000230258569e-04 4.991889634560483273e+02 2.202227969087138320e+02 1.207313538826669514e+02
1.122634227564673579e-04 5.473077946845783117e+02 2.415744675380953765e+02 1.324605296925926723e+02
1.260307608609534901e-04 6.098646755090190936e+02 2.693101824020002368e+02 1.476927699134535601e+02
1.414864458359461712e-04 6.887985565119952298e+02 3.042945882230671941e+02 1.669030529194975827e+02
1.588375267953347550e-04 7.769339389002363987e+02 3.434019703132526047e+02 1.883877695946913491e+02
1.783164441611049004e-04 8.627862451674014892e+02 3.816193869841275159e+02 2.094092718897034331e+02
2.001841435067871621e-04 9.474924819109800183e+02 4.194755961456521618e+02 2.302629998765600021e+02
2.247335712646909519e-04 1.051117975223628719e+03 4.657912183328554647e+02 2.557816882989668272e+02
2.522935991264941354e-04 1.180133009783417947e+03 5.234090097130637105e+02 2.875259006780552227e+02
2.832334297096662638e-04 1.308575733001664730e+03 5.809460301117065910e+02 3.192725092487742700e+02
3.179675425093897337e-04 1.446408467051586968e+03 6.427851452767343972e+02 3.534284518839527323e+02
3.569612463934728852e-04 1.618247066163728505e+03 7.196832085908589534e+02 3.958770792462343024e+02
4.007369130231864672e-04 1.788594517036713341e+03 7.959990558982400444e+02 4.380539768032297161e+02
4.498809747048478080e-04 1.996489430332410620e+03 8.887938127741936114e+02 4.892877989443607021e+02
5.050517804175268938e-04 2.210791219784647637e+03 9.842752052686965953e+02 5.420092750747231776e+02
5.669884152586394726e-04 2.465896200675514592e+03 1.097445057379415857e+03 6.044093448049807193e+02
6.365206014554368984e-04 2.741436889766396234e+03 1.219214811496388620e+03 6.714793728641924417e+02
7.145798135793877959e-04 3.044999211235313851e+03 1.352818567191187640e+03 7.449650377168136401e+02
8.022117568662883325e-04 3.386156960104489372e+03 1.502415689393192451e+03 8.271228264578841163e+02
9.005903758055168549e-04 3.766316525821210689e+03 1.668596690584883845e+03 9.182568111882653739e+02
1.011033580661806338e-03 4.188519253530635069e+03 1.852719737372423879e+03 1.019105053486192787e+03
1.135020902606864940e-03 4.657074988677493820e+03 2.056761874212787006e+03 1.130758276777748733e+03
1.274213313974418031e-03 5.163301785459417260e+03 2.277013540190235744e+03 1.251198592339648712e+03
1.430475479156914512e-03 5.727224815540776945e+03 2.522378440221162236e+03 1.385324604398599377e+03
1.605900734223756829e-03 6.335773121939755583e+03 2.787186562120613871e+03 1.530056959294316812e+03
1.802839129895710598e-03 7.000937642261254950e+03 3.076832087245467392e+03 1.688384580351696741e+03
2.023928913547812410e-03 7.725118664024393183e+03 3.392418369203417114e+03 1.860925850261807682e+03
2.272131871983379750e-03 8.499216729654799565e+03 3.729953948464175483e+03 2.045500987414304745e+03
2.550773008441800313e-03 9.336861004404958294e+03 4.095491104293696026e+03 2.245443734496122488e+03
2.863585085365514225e-03 1.022930287796892117e+04 4.485167190561784992e+03 2.458645890446660360e+03
3.214758629634808552e-03 1.118049168560532053e+04 4.900734499898429931e+03 2.686084446367496639e+03
3.608998070155939632e-03 1.218073462364577608e+04 5.337913210301047911e+03 2.925407821767288169e+03
4.051584759838999447e-03 1.322531791540954691e+04 5.794690609038235380e+03 3.175489998394216400e+03
4.548447726227339283e-03 1.430977889084222988e+04 6.269189969114000633e+03 3.435290134842090083e+03
5.106243098575769836e-03 1.542006933057732385e+04 6.755191115903591708e+03 3.701462595842932387e+03
5.732443275407110572e-03 1.654442660853029520e+04 7.247618656694932724e+03 3.971214571810742200e+03
6.435437027063155117e-03 1.766212420561215185e+04 7.737375826942653475e+03 4.239564423498753058e+03
7.224641874254610074e-03 1.875316375286370749e+04 8.215755109741325214e+03 4.501739369865010303e+03
8.110630248067678127e-03 1.979042626175764235e+04 8.670950606352804243e+03 4.751277958789321929e+03
9.105271121505569346e-03 2.074374084527961895e+04 9.089780677237205964e+03 4.980978180411710127e+03
1.022188900990466699e-02 2.157769275748901782e+04 9.456823094761079119e+03 5.182386922664326448e+03
1.147544247024383408e-02 2.225207305704061946e+04 9.754519430086027569e+03 5.345915262539026116e+03
1.288272449057868002e-02 2.272476661224210693e+04 9.964424980821942881e+03 5.461440021555041312e+03
1.446258745407916733e-02 2.294886032343753322e+04 1.006603204736081898e+04 5.517731483250175188e+03
1.623619569135818438e-02 2.288228024536805606e+04 1.004084373758077163e+04 5.504646090371888931e+03
1.822730900435978393e-02 2.248372281260283489e+04 9.870636621470534010e+03 5.412166832729714770e+03
2.046260095998037737e-02 2.172864264807053769e+04 9.544401223631532048e+03 5.234217556950829021e+03
2.297201621738221775e-02 2.061008512951179364e+04 9.058696312498806947e+03 4.968833461416094906e+03
2.578917167586586637e-02 1.915491541885380138e+04 8.424780964283640060e+03 4.622090828308995697e+03
2.895180681720203528e-02 1.742918443881938219e+04 7.671029331897314478e+03 4.209425605740019819e+03
3.250228927534733192e-02 1.554291600673585344e+04 6.845192130228861970e+03 3.756920737446540898e+03
3.648818240631140908e-02 1.364218277668699011e+04 6.011190049131506385e+03 3.299579697901375766e+03
4.096288246151627566e-02 1.188557377691033798e+04 5.239057369266715796e+03 2.875882212263902147e+03
4.598633390041809155e-02 1.040741969690974111e+04 4.589000870747746376e+03 2.519063123545127837e+03
5.162583242493973962e-02 9.275066970694504562e+03 4.092398993263208922e+03 2.246668461525245675e+03
5.795692649341043640e-02 8.448456302788652465e+03 3.733143477421855096e+03 2.050141062887752014e+03
6.506442939097074885e-02 7.771439750284403999e+03 3.442086000882645749e+03 1.891449286004541364e+03
7.304355541444980393e-02 6.988965118294753665e+03 3.101870711294770445e+03 1.705211361042238877e+03
8.200119539239680844e-02 5.955401205581242721e+03 2.640814922150740585e+03 1.450608871717591455e+03
9.205734862752627812e-02 4.797743098308063963e+03 2.113173158469484406e+03 1.157060623687152884e+03
1.033467304443183715e-01 3.850762183832949177e+03 1.679118335855790519e+03 9.149942884453464558e+02
1.160205768769771578e-01 3.295175139724158726e+03 1.435531252371107485e+03 7.811493930348533468e+02
1.302486706739022226e-01 2.935392465514664309e+03 1.291817018530884297e+03 7.050106026476699981e+02
1.462216157596530064e-01 2.460416535370870406e+03 1.079599893281544610e+03 5.874264934366101443e+02
1.641533906237988560e-01 1.955240849782758460e+03 8.373747438123638176e+02 4.495169212051573595e+02
1.842842148426375448e-01 1.639060170750352199e+03 7.022559135154650676e+02 3.760682817680145718e+02
2.068837671345900298e-01 1.382654563240533207e+03 5.982790634129014506e+02 3.209871248407205826e+02
2.322547980593316352e-01 1.120124248866984317e+03 4.739500523387928865e+02 2.498018595720251085e+02
2.607371857574901086e-01 9.268016123046845678e+02 3.954089595558821202e+02 2.084447236479720686e+02
2.927124890628471365e-01 7.565399147289423354e+02 3.209780612105379873e+02 1.671616203796193645e+02
3.286090589819373742e-01 6.165013427627861802e+02 2.631671304948511079e+02 1.363579661601487487e+02
3.689077770159973624e-01 4.986056173501925741e+02 2.138974542664448393e+02 1.096221622263471716e+02
4.141484971975938345e-01 4.006078242974373325e+02 1.744261194849744641e+02 8.888313766045624220e+01
4.649372781414354283e-01 3.188423058012728575e+02 1.417813368383179125e+02 7.176193423807215765e+01
5.219545019921476570e-01 2.509085005237340340e+02 1.149657341059213138e+02 5.787811096631783414e+01
5.859639890329354506e-01 1.947890321815613675e+02 9.297911759940465970e+01 4.667916786801695395e+01
6.578232300572349756e-01 1.488356378545447569e+02 7.493042556528996556e+01 3.763524983419963377e+01
7.384948735793578356e-01 1.116794296610598707e+02 6.009989785115679695e+01 3.032879939634693756e+01
8.290596217703356530e-01 8.214602838915432415e+01 4.790840439492810532e+01 2.441744708693818211e+01
9.307307078768926045e-01 5.917234474983290227e+01 3.789354313781980466e+01 1.963426214182196361e+01
1.044870149067508081e+00 4.174467541146507443e+01 2.968215212589988639e+01 1.575978186651935964e+01
1.173006992433692330e+00 2.888545157129569674e+01 2.297826380969777205e+01 1.261722658972166045e+01
1.316857798575541416e+00 1.965693204394103333e+01 1.754203200126568873e+01 1.006486184972011877e+01
1.478349637175967013e+00 1.320595313990311936e+01 1.318016456370867751e+01 7.990280272760579727e+00
1.659645902619409696e+00 8.795109499450946444e+00 9.729302910044006936e+00 6.303358345710170063e+00
1.863175295489004624e+00 5.830332146042812802e+00 7.048455143006219892e+00 4.933202330600324537e+00
2.091664358187257822e+00 3.859791667817864980e+00 5.009788535939945220e+00 3.823260556084523198e+00
2.348174000537423645e+00 2.557873423470682361e+00 3.495821390802676731e+00 2.928645822508666008e+00
2.636140504673786467e+00 1.699147968976390644e+00 2.398864309803258266e+00 2.213266499183973668e+00
2.959421558534973240e+00 1.131857437874691508e+00 1.622723594997742103e+00 1.647442609063290986e+00
3.322347934639153344e+00 7.558741328364960710e-01 1.085388829169702030e+00 1.206337527046502656e+00
3.729781506445900785e+00 5.055622007719041688e-01 7.200232300175489764e-01 8.682779900230017667e-01
4.187180379509764627e+00 3.382178975351582406e-01 4.751250051034552890e-01 6.142754820534440663e-01
4.700672009942531204e+00 2.258871587271085168e-01 3.125678850861505209e-01 4.273560876664914132e-01
5.277135289701610610e+00 0.000000000000000000e+00 2.053311075285154941e-01 2.927216037369852475e-01
5.924292698344328478e+00 0.000000000000000000e+00 1.347826934043713787e-01 1.977111468904695080e-01
6.650813755741415534e+00 0.000000000000000000e+00 8.839319537168897900e-02 1.319203320330593066e-01
7.466431161634059954e+00 0.000000000000000000e+00 0.000000000000000000e+00 8.711449912305312127e-02
8.382071177875818790e+00 0.000000000000000000e+00 0.000000000000000000e+00 5.702182978919059092e-02
9.410000000000001918e+00 0.000000000000000000e+00 0.000000000000000000e+00 3.704045568445982206e-02
