1.000000000230258569e-04 7.820771806015665106e+02 3.566729782155550765e+02 2.029410374451915118e+02
1.115026695290953366e-04 8.539092457847646074e+02 3.892189859997950521e+02 2.214352587200668836e+02
1.243284530925187648e-04 9.457609736220925924e+02 4.308734780972100680e+02 2.451102464427157486e+02
1.386295441504667143e-04 1.060941588058858315e+03 4.831337172475751345e+02 2.748148847782904909e+02
1.545756424481938766e-04 1.191695368413108326e+03 5.424059181662247511e+02 3.084990815807128683e+02
1.723559677317991945e-04 1.322787839265495904e+03 6.016579175789156579e+02 3.421512130591236769e+02
1.921815050694108094e-04 1.449864920987005462e+03 6.588426663949137492e+02 3.745984274036870829e+02
2.142875084442451923e-04 1.594326578019697081e+03 7.237467389704185052e+02 4.114110415545771389e+02
2.389362923277018713e-04 1.778499357809478170e+03 8.066058735125131989e+02 4.584180330686895672e+02
2.664203443578849946e-04 1.980579987407638100e+03 8.974048758022950096e+02 5.099079498133739889e+02
2.970657960592480913e-04 2.177700951601135330e+03 9.856115648794194612e+02 5.598762955738960727e+02
3.312362927876497001e-04 2.415519508760954523e+03 1.092191745634833751e+03 6.202620447037700160e+02
3.693373088223966556e-04 2.683521930632435215e+03 1.212425883030985005e+03 6.883889640990385033e+02
4.118209588090659132e-04 2.956174464332879325e+03 1.334645388724250552e+03 7.576127978889354608e+02
4.591913626466918256e-04 3.285099737498705053e+03 1.482715692714788702e+03 8.415492244227829133e+02
5.120106274801957584e-04 3.618780912421668745e+03 1.633126881861145193e+03 9.268252035436713641e+02
5.709055177816341068e-04 4.006769770468464685e+03 1.808830370940671401e+03 1.026550138005681902e+03
6.365748926688486646e-04 4.424389916858567631e+03 1.998677924688977782e+03 1.134406103813310665e+03
7.097979987143026312e-04 4.871381148117294288e+03 2.202725099476704600e+03 1.250457566562677584e+03
7.914437166483044659e-04 5.367507868953020989e+03 2.430112663544068255e+03 1.379934946591140260e+03
8.824808716799498404e-04 5.911476629981531914e+03 2.680297444374931729e+03 1.522550934319370526e+03
9.839897297802024153e-04 6.502953489420154256e+03 2.953115337224518953e+03 1.678217808493248185e+03
1.097174816344422205e-03 7.148605370157803009e+03 3.251536285498081725e+03 1.848618266694657450e+03
1.223379209343287413e-03 7.858224436806556696e+03 3.579912424038227982e+03 2.036213705588229914e+03
1.364100476567608111e-03 8.616865466066958106e+03 3.931275896803312207e+03 2.237017462216978402e+03
1.521008446081769522e-03 9.450570445632407427e+03 4.317432592516675868e+03 2.457736127215496253e+03
1.695965020753673102e-03 1.034251278568312227e+04 4.730518226274971312e+03 2.693862681848903776e+03
1.891046271984591709e-03 1.131042573620157964e+04 5.178587557425051273e+03 2.949976936667145765e+03
2.108567074807741158e-03 1.235538214927051558e+04 5.662098708045930834e+03 3.226338312451419824e+03
2.351108576680822643e-03 1.346518996916429933e+04 6.175396162752216696e+03 3.519715072121073263e+03
2.621548825923003187e-03 1.465728458653278904e+04 6.726508313554048073e+03 3.834687571361491791e+03
2.923096923239734257e-03 1.591496282328980669e+04 7.307741690273876884e+03 4.166854714048648020e+03
3.259331101584665453e-03 1.723932275779721022e+04 7.919665366013110543e+03 4.516542442663523616e+03
3.634241186222156913e-03 1.862688770576539173e+04 8.560740593646158231e+03 4.882901867540593230e+03
4.052275938830490927e-03 2.007087804047093596e+04 9.227973087417849456e+03 5.264300166055481895e+03
4.518395847440812539e-03 2.155836553328984883e+04 9.915418282884589644e+03 5.657399842158043612e+03
5.038131988628217865e-03 2.307264747622163122e+04 1.061551557362307540e+04 6.057801690225855054e+03
5.617651660426248826e-03 2.459166057792839638e+04 1.131809913297042476e+04 6.459717176227642994e+03
6.263831564778516575e-03 2.609936211561802702e+04 1.201600297561159459e+04 6.859111964825928226e+03
6.984339407925946493e-03 2.756781971250704737e+04 1.269651447959572397e+04 7.248770400857489221e+03
7.787724887016851671e-03 2.896548897938744267e+04 1.334527698614224937e+04 7.620547381096380377e+03
8.683521142606049834e-03 3.025697081154222906e+04 1.394609038759334908e+04 7.965177535583871759e+03
9.682357880899711625e-03 3.140294875210294413e+04 1.448100778388397885e+04 8.272416333513474456e+03
1.079608750807801998e-02 3.235823644667087137e+04 1.492936574219420254e+04 8.530481056843991610e+03
1.203792577343234388e-02 3.307384791229655821e+04 1.526874206238074476e+04 8.726592568928295805e+03
1.342260859021738965e-02 3.349813590114159160e+04 1.547527949390690264e+04 8.847090078350247495e+03
1.496656689508787767e-02 3.358091682527616649e+04 1.552574647716164509e+04 8.878610459578505470e+03
1.668812162103823840e-02 3.327475986470517091e+04 1.539822900469494016e+04 8.808648493965289163e+03
1.860770109743517184e-02 3.254077563197207928e+04 1.507428699082423373e+04 8.626554025645915317e+03
2.074808345685756270e-02 3.135690894544606635e+04 1.454303220273142506e+04 8.325867700624025019e+03
2.313466692519383291e-02 2.972880938393004544e+04 1.380631281223771839e+04 7.907510970061834087e+03
2.579577120231610690e-02 2.769866353788032939e+04 1.288244707073114841e+04 7.381728478476597047e+03
2.876297350957714855e-02 2.535311444727330672e+04 1.181033764863985562e+04 6.770532435509694551e+03
3.207148329174031032e-02 2.282610233460089512e+04 1.065098113058412309e+04 6.108634426959321900e+03
3.576056001963404812e-02 2.028447996004479137e+04 9.481280792605506576e+03 5.439986685054876943e+03
3.987397905126498221e-02 1.790816095797957678e+04 8.385402613037236733e+03 4.812920926145351586e+03
4.446055107939526907e-02 1.585051832526700673e+04 7.436692902713248259e+03 4.269863214584907837e+03
4.957470132945773766e-02 1.419207204417341563e+04 6.675845917434421608e+03 3.834759334028288777e+03
5.527711538069327024e-02 1.290399454200207583e+04 6.092558256824370801e+03 3.502291522141340465e+03
6.163545927395905344e-02 1.182788531164047527e+04 5.613108945754644992e+03 3.230198546142436953e+03
6.872518245115814828e-02 1.072476604868440700e+04 5.119975672558193764e+03 2.949886014512801466e+03
7.663041305413779980e-02 9.368709513573259756e+03 4.493687386722173869e+03 2.590034034157153656e+03
8.544495620686157200e-02 7.808153867851247014e+03 3.748092229858120845e+03 2.156788931367386795e+03
9.527340712667957401e-02 6.349965377508551683e+03 3.038084927857625644e+03 1.741338612418166122e+03
1.062323922731101822e-01 5.292781388232243444e+03 2.533934366725549808e+03 1.447888164133498094e+03
1.184519532618636822e-01 4.614185631913476755e+03 2.242047833968084433e+03 1.284061996375282433e+03
1.320770899659224340e-01 4.002725024410542119e+03 1.985363901929604708e+03 1.141496701157040889e+03
1.472694811144383831e-01 3.281749752054635792e+03 1.635991199770757021e+03 9.358073181332935064e+02
1.642094028064348954e-01 2.644735067298096510e+03 1.317598773310497108e+03 7.456127084459404841e+02
1.830978677048002712e-01 2.194649950901099601e+03 1.127349193630367608e+03 6.403439951841327229e+02
2.041590102946942431e-01 1.791645091795815688e+03 9.536884846915323806e+02 5.433206628259201807e+02
2.276427465103479653e-01 1.422314912844835362e+03 7.756835580082872639e+02 4.370678934211736646e+02
2.538277392899435103e-01 1.124322353863814214e+03 6.493478649872772621e+02 3.679990368855099518e+02
2.830247052484705095e-01 8.673869719978854391e+02 5.345281998609859784e+02 3.025206344598770443e+02
3.155801017062329072e-01 6.521144315175756674e+02 4.398266937434275974e+02 2.499465008687612340e+02
3.518802378240603601e-01 4.731886613578977290e+02 3.598474572429505542e+02 2.056695161780903334e+02
3.923558586288135031e-01 3.270808623219582500e+02 2.930305473414351241e+02 1.694286235584768008e+02
4.374872563241952172e-01 2.106486653267398310e+02 2.367625286788190522e+02 1.390636963046450205e+02
4.878099695387512202e-01 1.210856914896517367e+02 1.896399141805972306e+02 1.140137066460320625e+02
5.439211381395319123e-01 5.549757460865833991e+01 1.501973229014778326e+02 9.327457419116218773e+01
6.064865890189676811e-01 1.070629838942802436e+01 1.172840497771541379e+02 7.608604084561865477e+01
6.762487369363893164e-01 -1.685525664907276422e+01 8.996765602167293707e+01 6.183055158475431767e+01
7.540353941672404137e-01 -3.105334161083803934e+01 6.749929031591388195e+01 5.000230911250443455e+01
8.407695934971151086e-01 -3.576699115327218692e+01 4.926459003961532801e+01 4.018837507074363202e+01
9.374805411223435803e-01 -3.451351349613048569e+01 3.473970313106276109e+01 3.204573119506319756e+01
1.045315829426528564e+00 -3.013010168008911549e+01 2.345940442940528570e+01 2.530162402280142686e+01
1.165555054552403824e+00 -2.462326641923696613e+01 1.498119000124409794e+01 1.973482238239907005e+01
1.299625000357985227e+00 -1.921088468433170249e+01 8.866081574727498804e+00 1.516637343594568144e+01
1.449116568932995452e+00 -1.449546115676567304e+01 4.673910532571678544e+00 1.145171779952386792e+01
1.615803658576671964e+00 -1.067469700740581828e+01 1.975299664255609544e+00 8.469546701749901985e+00
1.801664213246928048e+00 -7.722443677667524931e+00 3.733501994262393708e-01 6.116115626294069685e+00
2.008903693258128342e+00 -5.514378560789794825e+00 -4.739433508862406774e-01 4.298539475314257174e+00
2.239981245735629400e+00 -3.899750370324546633e+00 -8.389836700635838751e-01 2.930770368512293444e+00
2.497638885371206374e+00 -2.737763334470191712e+00 -9.219076318759116262e-01 1.931789411452499605e+00
2.784934031744384253e+00 -1.911017323310678639e+00 -8.581682090735280877e-01 1.225952654380272122e+00
3.105275789304232426e+00 -1.327375322516688883e+00 -7.320488608427374588e-01 7.448090382476600935e-01
3.462465400517639402e+00 -9.177064135448461668e-01 -5.913723126830336962e-01 4.291500390268973009e-01
3.860741352209485999e+00 -6.313272993197356353e-01 -4.602337083534828732e-01 2.304288819672651867e-01
4.304829670336041580e+00 0.000000000000000000e+00 -3.485207613300286833e-01 1.109349694635908545e-01
4.799999999999999822e+00 0.000000000000000000e+00 -2.584031354272221526e-01 4.289838309729279014e-02
