1.000000000230258569e-04 4.241044061969416816e+02 1.774352860616467922e+02 9.702605823557138365e+01
1.115026695290953366e-04 4.606500163401126429e+02 1.927352811831190422e+02 1.053961069740041694e+02
1.243284530925187648e-04 5.057412547235913962e+02 2.116128534140838156e+02 1.157249245553624348e+02
1.386295441504667143e-04 5.635430840530292471e+02 2.358104643366654329e+02 1.289627884645676374e+02
1.545756424481938766e-04 6.336220133440663176e+02 2.651500003640989007e+02 1.450137635648955836e+02
1.723559677317991945e-04 7.091223966220322836e+02 2.967641832352553593e+02 1.623127001649318970e+02
1.921815050694108094e-04 7.823235066027417588e+02 3.274283471378283252e+02 1.790966832617641273e+02
2.142875084442451923e-04 8.563839756293663186e+02 3.584637871979617216e+02 1.960901856267236383e+02
2.389362923277018713e-04 9.468809337097018215e+02 3.963865780904491771e+02 2.168566206892401453e+02
2.664203443578849946e-04 1.058070016285291331e+03 4.429797281548237038e+02 2.423697625258834307e+02
2.970657960592480913e-04 1.170448953510367346e+03 4.900851734084475311e+02 2.681738224375797586e+02
3.312362927876497001e-04 1.287317029266625241e+03 5.390794209039310090e+02 2.950219065001277841e+02
3.693373088223966556e-04 1.433350365517769433e+03 6.002846437558511070e+02 3.285577286198098363e+02
4.118209588090659132e-04 1.582477327558727438e+03 6.627852585027621899e+02 3.628125399150562203e+02
4.591913626466918256e-04 1.751626127606700265e+03 7.336498514732297735e+02 4.016510394728915685e+02
5.120106274801957584e-04 1.938852503920621757e+03 8.120576135242938562e+02 4.446215528082435071e+02
5.709055177816341068e-04 2.146704480269091619e+03 8.990534977873506932e+02 4.922910335685012342e+02
6.365748926688486646e-04 2.370012101153247386e+03 9.924608133403845613e+02 5.434645739961396202e+02
7.097979987143026312e-04 2.626841383166479773e+03 1.099828418002191029e+03 6.022642804295655878e+02
7.914437166483044659e-04 2.905840317162295833e+03 1.216387696885677542e+03 6.660771240204381911e+02
8.824808716799498404e-04 3.210341664735472932e+03 1.343531073602279548e+03 7.356596101272392616e+02
9.839897297802024153e-04 3.546923703518680213e+03 1.484014929730795984e+03 8.125157276952553502e+02
1.097174816344422205e-03 3.918485595136833581e+03 1.639062453108068212e+03 8.973136221056952309e+02
1.223379209343287413e-03 4.324698177918428883e+03 1.808552306478451101e+03 9.899887269065378632e+02
1.364100476567608111e-03 4.764506808050002292e+03 1.992048306567497775e+03 1.090302995708015715e+03
1.521008446081769522e-03 5.254288572294070036e+03 2.196452325640284926e+03 1.202041881233622235e+03
1.695965020753673102e-03 5.778466211235626361e+03 2.415222950862365906e+03 1.321629955672008919e+03
1.891046271984591709e-03 6.351534537197484497e+03 2.654481624605325578e+03 1.452430831563081028e+03
2.108567074807741158e-03 6.972133158945871401e+03 2.913656547434700769e+03 1.594134972200400853e+03
2.351108576680822643e-03 7.643829967282506004e+03 3.194271765300623429e+03 1.747585144118972266e+03
2.621548825923003187e-03 8.358962875167218954e+03 3.493080375614583318e+03 1.911003477681433651e+03
2.923096923239734257e-03 9.127602055043513246e+03 3.814377693519862078e+03 2.086758712957355328e+03
3.259331101584665453e-03 9.944136312444405121e+03 4.155805814989630562e+03 2.273566115316841206e+03
3.634241186222156913e-03 1.081039365897869902e+04 4.518184609724140500e+03 2.471888729378509197e+03
4.052275938830490927e-03 1.171896640631054288e+04 4.898405079869168731e+03 2.680019649224689147e+03
4.518395847440812539e-03 1.266627597406982932e+04 5.294981755150206482e+03 2.897137581936834067e+03
5.038131988628217865e-03 1.365019951415500327e+04 5.707168914750915974e+03 3.122872241356224094e+03
5.617651660426248826e-03 1.465841998849107767e+04 6.129827227508396390e+03 3.354420823568420928e+03
6.263831564778516575e-03 1.568013467266339649e+04 6.558505209353259488e+03 3.589362080202996822e+03
6.984339407925946493e-03 1.670301159651096896e+04 6.988107779447945177e+03 3.824912467244355412e+03
7.787724887016851671e-03 1.771108419834858432e+04 7.412080965044964614e+03 4.057509878579450287e+03
8.683521142606049834e-03 1.868474588986505478e+04 7.822345792009322395e+03 4.282756252665070861e+03
9.682357880899711625e-03 1.960181732615091823e+04 8.209704166123252435e+03 4.495612595883764698e+03
1.079608750807801998e-02 2.043636203873353224e+04 8.563447909369482659e+03 4.690225746599051490e+03
1.203792577343234388e-02 2.115905313185017440e+04 8.871441858460808362e+03 4.859965025070476258e+03
1.342260859021738965e-02 2.173773407982759454e+04 9.120359262550109634e+03 4.997553224978185426e+03
1.496656689508787767e-02 2.213870140460028051e+04 9.296107019183502416e+03 5.095261639102565823e+03
1.668812162103823840e-02 2.232805417222674441e+04 9.384508963370877609e+03 5.145282689256986487e+03
1.860770109743517184e-02 2.227260368757654942e+04 9.371682157182673109e+03 5.140036616176549614e+03
2.074808345685756270e-02 2.194418532507396958e+04 9.245560931539983358e+03 5.072848071675117353e+03
2.313466692519383291e-02 2.132559654690995012e+04 8.998545946853100759e+03 4.939437657892342941e+03
2.579577120231610690e-02 2.041655714489423190e+04 8.630066052669897545e+03 4.739429732053780754e+03
2.876297350957714855e-02 1.923951775772099791e+04 8.148803081340871358e+03 4.477451590166780079e+03
3.207148329174031032e-02 1.784520956458316505e+04 7.575311543531050120e+03 4.164647522402031427e+03
3.576056001963404812e-02 1.631227339285077323e+04 6.941973493182004859e+03 3.818664653590915805e+03
3.987397905126498221e-02 1.474339091124127117e+04 6.291707706852394949e+03 3.462999968946412537e+03
4.446055107939526907e-02 1.324827309463919482e+04 5.671147460048417997e+03 3.123309403160506008e+03
4.957470132945773766e-02 1.191881704658951276e+04 5.120360679775007156e+03 2.821788795147318069e+03
5.527711538069327024e-02 1.080102609978152213e+04 4.660734128572858026e+03 2.570487851014460830e+03
6.163545927395905344e-02 9.867850667382414031e+03 4.282366879855818297e+03 2.364202879352248146e+03
6.872518245115814828e-02 9.021463546012941151e+03 3.943186254888227722e+03 2.179711840055837456e+03
7.663041305413779980e-02 8.100420326398869292e+03 3.568769984082552128e+03 1.975150124731513188e+03
8.544495620686157200e-02 7.027230301771241102e+03 3.117892928376697910e+03 1.726487354101914434e+03
9.527340712667957401e-02 5.879536472807593782e+03 2.620152743930739234e+03 1.449404836978249932e+03
1.062323922731101822e-01 4.865252554968256845e+03 2.175023014529993816e+03 1.200457335075400806e+03
1.184519532618636822e-01 4.126692180625861511e+03 1.862989520970853391e+03 1.027465843343105234e+03
1.320770899659224340e-01 3.585931910451254225e+03 1.654827746334227413e+03 9.152974707363886182e+02
1.472694811144383831e-01 3.043875637563359305e+03 1.437949438068031668e+03 7.969021250615522831e+02
1.642094028064348954e-01 2.469528736001275320e+03 1.180611230573674675e+03 6.507952385578665826e+02
1.830978677048002712e-01 2.000950969928345330e+03 9.758583296222434456e+02 5.351963813269754837e+02
2.041590102946942431e-01 1.639617434164133329e+03 8.398594145811772478e+02 4.631999622198208044e+02
2.276427465103479653e-01 1.303689180493361391e+03 7.003692217125299067e+02 3.858123486748594928e+02
2.538277392899435103e-01 1.013704922191510263e+03 5.768665846854507890e+02 3.163502540936860896e+02
2.830247052484705095e-01 7.730993865556667970e+02 4.829761587078431262e+02 2.667500437221225411e+02
3.155801017062329072e-01 5.677069247641640004e+02 3.969495664461028355e+02 2.192148131166706548e+02
3.518802378240603601e-01 3.979563903637600788e+02 3.270398831257462007e+02 1.822561604276900198e+02
3.923558586288135031e-01 2.598024594595325993e+02 2.669775796548209428e+02 1.501626885477475923e+02
4.374872563241952172e-01 1.509424641034640615e+02 2.167234988310105450e+02 1.239502284949678170e+02
4.878099695387512202e-01 6.882242254202540721e+01 1.743060682842523477e+02 1.020074907420200674e+02
5.439211381395319123e-01 1.073451493432368409e+01 1.386242149304741815e+02 8.374897445293046871e+01
6.064865890189676811e-01 -2.653133399157469796e+01 1.087111874434339143e+02 6.858396307810643577e+01
6.762487369363893164e-01 -4.674321208475922873e+01 8.374967920542071909e+01 5.597164630045052292e+01
7.540353941672404137e-01 -5.407563579443203849e+01 6.308954099516381575e+01 4.548036548912728705e+01
8.407695934971151086e-01 -5.272810868131676187e+01 4.619832746733825246e+01 3.675023298155418416e+01
9.374805411223435803e-01 -4.645387244247230285e+01 3.263141856015307951e+01 2.948413300179053209e+01
1.045315829426528564e+00 -3.817674948411663394e+01 2.199962738428938636e+01 2.344317238470387466e+01
1.165555054552403824e+00 -2.983677485354347425e+01 1.393598820288199569e+01 1.843146788993358598e+01
1.299625000357985227e+00 -2.247903037315141717e+01 8.073528698110823854e+00 1.429198364466624049e+01
1.449116568932995452e+00 -1.649321146430682461e+01 4.034930663438744070e+00 1.089829344806481792e+01
1.615803658576671964e+00 -1.187605995747236065e+01 1.438852256242935113e+00 8.145464576159044512e+00
1.801664213246928048e+00 -8.440645361141815073e+00 -8.138571304612841895e-02 5.946116908841439397e+00
2.008903693258128342e+00 -5.946578623565135224e+00 -8.536314431692419991e-01 4.223500283584894710e+00
2.239981245735629400e+00 -4.165402393465472919e+00 -1.147295883630375490e+00 2.907307898466102714e+00
2.497638885371206374e+00 -2.907295064780734517e+00 -1.164676934686549536e+00 1.930968073585946021e+00
2.784934031744384253e+00 -2.024840617497642992e+00 -1.044155789181940630e+00 1.230876012274234377e+00
3.105275789304232426e+00 -1.408334701880916917e+00 -8.715853826692846473e-01 7.474900668198309894e-01
3.462465400517639402e+00 -9.785724864784441923e-01 -6.946969739225009599e-01 4.272402161973967161e-01
3.860741352209485999e+00 -6.791428199194718962e-01 -5.363344181510454334e-01 2.244899181788397591e-01
4.304829670336041580e+00 0.000000000000000000e+00 -4.046660055124770006e-01 1.025332381232253870e-01
4.799999999999999822e+00 0.000000000000000000e+00 -3.001390924380074599e-01 3.357312054878584806e-02
