1.000000000230258569e-04 8.261536709998342758e+02 3.922530695311992304e+02 2.218211657231752270e+02
1.115026695290953366e-04 9.248851963586523652e+02 4.392071754794434355e+02 2.483917172138750402e+02
1.243284530925187648e-04 1.044201958744394005e+03 4.959436622347918160e+02 2.804990087422630154e+02
1.386295441504667143e-04 1.175239295710828628e+03 5.582813073324979314e+02 3.157854648896243361e+02
1.545756424481938766e-04 1.306194948260261981e+03 6.206537867551107865e+02 3.511088197530114030e+02
1.723559677317991945e-04 1.439695747206977785e+03 6.843242904386806913e+02 3.871923184074452138e+02
1.921815050694108094e-04 1.598526313949821542e+03 7.600929955438167553e+02 4.301393639047058741e+02
2.142875084442451923e-04 1.793582455610834813e+03 8.531226149703078363e+02 4.828706183432583998e+02
2.389362923277018713e-04 1.998394685557609819e+03 9.508903567216813144e+02 5.383185399162990734e+02
2.664203443578849946e-04 2.210213527206680737e+03 1.052112413630821038e+03 5.957654218072077583e+02
2.970657960592480913e-04 2.470600581649528976e+03 1.176459730515187857e+03 6.663267429654711123e+02
3.312362927876497001e-04 2.747648332973701145e+03 1.308787937765014476e+03 7.414442877248532113e+02
3.693373088223966556e-04 3.053543149619325504e+03 1.454843050869887747e+03 8.243637017826915780e+02
4.118209588090659132e-04 3.403627630348046750e+03 1.621822996567806285e+03 9.191398481228687842e+02
4.591913626466918256e-04 3.784453234241737846e+03 1.803297258475061199e+03 1.022128071399064993e+03
5.120106274801957584e-04 4.208163195668178560e+03 2.004918413254627012e+03 1.136494485821062881e+03
5.709055177816341068e-04 4.691366052070316982e+03 2.234470879787197646e+03 1.266615413995489689e+03
6.365748926688486646e-04 5.217427612453031543e+03 2.483994747751665727e+03 1.407968109651408213e+03
7.097979987143026312e-04 5.799874403840811283e+03 2.759841397216360292e+03 1.564118972581209846e+03
7.914437166483044659e-04 6.449400596736117222e+03 3.067038076958138845e+03 1.737887411256675023e+03
8.824808716799498404e-04 7.171678508672991484e+03 3.408276230339476569e+03 1.930787903105707983e+03
9.839897297802024153e-04 7.971970508774961672e+03 3.786094960514144532e+03 2.144258896171334527e+03
1.097174816344422205e-03 8.845723887283551448e+03 4.198395691414081739e+03 2.377122145337192705e+03
1.223379209343287413e-03 9.810026318582946260e+03 4.653339602432100037e+03 2.634007031117176666e+03
1.364100476567608111e-03 1.086521225564405722e+04 5.151173471760732355e+03 2.915083533290895502e+03
1.521008446081769522e-03 1.202395297717652284e+04 5.698012230694900609e+03 3.223845821643674299e+03
1.695965020753673102e-03 1.328084266854096313e+04 6.291327473262358581e+03 3.558881796394932735e+03
1.891046271984591709e-03 1.464306311755775823e+04 6.934571862729722852e+03 3.922165620325318287e+03
2.108567074807741158e-03 1.612209886640662808e+04 7.633282351622181523e+03 4.316861776182443464e+03
2.351108576680822643e-03 1.770696809659199789e+04 8.382255211118625084e+03 4.740035340649472346e+03
2.621548825923003187e-03 1.940287610804295036e+04 9.184031062646183273e+03 5.193143436630011820e+03
2.923096923239734257e-03 2.120561638735518864e+04 1.003664751780282677e+04 5.675090365534498233e+03
3.259331101584665453e-03 2.311548694354514737e+04 1.094032515498975044e+04 6.186049610727236541e+03
3.634241186222156913e-03 2.512302250027101763e+04 1.189059299827340874e+04 6.723542912849947243e+03
4.052275938830490927e-03 2.721316444342720206e+04 1.288042469352393891e+04 7.283521423542677439e+03
4.518395847440812539e-03 2.937392279647216492e+04 1.390434032740730072e+04 7.862971310948579230e+03
5.038131988628217865e-03 3.157914747214073213e+04 1.495003944974066690e+04 8.454999730149726020e+03
5.617651660426248826e-03 3.380164518661940383e+04 1.600471670323612852e+04 9.052381050535037502e+03
6.263831564778516575e-03 3.600258908676043211e+04 1.705012008220208008e+04 9.644809478022907570e+03
6.984339407925946493e-03 3.814480660548275046e+04 1.806884148733047914e+04 1.022250018640023700e+04
7.787724887016851671e-03 4.017708511538718449e+04 1.903684256458636810e+04 1.077193480848998115e+04
8.683521142606049834e-03 4.203706899233924196e+04 1.992470613634520123e+04 1.127646686603798116e+04
9.682357880899711625e-03 4.365755857320318319e+04 2.070078829164154376e+04 1.171818980995116908e+04
1.079608750807801998e-02 4.495980676068202592e+04 2.132790464465900004e+04 1.207607028504323898e+04
1.203792577343234388e-02 4.585720474709818518e+04 2.176513611634706103e+04 1.232698075668497768e+04
1.342260859021738965e-02 4.625840009521308821e+04 2.196891552832021625e+04 1.244614940655912869e+04
1.496656689508787767e-02 4.607522591382411338e+04 2.189708067426701746e+04 1.240954065169170099e+04
1.668812162103823840e-02 4.522837354116329516e+04 2.151159361765680296e+04 1.219552640409577180e+04
1.860770109743517184e-02 4.366055045651493856e+04 2.078417139810833396e+04 1.178782806897690170e+04
2.074808345685756270e-02 4.135420906195830321e+04 1.970501196994079874e+04 1.118043851894401996e+04
2.313466692519383291e-02 3.835496244953144196e+04 1.829418022915796246e+04 1.038436665968645684e+04
2.579577120231610690e-02 3.478704164924951328e+04 1.660877407426697755e+04 9.431545084646048053e+03
2.876297350957714855e-02 3.086140576876180057e+04 1.474749420517132057e+04 8.377542150895094892e+03
3.207148329174031032e-02 2.686645151653200082e+04 1.284685567361869653e+04 7.299630797804636131e+03
3.576056001963404812e-02 2.312336579570735194e+04 1.106075386529257776e+04 6.285345097872912447e+03
3.987397905126498221e-02 1.992961328958040394e+04 9.534172473372780587e+03 5.417693540946953362e+03
4.446055107939526907e-02 1.748174459696562189e+04 8.366233424493804705e+03 4.754168425248409221e+03
4.957470132945773766e-02 1.580546571236138152e+04 7.575323942303754848e+03 4.306601301863547633e+03
5.527711538069327024e-02 1.471843179882982076e+04 7.078103876252216651e+03 4.028514193668650023e+03
6.163545927395905344e-02 1.379740370740223807e+04 6.667198374491705181e+03 3.800949974745579766e+03
6.872518245115814828e-02 1.251602271406388536e+04 6.071634993266884521e+03 3.465504683713098075e+03
7.663041305413779980e-02 1.062566721864454848e+04 5.147911560063739671e+03 2.934829558084291421e+03
8.544495620686157200e-02 8.472111662793866344e+03 4.060871314198673645e+03 2.302265579020242058e+03
9.527340712667957401e-02 6.757052234329643397e+03 3.189751017292965116e+03 1.793685960573674720e+03
1.062323922731101822e-01 5.820670252346940288e+03 2.749053906090212422e+03 1.544071804243081715e+03
1.184519532618636822e-01 5.308339592723709757e+03 2.560832186755542352e+03 1.450977001190237615e+03
1.320770899659224340e-01 4.584275625328279602e+03 2.228765777709827034e+03 1.264990380504287259e+03
1.472694811144383831e-01 3.667524530212529953e+03 1.732626467932415380e+03 9.650668095489781990e+02
1.642094028064348954e-01 3.042061400920005326e+03 1.422799246852341867e+03 7.848041239624651553e+02
1.830978677048002712e-01 2.624785543109679111e+03 1.266835259646112718e+03 7.101556650861028857e+02
2.041590102946942431e-01 2.164220709276061825e+03 1.032959606165655487e+03 5.706089960877262683e+02
2.276427465103479653e-01 1.786433605817085891e+03 8.499935350687680966e+02 4.644054931807518187e+02
2.538277392899435103e-01 1.480622917138247658e+03 7.199414764542227658e+02 3.969871129038399999e+02
2.830247052484705095e-01 1.210069702018946828e+03 5.900006326115308184e+02 3.203498153316606931e+02
3.155801017062329072e-01 9.845755942869310502e+02 4.914261819638756492e+02 2.683910211156756986e+02
3.518802378240603601e-01 7.926985729726764021e+02 4.047079719210622670e+02 2.199989487994917852e+02
3.923558586288135031e-01 6.312789731676799647e+02 3.330450094371522027e+02 1.814739830197846118e+02
4.374872563241952172e-01 4.961647712220013204e+02 2.729959828201203891e+02 1.496255810853005812e+02
4.878099695387512202e-01 3.840993790928333169e+02 2.224802049540490998e+02 1.229733250602529324e+02
5.439211381395319123e-01 2.923567449050628966e+02 1.801267241626658802e+02 1.009111977655488914e+02
6.064865890189676811e-01 2.184973210305251428e+02 1.446694756886352593e+02 8.263854616228590544e+01
6.762487369363893164e-01 1.602371188894817351e+02 1.150551988264032133e+02 6.746636786384605955e+01
7.540353941672404137e-01 1.153477695157951786e+02 9.044301339441263110e+01 5.486540539973626807e+01
8.407695934971151086e-01 8.162313691123796389e+01 7.014272608676343168e+01 4.439878207511619479e+01
9.374805411223435803e-01 5.692249438519040439e+01 5.357386506508490953e+01 3.570216760135541989e+01
1.045315829426528564e+00 3.925387386403771472e+01 4.024122686622884260e+01 2.848572323167143594e+01
1.165555054552403824e+00 2.686824256809137523e+01 2.970005055438709007e+01 2.251383076666369831e+01
1.299625000357985227e+00 1.832004603998979064e+01 2.153633120581454108e+01 1.759534172643324013e+01
1.449116568932995452e+00 1.248123285545038463e+01 1.535592205774401720e+01 1.357530707478229814e+01
1.615803658576671964e+00 8.515221743372382690e+00 1.078536904004216801e+01 1.032337677271858745e+01
1.801664213246928048e+00 5.825608254173740619e+00 7.481097395791167060e+00 7.728460755918153957e+00
2.008903693258128342e+00 3.999132534970617492e+00 5.140311165094023416e+00 5.692015043666090790e+00
2.239981245735629400e+00 2.754963657508829655e+00 3.510029177746537332e+00 4.124202647993373105e+00
2.497638885371206374e+00 1.903874767148363567e+00 2.388976146877244133e+00 2.942015822153080773e+00
2.784934031744384253e+00 1.318975996910537685e+00 1.624611692303539856e+00 2.069320612914829827e+00
3.105275789304232426e+00 9.151857269383389948e-01 1.105821222663340375e+00 1.438135127813080505e+00
3.462465400517639402e+00 6.352659428449484169e-01 7.541676373596877259e-01 9.899910702594213463e-01
3.860741352209485999e+00 0.000000000000000000e+00 5.155598890546316815e-01 6.767897779626504962e-01
4.304829670336041580e+00 0.000000000000000000e+00 3.532323181778302401e-01 4.606062844710224757e-01
4.799999999999999822e+00 0.000000000000000000e+00 2.424126559989359109e-01 3.127202235227805605e-01
