1.000000000230258569e-04 9.206760552855276956e+02 4.267138943189168003e+02 2.387091197008023471e+02
1.115026695290953366e-04 1.015638379521465254e+03 4.709783316195086513e+02 2.634929934192663836e+02
1.243284530925187648e-04 1.136138381160515110e+03 5.270963359047071890e+02 2.949071054108737258e+02
1.386295441504667143e-04 1.277710122348146569e+03 5.930470384434763673e+02 3.318275936320366668e+02
1.545756424481938766e-04 1.424633099541799311e+03 6.616470540427897049e+02 3.702427638790711057e+02
1.723559677317991945e-04 1.565408044944404310e+03 7.276569480591300589e+02 4.072332305505487966e+02
1.921815050694108094e-04 1.714798525892672842e+03 7.979248604825238544e+02 4.466295414809797535e+02
2.142875084442451923e-04 1.903142936052430514e+03 8.864335870851693926e+02 4.962498542905933050e+02
2.389362923277018713e-04 2.123723107213225376e+03 9.901029251226910901e+02 5.543740058435951141e+02
2.664203443578849946e-04 2.338742626869009200e+03 1.091579711909095067e+03 6.113109865782564611e+02
2.970657960592480913e-04 2.578554688888086275e+03 1.204870639305238683e+03 6.748959509262930396e+02
3.312362927876497001e-04 2.870317729233132468e+03 1.342399843429495832e+03 7.520690745299468745e+02
3.693373088223966556e-04 3.159171575038804804e+03 1.478852504507276535e+03 8.286807609783924136e+02
4.118209588090659132e-04 3.507681980178599133e+03 1.642951217177542958e+03 9.207800440177414885e+02
4.591913626466918256e-04 3.869402726670452921e+03 1.813123850221312068e+03 1.016296157670219600e+03
5.120106274801957584e-04 4.295335125001076449e+03 2.012756650854110603e+03 1.128290922506616425e+03
5.709055177816341068e-04 4.741931710248972195e+03 2.221544330751827147e+03 1.245390834129098266e+03
6.365748926688486646e-04 5.248827019700037454e+03 2.457583858225140830e+03 1.377695850351297622e+03
7.097979987143026312e-04 5.816178586915049891e+03 2.720864956210327819e+03 1.525188683258894343e+03
7.914437166483044659e-04 6.437694652957136896e+03 3.008375700924415469e+03 1.686167980554816040e+03
8.824808716799498404e-04 7.119854554182246829e+03 3.323054025793949677e+03 1.862267879326493585e+03
9.839897297802024153e-04 7.866920794148635650e+03 3.666907871857050850e+03 2.054612343142624013e+03
1.097174816344422205e-03 8.683263422589250695e+03 4.042069639011268009e+03 2.264400321918567442e+03
1.223379209343287413e-03 9.589797057070303708e+03 4.458333753984606119e+03 2.497124080699004480e+03
1.364100476567608111e-03 1.056361294679073217e+04 4.905207018457323102e+03 2.746929174034191874e+03
1.521008446081769522e-03 1.163393772201126012e+04 5.396394165036216691e+03 3.021510901804405421e+03
1.695965020753673102e-03 1.278354044870794496e+04 5.924074136779570836e+03 3.316515185153947186e+03
1.891046271984591709e-03 1.401788788004439994e+04 6.490866134343205886e+03 3.633421273898170966e+03
2.108567074807741158e-03 1.533647243613322644e+04 7.096639176396112816e+03 3.972169280653502938e+03
2.351108576680822643e-03 1.674959378425843897e+04 7.746285396248851612e+03 4.335520985727338484e+03
2.621548825923003187e-03 1.824101842509696507e+04 8.432333964465076861e+03 4.719312306220821483e+03
2.923096923239734257e-03 1.980454761430544022e+04 9.151960812761106354e+03 5.121985758778256240e+03
3.259331101584665453e-03 2.144205229098553900e+04 9.906149014006565267e+03 5.544123536119592245e+03
3.634241186222156913e-03 2.313222275814912791e+04 1.068510211422805332e+04 5.980242860449318869e+03
4.052275938830490927e-03 2.486493851202428414e+04 1.148429419244763631e+04 6.427824394630692041e+03
4.518395847440812539e-03 2.662101395006771054e+04 1.229494104112066452e+04 6.882008564459776608e+03
5.038131988628217865e-03 2.837838515520388682e+04 1.310686303042739200e+04 7.337126900470901091e+03
5.617651660426248826e-03 3.011341855061351816e+04 1.390927836985076101e+04 7.787168084270461804e+03
6.263831564778516575e-03 3.179443104738558031e+04 1.468769482583760873e+04 8.224053263523621354e+03
6.984339407925946493e-03 3.339246790957843041e+04 1.542889498953982002e+04 8.640444479102203331e+03
7.787724887016851671e-03 3.484932785365816380e+04 1.610602147449446784e+04 9.021272891360080393e+03
8.683521142606049834e-03 3.611974665738429758e+04 1.669827680074124510e+04 9.354913985946817775e+03
9.682357880899711625e-03 3.716489190681710170e+04 1.718784061869724610e+04 9.631431986115287145e+03
1.079608750807801998e-02 3.792935668613208691e+04 1.754910499215061282e+04 9.836479704829775073e+03
1.203792577343234388e-02 3.835005988339766918e+04 1.775285078878929562e+04 9.953634450830857531e+03
1.342260859021738965e-02 3.837131645035747351e+04 1.777322175169595357e+04 9.968378260211675297e+03
1.496656689508787767e-02 3.794060236771660129e+04 1.758575492624357503e+04 9.866940296403772663e+03
1.668812162103823840e-02 3.701361062907632731e+04 1.716942060126990327e+04 9.637363461052329512e+03
1.860770109743517184e-02 3.556691038375705830e+04 1.651268175026806421e+04 9.272861330938476385e+03
2.074808345685756270e-02 3.360440666697023698e+04 1.561654366628644493e+04 8.773805237558441149e+03
2.313466692519383291e-02 3.117178454250971117e+04 1.450094588198408383e+04 8.151082214635164746e+03
2.579577120231610690e-02 2.836531943051875714e+04 1.320921796937698673e+04 7.428646679029787265e+03
2.876297350957714855e-02 2.533658169581858601e+04 1.181064295815075457e+04 6.645145523479953226e+03
3.207148329174031032e-02 2.228479163241044444e+04 1.039726680310311895e+04 5.852222850582200408e+03
3.576056001963404812e-02 1.942608164371158637e+04 9.070011373650773749e+03 5.106686797089332686e+03
3.987397905126498221e-02 1.695599344442993606e+04 7.921680432385509448e+03 4.461154248459166411e+03
4.446055107939526907e-02 1.499805209691775599e+04 7.012813425598349568e+03 3.950349128811725677e+03
4.957470132945773766e-02 1.355374481476953042e+04 6.347386036889833122e+03 3.577238589315039917e+03
5.527711538069327024e-02 1.247456165441913072e+04 5.857580725025941319e+03 3.303976396831290458e+03
6.163545927395905344e-02 1.148179706703253578e+04 5.409979948496507859e+03 3.054724611749046289e+03
6.872518245115814828e-02 1.022622947779915921e+04 4.829832522087085636e+03 2.728524626715886825e+03
7.663041305413779980e-02 8.621158910539572389e+03 4.065219737099528174e+03 2.293615490908176071e+03
8.544495620686157200e-02 6.946470481386062602e+03 3.250099486884461385e+03 1.826128081682522861e+03
9.527340712667957401e-02 5.650619379287924858e+03 2.619603066668445081e+03 1.464274161976443111e+03
1.062323922731101822e-01 4.895164692610616839e+03 2.274890221538935748e+03 1.271070838744983803e+03
1.184519532618636822e-01 4.380453628201956235e+03 2.063844903812243047e+03 1.158250007479475698e+03
1.320770899659224340e-01 3.708686754094318530e+03 1.749255816646689254e+03 9.797135921401883252e+02
1.472694811144383831e-01 2.977136458850542567e+03 1.375168458855478548e+03 7.594151259230009146e+02
1.642094028064348954e-01 2.485349393531149872e+03 1.146921615608513093e+03 6.303625523888422322e+02
1.830978677048002712e-01 2.118918803546308482e+03 9.986411367048518741e+02 5.526926634783134205e+02
2.041590102946942431e-01 1.733463942774317047e+03 8.088766442135956822e+02 4.413181633043432157e+02
2.276427465103479653e-01 1.427341946898790411e+03 6.701555695236722840e+02 3.635832825368923977e+02
2.538277392899435103e-01 1.172367819863272871e+03 5.601745475110257075e+02 3.038949435639656258e+02
2.830247052484705095e-01 9.507390831078818110e+02 4.594733924651427515e+02 2.466233966830374129e+02
3.155801017062329072e-01 7.657014127638709624e+02 3.803465544326201098e+02 2.040317455743721382e+02
3.518802378240603601e-01 6.089457400337247464e+02 3.126802648988400506e+02 1.669952135026581175e+02
3.923558586288135031e-01 4.773395645606077551e+02 2.565506873542548760e+02 1.368198768199865185e+02
4.374872563241952172e-01 3.675623527543721138e+02 2.099306014844099764e+02 1.121859433312494474e+02
4.878099695387512202e-01 2.769027839270387972e+02 1.710030458460823013e+02 9.183125156550744350e+01
5.439211381395319123e-01 2.031567955363855162e+02 1.385332049682434956e+02 7.509349041267176972e+01
6.064865890189676811e-01 1.443957767851746610e+02 1.114658655112164780e+02 6.134280108895100625e+01
6.762487369363893164e-01 9.881745931252908122e+01 8.891398850840536738e+01 5.003084000100649575e+01
7.540353941672404137e-01 6.463465742034948391e+01 7.016678845950760035e+01 4.071515565036649775e+01
8.407695934971151086e-01 4.001504139706713659e+01 5.465191781496802292e+01 3.304003280305236956e+01
9.374805411223435803e-01 2.310147641460459766e+01 4.189895698704709304e+01 2.670773436208085982e+01
1.045315829426528564e+00 1.209398596372886914e+01 3.152652022399524512e+01 2.148077148040608364e+01
1.165555054552403824e+00 5.362745195264654541e+00 2.321235219430902319e+01 1.716608106009529422e+01
1.299625000357985227e+00 1.543206341148254834e+00 1.667386259403016879e+01 1.360734624089561784e+01
1.449116568932995452e+00 -4.174850205202443876e-01 1.165205489928240468e+01 1.068031315407174020e+01
1.615803658576671964e+00 -1.269561369899909087e+00 7.900911621088708259e+00 8.283484911119062488e+00
1.801664213246928048e+00 -1.509150966470286459e+00 5.185654832564345895e+00 6.334971649396661242e+00
2.008903693258128342e+00 -1.442461505977525871e+00 3.286070218466965898e+00 4.767400576590389072e+00
2.239981245735629400e+00 -1.246137447606090909e+00 2.004100896940415044e+00 3.523412820897977582e+00
2.497638885371206374e+00 -1.014885145274974088e+00 1.170389384715016856e+00 2.553074437497854898e+00
2.784934031744384253e+00 -7.949250821302003001e-01 6.484686835584856368e-01 1.811385460462041186e+00
3.105275789304232426e+00 -6.052117909767897874e-01 3.345672151226392055e-01 1.257243062837484215e+00
3.462465400517639402e+00 -4.506030693114765895e-01 1.539933986088649898e-01 8.532792070741228585e-01
3.860741352209485999e+00 -3.292092094925671564e-01 5.559263926892048929e-02 5.662315538985455143e-01
4.304829670336041580e+00 0.000000000000000000e+00 5.853436680699612184e-03 3.674537195016813751e-01
4.799999999999999822e+00 0.000000000000000000e+00 -1.631261974121187355e-02 2.332462101295680601e-01
