1.000000000230258569e-04 6.774852143027937927e+02 3.108998259910163711e+02 1.733853480994329743e+02
1.115026695290953366e-04 7.492709085290650819e+02 3.440235218526715926e+02 1.918695008530147845e+02
1.243284530925187648e-04 8.397246376907345393e+02 3.857269872094616403e+02 2.151430823704315003e+02
1.386295441504667143e-04 9.455835594339732779e+02 4.345495718080322263e+02 2.423899450844676835e+02
1.545756424481938766e-04 1.055810751897809496e+03 4.854996330361619243e+02 2.708345165761048747e+02
1.723559677317991945e-04 1.162560145524651944e+03 5.350442616092304888e+02 2.985095883376174584e+02
1.921815050694108094e-04 1.276806064648009851e+03 5.882222417500158826e+02 3.282286575715229446e+02
2.142875084442451923e-04 1.420126640057484792e+03 6.548864726565426508e+02 3.654840343098130688e+02
2.389362923277018713e-04 1.586989555111695609e+03 7.325241171749439673e+02 4.088766301893116406e+02
2.664203443578849946e-04 1.751163516128515312e+03 8.092178435006369455e+02 4.517717150285758976e+02
2.970657960592480913e-04 1.935342354501078489e+03 8.953386049361466803e+02 4.999530766326723210e+02
3.312362927876497001e-04 2.157780777661273532e+03 9.991537188299552099e+02 5.580257226126253727e+02
3.693373088223966556e-04 2.380053602376293384e+03 1.103107132762359925e+03 6.162070175352563410e+02
4.118209588090659132e-04 2.647718389147081325e+03 1.227906968630854635e+03 6.860318264698595385e+02
4.591913626466918256e-04 2.926590317517192034e+03 1.357832702586535106e+03 7.587314596802788174e+02
5.120106274801957584e-04 3.254791384564339751e+03 1.510186312685226767e+03 8.439402660064404245e+02
5.709055177816341068e-04 3.600946860893491703e+03 1.670472556611983464e+03 9.335622486845174990e+02
6.365748926688486646e-04 3.993280632961199899e+03 1.851440593864837638e+03 1.034691600258975086e+03
7.097979987143026312e-04 4.433413064016986937e+03 2.053759674746192104e+03 1.147690831173510787e+03
7.914437166483044659e-04 4.917110467680031434e+03 2.275404394331199001e+03 1.271417720828473648e+03
8.824808716799498404e-04 5.449314101414528523e+03 2.518587013885631222e+03 1.407098400378380120e+03
9.839897297802024153e-04 6.033548675357948014e+03 2.784944786061120794e+03 1.555645242108040748e+03
1.097174816344422205e-03 6.674095060786176873e+03 3.076516629115602882e+03 1.718199848746287898e+03
1.223379209343287413e-03 7.386850903367508181e+03 3.400672756942993146e+03 1.898882258150861844e+03
1.364100476567608111e-03 8.154016255237715995e+03 3.749337634171195077e+03 2.093199888235070830e+03
1.521008446081769522e-03 8.999504748691861096e+03 4.133610025132291412e+03 2.307365611106358756e+03
1.695965020753673102e-03 9.911765983157907613e+03 4.548313061461620237e+03 2.538507917314404949e+03
1.891046271984591709e-03 1.089422209952052071e+04 4.995083644109061424e+03 2.787550314500487275e+03
2.108567074807741158e-03 1.194983316628040120e+04 5.475360130526246394e+03 3.055306687231367960e+03
2.351108576680822643e-03 1.308455353630187892e+04 5.991966690018655754e+03 3.343372748892696563e+03
2.621548825923003187e-03 1.429017388126576043e+04 6.541180977560822612e+03 3.649686632514338271e+03
2.923096923239734257e-03 1.556342090367657875e+04 7.121540607835057926e+03 3.973453193243268743e+03
3.259331101584665453e-03 1.690593386807572460e+04 7.733881450083061281e+03 4.315162215288502921e+03
3.634241186222156913e-03 1.830510130260826190e+04 8.372462214908660826e+03 4.671600677067432116e+03
4.052275938830490927e-03 1.975496223230697069e+04 9.034649312733750776e+03 5.041297253307143365e+03
4.518395847440812539e-03 2.124052141589620805e+04 9.713666799248720054e+03 5.420526422688690218e+03
5.038131988628217865e-03 2.274791937562000385e+04 1.040319053140509277e+04 5.805783588668385164e+03
5.617651660426248826e-03 2.425797737171794506e+04 1.109454764755559518e+04 6.192256627812243096e+03
6.263831564778516575e-03 2.574274508304745177e+04 1.177501691471150480e+04 6.572846971691197723e+03
6.984339407925946493e-03 2.717255375042365995e+04 1.243109873094441900e+04 6.940029499841305551e+03
7.787724887016851671e-03 2.851824227943242659e+04 1.304957722017695232e+04 7.286473850415300149e+03
8.683521142606049834e-03 2.974201528474648512e+04 1.361325858501077892e+04 7.602619339956304430e+03
9.682357880899711625e-03 3.079843135209817410e+04 1.410139773889573735e+04 7.876877070443978482e+03
1.079608750807801998e-02 3.164150795447700148e+04 1.449301665795989356e+04 8.097519761262952670e+03
1.203792577343234388e-02 3.221985702526824753e+04 1.476467832835253830e+04 8.251446843389265268e+03
1.342260859021738965e-02 3.247970526398022776e+04 1.489175155686691141e+04 8.324899170065797080e+03
1.496656689508787767e-02 3.236936718539075446e+04 1.485028485348435788e+04 8.304367810324967650e+03
1.668812162103823840e-02 3.184459498676212752e+04 1.461974192722594853e+04 8.178254458436940695e+03
1.860770109743517184e-02 3.087408084118341503e+04 1.418538324745081081e+04 7.938268961341074828e+03
2.074808345685756270e-02 2.944833321026608610e+04 1.354208189801348817e+04 7.581326687245419635e+03
2.313466692519383291e-02 2.759106881318889646e+04 1.269979157756114000e+04 7.112724829545716602e+03
2.579577120231610690e-02 2.537160267992668741e+04 1.168945727591055947e+04 6.549598291484165202e+03
2.876297350957714855e-02 2.290784885952090917e+04 1.056428843192514069e+04 5.921516833020310514e+03
3.207148329174031032e-02 2.036196936856550019e+04 9.398294795463858463e+03 5.269792006934400888e+03
3.576056001963404812e-02 1.792245682931409829e+04 8.278338765182010320e+03 4.643106687473673446e+03
3.987397905126498221e-02 1.576627278506889161e+04 7.287031377893057652e+03 4.087995812239297720e+03
4.446055107939526907e-02 1.401863409394229711e+04 6.484248642605678469e+03 3.638486504462467565e+03
4.957470132945773766e-02 1.270537807331143813e+04 5.884528009036672302e+03 3.303292030960408738e+03
5.527711538069327024e-02 1.171791300981244240e+04 5.439232624515674615e+03 3.055458426479019636e+03
6.163545927395905344e-02 1.082706375352471332e+04 5.040517540253465086e+03 2.834077129424721988e+03
6.872518245115814828e-02 9.719849985955237571e+03 4.534982683012057350e+03 2.551210201609409978e+03
7.663041305413779980e-02 8.287810596541847190e+03 3.862627455461650243e+03 2.171046366641365694e+03
8.544495620686157200e-02 6.747138871569616640e+03 3.123717917013552324e+03 1.749870135498630816e+03
9.527340712667957401e-02 5.507788905414903638e+03 2.527144785886250702e+03 1.409137689839748418e+03
1.062323922731101822e-01 4.763232724919094835e+03 2.185524889531484405e+03 1.217362867682716114e+03
1.184519532618636822e-01 4.277880394603071181e+03 1.984468975356133569e+03 1.109344554074692269e+03
1.320770899659224340e-01 3.664926085952941776e+03 1.702756448121584754e+03 9.509231086582771013e+02
1.472694811144383831e-01 2.963554164580546058e+03 1.349211072193674909e+03 7.443153575527257999e+02
1.642094028064348954e-01 2.476556985911897300e+03 1.119804113224439561e+03 6.138405847224871650e+02
1.830978677048002712e-01 2.130639406233909995e+03 9.797135282884967182e+02 5.403914110890854090e+02
2.041590102946942431e-01 1.761334873014119694e+03 8.002967227395349710e+02 4.362024116484726051e+02
2.276427465103479653e-01 1.462014030730640798e+03 6.618161078443506540e+02 3.577834132146501815e+02
2.538277392899435103e-01 1.217514201332861376e+03 5.569813830997694595e+02 3.013450681768279651e+02
2.830247052484705095e-01 1.002096793682306497e+03 4.577329650288792777e+02 2.446263654597223365e+02
3.155801017062329072e-01 8.229120441319588508e+02 3.808522207086502362e+02 2.033162951064985293e+02
3.518802378240603601e-01 6.702503128325528223e+02 3.142598262966130278e+02 1.666213915048806484e+02
3.923558586288135031e-01 5.414742493686399030e+02 2.592453580132821003e+02 1.370017146214115087e+02
4.374872563241952172e-01 4.330267103738464129e+02 2.133794181997353689e+02 1.126284604751343323e+02
4.878099695387512202e-01 3.421504717032564713e+02 1.750105480513597342e+02 9.242899801414982619e+01
5.439211381395319123e-01 2.665913618612962068e+02 1.429677339010782475e+02 7.579785785127820930e+01
6.064865890189676811e-01 2.044539336225994930e+02 1.161994782916759021e+02 6.209976490583221675e+01
6.762487369363893164e-01 1.540978392237287551e+02 9.384679752594587399e+01 5.081430913896315360e+01
7.540353941672404137e-01 1.140322233792299755e+02 7.519657700856306803e+01 4.150057418550812827e+01
8.407695934971151086e-01 8.283917472433968499e+01 5.967893993416282683e+01 3.380970121304338960e+01
9.374805411223435803e-01 5.913064907706773710e+01 4.682940029723378927e+01 2.745463494524478421e+01
1.045315829426528564e+00 4.155503483972684364e+01 3.626472151233659247e+01 2.219728653867593593e+01
1.165555054552403824e+00 2.883567605555634472e+01 2.766919960799302203e+01 1.784792021313366561e+01
1.299625000357985227e+00 1.982653101579141719e+01 2.077142229110811655e+01 1.425185310477002965e+01
1.449116568932995452e+00 1.355584759447726384e+01 1.532996548624980448e+01 1.128419822599825828e+01
1.615803658576671964e+00 9.245897428489104897e+00 1.112221028017451907e+01 8.845135673981866731e+00
1.801664213246928048e+00 6.306542916285422962e+00 7.938600452200832436e+00 6.852357096021994387e+00
2.008903693258128342e+00 4.308971631702981142e+00 5.583500897079002989e+00 5.238643565613629427e+00
2.239981245735629400e+00 2.951704177307317156e+00 3.878717417375221466e+00 3.947295341502962795e+00
2.497638885371206374e+00 2.027697296099797875e+00 2.668803450105437403e+00 2.928966963174902904e+00
2.784934031744384253e+00 1.396518049559313468e+00 1.824137167374755064e+00 2.139671202865762734e+00
3.105275789304232426e+00 9.636297849972398355e-01 1.241890113297538178e+00 1.539387787859320733e+00
3.462465400517639402e+00 6.655284645830242818e-01 8.440291775640403893e-01 1.091804176559313833e+00
3.860741352209485999e+00 4.594766189648339383e-01 5.735416574291841707e-01 7.645424117875849745e-01
4.304829670336041580e+00 0.000000000000000000e+00 3.900411627926774760e-01 5.296251646119781720e-01
4.799999999999999822e+00 0.000000000000000000e+00 2.655292495348245407e-01 3.637285775524139453e-01
