1.000000000230258569e-04 2.998391115099672106e+02 1.289507520706241621e+02 7.051835687867614411e+01
1.115026695290953366e-04 3.338093876693191078e+02 1.436213450283404711e+02 7.854804220520091462e+01
1.243284530925187648e-04 3.759225085108328699e+02 1.618051260703851995e+02 8.849957456504020570e+01
1.386295441504667143e-04 4.245351882041608746e+02 1.828047111439550747e+02 9.999096259221344951e+01
1.545756424481938766e-04 4.751709805435260705e+02 2.047248093144188772e+02 1.119908140729160380e+02
1.723559677317991945e-04 5.254280655838141456e+02 2.265538099160577019e+02 1.239488111392893614e+02
1.921815050694108094e-04 5.807599088266445051e+02 2.506421733029503400e+02 1.371485729906372057e+02
2.142875084442451923e-04 6.495947553657114213e+02 2.806003544659981799e+02 1.535657793096320916e+02
2.389362923277018713e-04 7.280452196231719881e+02 3.147789527584827169e+02 1.723009983558997362e+02
2.664203443578849946e-04 8.066116778614194800e+02 3.491346855869336991e+02 1.911462400192619668e+02
2.970657960592480913e-04 8.970821136483448299e+02 3.887227874407283252e+02 2.128676833104568402e+02
3.312362927876497001e-04 1.003450647623207828e+03 4.352398255610293631e+02 2.383926427033962909e+02
3.693373088223966556e-04 1.112205468522693309e+03 4.828928414513600273e+02 2.645560839352511948e+02
4.118209588090659132e-04 1.243154709667057659e+03 5.401332177525433735e+02 2.959750108720480739e+02
4.591913626466918256e-04 1.380165954433298111e+03 6.000058312514240697e+02 3.288460733023726448e+02
5.120106274801957584e-04 1.541610583448093621e+03 6.703247765184759146e+02 3.674355867074243633e+02
5.709055177816341068e-04 1.715234055966551296e+03 7.457564462525815543e+02 4.088182068471390949e+02
6.365748926688486646e-04 1.910075255563217979e+03 8.301054625836172818e+02 4.550676854711045394e+02
7.097979987143026312e-04 2.130597673970301457e+03 9.252323469713674058e+02 5.071934289467680514e+02
7.914437166483044659e-04 2.375803682160624248e+03 1.030643865177116140e+03 5.649150674719135168e+02
8.824808716799498404e-04 2.647649203781567394e+03 1.147141215301155398e+03 6.286640331710261762e+02
9.839897297802024153e-04 2.948747073648384230e+03 1.275843822360956892e+03 6.990495934249709080e+02
1.097174816344422205e-03 3.283756982279758631e+03 1.418777201265642134e+03 7.771788470748949749e+02
1.223379209343287413e-03 3.657726992517125836e+03 1.578151599936269349e+03 8.642646980639383401e+02
1.364100476567608111e-03 4.064863235934303248e+03 1.751491308573203014e+03 9.589530207720449653e+02
1.521008446081769522e-03 4.516619472124732056e+03 1.943814581944869815e+03 1.064003645472294465e+03
1.695965020753673102e-03 5.012132471672634892e+03 2.154792732788041121e+03 1.179242720935003263e+03
1.891046271984591709e-03 5.552723813858821813e+03 2.385016395789886701e+03 1.304998799267092863e+03
2.108567074807741158e-03 6.144895446049768907e+03 2.637348360582153873e+03 1.442853996584556853e+03
2.351108576680822643e-03 6.784875188822648852e+03 2.910164325938342699e+03 1.591918292516041902e+03
2.621548825923003187e-03 7.478652684868295182e+03 3.206104916952922395e+03 1.753644198132088604e+03
2.923096923239734257e-03 8.226515211475556498e+03 3.525333028150694645e+03 1.928121410470506135e+03
3.259331101584665453e-03 9.025451679163163135e+03 3.866522963427136347e+03 2.114625977808875177e+03
3.634241186222156913e-03 9.877781670411619416e+03 4.230742961570776970e+03 2.313788097874403320e+03
4.052275938830490927e-03 1.077889307992456634e+04 4.615920187185107352e+03 2.524493190506454539e+03
4.518395847440812539e-03 1.172632811049941665e+04 5.021242419450210946e+03 2.746226187226419825e+03
5.038131988628217865e-03 1.271367346096344772e+04 5.443927672907420856e+03 2.977529741505576112e+03
5.617651660426248826e-03 1.373335042182040524e+04 5.880780839820278743e+03 3.216671467756044422e+03
6.263831564778516575e-03 1.477500282368711487e+04 6.327435744957789211e+03 3.461272492129774491e+03
6.984339407925946493e-03 1.582726396658223166e+04 6.779113432921377353e+03 3.708743479533930440e+03
7.787724887016851671e-03 1.686826598225091584e+04 7.226533014138679391e+03 3.954018176199036134e+03
8.683521142606049834e-03 1.787670832910885656e+04 7.660664409683875419e+03 4.192175110407026295e+03
9.682357880899711625e-03 1.883041991183513528e+04 8.072133032435219320e+03 4.418104879498529044e+03
1.079608750807801998e-02 1.970022424097828844e+04 8.448568268147142589e+03 4.625072430066754350e+03
1.203792577343234388e-02 2.045143780751138911e+04 8.775196846694067062e+03 4.805000511944555910e+03
1.342260859021738965e-02 2.104579305961085265e+04 9.035729434500861316e+03 4.948974639895158361e+03
1.496656689508787767e-02 2.144293936906561430e+04 9.212923554434297330e+03 5.047553701547963101e+03
1.668812162103823840e-02 2.160022203419384095e+04 9.288509031266487000e+03 5.090727277934095582e+03
1.860770109743517184e-02 2.147869927940937487e+04 9.245598190942047950e+03 5.069171126669869409e+03
2.074808345685756270e-02 2.104758408349113961e+04 9.070713128507999500e+03 4.975411543587426422e+03
2.313466692519383291e-02 2.029083532533901962e+04 8.756536717421764479e+03 4.805367479416382594e+03
2.579577120231610690e-02 1.921501684888125237e+04 8.305181339566532188e+03 4.560038626072614534e+03
2.876297350957714855e-02 1.785940859582644771e+04 7.732690565104655434e+03 4.248031683328874351e+03
3.207148329174031032e-02 1.630112462539742592e+04 7.071482034533449223e+03 3.886991602283718748e+03
3.576056001963404812e-02 1.465220057285786788e+04 6.369244420721305687e+03 3.502980297371984761e+03
3.987397905126498221e-02 1.304731484480551262e+04 5.684106706397894413e+03 3.127899658066160100e+03
4.446055107939526907e-02 1.161550462461559619e+04 5.072711386875094831e+03 2.793011669125183744e+03
4.957470132945773766e-02 1.044901527195800372e+04 4.576845070809444223e+03 2.521596806460485368e+03
5.527711538069327024e-02 9.565391807331983728e+03 4.206443068856870923e+03 2.319511908170708011e+03
6.163545927395905344e-02 8.886588501420843386e+03 3.929066704716491586e+03 2.169154159677680127e+03
6.872518245115814828e-02 8.217012643717253013e+03 3.657033790229407714e+03 2.021828740803724486e+03
7.663041305413779980e-02 7.357854051024651199e+03 3.295975655531664415e+03 1.824254805330851241e+03
8.544495620686157200e-02 6.250173942168374197e+03 2.810875738443963201e+03 1.555534027271866762e+03
9.527340712667957401e-02 5.092917052310377585e+03 2.289777189218280455e+03 1.264359680302740117e+03
1.062323922731101822e-01 4.194964582323734248e+03 1.886340911578790610e+03 1.038740665301367699e+03
1.184519532618636822e-01 3.658813192675090249e+03 1.665622011035571859e+03 9.183403469185058157e+02
1.320770899659224340e-01 3.260887536463912511e+03 1.520016040282357835e+03 8.422105154050783540e+02
1.472694811144383831e-01 2.732916305997206564e+03 1.290878261255468260e+03 7.147989607978780668e+02
1.642094028064348954e-01 2.179302116393294000e+03 1.026175198646992158e+03 5.625800031298583690e+02
1.830978677048002712e-01 1.808270897812767998e+03 8.717516968472382359e+02 4.779016921822926633e+02
2.041590102946942431e-01 1.510298701156835705e+03 7.624907032535238613e+02 4.215820130730911046e+02
2.276427465103479653e-01 1.199222383029704815e+03 6.175402888789858480e+02 3.377370478823181088e+02
2.538277392899435103e-01 9.546027144302504439e+02 5.179722994354351613e+02 2.838925472276011988e+02
2.830247052484705095e-01 7.445952703858324639e+02 4.328829299709856855e+02 2.381124806679690380e+02
3.155801017062329072e-01 5.641026511867462432e+02 3.560056525140050780e+02 1.954208310715032155e+02
3.518802378240603601e-01 4.137296409871615310e+02 2.943849679552288308e+02 1.628005353511555882e+02
3.923558586288135031e-01 2.889100796179112081e+02 2.413446830337031770e+02 1.344517509514444384e+02
4.374872563241952172e-01 1.877768582418960364e+02 1.966173009142551962e+02 1.107656714890659941e+02
4.878099695387512202e-01 1.083056642643371106e+02 1.591797164484294456e+02 9.138225431963907397e+01
5.439211381395319123e-01 4.854867565931672857e+01 1.276218824648119465e+02 7.517366322139717738e+01
6.064865890189676811e-01 6.435698715045333529e+00 1.010981219487945708e+02 6.167996757610504943e+01
6.762487369363893164e-01 -2.045234061330452846e+01 7.888875544512845295e+01 5.046254111387516161e+01
7.540353941672404137e-01 -3.492760205006901941e+01 6.039973560792955709e+01 4.114233226616229189e+01
8.407695934971151086e-01 -4.006664731089015419e+01 4.514080228644485970e+01 3.338784550093953385e+01
9.374805411223435803e-01 -3.893860036070927322e+01 3.271709309490275785e+01 2.693281182099946491e+01
1.045315829426528564e+00 -3.426715144174146843e+01 2.279657164863012397e+01 2.156171069589250777e+01
1.165555054552403824e+00 -2.816427789887280397e+01 1.508218649240530418e+01 1.709600341657233358e+01
1.299625000357985227e+00 -2.202859284482136104e+01 9.291048470090535361e+00 1.339362224388594313e+01
1.449116568932995452e+00 -1.661490569796205818e+01 5.137356044040850556e+00 1.033942271290197290e+01
1.615803658576671964e+00 -1.220561170105813353e+01 2.327648783692039203e+00 7.840079006546265994e+00
1.801664213246928048e+00 -8.800108112903195945e+00 5.674802565430292489e-01 5.819316620749607871e+00
2.008903693258128342e+00 -6.263212915476985110e+00 -4.222741018051152095e-01 4.211892089695767893e+00
2.239981245735629400e+00 -4.419426694136086908e+00 -8.870206851758692945e-01 2.960243998776512342e+00
2.497638885371206374e+00 -3.101820986347875397e+00 -1.024624195026467621e+00 2.011008565766174261e+00
2.784934031744384253e+00 -2.170481580718844228e+00 -9.806220943781231991e-01 1.313372945336900299e+00
3.105275789304232426e+00 -1.516712683678656637e+00 -8.523135035408481164e-01 8.187706587147858261e-01
3.462465400517639402e+00 -1.059613427379850759e+00 -6.984309447833888518e-01 4.819485667849658928e-01
3.860741352209485999e+00 -7.404738830426097485e-01 -5.503229446200507136e-01 2.625956599409274284e-01
4.304829670336041580e+00 -5.176783481760869332e-01 -4.219331875102425022e-01 1.267427735779462772e-01
4.799999999999999822e+00 0.000000000000000000e+00 -3.172261779418292793e-01 4.745055335421489995e-02
