1.000000000230258569e-04 6.130410795774114376e+02 2.831522039374767701e+02 1.572631013697915705e+02
1.115026695290953366e-04 6.892489081611095116e+02 3.185037119597457149e+02 1.769172887796198097e+02
1.243284530925187648e-04 7.764782445367327455e+02 3.589851726384014228e+02 1.994241288817806890e+02
1.386295441504667143e-04 8.654136263891953149e+02 4.003764793115107068e+02 2.224532544927376421e+02
1.545756424481938766e-04 9.518731742411655432e+02 4.408085043877963471e+02 2.449733408031522686e+02
1.723559677317991945e-04 1.047694911421732513e+03 4.857409742888489745e+02 2.700164296241929378e+02
1.921815050694108094e-04 1.168679830722782981e+03 5.424213245866029638e+02 3.016047375054274085e+02
2.142875084442451923e-04 1.304654894742814122e+03 6.062139250055940920e+02 3.371729751497497318e+02
2.389362923277018713e-04 1.437977199629006691e+03 6.690981019027609591e+02 3.722854406515751293e+02
2.664203443578849946e-04 1.594051617305198306e+03 7.427361524721607111e+02 4.134133123131546199e+02
2.970657960592480913e-04 1.775650751526055274e+03 8.283522656827732362e+02 4.612341651940122347e+02
3.312362927876497001e-04 1.959208004154586206e+03 9.151477451603943791e+02 5.097654551148074233e+02
3.693373088223966556e-04 2.182367081847160534e+03 1.020293070059564911e+03 5.685214967700361512e+02
4.118209588090659132e-04 2.412108533235552386e+03 1.128553076848724686e+03 6.290435497775727072e+02
4.591913626466918256e-04 2.684211989285205618e+03 1.256191547421294899e+03 7.003326300634682866e+02
5.120106274801957584e-04 2.976898309347007398e+03 1.393042511955613008e+03 7.767235054945911088e+02
5.709055177816341068e-04 3.301641326550313352e+03 1.544193508431133296e+03 8.610113418114829074e+02
6.365748926688486646e-04 3.669528833049980676e+03 1.714602802760751956e+03 9.559213743717301668e+02
7.097979987143026312e-04 4.078854981458884140e+03 1.903329502649042070e+03 1.060899673392573959e+03
7.914437166483044659e-04 4.531646142764205251e+03 2.111213578631917244e+03 1.176391606424259635e+03
8.824808716799498404e-04 5.032408669681028186e+03 2.340319602629003384e+03 1.303536652470203762e+03
9.839897297802024153e-04 5.590742911653909687e+03 2.595116700857363867e+03 1.444815091721601448e+03
1.097174816344422205e-03 6.207513501878103853e+03 2.876068402188845084e+03 1.600493333607868863e+03
1.223379209343287413e-03 6.880519204909154723e+03 3.182246556197710106e+03 1.770068868143884174e+03
1.364100476567608111e-03 7.619560412918578550e+03 3.518349312273353462e+03 1.956185640059308753e+03
1.521008446081769522e-03 8.429528542641342938e+03 3.886762424348115928e+03 2.160192199155227172e+03
1.695965020753673102e-03 9.311762995423419852e+03 4.288184830996121491e+03 2.382493001859711967e+03
1.891046271984591709e-03 1.027226397948514568e+04 4.725515791842408362e+03 2.624726182091216742e+03
2.108567074807741158e-03 1.130479492531834330e+04 5.195924390473162930e+03 2.885331604076109670e+03
2.351108576680822643e-03 1.241725737272904735e+04 5.703130830525474266e+03 3.166400684491166885e+03
2.621548825923003187e-03 1.360786646527646189e+04 6.246337722456503798e+03 3.467507639239684522e+03
2.923096923239734257e-03 1.487588799553758872e+04 6.825289725846923830e+03 3.788524215004880261e+03
3.259331101584665453e-03 1.621605456056768162e+04 7.437596757333801179e+03 4.128102680366115237e+03
3.634241186222156913e-03 1.762582994058454278e+04 8.082196391552226487e+03 4.485705859562213845e+03
4.052275938830490927e-03 1.909649802375552827e+04 8.754984590082074646e+03 4.859054062685427198e+03
4.518395847440812539e-03 2.061645886699138282e+04 9.450986614026583993e+03 5.245408326614143334e+03
5.038131988628217865e-03 2.217280165031383876e+04 1.016419839200663228e+04 5.641486810614792375e+03
5.617651660426248826e-03 2.374782035924161028e+04 1.088660327273523035e+04 6.042850912870700995e+03
6.263831564778516575e-03 2.532207919681054045e+04 1.160942269946701526e+04 6.444658343803163007e+03
6.984339407925946493e-03 2.686159528901982412e+04 1.231720684630156757e+04 6.838365819069283134e+03
7.787724887016851671e-03 2.833252704704080315e+04 1.299455655873048818e+04 7.215447181845713203e+03
8.683521142606049834e-03 2.969207244238595740e+04 1.362200271784982215e+04 7.565117318471813633e+03
9.682357880899711625e-03 3.090153540018101194e+04 1.418195855406868941e+04 7.877662173617565713e+03
1.079608750807801998e-02 3.190968228661255125e+04 1.465105035329516068e+04 8.140119941160445705e+03
1.203792577343234388e-02 3.265495972023051581e+04 1.500109754556464577e+04 8.336836493027956749e+03
1.342260859021738965e-02 3.307831009062879457e+04 1.520507750304539150e+04 8.452789384182657159e+03
1.496656689508787767e-02 3.311920009088204824e+04 1.523512271748878993e+04 8.472464341111492104e+03
1.668812162103823840e-02 3.272298322296488550e+04 1.506585362638781407e+04 8.381646828588307471e+03
1.860770109743517184e-02 3.185084916215121848e+04 1.467889876357548565e+04 8.169926094859140903e+03
2.074808345685756270e-02 3.048795555582801171e+04 1.406676039773485900e+04 7.832972893718614614e+03
2.313466692519383291e-02 2.865663080733664901e+04 1.323861943446690202e+04 7.375646453946039401e+03
2.579577120231610690e-02 2.642946986531363291e+04 1.222661169812237495e+04 6.815502804596744681e+03
2.876297350957714855e-02 2.393483804846892235e+04 1.108872352393115034e+04 6.184554418585235908e+03
3.207148329174031032e-02 2.135117683455416045e+04 9.906519697549170814e+03 5.528088165069937531e+03
3.576056001963404812e-02 1.888373045295337215e+04 8.774902429780824605e+03 4.898991103235604896e+03
3.987397905126498221e-02 1.672159325930677733e+04 7.782757543854879259e+03 4.347123879437238429e+03
4.446055107939526907e-02 1.499041395335563902e+04 6.991035916024044127e+03 3.907050010651151752e+03
4.957470132945773766e-02 1.369760438509195956e+04 6.406442562339340839e+03 3.583174342325086855e+03
5.527711538069327024e-02 1.270753155654453985e+04 5.967723186000765963e+03 3.341646015979179083e+03
6.163545927395905344e-02 1.171694654491277288e+04 5.529634676890757873e+03 3.100466930421464895e+03
6.872518245115814828e-02 1.043519538300287240e+04 4.945622336188003828e+03 2.775434648880742770e+03
7.663041305413779980e-02 8.802268587070486319e+03 4.175650383823168340e+03 2.341660336232683676e+03
8.544495620686157200e-02 7.139120259484727285e+03 3.373603071944904059e+03 1.886035639040387650e+03
9.527340712667957401e-02 5.891325752687040222e+03 2.774982728075856357e+03 1.546140452128914603e+03
1.062323922731101822e-01 5.169148480319791815e+03 2.456929389556156821e+03 1.370881760270412315e+03
1.184519532618636822e-01 4.615233876234025956e+03 2.233914605501649930e+03 1.252608475179057905e+03
1.320770899659224340e-01 3.858428795037071723e+03 1.876180562714536563e+03 1.049621844484980102e+03
1.472694811144383831e-01 3.091748314914024832e+03 1.486376578693715601e+03 8.217297234475922778e+02
1.642094028064348954e-01 2.596490870084179733e+03 1.268701411893967361e+03 7.019534547616757436e+02
1.830978677048002712e-01 2.186548625957773766e+03 1.102161224857560228e+03 6.142835994398343473e+02
2.041590102946942431e-01 1.759219906120861651e+03 8.890915149406862383e+02 4.887420021557786072e+02
2.276427465103479653e-01 1.430183258759473119e+03 7.477518061154974021e+02 4.123296999381742012e+02
2.538277392899435103e-01 1.143824229041480066e+03 6.216620940923102125e+02 3.428219941581274384e+02
2.830247052484705095e-01 8.986151824126436622e+02 5.121345460719462608e+02 2.817991639704453064e+02
3.155801017062329072e-01 6.925341920412319041e+02 4.226130813234427137e+02 2.334790470256511981e+02
3.518802378240603601e-01 5.195525085922495236e+02 3.467672712890371258e+02 1.927065790098314437e+02
3.923558586288135031e-01 3.764078462040379804e+02 2.826442724276635090e+02 1.583186366256399538e+02
4.374872563241952172e-01 2.602526415013625751e+02 2.291106260512213737e+02 1.302774076375810921e+02
4.878099695387512202e-01 1.684470596025821862e+02 1.841325519746092141e+02 1.069569434678069513e+02
5.439211381395319123e-01 9.853849529254733852e+01 1.463925851076753872e+02 8.757904852257094319e+01
6.064865890189676811e-01 4.794458982488014698e+01 1.148324938771461490e+02 7.150576913396682244e+01
6.762487369363893164e-01 1.379684214477238946e+01 8.857527636283910510e+01 5.818293222293014821e+01
7.540353941672404137e-01 -7.053811813072212722e+00 6.689684968136620569e+01 4.711972916750445961e+01
8.407695934971151086e-01 -1.788244771915649878e+01 4.921622145855783970e+01 3.792988349659135849e+01
9.374805411223435803e-01 -2.180985007122828279e+01 3.504459595810806150e+01 3.029855289863581547e+01
1.045315829426528564e+00 -2.151421974248762936e+01 2.395075683947885636e+01 2.396791984387046881e+01
1.165555054552403824e+00 -1.904102708894788876e+01 1.553088850540267885e+01 1.873228420696813146e+01
1.299625000357985227e+00 -1.576662303390679121e+01 9.385853990371730404e+00 1.442431641815044507e+01
1.449116568932995452e+00 -1.249275801191616075e+01 5.113436022009198112e+00 1.090896405616048881e+01
1.615803658576671964e+00 -9.606059248089506397e+00 2.315547646877578192e+00 8.075449410950829687e+00
1.801664213246928048e+00 -7.234952271325752804e+00 6.172932975684572998e-01 5.828648835018774399e+00
2.008903693258128342e+00 -5.371012440279999467e+00 -3.112472226742554748e-01 4.084847861766701449e+00
2.239981245735629400e+00 -3.946928460502907576e+00 -7.385100785342819663e-01 2.766615468056303762e+00
2.497638885371206374e+00 -2.878851592070403864e+00 -8.657148436396638891e-01 1.800716381258592236e+00
2.784934031744384253e+00 -2.087741673201805703e+00 -8.317029838139318176e-01 1.117807668170839985e+00
3.105275789304232426e+00 -1.506758596251526860e+00 -7.245704268339011600e-01 6.539070209105872777e-01
3.462465400517639402e+00 -1.082559263109465819e+00 -5.953871332116179582e-01 3.525249417401068452e-01
3.860741352209485999e+00 -7.742747968513341572e-01 -4.707138723388047397e-01 1.664036719383487350e-01
4.304829670336041580e+00 0.000000000000000000e+00 -3.621957897608851784e-01 5.826303544717128385e-02
4.799999999999999822e+00 0.000000000000000000e+00 -2.731781067813121022e-01 3.277063805728335920e-04
