1.000000000230258569e-04 6.680690475810620228e+02 3.032786994489090944e+02 1.682181625056059602e+02
1.115026695290953366e-04 7.336573859600306378e+02 3.331782755479848106e+02 1.848263603927578060e+02
1.243284530925187648e-04 8.179714803551063369e+02 3.715860440416713004e+02 2.061556379550565055e+02
1.386295441504667143e-04 9.184362589486937622e+02 4.173555022154682206e+02 2.315731039375631894e+02
1.545756424481938766e-04 1.023393177170662852e+03 4.652404181910475813e+02 2.581811300623725174e+02
1.723559677317991945e-04 1.122734545898011447e+03 5.107026739820734065e+02 2.834706498866785296e+02
1.921815050694108094e-04 1.225268118005015140e+03 5.577441887282298012e+02 3.096659963303238783e+02
2.142875084442451923e-04 1.354541560175308632e+03 6.170179173450783310e+02 3.426684674558017605e+02
2.389362923277018713e-04 1.509493942158328082e+03 6.880453411168209641e+02 3.822167135509511695e+02
2.664203443578849946e-04 1.660016125228001329e+03 7.572371068675496417e+02 4.207938236751821250e+02
2.970657960592480913e-04 1.822734289954069254e+03 8.321217982525585057e+02 4.625744227563887421e+02
3.312362927876497001e-04 2.025232377880709237e+03 9.251218781365862469e+02 5.144369398382690406e+02
3.693373088223966556e-04 2.224295963768353431e+03 1.016659647992730811e+03 5.655344154696600754e+02
4.118209588090659132e-04 2.461409174209699358e+03 1.125434789028287014e+03 6.262179989302758258e+02
4.591913626466918256e-04 2.710832038890697731e+03 1.239696246842536766e+03 6.899610590056238379e+02
5.120106274801957584e-04 3.000583392894958251e+03 1.372044655704977458e+03 7.637278158794402998e+02
5.709055177816341068e-04 3.303301490368648047e+03 1.509953259259601509e+03 8.405475064525160178e+02
6.365748926688486646e-04 3.651226586265531751e+03 1.667907941380644843e+03 9.284199834816832890e+02
7.097979987143026312e-04 4.037012568214376188e+03 1.842531157056478378e+03 1.025455633966922278e+03
7.914437166483044659e-04 4.457666530666023391e+03 2.032404734425002061e+03 1.130844609981534177e+03
8.824808716799498404e-04 4.919995107816403106e+03 2.240587955266860263e+03 1.246268192035515312e+03
9.839897297802024153e-04 5.427383940343780523e+03 2.468648687277068802e+03 1.372595849730420696e+03
1.097174816344422205e-03 5.979002200742398600e+03 2.716291613523813339e+03 1.509672646770238089e+03
1.223379209343287413e-03 6.587427817603957010e+03 2.989313674090648874e+03 1.660728784663629312e+03
1.364100476567608111e-03 7.251240400848482750e+03 3.287144264443900738e+03 1.825467446356118899e+03
1.521008446081769522e-03 7.971844534895348261e+03 3.610521060913322799e+03 2.004327851786021483e+03
1.695965020753673102e-03 8.746563422296325371e+03 3.958327471274880736e+03 2.196719809978926151e+03
1.891046271984591709e-03 9.583325302432745957e+03 4.334215336108887641e+03 2.404683621343965569e+03
2.108567074807741158e-03 1.047475091300817985e+04 4.734872024224288907e+03 2.626394173998406586e+03
2.351108576680822643e-03 1.143273343715296141e+04 5.165764006035085913e+03 2.864905866546713696e+03
2.621548825923003187e-03 1.244510595803444994e+04 5.621377068873467579e+03 3.117177912721710982e+03
2.923096923239734257e-03 1.351253197707543404e+04 6.102035186403002626e+03 3.383415523930253585e+03
3.259331101584665453e-03 1.463186318553977799e+04 6.606361567524971178e+03 3.662875740018072065e+03
3.634241186222156913e-03 1.579676326354380217e+04 7.131533331558170175e+03 3.953973884868921232e+03
4.052275938830490927e-03 1.699705567280328614e+04 7.672991866338553336e+03 4.254146437672848151e+03
4.518395847440812539e-03 1.822608592875290196e+04 8.227851117024702035e+03 4.561858691811434255e+03
5.038131988628217865e-03 1.947029704819203835e+04 8.790001485995635448e+03 4.873785692167235538e+03
5.617651660426248826e-03 2.071357812158419620e+04 9.352208596406780998e+03 5.185900971226319598e+03
6.263831564778516575e-03 2.193780771670697504e+04 9.906385087786520671e+03 5.493745080196915296e+03
6.984339407925946493e-03 2.311500509462505215e+04 1.043994686856125008e+04 5.790340843596512059e+03
7.787724887016851671e-03 2.421928766421849650e+04 1.094127843055913945e+04 6.069257773361178806e+03
8.683521142606049834e-03 2.522563286528654498e+04 1.139919193727286620e+04 6.324319631163367376e+03
9.682357880899711625e-03 2.610125964707625826e+04 1.179895729801898960e+04 6.547390267902190317e+03
1.079608750807801998e-02 2.680726682536080625e+04 1.212303436264520133e+04 6.728725369098107876e+03
1.203792577343234388e-02 2.730526422826127600e+04 1.235412387042314913e+04 6.858716569982214423e+03
1.342260859021738965e-02 2.755584534962186444e+04 1.247445332464344210e+04 6.927491803329514369e+03
1.496656689508787767e-02 2.751972281769907568e+04 1.246622416387513294e+04 6.925148346905979452e+03
1.668812162103823840e-02 2.716357277415387216e+04 1.231406962721792479e+04 6.843028013373634167e+03
1.860770109743517184e-02 2.646202555931466850e+04 1.200625511127500067e+04 6.674516700727958778e+03
2.074808345685756270e-02 2.540565719490386255e+04 1.153808124085588497e+04 6.416928675296108850e+03
2.313466692519383291e-02 2.400829587799133151e+04 1.091510330287314537e+04 6.073160093742866593e+03
2.579577120231610690e-02 2.231474588949089593e+04 1.015684218973228599e+04 5.653845072724866441e+03
2.876297350957714855e-02 2.040624383505662991e+04 9.299469317699000385e+03 5.178973199206733625e+03
3.207148329174031032e-02 1.839681668655798421e+04 8.394151052948023789e+03 4.676869466795978951e+03
3.576056001963404812e-02 1.642167077553399940e+04 7.502221520385858639e+03 4.181640046882358547e+03
3.987397905126498221e-02 1.461600032967705738e+04 6.685750611066046986e+03 3.727952469500477946e+03
4.446055107939526907e-02 1.307939679786453780e+04 5.991417089117546311e+03 3.342075130191117751e+03
4.957470132945773766e-02 1.184240748863445151e+04 5.434896071228736218e+03 3.033092891031776162e+03
5.527711538069327024e-02 1.083998875552255231e+04 4.987623118336159678e+03 2.785309965688633383e+03
6.163545927395905344e-02 9.918558089093832677e+03 4.578285624127261144e+03 2.558739168918789346e+03
6.872518245115814828e-02 8.863531231385877618e+03 4.103039234131321791e+03 2.294325217730935037e+03
7.663041305413779980e-02 7.603537144616476326e+03 3.522589745545886672e+03 1.968819497570464819e+03
8.544495620686157200e-02 6.284483500483402167e+03 2.903343580527231097e+03 1.619186133451876003e+03
9.527340712667957401e-02 5.191339092541761602e+03 2.388254552632222385e+03 1.327748726428839291e+03
1.062323922731101822e-01 4.466938500473521344e+03 2.059023891735350389e+03 1.143562048050229578e+03
1.184519532618636822e-01 3.948432235337669681e+03 1.838405603468735762e+03 1.023087442072571548e+03
1.320770899659224340e-01 3.363326707795657057e+03 1.573252231292570968e+03 8.746505889742670661e+02
1.472694811144383831e-01 2.734531553461691601e+03 1.266897245162595937e+03 6.982397709655167546e+02
1.642094028064348954e-01 2.271745512884229356e+03 1.052892322745526599e+03 5.772839814546008483e+02
1.830978677048002712e-01 1.925914257833671400e+03 9.097687401119011383e+02 5.004619516034476305e+02
2.041590102946942431e-01 1.578338043980512566e+03 7.470514640854571553e+02 4.074731998244493525e+02
2.276427465103479653e-01 1.291410443049589048e+03 6.174162612920616766e+02 3.345655799359534512e+02
2.538277392899435103e-01 1.054456035253294431e+03 5.169233970137777305e+02 2.801152383165524498e+02
2.830247052484705095e-01 8.474727767308728517e+02 4.246908959305558255e+02 2.282024667212001816e+02
3.155801017062329072e-01 6.745060338635782955e+02 3.517334136432863829e+02 1.889002645957620530e+02
3.518802378240603601e-01 5.278371742963850011e+02 2.891511055376907393e+02 1.547410029986313305e+02
3.923558586288135031e-01 4.049426275163551736e+02 2.373247058486878700e+02 1.270163502187315032e+02
4.374872563241952172e-01 3.028138798798985931e+02 1.941017848180397039e+02 1.041863233597919844e+02
4.878099695387512202e-01 2.190985308200974089e+02 1.579718332114079828e+02 8.532227114964071291e+01
5.439211381395319123e-01 1.518539890739238558e+02 1.278182160952258926e+02 6.980899318804894449e+01
6.064865890189676811e-01 9.932344046957240380e+01 1.026570998155205245e+02 5.704936033544262841e+01
6.762487369363893164e-01 5.979649016109400606e+01 8.167711618857583744e+01 4.654802995120297737e+01
7.540353941672404137e-01 3.148792808185604741e+01 6.422664237685978605e+01 3.790340450356659119e+01
8.407695934971151086e-01 1.248973034789979586e+01 4.977124807996980849e+01 3.077903071134813473e+01
9.374805411223435803e-01 8.152756947295166645e-01 3.788170827610797176e+01 2.490142958901640569e+01
1.045315829426528564e+00 -5.479069397978591383e+00 2.820932447936807463e+01 2.005059408379721475e+01
1.165555054552403824e+00 -8.138250007273768460e+00 2.046040656114282186e+01 1.604438440654987375e+01
1.299625000357985227e+00 -8.583676119940625071e+00 1.437998702085434921e+01 1.273826116952466236e+01
1.449116568932995452e+00 -7.857511355384992235e+00 9.733331921894954775e+00 1.001548328680997635e+01
1.615803658576671964e+00 -6.644130323046033126e+00 6.295620986715536382e+00 7.781236528629305482e+00
1.801664213246928048e+00 -5.342099704073612010e+00 3.848375756399860403e+00 5.959797013656764619e+00
2.008903693258128342e+00 -4.151317765429367590e+00 2.182495148588460498e+00 4.488871876377345416e+00
2.239981245735629400e+00 -3.149386717872167729e+00 1.105716271599866518e+00 3.316399350126611356e+00
2.497638885371206374e+00 -2.347801301476432734e+00 4.510396610884906399e-01 2.397512502616763630e+00
2.784934031744384253e+00 -1.727054141598416637e+00 8.264039365688750916e-02 1.691937992557002612e+00
3.105275789304232426e+00 -1.256824586844092373e+00 -1.027100434612454039e-01 1.162977902789829265e+00
3.462465400517639402e+00 -9.061850156749575724e-01 -1.784020928394809413e-01 7.768862389460801099e-01
3.860741352209485999e+00 -6.476625722620872327e-01 -1.933613786384304201e-01 5.031450133882304776e-01
4.304829670336041580e+00 -4.587820304054898157e-01 -1.782093140729398839e-01 3.149275231161404176e-01
4.799999999999999822e+00 0.000000000000000000e+00 -1.508933508304810267e-01 1.896008198856780347e-01
