1.000000000230258569e-04 5.444842803594171983e+02 2.601466770610678054e+02 1.529674869333814229e+02
1.122634227564673579e-04 5.990509216279485827e+02 2.858797542143685746e+02 1.680260298386750151e+02
1.260307608609534901e-04 6.699038312708353260e+02 3.193614600079337720e+02 1.876331508695159016e+02
1.414864458359461712e-04 7.585958626723039515e+02 3.613049625600268655e+02 2.121988213527456537e+02
1.588375267953347550e-04 8.570814971833705158e+02 4.077580176999931609e+02 2.393763423496378948e+02
1.783164441611049004e-04 9.539133570640721018e+02 4.531072708062262109e+02 2.658285649907512038e+02
2.001841435067871621e-04 1.052504939866824543e+03 4.989401052655488229e+02 2.924771192026708491e+02
2.247335712646909519e-04 1.174942979050301574e+03 5.559197198614029958e+02 3.256056723785366671e+02
2.522935991264941354e-04 1.324964714704848120e+03 6.258703457366452767e+02 3.662876468596356290e+02
2.832334297096662638e-04 1.474969496793131157e+03 6.954386885025824085e+02 4.066215504817653823e+02
3.179675425093897337e-04 1.640951847605413150e+03 7.723806176764339853e+02 4.511777271851155433e+02
3.569612463934728852e-04 1.842846375569486099e+03 8.665452955940673974e+02 5.058056078039122667e+02
4.007369130231864672e-04 2.044078705675335186e+03 9.604399172865980745e+02 5.602100873718997036e+02
4.498809747048478080e-04 2.286658879892005189e+03 1.074688930366487511e+03 6.266351055462363320e+02
5.050517804175268938e-04 2.532943001746567916e+03 1.191442492104522671e+03 6.946287026391571544e+02
5.669884152586394726e-04 2.817724870303732132e+03 1.327865469535686998e+03 7.744350222809212028e+02
6.365206014554368984e-04 3.121661328675549612e+03 1.474967953623283620e+03 8.608707012847844453e+02
7.145798135793877959e-04 3.445102053546321258e+03 1.633145675221921920e+03 9.542626383601855196e+02
8.022117568662883325e-04 3.797757861316840717e+03 1.807133442954777820e+03 1.057467013401965687e+03
9.005903758055168549e-04 4.181584196911528124e+03 1.997818028861795483e+03 1.171047238982228691e+03
1.011033580661806338e-03 4.599482944844465237e+03 2.206430325902237655e+03 1.295706994298394193e+03
1.135020902606864940e-03 5.052643132990529921e+03 2.433235347824554083e+03 1.431527966495461442e+03
1.274213313974418031e-03 5.535633583792065110e+03 2.675227298083145342e+03 1.576630922393003402e+03
1.430475479156914512e-03 6.072538218390679503e+03 2.943796726985803161e+03 1.737660375041040652e+03
1.605900734223756829e-03 6.648493128842668739e+03 3.231555180036990805e+03 1.910164259193760245e+03
1.802839129895710598e-03 7.273086457835271176e+03 3.542916256675267960e+03 2.096658199599693944e+03
2.023928913547812410e-03 7.946334541466379960e+03 3.877834039794116052e+03 2.297092410931667473e+03
2.272131871983379750e-03 8.667719459824940714e+03 4.236020880848329398e+03 2.511280488767098177e+03
2.550773008441800313e-03 9.438559394507976322e+03 4.618115548187101922e+03 2.739580095548047211e+03
2.863585085365514225e-03 1.025742539757715895e+04 5.023417764275664922e+03 2.981534478892747302e+03
3.214758629634808552e-03 1.111365805918205660e+04 5.446820856587952221e+03 3.234088914658405884e+03
3.608998070155939632e-03 1.200440680447015438e+04 5.886939754866468320e+03 3.496457812501522312e+03
4.051584759838999447e-03 1.291995805351079798e+04 6.339019634939741991e+03 3.765971623539912343e+03
4.548447726227339283e-03 1.384524551402782163e+04 6.795692130202229237e+03 4.038376886368655505e+03
5.106243098575769836e-03 1.476730214343784610e+04 7.250671461600764815e+03 4.309630327114466127e+03
5.732443275407110572e-03 1.566897556001989506e+04 7.695558635589597543e+03 4.574826885220862096e+03
6.435437027063155117e-03 1.653022019550556070e+04 8.120579148266943776e+03 4.828206155292669791e+03
7.224641874254610074e-03 1.732860042744567909e+04 8.514766167103342013e+03 5.063271342070167520e+03
8.110630248067678127e-03 1.803766272893796850e+04 8.865168327388582838e+03 5.272336779373270474e+03
9.105271121505569346e-03 1.862897742711097089e+04 9.157857860134958173e+03 5.447133709970458767e+03
1.022188900990466699e-02 1.907376879712455411e+04 9.378718307011635261e+03 5.579272280466586380e+03
1.147544247024383408e-02 1.933093017456097368e+04 9.507547136154675172e+03 5.656729304146332652e+03
1.288272449057868002e-02 1.936830010270090497e+04 9.528518393891330561e+03 5.670085189781632835e+03
1.446258745407916733e-02 1.915642942602672701e+04 9.427099960424888195e+03 5.610672178172570966e+03
1.623619569135818438e-02 1.866875574695856994e+04 9.190117458534561592e+03 5.470617391448355193e+03
1.822730900435978393e-02 1.788415139287038255e+04 8.806999329299887904e+03 5.243571942974410376e+03
2.046260095998037737e-02 1.680363156328482364e+04 8.278017493395722340e+03 4.929635971445661198e+03
2.297201621738221775e-02 1.544972938540329415e+04 7.613943746299884879e+03 4.535129483554134822e+03
2.578917167586586637e-02 1.387749006443670987e+04 6.841550378858596559e+03 4.075893182040308147e+03
2.895180681720203528e-02 1.217695720928163792e+04 6.004918490656228641e+03 3.578107726279187318e+03
3.250228927534733192e-02 1.046812798889526312e+04 5.163028991168138418e+03 3.076845889823291600e+03
3.648818240631140908e-02 8.885099145267175118e+03 4.382127022423404924e+03 2.611603376314324578e+03
4.096288246151627566e-02 7.548754335559275205e+03 3.722361594573120783e+03 2.218358397031932327e+03
4.598633390041809155e-02 6.533155389245076549e+03 3.221133926227687425e+03 1.919624011663731608e+03
5.162583242493973962e-02 5.837660996753716063e+03 2.879068938600869842e+03 1.716013485345268691e+03
5.795692649341043640e-02 5.363581087076083350e+03 2.647793210625333359e+03 1.578774202763927860e+03
6.506442939097074885e-02 4.927615676374967734e+03 2.435616691588636058e+03 1.452952229347054072e+03
7.304355541444980393e-02 4.309598536209172380e+03 2.130149635346741888e+03 1.270644466219734795e+03
8.200119539239680844e-02 3.480707077159739129e+03 1.714256369895465468e+03 1.020934623515920862e+03
9.205734862752627812e-02 2.665446165308423588e+03 1.301697634723021338e+03 7.723709127723526535e+02
1.033467304443183715e-01 2.135441280266130434e+03 1.035442057498602708e+03 6.123733165487107044e+02
1.160205768769771578e-01 1.900841235881076727e+03 9.251911698146520848e+02 5.478956396046073678e+02
1.302486706739022226e-01 1.684737742087432252e+03 8.239081534126894439e+02 4.887143261135875036e+02
1.462216157596530064e-01 1.320289358935313885e+03 6.359628659453403543e+02 3.744467259297203441e+02
1.641533906237988560e-01 1.032083696589650799e+03 4.875898238402249376e+02 2.842884657561162953e+02
1.842842148426375448e-01 8.944138227091599447e+02 4.269792758537116129e+02 2.500546711532705899e+02
2.068837671345900298e-01 7.260944916151270263e+02 3.422642045355793243e+02 1.989434764417014776e+02
2.322547980593316352e-01 5.823633272976128410e+02 2.693447867222376999e+02 1.547953553233240882e+02
2.607371857574901086e-01 4.833825783934802303e+02 2.241955270529802249e+02 1.289340824664322724e+02
2.927124890628471365e-01 3.896918632884010663e+02 1.770487921611614297e+02 1.003486927093088923e+02
3.286090589819373742e-01 3.184095257599435058e+02 1.440516051419213568e+02 8.132059062300071162e+01
3.689077770159973624e-01 2.584695386438575611e+02 1.156011046352118967e+02 6.455595995036300394e+01
4.141484971975938345e-01 2.094917836628113434e+02 9.279563260311890360e+01 5.128034738475354715e+01
4.649372781414354283e-01 1.695937860667804387e+02 7.465918606431024784e+01 4.086383024581000711e+01
5.219545019921476570e-01 1.368908341710031209e+02 6.001306380341487312e+01 3.250313036759867202e+01
5.859639890329354506e-01 1.100722193554867800e+02 4.822117795991930222e+01 2.583768460958057034e+01
6.578232300572349756e-01 8.807155777825418852e+01 3.873626905578763768e+01 2.053833995228619358e+01
7.384948735793578356e-01 7.002002885043106062e+01 3.110308867519659515e+01 1.632585373861180855e+01
8.290596217703356530e-01 5.522073132684461427e+01 2.495672399914933237e+01 1.298150350881246773e+01
9.307307078768926045e-01 4.311795420081585206e+01 2.000274805772159326e+01 1.032679818499688551e+01
1.044870149067508081e+00 3.326486207327921818e+01 1.600370426470328056e+01 8.217164615536743710e+00
1.173006992433692330e+00 2.530557955260178105e+01 1.277194979030038091e+01 6.540931768144778502e+00
1.316857798575541416e+00 1.894521679092779465e+01 1.015608717081652301e+01 5.207286677986119550e+00
1.478349637175967013e+00 1.393810382103090006e+01 8.037231883097781804e+00 4.145063945080007528e+00
1.659645902619409696e+00 1.006748179110983443e+01 6.320439536565164218e+00 3.297688518885685038e+00
1.863175295489004624e+00 7.138774994133227025e+00 4.931120615675632202e+00 2.620749063078811059e+00
2.091664358187257822e+00 4.973424386813968034e+00 3.809961942569696003e+00 2.079060344774658287e+00
2.348174000537423645e+00 3.409787146332850405e+00 2.909844011813806919e+00 1.644943594062582282e+00
2.636140504673786467e+00 2.305896629323928249e+00 2.192925422427894677e+00 1.296639157973558998e+00
2.959421558534973240e+00 1.542042736250322177e+00 1.628050574343120394e+00 1.016971859154831348e+00
3.322347934639153344e+00 1.022397868002148158e+00 1.189238740339734202e+00 7.925370854702556978e-01
3.729781506445900785e+00 6.734235140493669558e-01 8.539338166379649708e-01 6.126868990702979412e-01
4.187180379509764627e+00 4.413140438698675561e-01 6.025677716451419696e-01 4.690856026762707520e-01
4.700672009942531204e+00 2.878743150642821824e-01 4.178689900995354867e-01 3.550505439551217557e-01
5.277135289701610610e+00 1.868444145953115920e-01 2.849501015523763225e-01 2.652420772950657701e-01
5.924292698344328478e+00 0.000000000000000000e+00 1.912097259418751583e-01 1.952626534547174109e-01
6.650813755741415534e+00 0.000000000000000000e+00 1.263588208979607996e-01 1.414504112870843822e-01
7.466431161634059954e+00 0.000000000000000000e+00 8.228496776096233534e-02 1.007056332665726556e-01
8.382071177875818790e+00 0.000000000000000000e+00 5.280802709743455392e-02 7.038076969067098843e-02
9.410000000000001918e+00 0.000000000000000000e+00 0.000000000000000000e+00 4.823547915424958310e-02
