1.000000000230258569e-04 5.631674879571248766e+02 2.547905560672213028e+02 1.446857557649392731e+02
1.122634227564673579e-04 6.269956372804339253e+02 2.834941490103738033e+02 1.609749495578461733e+02
1.260307608609534901e-04 7.082240494465577285e+02 3.200569874096443073e+02 1.817287031894480549e+02
1.414864458359461712e-04 8.004042161416015233e+02 3.615052750694627548e+02 2.052509678042717383e+02
1.588375267953347550e-04 8.915893500891646681e+02 4.023393960059966616e+02 2.284152524637513579e+02
1.783164441611049004e-04 9.809638390443035405e+02 4.421342899153891040e+02 2.509769742538489936e+02
2.001841435067871621e-04 1.088470737479909531e+03 4.899509050345999412e+02 2.780808569121537630e+02
2.247335712646909519e-04 1.224552357269283220e+03 5.505388424475524971e+02 3.124271271935797358e+02
2.522935991264941354e-04 1.363835228392705176e+03 6.122770926965212084e+02 3.474078320820578369e+02
2.832334297096662638e-04 1.509712884597660832e+03 6.766451482513554083e+02 3.838556719224033031e+02
3.179675425093897337e-04 1.693280556308280666e+03 7.578597822277167779e+02 4.298527327828674061e+02
3.569612463934728852e-04 1.877781076139004426e+03 8.391805190287896039e+02 4.758851171749820992e+02
4.007369130231864672e-04 2.097581124596863447e+03 9.363263220831715898e+02 5.308866037669548632e+02
4.498809747048478080e-04 2.327354976628402710e+03 1.037891105956898627e+03 5.883820784584750072e+02
5.050517804175268938e-04 2.597013135882046754e+03 1.157644123148876815e+03 6.562099435703369181e+02
5.669884152586394726e-04 2.882175286915059132e+03 1.284679372433716026e+03 7.281844923451362774e+02
6.365206014554368984e-04 3.196797340069448637e+03 1.425566088505797097e+03 8.080596801318466760e+02
7.145798135793877959e-04 3.547560663574742193e+03 1.583490856989495569e+03 8.976625846680592531e+02
8.022117568662883325e-04 3.933074552909792146e+03 1.757979686723069563e+03 9.967422843375892398e+02
9.005903758055168549e-04 4.356057274806185887e+03 1.950335813407510386e+03 1.106049192127667311e+03
1.011033580661806338e-03 4.824975616137258839e+03 2.164400436587754939e+03 1.227768448366094390e+03
1.135020902606864940e-03 5.335758230737028498e+03 2.398257918918035102e+03 1.360809610441632913e+03
1.274213313974418031e-03 5.894484652156028460e+03 2.654549557158366952e+03 1.506663031410713984e+03
1.430475479156914512e-03 6.504990796016347304e+03 2.934917282215514660e+03 1.666258062470996720e+03
1.605900734223756829e-03 7.176738800178987731e+03 3.243472481612177944e+03 1.841917033806458221e+03
1.802839129895710598e-03 7.911839213446609392e+03 3.581075514225861298e+03 2.034121639596902924e+03
2.023928913547812410e-03 8.711726684041172120e+03 3.948281125871457334e+03 2.243180829384607478e+03
2.272131871983379750e-03 9.579946110508804850e+03 4.346581115460721776e+03 2.469931288151763511e+03
2.550773008441800313e-03 1.051663427813753151e+04 4.776000014171879229e+03 2.714384738927956278e+03
2.863585085365514225e-03 1.152405248446778569e+04 5.237546488600153680e+03 2.977114459793452625e+03
3.214758629634808552e-03 1.260427384811379852e+04 5.732178567534930153e+03 3.258670389008050279e+03
3.608998070155939632e-03 1.375549203512400527e+04 6.259109740041271834e+03 3.558611358945326174e+03
4.051584759838999447e-03 1.496965195212194521e+04 6.814689402383960442e+03 3.874863453761239271e+03
4.548447726227339283e-03 1.624132550123195688e+04 7.396543359294213587e+03 4.206071839932721559e+03
5.106243098575769836e-03 1.756146286254578808e+04 8.000478468689668262e+03 4.549899763846888163e+03
5.732443275407110572e-03 1.891630976851886226e+04 8.620395008820007206e+03 4.902860078852315382e+03
6.435437027063155117e-03 2.028778253660520932e+04 9.248152184810156541e+03 5.260356542895202438e+03
7.224641874254610074e-03 2.165292819842380413e+04 9.873385553120833720e+03 5.616507299850000891e+03
8.110630248067678127e-03 2.298447697444495861e+04 1.048379081497836160e+04 5.964336351860137256e+03
9.105271121505569346e-03 2.424707401561242295e+04 1.106338225200324450e+04 6.294781668356893533e+03
1.022188900990466699e-02 2.540248771906011098e+04 1.159489618703122323e+04 6.598044330127142530e+03
1.147544247024383408e-02 2.640176060661646625e+04 1.205615435692693791e+04 6.861543875783094336e+03
1.288272449057868002e-02 2.719517573293101304e+04 1.242459735176640606e+04 7.072457088692042817e+03
1.446258745407916733e-02 2.772422757602691490e+04 1.267368421917030173e+04 7.215723305598813567e+03
1.623619569135818438e-02 2.793255201452013716e+04 1.277767524430827689e+04 7.276683994978600822e+03
1.822730900435978393e-02 2.776607396074005010e+04 1.271175583699690469e+04 7.241174488256900077e+03
2.046260095998037737e-02 2.718293234656790082e+04 1.245653199689481880e+04 7.098112223299878679e+03
2.297201621738221775e-02 2.616488345180677425e+04 1.200308711407933879e+04 6.842291109482762295e+03
2.578917167586586637e-02 2.472652299682741432e+04 1.135725256303218157e+04 6.476863965427365656e+03
2.895180681720203528e-02 2.293256362020595770e+04 1.054759914768789167e+04 6.017889254668245485e+03
3.250228927534733192e-02 2.089674305588284187e+04 9.625154200450931967e+03 5.494217319613533618e+03
3.648818240631140908e-02 1.878091119779377550e+04 8.663475635081857035e+03 4.947634254187642910e+03
4.096288246151627566e-02 1.676494139696065758e+04 7.745343463454996709e+03 4.425375257682871052e+03
4.598633390041809155e-02 1.500529725578873149e+04 6.944184964415924696e+03 3.969624011039978541e+03
5.162583242493973962e-02 1.357896476976570739e+04 6.298003684188801344e+03 3.602584451604640890e+03
5.795692649341043640e-02 1.244198725489958633e+04 5.788833612284965966e+03 3.314467057573430338e+03
6.506442939097074885e-02 1.138582901559157472e+04 5.318589851390866897e+03 3.048855978970159867e+03
7.304355541444980393e-02 1.016594129207403967e+04 4.766052239664744775e+03 2.734739758665451518e+03
8.200119539239680844e-02 8.680293081476354928e+03 4.072550840612603679e+03 2.336073808977710996e+03
9.205734862752627812e-02 7.144550111617548282e+03 3.338123569600262726e+03 1.909969563868331761e+03
1.033467304443183715e-01 5.930550809902290894e+03 2.757703261154709253e+03 1.572868858009342830e+03
1.160205768769771578e-01 5.149286018048262122e+03 2.406709232782914114e+03 1.373606861663456812e+03
1.302486706739022226e-01 4.507095972748295935e+03 2.131507346325103299e+03 1.220583651711023776e+03
1.462216157596530064e-01 3.744908596870499878e+03 1.765824781656107689e+03 1.007092403589332775e+03
1.641533906237988560e-01 3.055190218170379922e+03 1.422320690296043495e+03 8.029262670030242361e+02
1.842842148426375448e-01 2.576145634387448808e+03 1.215114275582123128e+03 6.878570308433922946e+02
2.068837671345900298e-01 2.138270683762653789e+03 1.017412900777364143e+03 5.754920574297208304e+02
2.322547980593316352e-01 1.745762366838039270e+03 8.279695804704645070e+02 4.631857566543175722e+02
2.607371857574901086e-01 1.430606982670529760e+03 6.922654587044909249e+02 3.890022773997376930e+02
2.927124890628471365e-01 1.156371494856464551e+03 5.660385317201219095e+02 3.157541845713436715e+02
3.286090589819373742e-01 9.272539878746138129e+02 4.658439969463666444e+02 2.606435558382264617e+02
3.689077770159973624e-01 7.340776451213512246e+02 3.800984485745792085e+02 2.126173385226849746e+02
4.141484971975938345e-01 5.729342273679714026e+02 3.090954608308890670e+02 1.737608973786411752e+02
4.649372781414354283e-01 4.396795740748165144e+02 2.498655816808051782e+02 1.417265541661570012e+02
5.219545019921476570e-01 3.309749530880553152e+02 2.004515663782177910e+02 1.152580271766799598e+02
5.859639890329354506e-01 2.439129163883711158e+02 1.593296491977591813e+02 9.345198306148051870e+01
6.578232300572349756e-01 1.757702280360391285e+02 1.252162852025007993e+02 7.547280379357850677e+01
7.384948735793578356e-01 1.238759471414771554e+02 9.708080117673627285e+01 6.065102831908868808e+01
8.290596217703356530e-01 8.551593051203055040e+01 7.407531164688846559e+01 4.842903394142020801e+01
9.307307078768926045e-01 5.801687829778527572e+01 5.550637157001994382e+01 3.835752338770709713e+01
1.044870149067508081e+00 3.885229637020846383e+01 4.077170531519251995e+01 3.007544390162813031e+01
1.173006992433692330e+00 2.581108023805680318e+01 2.933045090589523340e+01 2.329603342874432670e+01
1.316857798575541416e+00 1.708981416531734610e+01 2.066713239249403955e+01 1.778694426835259534e+01
1.478349637175967013e+00 1.131966421667977230e+01 1.428525074790160510e+01 1.335910831803970034e+01
1.659645902619409696e+00 7.519771094324963379e+00 9.713005293854642730e+00 9.853214083845811544e+00
1.863175295489004624e+00 5.017082917609703152e+00 6.520835228759700009e+00 7.129093369452057516e+00
2.091664358187257822e+00 3.363694374417415478e+00 4.341048220039836814e+00 5.059404106798990775e+00
2.348174000537423645e+00 2.265704291599722975e+00 2.877185341857565692e+00 3.524874340042839282e+00
2.636140504673786467e+00 1.532409386714024269e+00 1.905216303363097108e+00 2.415814260941584024e+00
2.959421558534973240e+00 1.039650475368850469e+00 1.263518441675430815e+00 1.633358237017514147e+00
3.322347934639153344e+00 7.067158444271897100e-01 8.405565281519191689e-01 1.093200348982828585e+00
3.729781506445900785e+00 4.806445044860671589e-01 5.612658022195836649e-01 7.268143924432792780e-01
4.187180379509764627e+00 0.000000000000000000e+00 3.761553736704828510e-01 4.815482164150364786e-01
4.700672009942531204e+00 0.000000000000000000e+00 2.528712930020569627e-01 3.187597471410156258e-01
5.277135289701610610e+00 0.000000000000000000e+00 1.703348135068854796e-01 2.111815371496876814e-01
5.924292698344328478e+00 0.000000000000000000e+00 1.148142542800220933e-01 1.401696987326982724e-01
6.650813755741415534e+00 0.000000000000000000e+00 0.000000000000000000e+00 9.322019345620788378e-02
7.466431161634059954e+00 0.000000000000000000e+00 0.000000000000000000e+00 6.209335709333095588e-02
8.382071177875818790e+00 0.000000000000000000e+00 0.000000000000000000e+00 0.000000000000000000e+00
9.410000000000001918e+00 0.000000000000000000e+00 0.000000000000000000e+00 0.000000000000000000e+00
