1.000000000230258569e-04 4.098640547432187304e+03 1.791231699481650139e+03 9.994596547779790399e+02
1.115486563971542785e-04 4.523189042827695630e+03 1.977400640641538303e+03 1.102936530068573347e+03
1.244310274114527074e-04 4.917776871955105889e+03 2.150927592936309793e+03 1.199081381385826035e+03
1.388011391866901154e-04 5.372965090231695285e+03 2.351313592401550522e+03 1.310033584368233960e+03
1.548308057910457113e-04 5.969678928454996822e+03 2.613868815753628951e+03 1.455608997611478799e+03
1.727116835090306587e-04 6.608134515057402496e+03 2.895407722058933359e+03 1.611528776038165006e+03
1.926575623508681512e-04 7.212829552189757123e+03 3.163429831220206324e+03 1.759473348723366371e+03
2.149069222004190347e-04 7.968956911464644691e+03 3.498765598345692524e+03 1.944863399660423056e+03
2.397257841638464457e-04 8.797438683303102152e+03 3.867371901967054328e+03 2.148719067093723879e+03
2.674108912107391479e-04 9.639940010277883630e+03 4.244496785904917488e+03 2.357210314034449311e+03
2.982932561365508645e-04 1.065460723419706665e+04 4.699384442070124351e+03 2.609534758597345444e+03
3.327421192670277522e-04 1.167401977723408163e+04 5.159836786229770951e+03 2.865432798245438335e+03
3.711693632243215748e-04 1.283657915236978261e+04 5.686545121128147002e+03 3.159527815551031381e+03
4.140344375392690035e-04 1.410172155208224649e+04 6.262448924181959228e+03 3.482729882975439523e+03
4.618498519902246974e-04 1.541646524929555744e+04 6.864526458184874173e+03 3.822608140810311852e+03
5.151873043487156757e-04 1.684303610077684425e+04 7.519672588449476279e+03 4.194720031077942622e+03
5.746845157973842983e-04 1.838399103891553386e+04 8.228568645799718070e+03 4.599831153580235878e+03
6.410528557468661917e-04 2.003548377116363918e+04 8.988747469878000629e+03 5.036537010021986134e+03
7.150858472165629249e-04 2.181427535540616373e+04 9.806345843122999213e+03 5.507991135540943105e+03
7.976686544726134401e-04 2.371097621911013266e+04 1.067590798147422902e+04 6.010663471675763503e+03
8.897886663605780169e-04 2.569335641821571335e+04 1.158272397365700272e+04 6.535775844754382888e+03
9.925473018708411317e-04 2.786958435799464496e+04 1.257358491275659253e+04 7.108966047931041430e+03
1.107173179088194286e-03 3.018204231696841089e+04 1.362307166326205333e+04 7.715211000108185544e+03
1.235036804978161722e-03 3.264410155058275632e+04 1.473723712813835300e+04 8.357629325817000790e+03
1.377666961646263968e-03 3.525453303573413723e+04 1.591614324980667698e+04 9.036167912633962260e+03
1.536768984990051967e-03 3.805830421444871899e+04 1.718026376614010951e+04 9.762271004775395340e+03
1.714245154289869167e-03 4.100861945199087495e+04 1.850956283614023050e+04 1.052473146520464798e+04
1.912217436523370962e-03 4.413893427418375359e+04 1.991898515241460700e+04 1.133203929113680715e+04
2.133052857342773462e-03 4.740492553463620425e+04 2.138944634376433532e+04 1.217362201102859399e+04
2.379391802059096454e-03 5.081454455926298397e+04 2.292470064497500425e+04 1.305170880931981083e+04
2.654179585009814029e-03 5.432977914085914381e+04 2.450821400249414728e+04 1.395710263456171015e+04
2.960701664764286197e-03 5.793149660802359722e+04 2.613094738197854167e+04 1.488434661922878331e+04
3.302622926212283368e-03 6.158177609977889369e+04 2.777708040366078785e+04 1.582512840598933144e+04
3.684031499205906151e-03 6.522986590581127530e+04 2.942330917040924760e+04 1.676642454063154946e+04
4.109487637665882979e-03 6.883314480270768399e+04 3.105056194666753800e+04 1.769689492844397319e+04
4.584078243567925488e-03 7.233315126623133256e+04 3.263289456324622734e+04 1.860196661249207682e+04
5.113477687716873853e-03 7.566313396335556172e+04 3.414050849360671418e+04 1.946480414944127915e+04
5.704015654503047893e-03 7.874685573443370231e+04 3.553938161891885829e+04 2.026614140205863805e+04
6.362752821816417166e-03 8.152119195813096303e+04 3.680134548771988193e+04 2.099001588331878156e+04
7.097565280973966440e-03 8.382746928035812743e+04 3.785509843556304259e+04 2.159583353250876826e+04
7.917238706014356406e-03 8.558734079369755636e+04 3.866544595429003675e+04 2.206354125213476073e+04
8.831573398280912271e-03 8.666464939016893914e+04 3.917107564060196455e+04 2.235819442727382921e+04
9.851501462242475554e-03 8.698312185797923303e+04 3.933754375250449084e+04 2.246013906980345564e+04
1.098921751354712747e-02 8.641798259569563379e+04 3.910805250291012635e+04 2.233681638709244726e+04
1.225832448210000328e-02 8.486276686126970162e+04 3.843387828348649782e+04 2.196021784591999676e+04
1.367399625343743499e-02 8.225724925880295632e+04 3.728672886235672195e+04 2.131393425014483000e+04
1.525315909299450497e-02 7.858361179579318559e+04 3.565697788096823933e+04 2.039206882821203180e+04
1.701469402243795462e-02 7.389995705591827573e+04 3.356839863155762578e+04 1.920744328194395348e+04
1.897966256774625410e-02 6.836009208953853522e+04 3.108838484468161550e+04 1.779799451014831720e+04
2.117155857815964867e-02 6.222417669936041057e+04 2.833229843015898587e+04 1.622907752512075967e+04
2.361658912683562567e-02 5.584935738822582789e+04 2.546017129381667110e+04 1.459170111195691061e+04
2.634398785175567220e-02 4.965005792151178321e+04 2.265982003323489698e+04 1.299319155812081226e+04
2.938636448329653983e-02 4.403054081846087502e+04 2.011723252370547925e+04 1.154058018619055110e+04
3.278009473753994152e-02 3.928397919572230603e+04 1.797053871898906800e+04 1.031398085472533421e+04
3.656575523702054742e-02 3.547977512772856426e+04 1.625735580530791231e+04 9.336253788612184508e+03
4.078860865897657173e-02 3.241357628402736009e+04 1.488829107921002833e+04 8.556983906034474785e+03
4.549914491170512637e-02 2.953403527814004701e+04 1.360511691381381752e+04 7.826704965344120865e+03
5.075368480951484434e-02 2.628509628127924225e+04 1.213528889840079501e+04 6.985126546825757032e+03
5.661505346402430361e-02 2.245858009563847008e+04 1.036132316756292130e+04 5.960005782651794107e+03
6.315333144310807112e-02 1.853521097486693179e+04 8.505561013955466478e+03 4.879373809409920796e+03
7.044669267860774464e-02 1.535433422759290988e+04 6.997645117446108998e+03 3.999825140007413665e+03
7.858233914112514040e-02 1.326445770540327976e+04 6.049092619763817311e+03 3.454740214571098932e+03
8.765754345719625751e-02 1.171705485229403530e+04 5.390469547109311861e+03 3.085873667090610979e+03
9.778081193473929511e-02 9.953612324658624857e+03 4.578437216327398346e+03 2.615967842643822678e+03
1.090731819023149224e-01 8.136551685916547285e+03 3.680693608952371505e+03 2.081141310499313477e+03
1.216696688736408766e-01 6.827567814483378243e+03 3.079162807600221640e+03 1.732987537647682984e+03
1.357208808401622890e-01 5.808409253924171935e+03 2.653083592038886309e+03 1.498149851272999740e+03
1.513948189927238619e-01 4.800018605920838127e+03 2.170074094660365517e+03 1.211414255487426999e+03
1.688788864024014236e-01 3.984094038861562694e+03 1.803840990988388512e+03 1.001447738829204695e+03
1.883821286769788717e-01 3.298203940388791580e+03 1.506328486423591130e+03 8.345145610604619151e+02
2.101377333831422056e-01 2.706568527986494246e+03 1.241321026915812581e+03 6.814532182675104650e+02
2.344058181183555356e-01 2.209735772548970544e+03 1.028658601884791096e+03 5.633381689940830483e+02
2.614765405675759102e-01 1.788538175953881364e+03 8.480317448699800025e+02 4.622814881120392556e+02
2.916735677297306317e-01 1.433568335653037821e+03 6.976163625791725735e+02 3.793102251154442683e+02
3.253579457932418983e-01 1.135786691935119507e+03 5.723927662577673345e+02 3.113172733605643998e+02
3.629324169301749725e-01 8.876893335862685035e+02 4.677640565427515753e+02 2.551248919799162707e+02
4.048462346221089470e-01 6.830906029489053708e+02 3.803899634317695586e+02 2.088167525927309498e+02
4.516005350914485406e-01 5.166973872633482188e+02 3.074578162646783994e+02 1.706705602787197620e+02
5.037543290608768043e-01 3.837439126660586908e+02 2.466485943896667550e+02 1.392366291580503344e+02
5.619311854805180140e-01 2.797342761194208833e+02 1.960550688565927260e+02 1.133034050100988566e+02
6.268266871357865977e-01 2.002837411339566245e+02 1.541362774639788427e+02 9.188936974533427815e+01
6.992167472777639503e-01 1.410967556911318752e+02 1.196382192781992586e+02 7.419753835046911661e+01
7.799668867126374749e-01 9.807525515212074652e+01 9.152260611664777912e+01 5.958092383287470284e+01
8.700425822703268253e-01 6.749197267729543626e+01 6.890337748997258416e+01 4.751002027865662569e+01
9.705208103821856280e-01 4.614577069212450766e+01 5.100296294656793350e+01 3.756211001822599371e+01
1.082602923786821769e+00 3.144653103552855455e+01 3.710903443579763916e+01 2.939636267594113050e+01
1.207629015322442267e+00 2.141168090044612171e+01 2.655485802213803836e+01 2.273467518875682813e+01
1.347093940544190405e+00 1.459046564761680642e+01 1.871624364010106945e+01 1.734844905232246504e+01
1.502665190738521561e+00 9.957871134963568238e+00 1.302127066414006684e+01 1.304533143444361976e+01
1.676202830030598223e+00 6.807261991314028649e+00 8.966114711076592414e+00 9.658344900484600259e+00
1.869781734959676811e+00 4.658686843531915756e+00 6.127545740811775943e+00 7.038068535313258600e+00
2.085716402426663674e+00 3.188718304194303244e+00 4.166984482758191888e+00 5.049431158548189025e+00
2.326588622626292402e+00 2.179875469012616751e+00 2.825627563358874994e+00 3.570023830768248807e+00
2.595278347831105226e+00 1.485786542185274062e+00 1.913325858723147199e+00 2.490994344061197907e+00
2.894998126105261083e+00 1.007593271004773694e+00 1.294657152937537914e+00 1.718473466655761062e+00
3.229331511649635278e+00 0.000000000000000000e+00 8.754008643111338417e-01 1.174436912928257026e+00
3.602275911025628830e+00 0.000000000000000000e+00 5.910888806333860490e-01 7.965963754522681350e-01
4.018290377542188097e+00 0.000000000000000000e+00 3.980394912404756624e-01 5.370692915737287354e-01
4.482348925252354732e+00 0.000000000000000000e+00 0.000000000000000000e+00 3.602884077770212023e-01
5.000000000000000888e+00 0.000000000000000000e+00 0.000000000000000000e+00 2.405832910995798490e-01
