1.000000000230258569e-04 9.915400525764099484e+02 4.445431954195535695e+02 2.483411117478259769e+02
1.115026695290953366e-04 1.078775471896236013e+03 4.837718516631100556e+02 2.702487838425549285e+02
1.243284530925187648e-04 1.188319717672867455e+03 5.330184033582752363e+02 2.977526323901670935e+02
1.386295441504667143e-04 1.328030864611401739e+03 5.958123245884606831e+02 3.328222512928082324e+02
1.545756424481938766e-04 1.493309541776631931e+03 6.701126764993941833e+02 3.743191641350115333e+02
1.723559677317991945e-04 1.666063736387879317e+03 7.478515253522906505e+02 4.177303836268775399e+02
1.921815050694108094e-04 1.831902727760199923e+03 8.226170480814349730e+02 4.594740265162740798e+02
2.142875084442451923e-04 2.006406862868277358e+03 9.014022740715126929e+02 5.034563049021656411e+02
2.389362923277018713e-04 2.225987004455669194e+03 1.000509333036097587e+03 5.587851670879666699e+02
2.664203443578849946e-04 2.485376816483717448e+03 1.117595719864137436e+03 6.241534749339764403e+02
2.970657960592480913e-04 2.739398192200971152e+03 1.232474634235749818e+03 6.882810658614040449e+02
3.312362927876497001e-04 3.019491144725344384e+03 1.359230709646005153e+03 7.590380777418725984e+02
3.693373088223966556e-04 3.362406729000413179e+03 1.514289369701493342e+03 8.456119360950468717e+02
4.118209588090659132e-04 3.701854644573017140e+03 1.667974442368007885e+03 9.314235992031810838e+02
4.591913626466918256e-04 4.108097579013562608e+03 1.851707214462625871e+03 1.034044070253973132e+03
5.120106274801957584e-04 4.531538218469565436e+03 2.043230072301770861e+03 1.141047361482873839e+03
5.709055177816341068e-04 5.025147780709771723e+03 2.266222951555598684e+03 1.265681196216486569e+03
6.365748926688486646e-04 5.539923477988483683e+03 2.498662927401202978e+03 1.395655240154693729e+03
7.097979987143026312e-04 6.124471341319283965e+03 2.762261594985357988e+03 1.543118535650506828e+03
7.914437166483044659e-04 6.773049979225615971e+03 3.054406526540893537e+03 1.706615689201636997e+03
8.824808716799498404e-04 7.478237979225551499e+03 3.371719200362991160e+03 1.884262125139952559e+03
9.839897297802024153e-04 8.248685664996266496e+03 3.718047050301394847e+03 2.078208493705484670e+03
1.097174816344422205e-03 9.089048223773068457e+03 4.095482936196844548e+03 2.289617306628145343e+03
1.223379209343287413e-03 1.000066175513184680e+04 4.504649124188058522e+03 2.518820960149722850e+03
1.364100476567608111e-03 1.100748755192932003e+04 4.956342427774428870e+03 2.771845648245851407e+03
1.521008446081769522e-03 1.209100641871469088e+04 5.442305979155282330e+03 3.044076939850790495e+03
1.695965020753673102e-03 1.327259377502138705e+04 5.972203777835756227e+03 3.340913362817717825e+03
1.891046271984591709e-03 1.453566725120336741e+04 6.538667196981489724e+03 3.658235400532485983e+03
2.108567074807741158e-03 1.588922887887488650e+04 7.145811380414309497e+03 3.998352930004474729e+03
2.351108576680822643e-03 1.732353441330954229e+04 7.789308230295915564e+03 4.358847568193866209e+03
2.621548825923003187e-03 1.885877172599609912e+04 8.478381393981579095e+03 4.744905253573505433e+03
2.923096923239734257e-03 2.046697271948175694e+04 9.200470270962714494e+03 5.149504284677147552e+03
3.259331101584665453e-03 2.214257253028463674e+04 9.953146050446681329e+03 5.571306941945173094e+03
3.634241186222156913e-03 2.388664146533182429e+04 1.073706141520790334e+04 6.010720748729734623e+03
4.052275938830490927e-03 2.567312058484796944e+04 1.154054996676295741e+04 6.461235998285042115e+03
4.518395847440812539e-03 2.748964071960912042e+04 1.235825357671673919e+04 6.919904903070671025e+03
5.038131988628217865e-03 2.931601654859992050e+04 1.318111940057207357e+04 7.381666389082299247e+03
5.617651660426248826e-03 3.112630106642590181e+04 1.399764048939657732e+04 7.840100637677289342e+03
6.263831564778516575e-03 3.289770476366587536e+04 1.479781548560934425e+04 8.289691080477126889e+03
6.984339407925946493e-03 3.457942946101941197e+04 1.555893873362413251e+04 8.717719212958871140e+03
7.787724887016851671e-03 3.614049404852442240e+04 1.626721799619555350e+04 9.116484633169195149e+03
8.683521142606049834e-03 3.753013456557386235e+04 1.689999188925780618e+04 9.473311705533220447e+03
9.682357880899711625e-03 3.871310781031725492e+04 1.744163617607942797e+04 9.779514342917598697e+03
1.079608750807801998e-02 3.963397199527832709e+04 1.786726838386380041e+04 1.002115582158363577e+04
1.203792577343234388e-02 4.023679150528666651e+04 1.815177360684216546e+04 1.018412642480877003e+04
1.342260859021738965e-02 4.047013770382067742e+04 1.827202162601380405e+04 1.025544422309009860e+04
1.496656689508787767e-02 4.028328735939433682e+04 1.820514265105507002e+04 1.022225894788287405e+04
1.668812162103823840e-02 3.963035707862920390e+04 1.792998858396779178e+04 1.007253073352482170e+04
1.860770109743517184e-02 3.848110862170185283e+04 1.743229985839009532e+04 9.797978833555735036e+03
2.074808345685756270e-02 3.682681154406480346e+04 1.670734323753715944e+04 9.395793298770786350e+03
2.313466692519383291e-02 3.468946255751473655e+04 1.576363366297235007e+04 8.870452536815344502e+03
2.579577120231610690e-02 3.213294832846406280e+04 1.462839041783295761e+04 8.236818407274598940e+03
2.876297350957714855e-02 2.926868289929346065e+04 1.335048094303555990e+04 7.522042695503217146e+03
3.207148329174031032e-02 2.625428501489763948e+04 1.200005973326045205e+04 6.765360132077131311e+03
3.576056001963404812e-02 2.328138924071374277e+04 1.066369075228099246e+04 6.015367838105269584e+03
3.987397905126498221e-02 2.054058708495575411e+04 9.429072525290343037e+03 5.321670458242561836e+03
4.446055107939526907e-02 1.818277936823295022e+04 8.367687546358061809e+03 4.725071275035060353e+03
4.957470132945773766e-02 1.627142309349966672e+04 7.512445572713504589e+03 4.244882808790250238e+03
5.527711538069327024e-02 1.474389656194672352e+04 6.837986065246171165e+03 3.867425698267767530e+03
6.163545927395905344e-02 1.340817691840666157e+04 6.255459983823478979e+03 3.542385789278217089e+03
6.872518245115814828e-02 1.201395399486901806e+04 5.641767619687531806e+03 3.198675536738369829e+03
7.663041305413779980e-02 1.036584935318393946e+04 4.891001272190103919e+03 2.773324486352783879e+03
8.544495620686157200e-02 8.590860929340369694e+03 4.055871958154323238e+03 2.294959562057839321e+03
9.527340712667957401e-02 7.023214377728144427e+03 3.308430407304431810e+03 1.864467114062113069e+03
1.062323922731101822e-01 5.904081712690877794e+03 2.793685608468648752e+03 1.570980041812046466e+03
1.184519532618636822e-01 5.125575647890862456e+03 2.470847491529224953e+03 1.393744546697105534e+03
1.320770899659224340e-01 4.369272466945021733e+03 2.149510314718469999e+03 1.215606297092755085e+03
1.472694811144383831e-01 3.551848311517549973e+03 1.756086911247876969e+03 9.861160399887047561e+02
1.642094028064348954e-01 2.875591364997075743e+03 1.433929599840907485e+03 7.984228350860030332e+02
1.830978677048002712e-01 2.366920021399520010e+03 1.226942641586023683e+03 6.869212766054866961e+02
2.041590102946942431e-01 1.902894942204526160e+03 1.024021649964832704e+03 5.729602523150083471e+02
2.276427465103479653e-01 1.498438685569142990e+03 8.386972909613613183e+02 4.657109656051217144e+02
2.538277392899435103e-01 1.164664941415992871e+03 6.994548813550394470e+02 3.908727891651716959e+02
2.830247052484705095e-01 8.799886027365639620e+02 5.742075889862430813e+02 3.205708713839497364e+02
3.155801017062329072e-01 6.433499948880867123e+02 4.716855553035310322e+02 2.652057103597914534e+02
3.518802378240603601e-01 4.489359638896272600e+02 3.846256982533158180e+02 2.179820845408812318e+02
3.923558586288135031e-01 2.930145188775472889e+02 3.118944337097351536e+02 1.793888420137936635e+02
4.374872563241952172e-01 1.719529617489993711e+02 2.507538772731132894e+02 1.472234424204129937e+02
4.878099695387512202e-01 8.222255280577491021e+01 1.995169470112952581e+02 1.205876077014392109e+02
5.439211381395319123e-01 1.994751371058640288e+01 1.566889262960094129e+02 9.853448338723109146e+01
6.064865890189676811e-01 -1.925775985904411414e+01 1.210424339654495043e+02 8.024736807405484740e+01
6.762487369363893164e-01 -4.023964835301873677e+01 9.160101475662210646e+01 6.508030598726355720e+01
7.540353941672404137e-01 -4.798858642214748471e+01 6.755962944400882009e+01 5.249057237536259635e+01
8.407695934971151086e-01 -4.716980875951477969e+01 4.825263548665752467e+01 4.204025083480810565e+01
9.374805411223435803e-01 -4.166740261345671570e+01 3.309846411400445731e+01 3.337541648388544502e+01
1.045315829426528564e+00 -3.431986084626028344e+01 2.155647284263508112e+01 2.620617770146512981e+01
1.165555054552403824e+00 -2.691187958562990801e+01 1.309637449542873000e+01 2.030191568965311077e+01
1.299625000357985227e+00 -2.036712713714067746e+01 7.184325141538288051e+00 1.547491167966526682e+01
1.449116568932995452e+00 -1.502020246325635000e+01 3.290629058058302192e+00 1.157070063290009188e+01
1.615803658576671964e+00 -1.086930942917903131e+01 9.125545066645320835e-01 8.459788884293089950e+00
1.801664213246928048e+00 -7.756892004174258837e+00 -3.963674691990019539e-01 6.028421235755237362e+00
2.008903693258128342e+00 -5.478658231354303965e+00 -1.003520663999944329e+00 4.172990304806184270e+00
2.239981245735629400e+00 -3.839330211328997766e+00 -1.187364316984772517e+00 2.796341886220584438e+00
2.497638885371206374e+00 -2.673718054042943493e+00 -1.142124417794633029e+00 1.806912289272046612e+00
2.784934031744384253e+00 -1.851971947058659307e+00 -9.922371869350937734e-01 1.120236855635182716e+00
3.105275789304232426e+00 -1.276262303417095678e+00 -8.105502466130881656e-01 6.612963571654532080e-01
3.462465400517639402e+00 -8.746597436385370461e-01 -6.352028268281013634e-01 3.667413998572974232e-01
3.860741352209485999e+00 0.000000000000000000e+00 -4.830405752680112519e-01 1.858904133300036121e-01
4.304829670336041580e+00 0.000000000000000000e+00 -3.589390502664479010e-01 8.038745714538686471e-02
4.799999999999999822e+00 0.000000000000000000e+00 -2.617258240138251590e-01 2.268894481224571769e-02
