1.000000000230258569e-04 4.896895671514777746e+02 2.313183442264793825e+02 1.319294310414287850e+02
1.115026695290953366e-04 5.453102856561977205e+02 2.575665616779187985e+02 1.468963623491767976e+02
1.243284530925187648e-04 6.143359325670593307e+02 2.901452346411895178e+02 1.654709771955625115e+02
1.386295441504667143e-04 6.945825385917477206e+02 3.280162132598651965e+02 1.870636878481232088e+02
1.545756424481938766e-04 7.790666890384528642e+02 3.678751384776164741e+02 2.097861146332066085e+02
1.723559677317991945e-04 8.634645171300433049e+02 4.076620678781828246e+02 2.324639119383217007e+02
1.921815050694108094e-04 9.557723012773947175e+02 4.511600480003535836e+02 2.572515719079748351e+02
2.142875084442451923e-04 1.070122442351299014e+03 5.050512115438426122e+02 2.879628713137020668e+02
2.389362923277018713e-04 1.202076022481549444e+03 5.672380209759370473e+02 3.234002971483953957e+02
2.664203443578849946e-04 1.335432814777293288e+03 6.300496129990656300e+02 3.591860348150678988e+02
2.970657960592480913e-04 1.487105907397495230e+03 7.014870140087988375e+02 3.998828714085447587e+02
3.312362927876497001e-04 1.667021078307770267e+03 7.862612549253958605e+02 4.481837872451471299e+02
3.693373088223966556e-04 1.851302888320526108e+03 8.730858430868971709e+02 4.976487139672148601e+02
4.118209588090659132e-04 2.071338584192350027e+03 9.768307363536746379e+02 5.567670180852834392e+02
4.591913626466918256e-04 2.302719917197018731e+03 1.085975421727061075e+03 6.189719664020359460e+02
5.120106274801957584e-04 2.572919819517934229e+03 1.213542549868435117e+03 6.917012783851400854e+02
5.709055177816341068e-04 2.860999193546257629e+03 1.349659747926588352e+03 7.693308869086481536e+02
6.365748926688486646e-04 3.184396190461891365e+03 1.502609634161570739e+03 8.565977977277414084e+02
7.097979987143026312e-04 3.546937188760616664e+03 1.674213168309025605e+03 9.545468776523662200e+02
7.914437166483044659e-04 3.945983977997897910e+03 1.863234270344153401e+03 1.062479129468887777e+03
8.824808716799498404e-04 4.385074170742395836e+03 2.071353236460331573e+03 1.181357167137494571e+03
9.839897297802024153e-04 4.867688092960505855e+03 2.300209621793020688e+03 1.312115462858119145e+03
1.097174816344422205e-03 5.398919319392373836e+03 2.552192487622717181e+03 1.456111994843890898e+03
1.223379209343287413e-03 5.990029803107860062e+03 2.832622824103817948e+03 1.616382781795737628e+03
1.364100476567608111e-03 6.628936468800646253e+03 3.135765169317155596e+03 1.789650942312693815e+03
1.521008446081769522e-03 7.335264111302094534e+03 3.470899561572876337e+03 1.981214238978734784e+03
1.695965020753673102e-03 8.102546360537162400e+03 3.834947511908931574e+03 2.189311870155239831e+03
1.891046271984591709e-03 8.933411375457921167e+03 4.229156504489284998e+03 2.414658781490777528e+03
2.108567074807741158e-03 9.833258965248629465e+03 4.656090111896943199e+03 2.658721881122847662e+03
2.351108576680822643e-03 1.080313733228976525e+04 5.116263673803687198e+03 2.921801843102461589e+03
2.621548825923003187e-03 1.184252875799527101e+04 5.609451168586993845e+03 3.203775108094615462e+03
2.923096923239734257e-03 1.294948390431342341e+04 6.134763436062036817e+03 3.504143196912485564e+03
3.259331101584665453e-03 1.412159672230053184e+04 6.691093173348778691e+03 3.822285320722416600e+03
3.634241186222156913e-03 1.535359003582820333e+04 7.275977431429497301e+03 4.156815279776040370e+03
4.052275938830490927e-03 1.664010733794410044e+04 7.886935865134538290e+03 4.506345813202984573e+03
4.518395847440812539e-03 1.796926793274420197e+04 8.518349497273471570e+03 4.867661159975810733e+03
5.038131988628217865e-03 1.933003357908246835e+04 9.165112934213500921e+03 5.237880195600031584e+03
5.617651660426248826e-03 2.070122113358657225e+04 9.817198484744902089e+03 5.611264890015282617e+03
6.263831564778516575e-03 2.206168360460742770e+04 1.046464800855502108e+04 5.982150701589586788e+03
6.984339407925946493e-03 2.339044358148773972e+04 1.109762187667317085e+04 6.344943818194104097e+03
7.787724887016851671e-03 2.465734800258838004e+04 1.170192860286021278e+04 6.691579698651955368e+03
8.683521142606049834e-03 2.582592953806271908e+04 1.226032074439700955e+04 7.012188799018776081e+03
9.682357880899711625e-03 2.685683988622884499e+04 1.275421268245811007e+04 7.296136634367972874e+03
1.079608750807801998e-02 2.770543858817997898e+04 1.316252364892118567e+04 7.531373071952039027e+03
1.203792577343234388e-02 2.832334274801641368e+04 1.346235597936314844e+04 7.704816477757432949e+03
1.342260859021738965e-02 2.866011121203331277e+04 1.362962770219736558e+04 7.802638237827462945e+03
1.496656689508787767e-02 2.866536997912217703e+04 1.364028442438304955e+04 7.810979701834167827e+03
1.668812162103823840e-02 2.829348797839713006e+04 1.347252810183609108e+04 7.717350461005584293e+03
1.860770109743517184e-02 2.751030112038048537e+04 1.310963850786594594e+04 7.512071588422043533e+03
2.074808345685756270e-02 2.630376684088584807e+04 1.254525538105781197e+04 7.191270797541132197e+03
2.313466692519383291e-02 2.469428162236307253e+04 1.178845828276040811e+04 6.760016041229964685e+03
2.579577120231610690e-02 2.274339298201937345e+04 1.086768774312404821e+04 6.234412621570551892e+03
2.876297350957714855e-02 2.055868737910355048e+04 9.833419043796060578e+03 5.643195383965909059e+03
3.207148329174031032e-02 1.829212645292850721e+04 8.757597457399011546e+03 5.027500786365577369e+03
3.576056001963404812e-02 1.611959187191302590e+04 7.724272819921510745e+03 4.435557995931753794e+03
3.987397905126498221e-02 1.420853248345578504e+04 6.814425272486078939e+03 3.914047623863357330e+03
4.446055107939526907e-02 1.267657512738310652e+04 6.086238414962647767e+03 3.496791093218201240e+03
4.957470132945773766e-02 1.154511523982675317e+04 5.552320749571518718e+03 3.191539437659065698e+03
5.527711538069327024e-02 1.070841645230981158e+04 5.163405358167731720e+03 2.970305239964037810e+03
6.163545927395905344e-02 9.941941522846105727e+03 4.809979760436604010e+03 2.769774816546382226e+03
6.872518245115814828e-02 8.941613112328490388e+03 4.337964250729458399e+03 2.499629189138654510e+03
7.663041305413779980e-02 7.610259430029315808e+03 3.691456782412388748e+03 2.125689937399307382e+03
8.544495620686157200e-02 6.172339560645416896e+03 2.978638608033316359e+03 1.710190061582638918e+03
9.527340712667957401e-02 5.034390392237463857e+03 2.412913759485511491e+03 1.379880835411668613e+03
1.062323922731101822e-01 4.377992746939768040e+03 2.102891601513961177e+03 1.202223401987474062e+03
1.184519532618636822e-01 3.954411435989696656e+03 1.922691001029517338e+03 1.103586682548937233e+03
1.320770899659224340e-01 3.379838764854143392e+03 1.647096702583090064e+03 9.446277109320386671e+02
1.472694811144383831e-01 2.717834580837865815e+03 1.300655070541600708e+03 7.375052319055214411e+02
1.642094028064348954e-01 2.276866957745372474e+03 1.086118014254662512e+03 6.130424481902244906e+02
1.830978677048002712e-01 1.966026674132286644e+03 9.548083438942370549e+02 5.425739153513040947e+02
2.041590102946942431e-01 1.620700383161504533e+03 7.772843547138329541e+02 4.365303753711640411e+02
2.276427465103479653e-01 1.348603897274127348e+03 6.455965972130803721e+02 3.604072674101401503e+02
2.538277392899435103e-01 1.126819623188875312e+03 5.440812246687779634e+02 3.039750674375108019e+02
2.830247052484705095e-01 9.315666664014121352e+02 4.478008437173062930e+02 2.474123171291395522e+02
3.155801017062329072e-01 7.709588357541159667e+02 3.734608403313827694e+02 2.061458814174186784e+02
3.518802378240603601e-01 6.350487467557458103e+02 3.089909232053223036e+02 1.694364076186592172e+02
3.923558586288135031e-01 5.212008287142922427e+02 2.556832930733723686e+02 1.396223570476877001e+02
4.374872563241952172e-01 4.258974548113351943e+02 2.113563583781803743e+02 1.151152193836273341e+02
4.878099695387512202e-01 3.462063427643265641e+02 1.743167369495745902e+02 9.474455808820493985e+01
5.439211381395319123e-01 2.797167015736997655e+02 1.434363300303870119e+02 7.792989610971815750e+01
6.064865890189676811e-01 2.244310578526223594e+02 1.177029422123934381e+02 6.406210431228947755e+01
6.762487369363893164e-01 1.786580994366227912e+02 9.625310167821344010e+01 5.261601027015097998e+01
7.540353941672404137e-01 1.409824011126866310e+02 7.837407866040283011e+01 4.316020074439068566e+01
8.407695934971151086e-01 1.102133161948232498e+02 6.348692263951717507e+01 3.534654648631163099e+01
9.374805411223435803e-01 8.531877542022866123e+01 5.110799601936770387e+01 2.888191255894823684e+01
1.045315829426528564e+00 6.539801644028375449e+01 4.084440245953312143e+01 2.352990150047353168e+01
1.165555054552403824e+00 4.964952027211690222e+01 3.237334668241300051e+01 1.909843794141924533e+01
1.299625000357985227e+00 3.735390944150578463e+01 2.542347878135554495e+01 1.542800754294969323e+01
1.449116568932995452e+00 2.787308338597575030e+01 1.976898355621930392e+01 1.239133767888809778e+01
1.615803658576671964e+00 2.064767662317423458e+01 1.521517642865920372e+01 9.884423023110889162e+00
1.801664213246928048e+00 1.519897990007070021e+01 1.159107126155325496e+01 7.822309180354444891e+00
2.008903693258128342e+00 1.112739490658358577e+01 8.744090301043984326e+00 6.135847203600381938e+00
2.239981245735629400e+00 8.107938094401875517e+00 6.536799506849220620e+00 4.766748316443981004e+00
2.497638885371206374e+00 5.882931718690531220e+00 4.847223058299624299e+00 3.665813909419528116e+00
2.784934031744384253e+00 4.251824081534683941e+00 3.568926869296673132e+00 2.790413461694200237e+00
3.105275789304232426e+00 3.061482312598306610e+00 2.611796756787296392e+00 2.102956951108450490e+00
3.462465400517639402e+00 2.196072146139466330e+00 1.901360044441440467e+00 1.570092739608436982e+00
3.860741352209485999e+00 1.568976979744381772e+00 1.377801546958262957e+00 1.162316475125134252e+00
4.304829670336041580e+00 1.115973978262729593e+00 9.942221616632935799e-01 8.539780941262409275e-01
4.799999999999999822e+00 0.000000000000000000e+00 7.145336889208803166e-01 6.233036686112227720e-01
