1.000000000230258569e-04 1.782622457585955829e+02 7.486997143786014419e+01 4.125844735685185327e+01
1.115026695290953366e-04 2.011806987122132853e+02 8.449158656022467540e+01 4.655968874986020012e+01
1.243284530925187648e-04 2.272721905185680953e+02 9.544650009557210524e+01 5.259556823229720379e+01
1.386295441504667143e-04 2.540997325733703178e+02 1.067084395916709951e+02 5.879827203096243693e+01
1.545756424481938766e-04 2.808633052742857217e+02 1.179389087209992653e+02 6.498493666675068425e+01
1.723559677317991945e-04 3.110806327665011963e+02 1.306169499887325003e+02 7.196422903298487483e+01
1.921815050694108094e-04 3.488032004730594622e+02 1.464429734380972263e+02 8.067915663052657749e+01
2.142875084442451923e-04 3.909402384220746853e+02 1.641217528816433173e+02 9.041182618574889318e+01
2.389362923277018713e-04 4.333380509350882903e+02 1.819007180043678034e+02 1.001965076325619322e+02
2.664203443578849946e-04 4.834848205140936557e+02 2.029318794769139629e+02 1.117687667917289787e+02
2.970657960592480913e-04 5.409735595657765543e+02 2.270427248309482025e+02 1.250361288909392101e+02
3.312362927876497001e-04 6.006607899693816535e+02 2.520717912332600008e+02 1.388038330532145608e+02
3.693373088223966556e-04 6.722869110076450170e+02 2.821198716560367643e+02 1.553340601128145977e+02
4.118209588090659132e-04 7.470987750948593202e+02 3.135085778987958065e+02 1.725984124142333656e+02
4.591913626466918256e-04 8.346359433879696326e+02 3.502611845136060538e+02 1.928184078472863803e+02
5.120106274801957584e-04 9.298939100144524446e+02 3.902778457909022336e+02 2.148364784578768081e+02
5.709055177816341068e-04 1.034736951616531314e+03 4.343546253848671768e+02 2.390964439171014817e+02
6.365748926688486646e-04 1.152788053706543451e+03 4.840267523287335507e+02 2.664488835091308374e+02
7.097979987143026312e-04 1.284064122444353870e+03 5.393104194869458752e+02 2.969068517070707571e+02
7.914437166483044659e-04 1.429215023930245479e+03 6.004853338297095888e+02 3.306288334330181442e+02
8.824808716799498404e-04 1.590041802551505043e+03 6.683088803139535230e+02 3.680349177485804830e+02
9.839897297802024153e-04 1.769634001106634969e+03 7.440816867048039285e+02 4.098462569610384207e+02
1.097174816344422205e-03 1.967364143511096245e+03 8.275363370533852958e+02 4.559158846497132345e+02
1.223379209343287413e-03 2.186194128329688283e+03 9.199058076145979612e+02 5.069206600971718331e+02
1.364100476567608111e-03 2.427294818606882927e+03 1.021675514993804541e+03 5.631262591221833418e+02
1.521008446081769522e-03 2.694528160916841443e+03 1.134465415506158251e+03 6.254242570815498539e+02
1.695965020753673102e-03 2.989731616713987933e+03 1.259046496383534532e+03 6.942384391795753800e+02
1.891046271984591709e-03 3.314161998382057391e+03 1.395943317542632030e+03 7.698551914858737746e+02
2.108567074807741158e-03 3.670425965166914011e+03 1.546253096176554436e+03 8.528773443969258778e+02
2.351108576680822643e-03 4.060434013195276293e+03 1.710786321698629763e+03 9.437528677237734200e+02
2.621548825923003187e-03 4.485729424849962015e+03 1.890189698505468868e+03 1.042834614532710020e+03
2.923096923239734257e-03 4.949735799873415090e+03 2.085939119130811832e+03 1.150947522732224570e+03
3.259331101584665453e-03 5.452322488124263145e+03 2.297970749740723022e+03 1.268051665431230504e+03
3.634241186222156913e-03 5.995299181563191269e+03 2.527077201605032769e+03 1.394594496550687836e+03
4.052275938830490927e-03 6.578396056095406493e+03 2.773141506720594407e+03 1.530506917824496895e+03
4.518395847440812539e-03 7.202194207597866807e+03 3.036463664255563344e+03 1.675964387975707950e+03
5.038131988628217865e-03 7.864943192436346180e+03 3.316321880539335780e+03 1.830590990764974094e+03
5.617651660426248826e-03 8.564421211670542107e+03 3.611802040199727344e+03 1.993873001117734475e+03
6.263831564778516575e-03 9.296622886482895410e+03 3.921265893829325250e+03 2.164917391112590849e+03
6.984339407925946493e-03 1.005684593473777750e+04 4.242788063588244768e+03 2.342676918306049629e+03
7.787724887016851671e-03 1.083510522162218695e+04 4.572226301059104117e+03 2.524878219798452392e+03
8.683521142606049834e-03 1.162198479216922897e+04 4.905680508550196464e+03 2.709384568526883413e+03
9.682357880899711625e-03 1.240253079745479226e+04 5.236932608909053670e+03 2.892777156377413576e+03
1.079608750807801998e-02 1.316166322557367494e+04 5.559736021528449783e+03 3.071631958455128824e+03
1.203792577343234388e-02 1.387829087899213846e+04 5.865300278932999390e+03 3.241115672186127995e+03
1.342260859021738965e-02 1.452748318370574270e+04 6.143217455105543195e+03 3.395494490917817984e+03
1.496656689508787767e-02 1.508159486631257823e+04 6.381945389546161095e+03 3.528405747194929518e+03
1.668812162103823840e-02 1.550942370602238952e+04 6.568406754700389683e+03 3.632640407394622798e+03
1.860770109743517184e-02 1.577819448354470296e+04 6.688807655466812321e+03 3.700580021123319057e+03
2.074808345685756270e-02 1.585650746437956877e+04 6.729826365545349290e+03 3.724829911478938357e+03
2.313466692519383291e-02 1.571919360871701065e+04 6.680707601790731132e+03 3.699410468112673698e+03
2.579577120231610690e-02 1.535191790633438723e+04 6.535115907560151754e+03 3.620775081473801038e+03
2.876297350957714855e-02 1.475830979031301104e+04 6.294151119666485101e+03 3.489428004351258551e+03
3.207148329174031032e-02 1.396490910110009281e+04 5.968538441128634076e+03 3.311191307931013398e+03
3.576056001963404812e-02 1.302584817148016919e+04 5.580734841971180686e+03 3.098411191982706441e+03
3.987397905126498221e-02 1.201884829717383946e+04 5.163425041392230014e+03 2.869114283327025078e+03
4.446055107939526907e-02 1.103248257737901076e+04 4.754422895270215122e+03 2.644272469551749509e+03
4.957470132945773766e-02 1.014539665325789247e+04 4.387979906883863805e+03 2.443000158571536758e+03
5.527711538069327024e-02 9.398370695633104333e+03 4.082755780244997368e+03 2.275866804413458794e+03
6.163545927395905344e-02 8.764497568627124565e+03 3.828167238107849698e+03 2.137164709515082905e+03
6.872518245115814828e-02 8.145130139401820998e+03 3.580934340911497657e+03 2.002691615606386904e+03
7.663041305413779980e-02 7.408813232784289539e+03 3.280126551231114718e+03 1.837792258521098120e+03
8.544495620686157200e-02 6.493102268768035174e+03 2.892190510517596977e+03 1.622588809263832673e+03
9.527340712667957401e-02 5.500735314286992434e+03 2.459339168398269067e+03 1.380135618883833104e+03
1.062323922731101822e-01 4.649875374040540009e+03 2.085454988431973106e+03 1.170021037950554046e+03
1.184519532618636822e-01 4.063909868045076564e+03 1.839335311713495912e+03 1.033596713177753145e+03
1.320770899659224340e-01 3.621876435824030068e+03 1.667307654573833361e+03 9.409603658302582971e+02
1.472694811144383831e-01 3.110861011463911382e+03 1.449565124774069773e+03 8.197819491709107069e+02
1.642094028064348954e-01 2.563244561944570250e+03 1.192769531136391151e+03 6.717442077260645874e+02
1.830978677048002712e-01 2.157914835719830080e+03 1.013574066520186648e+03 5.706389080861188177e+02
2.041590102946942431e-01 1.843427908566530050e+03 8.887385443062270269e+02 5.040747423296774627e+02
2.276427465103479653e-01 1.524545500034775614e+03 7.378741433245044163e+02 4.166138321841965535e+02
2.538277392899435103e-01 1.265625084508294094e+03 6.207744259383321150e+02 3.504416514493047430e+02
2.830247052484705095e-01 1.049416739520674128e+03 5.259359849242646305e+02 2.984062107373253525e+02
3.155801017062329072e-01 8.624731103655215065e+02 4.371465692427779572e+02 2.471490856101319196e+02
3.518802378240603601e-01 7.073800295049969691e+02 3.664173234606677738e+02 2.082692658000690358e+02
3.923558586288135031e-01 5.771451522977753257e+02 3.045913071508730923e+02 1.733131289908274368e+02
4.374872563241952172e-01 4.686903545699417464e+02 2.527572374253502971e+02 1.443365151627659202e+02
4.878099695387512202e-01 3.786487616266909981e+02 2.091890086269755500e+02 1.201545106163416818e+02
5.439211381395319123e-01 3.041696334155665795e+02 1.724696482188110735e+02 9.972058508840827074e+01
6.064865890189676811e-01 2.427897778980692749e+02 1.416390949574814044e+02 8.259556612339605408e+01
6.762487369363893164e-01 1.924438993784193030e+02 1.158075580900531634e+02 6.827415086850454884e+01
7.540353941672404137e-01 1.513791174379762765e+02 9.420207612104690043e+01 5.628352680153547993e+01
8.407695934971151086e-01 1.180988406714626819e+02 7.616982967745549615e+01 4.625684818731625114e+01
9.374805411223435803e-01 9.134762985560789161e+01 6.117024397397725011e+01 3.787901105783718947e+01
1.045315829426528564e+00 7.004308059429791911e+01 4.874660986471403135e+01 3.088077325540641738e+01
1.165555054552403824e+00 5.324997606083487511e+01 3.851603168684288647e+01 2.504080789966308629e+01
1.299625000357985227e+00 4.015908908204110617e+01 3.015631729722638354e+01 2.017880746875375308e+01
1.449116568932995452e+00 3.006237601637476686e+01 2.338572694381841899e+01 1.614202884771717450e+01
1.615803658576671964e+00 2.235584694020833041e+01 1.796046023436694838e+01 1.280601700119905750e+01
1.801664213246928048e+00 1.652943437971598684e+01 1.366418382296903999e+01 1.006703839537437162e+01
2.008903693258128342e+00 1.216128640825662721e+01 1.030387117137611064e+01 7.836943155230442493e+00
2.239981245735629400e+00 8.910215373891006152e+00 7.707991243136450343e+00 6.040013076487332988e+00
2.497638885371206374e+00 6.505106343726051676e+00 5.725776867246165303e+00 4.609081658659194503e+00
2.784934031744384253e+00 4.734701763219463899e+00 4.227893468554830392e+00 3.484014420769303566e+00
3.105275789304232426e+00 3.436945424029576479e+00 3.106154474737943705e+00 2.610846141024075084e+00
3.462465400517639402e+00 2.488956606042274089e+00 2.272499086880556352e+00 1.941627990791044089e+00
3.860741352209485999e+00 1.798492584537799477e+00 1.656822381914356601e+00 1.434569931107185781e+00
4.304829670336041580e+00 1.296855456073546575e+00 1.204425320172328062e+00 1.054185367819140184e+00
4.799999999999999822e+00 9.331334370739251538e-01 8.733602663828965440e-01 7.711976324440923403e-01
