1.000000000230258569e-04 4.102825688297321562e+02 1.748995305109205560e+02 9.820008050676071321e+01
1.115026695290953366e-04 4.500564120034865709e+02 1.917401022225004681e+02 1.076357298820623214e+02
1.243284530925187648e-04 4.998741329979455372e+02 2.128477826518346774e+02 1.194637764321557398e+02
1.386295441504667143e-04 5.620940002422335056e+02 2.392179789978368660e+02 1.342412297353531869e+02
1.545756424481938766e-04 6.339837358940233116e+02 2.696622588867216450e+02 1.512969580211508571e+02
1.723559677317991945e-04 7.084496394770509369e+02 3.011111283551069846e+02 1.688984006146222896e+02
1.921815050694108094e-04 7.821046247518905830e+02 3.320801979824724413e+02 1.862036089650844133e+02
2.142875084442451923e-04 8.639560794078950039e+02 3.664116726568558988e+02 2.053690067485702855e+02
2.389362923277018713e-04 9.666653642646224398e+02 4.095290018974137070e+02 2.294406054188485484e+02
2.664203443578849946e-04 1.083275539939527562e+03 4.584384484315798431e+02 2.567302352334202737e+02
2.970657960592480913e-04 1.199644383329992024e+03 5.070481990421951082e+02 2.838007375652808264e+02
3.312362927876497001e-04 1.335247548471095570e+03 5.637176346728741692e+02 3.153495026469018399e+02
3.693373088223966556e-04 1.493397631626663269e+03 6.299355965346102266e+02 3.522218273107524169e+02
4.118209588090659132e-04 1.654500867961147605e+03 6.973409986461257404e+02 3.897139782153402052e+02
4.591913626466918256e-04 1.848050023326651171e+03 7.787106521306574223e+02 4.350312634691330231e+02
5.120106274801957584e-04 2.047439416647297548e+03 8.627536084386568973e+02 4.818435516964244698e+02
5.709055177816341068e-04 2.280346241552242645e+03 9.615104488001259142e+02 5.369615041981130616e+02
6.365748926688486646e-04 2.527224042537347032e+03 1.066775602783525983e+03 5.958112001928939208e+02
7.097979987143026312e-04 2.797573197485353830e+03 1.182793201983444078e+03 6.608282142631923080e+02
7.914437166483044659e-04 3.098459170572829407e+03 1.312675733543915385e+03 7.338015574117648612e+02
8.824808716799498404e-04 3.427124503888103391e+03 1.455312019152340781e+03 8.141495908508244383e+02
9.839897297802024153e-04 3.784531116771205689e+03 1.611122958195179535e+03 9.021313316990132307e+02
1.097174816344422205e-03 4.174002011353182752e+03 1.781455049247130773e+03 9.985020357403803928e+02
1.223379209343287413e-03 4.602981460653887552e+03 1.969355798433574364e+03 1.104959090743089519e+03
1.364100476567608111e-03 5.074227278603103514e+03 2.175908095192804467e+03 1.222094863564744628e+03
1.521008446081769522e-03 5.582977333786568124e+03 2.398927453606583185e+03 1.348642209127532396e+03
1.695965020753673102e-03 6.142008941844977926e+03 2.643794672226010334e+03 1.487591705293600171e+03
1.891046271984591709e-03 6.752898548900744572e+03 2.911076030019977679e+03 1.639223953443483197e+03
2.108567074807741158e-03 7.416578397497596598e+03 3.201149564003447722e+03 1.803735230919921150e+03
2.351108576680822643e-03 8.139919590826501917e+03 3.516983146738836240e+03 1.982783173866187781e+03
2.621548825923003187e-03 8.915858623627975248e+03 3.855495468206106580e+03 2.174615969457750452e+03
2.923096923239734257e-03 9.752776294273022359e+03 4.220358623285253998e+03 2.381325897689640442e+03
3.259331101584665453e-03 1.064906566147582635e+04 4.610925604979041054e+03 2.602571580403967801e+03
3.634241186222156913e-03 1.160069265110783454e+04 5.025472139426458853e+03 2.837377665571799753e+03
4.052275938830490927e-03 1.260743639735658144e+04 5.463915796353916448e+03 3.085659466590180273e+03
4.518395847440812539e-03 1.366311635656238286e+04 5.923647904828549144e+03 3.345901377387736375e+03
5.038131988628217865e-03 1.476258520277609387e+04 6.402786494827018032e+03 3.617285713320061404e+03
5.617651660426248826e-03 1.589563711519822573e+04 6.896563507524764645e+03 3.897017608765807381e+03
6.263831564778516575e-03 1.705236648793340646e+04 7.400947239915250066e+03 4.182806105788972673e+03
6.984339407925946493e-03 1.821994594995002990e+04 7.910491685567931199e+03 4.471628668011586342e+03
7.787724887016851671e-03 1.937471985335043792e+04 8.415042876258437900e+03 4.757764355680791596e+03
8.683521142606049834e-03 2.049512005687892815e+04 8.905349100715870009e+03 5.036011426456788286e+03
9.682357880899711625e-03 2.155815569371026504e+04 9.371582458364884587e+03 5.300841732157202387e+03
1.079608750807801998e-02 2.253483869115443667e+04 9.801312313716754943e+03 5.545273160433312114e+03
1.203792577343234388e-02 2.338943140048905479e+04 1.017914395618877825e+04 5.760618409495344167e+03
1.342260859021738965e-02 2.408378866733842369e+04 1.048862394651711656e+04 5.937576296725785141e+03
1.496656689508787767e-02 2.457782732796251730e+04 1.071243190647182928e+04 6.066353878378674381e+03
1.668812162103823840e-02 2.482958867739457492e+04 1.083238838522620972e+04 6.136666303569533738e+03
1.860770109743517184e-02 2.479925206862149571e+04 1.083101428134615162e+04 6.138565511502971276e+03
2.074808345685756270e-02 2.445297414187468166e+04 1.069331166068361927e+04 6.063450209255976915e+03
2.313466692519383291e-02 2.376893390547734089e+04 1.040936508562373820e+04 5.905633622974989521e+03
2.579577120231610690e-02 2.274505342385913900e+04 9.977523447417845091e+03 5.664022982054815657e+03
2.876297350957714855e-02 2.140764373245078241e+04 9.408280250308003815e+03 5.344326264976960374e+03
3.207148329174031032e-02 1.981839022316085902e+04 8.727595086706758593e+03 4.961064998699743228e+03
3.576056001963404812e-02 1.807514647015155788e+04 7.977365105858249990e+03 4.537839778688387014e+03
3.987397905126498221e-02 1.630217128570347995e+04 7.211579144225982418e+03 4.105185513806111885e+03
4.446055107939526907e-02 1.463293853508290158e+04 6.489255044264717071e+03 3.696705741856368604e+03
4.957470132945773766e-02 1.317753693453893902e+04 5.860369733302713030e+03 3.341090876288636082e+03
5.527711538069327024e-02 1.198611663018620311e+04 5.349437371761857321e+03 3.052735910495410735e+03
6.163545927395905344e-02 1.101866547388317304e+04 4.940815900694752600e+03 2.823119682403017578e+03
6.872518245115814828e-02 1.014455962850002288e+04 4.576062464772513522e+03 2.618847320692088942e+03
7.663041305413779980e-02 9.158887108767072277e+03 4.157306003885895734e+03 2.382815827362303025e+03
8.544495620686157200e-02 7.962146307498290298e+03 3.630044547739908012e+03 2.081926373806591982e+03
9.527340712667957401e-02 6.660887975186474250e+03 3.037678643310684038e+03 1.740059902066413088e+03
1.062323922731101822e-01 5.525448068117165349e+03 2.514754773169166583e+03 1.436730653075848750e+03
1.184519532618636822e-01 4.730555712154394314e+03 2.163809708318543926e+03 1.235638518025443091e+03
1.320770899659224340e-01 4.164841791720424226e+03 1.938821021842921709e+03 1.111664926850237180e+03
1.472694811144383831e-01 3.572219133963331387e+03 1.689512429380836920e+03 9.711951769041759235e+02
1.642094028064348954e-01 2.926376441084559247e+03 1.382932517074414591e+03 7.898557696346039165e+02
1.830978677048002712e-01 2.410967755518404829e+03 1.146956361365058456e+03 6.517703165136150574e+02
2.041590102946942431e-01 2.017957357440246824e+03 9.938052033082842627e+02 5.692055498052237681e+02
2.276427465103479653e-01 1.643091270050693993e+03 8.285644207130504810e+02 4.737280763044252581e+02
2.538277392899435103e-01 1.319830651592755885e+03 6.845598367027389486e+02 3.897740594561864782e+02
2.830247052484705095e-01 1.050137631380841640e+03 5.749834805216622726e+02 3.303590637217104131e+02
3.155801017062329072e-01 8.167309686388366572e+02 4.732229286268291730e+02 2.718476394276844417e+02
3.518802378240603601e-01 6.210006132055899570e+02 3.906578441682935932e+02 2.268836702989608227e+02
3.923558586288135031e-01 4.579157509473691334e+02 3.192187151132088161e+02 1.872829236215990818e+02
4.374872563241952172e-01 3.249638674431749337e+02 2.591846817943867336e+02 1.548119804815710836e+02
4.878099695387512202e-01 2.193999544376654001e+02 2.083465321336429952e+02 1.274877286554158076e+02
5.439211381395319123e-01 1.385426113652499396e+02 1.654492548894849051e+02 1.045794476197354896e+02
6.064865890189676811e-01 7.943014211173320405e+01 1.294343968985418485e+02 8.542061609729091742e+01
6.762487369363893164e-01 3.871594345348713517e+01 9.941060174615613221e+01 6.938791298843159439e+01
7.540353941672404137e-01 1.275008120501318842e+01 7.464785632018323724e+01 5.596583008230953737e+01
8.407695934971151086e-01 -2.177154326850184507e+00 5.454294560623711874e+01 4.474077732119909001e+01
9.374805411223435803e-01 -9.489938964826089673e+00 3.856423453151120384e+01 3.537460478696004884e+01
1.045315829426528564e+00 -1.203043745522590946e+01 2.621231933268026282e+01 2.759117367022885148e+01
1.165555054552403824e+00 -1.191052327331052574e+01 1.698895145322730116e+01 2.116873478947844944e+01
1.299625000357985227e+00 -1.053479617182750161e+01 1.038306929367910669e+01 1.592453821876627629e+01
1.449116568932995452e+00 -8.737927871130423796e+00 5.877116737814262137e+00 1.170561554391360914e+01
1.615803658576671964e+00 -6.958816262187597523e+00 2.971552195800687191e+00 8.377917573429133569e+00
1.801664213246928048e+00 -5.392250931356403321e+00 1.216822366756449947e+00 5.817125793265754297e+00
2.008903693258128342e+00 -4.098255933409064689e+00 2.393110585892141429e-01 3.904132953127506855e+00
2.239981245735629400e+00 -3.070821936680866227e+00 -2.468503066212028585e-01 2.522916176752612039e+00
2.497638885371206374e+00 -2.275826644926129738e+00 -4.436072360673681270e-01 1.562592993076088899e+00
2.784934031744384253e+00 -1.671782078747749534e+00 -4.833235544161229580e-01 9.214001352858152138e-01
3.105275789304232426e+00 -1.218915163306532490e+00 -4.468791233115952943e-01 5.112404969671766608e-01
3.462465400517639402e+00 -8.827362000656683305e-01 -3.803207287438449824e-01 2.605786378153868155e-01
3.860741352209485999e+00 -6.352089622208556552e-01 -3.079211460111427878e-01 1.149614505206632553e-01
4.304829670336041580e+00 0.000000000000000000e+00 -2.411429273695522291e-01 3.540170400069829471e-02
4.799999999999999822e+00 0.000000000000000000e+00 -1.843836626628636011e-01 -4.513445029292631298e-03
