1.000000000230258569e-04 7.820776653687419184e+02 3.566729959684410005e+02 2.029410025606573242e+02
1.115026695290953366e-04 8.539092852353369381e+02 3.892189987177154080e+02 2.214353811247448505e+02
1.243284530925187648e-04 9.457608652460670555e+02 4.308734275531323874e+02 2.451102803257522851e+02
1.386295441504667143e-04 1.060941815166817150e+03 4.831338188645252103e+02 2.748148905516326295e+02
1.545756424481938766e-04 1.191695577808006419e+03 5.424060747133512450e+02 3.084990314968894722e+02
1.723559677317991945e-04 1.322789526479190499e+03 6.016579346819974035e+02 3.421513014011292739e+02
1.921815050694108094e-04 1.449866019461011092e+03 6.588427318205339134e+02 3.745983774080781927e+02
2.142875084442451923e-04 1.594326394174722282e+03 7.237466470286423146e+02 4.114111360040210457e+02
2.389362923277018713e-04 1.778499437034238099e+03 8.066055434370482544e+02 4.584180487523860279e+02
2.664203443578849946e-04 1.980581827542343945e+03 8.974048929445762042e+02 5.099079937671963876e+02
2.970657960592480913e-04 2.177701809636640519e+03 9.856117483222722058e+02 5.598762805920673600e+02
3.312362927876497001e-04 2.415519722914604245e+03 1.092191782324661744e+03 6.202621561089301849e+02
3.693373088223966556e-04 2.683524978289568026e+03 1.212426136534677198e+03 6.883889851536839615e+02
4.118209588090659132e-04 2.956174934701245547e+03 1.334645326054758925e+03 7.576127826388866424e+02
4.591913626466918256e-04 3.285104307497916125e+03 1.482715877450428025e+03 8.415492524024474505e+02
5.120106274801957584e-04 3.618781860890422649e+03 1.633126894335699944e+03 9.268252232888248727e+02
5.709055177816341068e-04 4.006775605252891182e+03 1.808830815710238085e+03 1.026550190419267437e+03
6.365748926688486646e-04 4.424396338484278203e+03 1.998678286015115418e+03 1.134406168875519597e+03
7.097979987143026312e-04 4.871386553557051229e+03 2.202725197883110013e+03 1.250457614467959274e+03
7.914437166483044659e-04 5.367516542927769478e+03 2.430113024853344086e+03 1.379934963604814811e+03
8.824808716799498404e-04 5.911490186872343656e+03 2.680298138412834305e+03 1.522550945076431617e+03
9.839897297802024153e-04 6.502971599280805094e+03 2.953115971901356716e+03 1.678217891825991501e+03
1.097174816344422205e-03 7.148628700793155076e+03 3.251537372434398549e+03 1.848618309956763596e+03
1.223379209343287413e-03 7.858262846182446083e+03 3.579913992612711809e+03 2.036213814181134921e+03
1.364100476567608111e-03 8.616916350455201609e+03 3.931277996199287372e+03 2.237017575794834102e+03
1.521008446081769522e-03 9.450642528885566207e+03 4.317435833893086965e+03 2.457736335891404906e+03
1.695965020753673102e-03 1.034260220122485771e+04 4.730522139197057186e+03 2.693862960169522921e+03
1.891046271984591709e-03 1.131054842841603386e+04 5.178592861775239726e+03 2.949977254582841397e+03
2.108567074807741158e-03 1.235555870802329446e+04 5.662106612797320849e+03 3.226338807145476949e+03
2.351108576680822643e-03 1.346541766697623279e+04 6.175406149871471825e+03 3.519715757934816793e+03
2.621548825923003187e-03 1.465760625563268695e+04 6.726522702362261953e+03 3.834688529247090628e+03
2.923096923239734257e-03 1.591538809344047877e+04 7.307760578759866803e+03 4.166855975261069943e+03
3.259331101584665453e-03 1.723989099697092024e+04 7.919690440815878901e+03 4.516544046433408766e+03
3.634241186222156913e-03 1.862764727326788488e+04 8.560774047685061305e+03 4.882904011585590524e+03
4.052275938830490927e-03 2.007190623833455174e+04 9.228018594172457597e+03 5.264303132669574552e+03
4.518395847440812539e-03 2.155972095415003423e+04 9.915478015467344449e+03 5.657403703494152069e+03
5.038131988628217865e-03 2.307449397493366996e+04 1.061559779765338317e+04 6.057807093744364465e+03
5.617651660426248826e-03 2.459408149490029609e+04 1.131820647064539116e+04 6.459724174280006991e+03
6.263831564778516575e-03 2.610255418541189283e+04 1.201614451170261236e+04 6.859121214555836559e+03
6.984339407925946493e-03 2.757201094777724211e+04 1.269670041198818581e+04 7.248782530001381929e+03
7.787724887016851671e-03 2.897096317576335423e+04 1.334551992526315917e+04 7.620563236020722798e+03
8.683521142606049834e-03 3.026407890453880100e+04 1.394640598740815403e+04 7.965198144261163179e+03
9.682357880899711625e-03 3.141211915606820185e+04 1.448141516956305168e+04 8.272442933666368845e+03
1.079608750807801998e-02 3.236998211339499176e+04 1.492988784894966011e+04 8.530515161147739491e+03
1.203792577343234388e-02 3.308877004655975907e+04 1.526940582800511766e+04 8.726635935163891190e+03
1.342260859021738965e-02 3.351692055727232218e+04 1.547611574603095869e+04 8.847144738555549338e+03
1.496656689508787767e-02 3.360432057601554698e+04 1.552678932269038160e+04 8.878678647316392016e+03
1.668812162103823840e-02 3.330357993004508899e+04 1.539951457772193135e+04 8.808732590770348907e+03
1.860770109743517184e-02 3.257580001821813130e+04 1.507585127002664740e+04 8.626656405867950525e+03
2.074808345685756270e-02 3.139884603624135707e+04 1.454490785843152116e+04 8.325990525407358291e+03
2.313466692519383291e-02 2.977821061927279152e+04 1.380852587421122735e+04 7.907655978518287156e+03
2.579577120231610690e-02 2.775584820600746752e+04 1.288501344207186412e+04 7.381896752577181360e+03
2.876297350957714855e-02 2.541813767084705614e+04 1.181326155165900127e+04 6.770724290266550270e+03
3.207148329174031032e-02 2.289882313119983155e+04 1.065425810170862496e+04 6.108849615280089893e+03
3.576056001963404812e-02 2.036474835585031178e+04 9.484905831007776214e+03 5.440224912224836771e+03
3.987397905126498221e-02 1.799618059833501320e+04 8.389386824132086986e+03 4.813182961838907431e+03
4.446055107939526907e-02 1.594729464730289874e+04 7.441084571450801377e+03 4.270152304103145980e+03
4.957470132945773766e-02 1.429973377546107440e+04 6.680746366317048341e+03 3.835082245497916574e+03
5.527711538069327024e-02 1.302568004142495920e+04 6.098119097155765303e+03 3.502658450341092703e+03
6.163545927395905344e-02 1.196663963215769218e+04 5.619482267249163669e+03 3.230619835327338023e+03
6.872518245115814828e-02 1.088143617655794333e+04 5.127212532146685589e+03 2.950365317448265614e+03
7.663041305413779980e-02 9.539358245652256301e+03 4.501603151881815393e+03 2.590559044705224551e+03
8.544495620686157200e-02 7.985753768281178964e+03 3.756331800577312606e+03 2.157335275217797061e+03
9.527340712667957401e-02 6.530602898051723059e+03 3.046430849274382581e+03 1.741890755173088792e+03
1.062323922731101822e-01 5.481395014922993141e+03 2.542639009974775490e+03 1.448463256623397911e+03
1.184519532618636822e-01 4.820670134649805732e+03 2.251682292028479424e+03 1.284700834115290718e+03
1.320770899659224340e-01 4.228565800706922346e+03 1.996060075306500266e+03 1.142209704825490235e+03
1.472694811144383831e-01 3.516259358259995679e+03 1.647091009270038967e+03 9.365455225526989125e+02
1.642094028064348954e-01 2.884825383224143479e+03 1.328880405911320395e+03 7.463578205033431914e+02
1.830978677048002712e-01 2.448806638819803084e+03 1.139516670445461614e+03 6.411523779782399970e+02
2.041590102946942431e-01 2.058267252104522868e+03 9.667112878957684643e+02 5.441908115371917347e+02
2.276427465103479653e-01 1.696094672626877582e+03 7.891372557374136250e+02 4.379617518135371483e+02
2.538277392899435103e-01 1.406689357514039557e+03 6.636446542413012821e+02 3.689571622485088369e+02
2.830247052484705095e-01 1.155020365764331018e+03 5.495207145112982516e+02 3.035287053222946270e+02
3.155801017062329072e-01 9.420462545581982567e+02 4.555617226145265022e+02 2.510129336968522296e+02
3.518802378240603601e-01 7.614631959460475628e+02 3.763009961842971052e+02 2.067952260655493717e+02
3.923558586288135031e-01 6.090262955991310037e+02 3.101855073313348043e+02 1.706189369743541420e+02
4.374872563241952172e-01 4.810004536443424854e+02 2.545495379861141600e+02 1.403193010492420854e+02
4.878099695387512202e-01 3.743999342209671681e+02 2.079648889841702726e+02 1.153367126120084833e+02
5.439211381395319123e-01 2.866611198254473152e+02 1.689223980029375696e+02 9.466567976656121175e+01
6.064865890189676811e-01 2.155542201167326652e+02 1.362236471502901622e+02 7.754431771228252046e+01
6.762487369363893164e-01 1.590286796287863353e+02 1.088850958816614281e+02 6.335287878982963861e+01
7.540353941672404137e-01 1.151050589251787102e+02 8.611231995348963153e+01 5.158300708279403324e+01
8.407695934971151086e-01 8.181963336109437535e+01 6.725746032062033919e+01 4.181883622557707270e+01
9.374805411223435803e-01 5.724193606905557630e+01 5.178105275668925600e+01 3.371345092103639729e+01
1.045315829426528564e+00 3.953947338460447014e+01 3.923260531418442554e+01 2.699020360345166836e+01
1.165555054552403824e+00 2.706596252489116949e+01 2.921706250590424503e+01 2.142382455929515928e+01
1.299625000357985227e+00 1.843008867402596351e+01 2.137439525020324993e+01 1.683163704070830491e+01
1.449116568932995452e+00 1.252458838913462280e+01 1.536539913431702331e+01 1.306659229196800887e+01
1.615803658576671964e+00 8.515512945307433412e+00 1.086708082432885192e+01 1.000630467684666947e+01
1.801664213246928048e+00 5.801792069388743478e+00 7.577374956596609756e+00 7.548286638538907134e+00
2.008903693258128342e+00 3.964114153117656691e+00 5.223453499630868357e+00 5.603462975895205034e+00
2.239981245735629400e+00 2.716609426037174480e+00 3.571034576730538923e+00 4.091848698613500090e+00
2.497638885371206374e+00 1.866524435483806199e+00 2.428570992615585844e+00 2.940144339183214939e+00
2.784934031744384253e+00 1.284749985176615983e+00 1.647322355787010251e+00 2.080881668903296955e+00
3.105275789304232426e+00 8.849071203975694688e-01 1.116741674796269512e+00 1.453061781548787179e+00
3.462465400517639402e+00 6.090579224613515974e-01 7.575793708302807072e-01 1.003250787975795699e+00
3.860741352209485999e+00 4.181983706735946660e-01 5.145868992373981987e-01 6.865417915984000086e-01
4.304829670336041580e+00 0.000000000000000000e+00 3.499581960545352088e-01 4.667517827092799720e-01
4.799999999999999822e+00 0.000000000000000000e+00 2.381366821685826918e-01 3.159165877670730427e-01
