1.000000000230258569e-04 2.770788814806020355e+02 1.210615618893522765e+02 6.796487887098311376e+01
1.115026695290953366e-04 3.111123957047449267e+02 1.358988061203753261e+02 7.628856149051836155e+01
1.243284530925187648e-04 3.499409868592613293e+02 1.528233341058456176e+02 8.578310597681921479e+01
1.386295441504667143e-04 3.891150094529045873e+02 1.698717507552840118e+02 9.534351325164416835e+01
1.545756424481938766e-04 4.269740213694676072e+02 1.863043211690047940e+02 1.045501502462904995e+02
1.723559677317991945e-04 4.694365162255766109e+02 2.047089770560868374e+02 1.148561243705728430e+02
1.921815050694108094e-04 5.235948843945017188e+02 2.281966046044358052e+02 1.280104369759450549e+02
2.142875084442451923e-04 5.840588102980329950e+02 2.543962368113185732e+02 1.426775505876769046e+02
2.389362923277018713e-04 6.430769043019304263e+02 2.798860181074350635e+02 1.569307140843102673e+02
2.664203443578849946e-04 7.132873701495427667e+02 3.102076868514270132e+02 1.738819695268596490e+02
2.970657960592480913e-04 7.942084832217170742e+02 3.451607328329029087e+02 1.934206473555971399e+02
3.312362927876497001e-04 8.760785706426137267e+02 3.804541181721529597e+02 2.131285928540044381e+02
3.693373088223966556e-04 9.756018444414435180e+02 4.234461800882373268e+02 2.371472147462954752e+02
4.118209588090659132e-04 1.077096064616155218e+03 4.672727737553643124e+02 2.616173800397182276e+02
4.591913626466918256e-04 1.196516255045979051e+03 5.189899059082425765e+02 2.905166003478811945e+02
5.120106274801957584e-04 1.324306228534117054e+03 5.744476755346736354e+02 3.215165976074470109e+02
5.709055177816341068e-04 1.463336084836289501e+03 6.349704815370193955e+02 3.553763152632353126e+02
6.365748926688486646e-04 1.618820796520275508e+03 7.029016824876335932e+02 3.934282703711482441e+02
7.097979987143026312e-04 1.789768022068358277e+03 7.778651543676987785e+02 4.354778425010139244e+02
7.914437166483044659e-04 1.976389000471060626e+03 8.599863315556619909e+02 4.816066097710857434e+02
8.824808716799498404e-04 2.180742806388686404e+03 9.501738307328917017e+02 5.323341293947547683e+02
9.839897297802024153e-04 2.406995048858935661e+03 1.050253491454622690e+03 5.886938618878942862e+02
1.097174816344422205e-03 2.653201217512536005e+03 1.159353125515984630e+03 6.501962938201593261e+02
1.223379209343287413e-03 2.922788109774049644e+03 1.278922786120439923e+03 7.176459612418461802e+02
1.364100476567608111e-03 3.216846589098567165e+03 1.409390386975460842e+03 7.912729819967456706e+02
1.521008446081769522e-03 3.540294920496511622e+03 1.552873355150413317e+03 8.722579736540311615e+02
1.695965020753673102e-03 3.894686609651170329e+03 1.710028257768169624e+03 9.609623678301942391e+02
1.891046271984591709e-03 4.280661196149677380e+03 1.881099938565007506e+03 1.057511579675560142e+03
2.108567074807741158e-03 4.700609613531525611e+03 2.067115231245664745e+03 1.162474676350902428e+03
2.351108576680822643e-03 5.155925749049440128e+03 2.268689436725097949e+03 1.276196810288720144e+03
2.621548825923003187e-03 5.647044840206822300e+03 2.485994726481305406e+03 1.398768760611912285e+03
2.923096923239734257e-03 6.177558278693156353e+03 2.720666437610817411e+03 1.531121360711637863e+03
3.259331101584665453e-03 6.744966463395023311e+03 2.971575989962668700e+03 1.672613861388635769e+03
3.634241186222156913e-03 7.350233427923106319e+03 3.239197907241287339e+03 1.823525536105101764e+03
4.052275938830490927e-03 7.990560756651306292e+03 3.522271255702769849e+03 1.983141419356727738e+03
4.518395847440812539e-03 8.665154591639822684e+03 3.820554372703121771e+03 2.151321586290972391e+03
5.038131988628217865e-03 9.369343170929350890e+03 4.131954414981081754e+03 2.326964438999305912e+03
5.617651660426248826e-03 1.009847009689482547e+04 4.454451046139203754e+03 2.508874051844938549e+03
6.263831564778516575e-03 1.084572347291906590e+04 4.785094867196308769e+03 2.695411959039914109e+03
6.984339407925946493e-03 1.160276877761333526e+04 5.120261491988559101e+03 2.884554941041535130e+03
7.787724887016851671e-03 1.235899361431784200e+04 5.455330408544699822e+03 3.073714613993298371e+03
8.683521142606049834e-03 1.310285054610931365e+04 5.785271829951101608e+03 3.260075787328260958e+03
9.682357880899711625e-03 1.381323614177401578e+04 6.100843022940764058e+03 3.438444818495486288e+03
1.079608750807801998e-02 1.447098200869102038e+04 6.393652175758631529e+03 3.604107097192945275e+03
1.203792577343234388e-02 1.505642669351836230e+04 6.655100818561175402e+03 3.752235093304145721e+03
1.342260859021738965e-02 1.554413802734692217e+04 6.874031328110234426e+03 3.876555098280874518e+03
1.496656689508787767e-02 1.590617496085843231e+04 7.038141762241773904e+03 3.970134200897584378e+03
1.668812162103823840e-02 1.611403946261098463e+04 7.134863107805532309e+03 4.025885389034323907e+03
1.860770109743517184e-02 1.614109742742881281e+04 7.152409184676347650e+03 4.037149581379569554e+03
2.074808345685756270e-02 1.596432234640136448e+04 7.080495051393016183e+03 3.998094417655785492e+03
2.313466692519383291e-02 1.557072369629580680e+04 6.913144873227480275e+03 3.905273135534766425e+03
2.579577120231610690e-02 1.496191795951939639e+04 6.650797447345882574e+03 3.758860699556546024e+03
2.876297350957714855e-02 1.415938467907933955e+04 6.302574257219687752e+03 3.563926988764460475e+03
3.207148329174031032e-02 1.320678865776639032e+04 5.887390540887128736e+03 3.331040755354425528e+03
3.576056001963404812e-02 1.217081056071194871e+04 5.434483881458505493e+03 3.076633214749957915e+03
3.987397905126498221e-02 1.113263003630322055e+04 4.979831495210587491e+03 2.821023212125408463e+03
4.446055107939526907e-02 1.017108737730252142e+04 4.558776686793404224e+03 2.584242014865234069e+03
4.957470132945773766e-02 9.340161580308347766e+03 4.196065049684184487e+03 2.380423761155619559e+03
5.527711538069327024e-02 8.645436822034365832e+03 3.895010925246430816e+03 2.211603322353455496e+03
6.163545927395905344e-02 8.019491304350849532e+03 3.625519158546668223e+03 2.060739480496836677e+03
6.872518245115814828e-02 7.348709768736041042e+03 3.334946947773735246e+03 1.897647273713767163e+03
7.663041305413779980e-02 6.535347200587269981e+03 2.975566932361250110e+03 1.694494960334731786e+03
8.544495620686157200e-02 5.600102589879113111e+03 2.553451541312620066e+03 1.454078873473127260e+03
9.527340712667957401e-02 4.709976937830059796e+03 2.146509522559672860e+03 1.221159305132839108e+03
1.062323922731101822e-01 4.041659905573400920e+03 1.844095390930646772e+03 1.048454368217453293e+03
1.184519532618636822e-01 3.589591415786324433e+03 1.650051803050706894e+03 9.395142035971833820e+02
1.320770899659224340e-01 3.156826161967794178e+03 1.464267260154613041e+03 8.351685680100321179e+02
1.472694811144383831e-01 2.636828069175423479e+03 1.222207419512271372e+03 6.950996737215134544e+02
1.642094028064348954e-01 2.183657488684094460e+03 1.008587563495924883e+03 5.706848317801955091e+02
1.830978677048002712e-01 1.872016833939914250e+03 8.775988882017603601e+02 4.977255738280692867e+02
2.041590102946942431e-01 1.571892956037906742e+03 7.454785220158718175e+02 4.226026310360724096e+02
2.276427465103479653e-01 1.290881860869714501e+03 6.134061570942070603e+02 3.450866577308056549e+02
2.538277392899435103e-01 1.071596897443135276e+03 5.222263266463653508e+02 2.948136735025682356e+02
2.830247052484705095e-01 8.721664531110055805e+02 4.325651725941515338e+02 2.429398473970833550e+02
3.155801017062329072e-01 7.048358498615073131e+02 3.615725172994301602e+02 2.034293045428828464e+02
3.518802378240603601e-01 5.607109622812907901e+02 2.991391386593753055e+02 1.680745214800982978e+02
3.923558586288135031e-01 4.388084394663108014e+02 2.476016740288214635e+02 1.397236675877067569e+02
4.374872563241952172e-01 3.359854074433532674e+02 2.035596872754438209e+02 1.154407500072735218e+02
4.878099695387512202e-01 2.504805508661177385e+02 1.664630121306520039e+02 9.527124492289465252e+01
5.439211381395319123e-01 1.806071634724859791e+02 1.352177161585862564e+02 7.850984499095741853e+01
6.064865890189676811e-01 1.248660647911128905e+02 1.088894942299069584e+02 6.453758230039217381e+01
6.762487369363893164e-01 8.180518086551434465e+01 8.675345446189496101e+01 5.289867025212918605e+01
7.540353941672404137e-01 4.988480459748182483e+01 6.820839836623535746e+01 4.320683746347251741e+01
8.407695934971151086e-01 2.741791115101606735e+01 5.276012447426646901e+01 3.512899602400179333e+01
9.374805411223435803e-01 1.259026011859045724e+01 4.001094045031280899e+01 2.839646789780419311e+01
1.045315829426528564e+00 3.568472371880325511e+00 2.962963328040077826e+01 2.278505857987823902e+01
1.165555054552403824e+00 -1.350127685703439662e+00 2.133211570750697206e+01 1.811395539775049102e+01
1.299625000357985227e+00 -3.598709819635012686e+00 1.485932049291534440e+01 1.423793372899816845e+01
1.449116568932995452e+00 -4.266717571601407855e+00 9.960104066470169215e+00 1.103719797779199041e+01
1.615803658576671964e+00 -4.102305172880224227e+00 6.383565396980598550e+00 8.415744283326569430e+00
1.801664213246928048e+00 -3.571053846698430068e+00 3.879094303254455589e+00 6.293961766356188647e+00
2.008903693258128342e+00 -2.934796588295365716e+00 2.205412286273009226e+00 4.603794753461221134e+00
2.239981245735629400e+00 -2.324744081468091750e+00 1.143221984072985586e+00 3.284738128337703511e+00
2.497638885371206374e+00 -1.795947948231013447e+00 5.070526386684908182e-01 2.280417591521337606e+00
2.784934031744384253e+00 -1.362762177609785574e+00 1.513649714393916490e-01 1.537254519357269311e+00
3.105275789304232426e+00 -1.020346260014975970e+00 -2.996467674973918999e-02 1.004377882163893121e+00
3.462465400517639402e+00 -7.560786895950565301e-01 -1.092119336788709288e-01 6.348888091331601480e-01
3.860741352209485999e+00 -5.555375257622324758e-01 -1.326282782839764141e-01 3.873773304733010292e-01
4.304829670336041580e+00 -4.052907621224715040e-01 -1.281566057433421724e-01 2.272571406042349640e-01
4.799999999999999822e+00 -2.937828171671461597e-01 -1.117231202966666032e-01 1.272505864219948546e-01
