1.000000000230258569e-04 4.701190798988179722e+02 2.176307938364580536e+02 1.221175833698828370e+02
1.115026695290953366e-04 5.280250570024217041e+02 2.445170710465726245e+02 1.372092518491279236e+02
1.243284530925187648e-04 5.971008215887103461e+02 2.765858186342216527e+02 1.552093121393873218e+02
1.386295441504667143e-04 6.719086255838290072e+02 3.113531136155529566e+02 1.747266052242835030e+02
1.545756424481938766e-04 7.466321935826372282e+02 3.461636397473257603e+02 1.942712211268464841e+02
1.723559677317991945e-04 8.245458238605669976e+02 3.825470868798668675e+02 2.147064708678463205e+02
1.921815050694108094e-04 9.187015345153690760e+02 4.265273285300518751e+02 2.394085597779829300e+02
2.142875084442451923e-04 1.032322605782254186e+03 4.796005884528672709e+02 2.692210459080567944e+02
2.389362923277018713e-04 1.149707673953404992e+03 5.345557737303000749e+02 3.000994089526051312e+02
2.664203443578849946e-04 1.274864452529127448e+03 5.932691025196583041e+02 3.330974216093189852e+02
2.970657960592480913e-04 1.428106547207227550e+03 6.650914465352768730e+02 3.734632786399519659e+02
3.312362927876497001e-04 1.588013103104671927e+03 7.401413272553476190e+02 4.156541569478764018e+02
3.693373088223966556e-04 1.770489379281272022e+03 8.257433341971367327e+02 4.637794630532105202e+02
4.118209588090659132e-04 1.973224319153674287e+03 9.207772573577863113e+02 5.172113145767809783e+02
4.591913626466918256e-04 2.200711743278407539e+03 1.027281944740097288e+03 5.770904316378437215e+02
5.120106274801957584e-04 2.448385483375545391e+03 1.143060274110755017e+03 6.421806496226015497e+02
5.709055177816341068e-04 2.733113827749043139e+03 1.275824268702281643e+03 7.168068469768019213e+02
6.365748926688486646e-04 3.046853397196813603e+03 1.421800038970396145e+03 7.988456111331425973e+02
7.097979987143026312e-04 3.393299568818279567e+03 1.582621120862155749e+03 8.892092465809990927e+02
7.914437166483044659e-04 3.779462085019504229e+03 1.761466466138855822e+03 9.896773354611983677e+02
8.824808716799498404e-04 4.209399230763920059e+03 1.960195002572863132e+03 1.101291565463804318e+03
9.839897297802024153e-04 4.684328679838191420e+03 2.179376929258552536e+03 1.224369871741617317e+03
1.097174816344422205e-03 5.205483508440828700e+03 2.419602568632579278e+03 1.359241563081117420e+03
1.223379209343287413e-03 5.788555493396378552e+03 2.688173630978897108e+03 1.510012899679842803e+03
1.364100476567608111e-03 6.422040035401726527e+03 2.979815724900452551e+03 1.673723765911343662e+03
1.521008446081769522e-03 7.120448015830202166e+03 3.301335137783132268e+03 1.854208370984456906e+03
1.695965020753673102e-03 7.885269487670594572e+03 3.653460320241943464e+03 2.051880291391358696e+03
1.891046271984591709e-03 8.721591864976700890e+03 4.038607137667308052e+03 2.268108086643185288e+03
2.108567074807741158e-03 9.625205873401710051e+03 4.454856076097409641e+03 2.501815927194849792e+03
2.351108576680822643e-03 1.060708786324602079e+04 4.907365489389753748e+03 2.755914830730781432e+03
2.621548825923003187e-03 1.166509569964899310e+04 5.395173170985322031e+03 3.029865652641385623e+03
2.923096923239734257e-03 1.280199673580677336e+04 5.919610868958907304e+03 3.324426070204604912e+03
3.259331101584665453e-03 1.401337664119828332e+04 6.478630122164308887e+03 3.638461310584714738e+03
3.634241186222156913e-03 1.529717928070589733e+04 7.071260997609580954e+03 3.971451834981141928e+03
4.052275938830490927e-03 1.665020828714449817e+04 7.696124481048871530e+03 4.322593906308658916e+03
4.518395847440812539e-03 1.806361247165632085e+04 8.349237668260244391e+03 4.689657088314199427e+03
5.038131988628217865e-03 1.952603451836631939e+04 9.025371401953192617e+03 5.069749202863740720e+03
5.617651660426248826e-03 2.102191208182190894e+04 9.717347815513274327e+03 5.458845060485947215e+03
6.263831564778516575e-03 2.253148697393978728e+04 1.041610430022243963e+04 5.851838214099057950e+03
6.984339407925946493e-03 2.403021200508316906e+04 1.111037608240418558e+04 6.242438347806276397e+03
7.787724887016851671e-03 2.548766756117092518e+04 1.178618259687078171e+04 6.622791374086951691e+03
8.683521142606049834e-03 2.686667061373579418e+04 1.242645144406805412e+04 6.983315241401559433e+03
9.682357880899711625e-03 2.812329205516349975e+04 1.301095476264351055e+04 7.312697955081125656e+03
1.079608750807801998e-02 2.920628869819558167e+04 1.351603885820467440e+04 7.597593275262900534e+03
1.203792577343234388e-02 3.005891319588850820e+04 1.391568015318298421e+04 7.823471009803553898e+03
1.342260859021738965e-02 3.061946009865785163e+04 1.418120845505751277e+04 7.974184805796606270e+03
1.496656689508787767e-02 3.082534967830297683e+04 1.428362928805833144e+04 8.033349479465022341e+03
1.668812162103823840e-02 3.061611446168357725e+04 1.419486716837783024e+04 7.985229723690624269e+03
1.860770109743517184e-02 2.994359401306353175e+04 1.389226412612397871e+04 7.816966381328902571e+03
2.074808345685756270e-02 2.878281683584721031e+04 1.336372542886608062e+04 7.521654634988478392e+03
2.313466692519383291e-02 2.714470526647330553e+04 1.261355968995292824e+04 7.101564766497956043e+03
2.579577120231610690e-02 2.509020261629733432e+04 1.166908750180784045e+04 6.571861070566325907e+03
2.876297350957714855e-02 2.273516975085842205e+04 1.058310089536747910e+04 5.962057904644287191e+03
3.207148329174031032e-02 2.025063010795391529e+04 9.434298438310350321e+03 5.316301819443804561e+03
3.576056001963404812e-02 1.784323441430441744e+04 8.318674478451266623e+03 4.688631613202471272e+03
3.987397905126498221e-02 1.571406174118752278e+04 7.330774476744819367e+03 4.132511788009386692e+03
4.446055107939526907e-02 1.401112957071528763e+04 6.541764168453610182e+03 3.688502511621417398e+03
4.957470132945773766e-02 1.277557775569909063e+04 5.973774324921605512e+03 3.369696838186840068e+03
5.527711538069327024e-02 1.190797578040096960e+04 5.582645078596121493e+03 3.151661077333493267e+03
6.163545927395905344e-02 1.112188752289572767e+04 5.232324305578493295e+03 2.957173154280756080e+03
6.872518245115814828e-02 1.008648831581737795e+04 4.759283999227077402e+03 2.692054939964225923e+03
7.663041305413779980e-02 8.637411567751918483e+03 4.074098773336516388e+03 2.303087771867289575e+03
8.544495620686157200e-02 7.011646877816484448e+03 3.286190356849561795e+03 1.851620107702466839e+03
9.527340712667957401e-02 5.698109138176023407e+03 2.645926776369586150e+03 1.483711101372502526e+03
1.062323922731101822e-01 4.949998940737820703e+03 2.300530839598696275e+03 1.289120899383830420e+03
1.184519532618636822e-01 4.505801892369791858e+03 2.123866403134308257e+03 1.196118892023527451e+03
1.320770899659224340e-01 3.888937479405726208e+03 1.840868461588574519e+03 1.036985187580673937e+03
1.472694811144383831e-01 3.130860772378491674e+03 1.450733515932002092e+03 8.067383013961259621e+02
1.642094028064348954e-01 2.618526714179672581e+03 1.205602176980324884e+03 6.661854233644760370e+02
1.830978677048002712e-01 2.272766015764528220e+03 1.071052222416378527e+03 5.976474724764008215e+02
2.041590102946942431e-01 1.877330227082080910e+03 8.742292393483335218e+02 4.818512096631534973e+02
2.276427465103479653e-01 1.559311393140333848e+03 7.245774244472033843e+02 3.962958093052311028e+02
2.538277392899435103e-01 1.301440918682583742e+03 6.147405182719585355e+02 3.377853810636352705e+02
2.830247052484705095e-01 1.070091213083562934e+03 5.051361194701873387e+02 2.739688455679851700e+02
3.155801017062329072e-01 8.783161603183003763e+02 4.224428989088404478e+02 2.298193265150163143e+02
3.518802378240603601e-01 7.138846825001450043e+02 3.490882343131171979e+02 1.888730222171364517e+02
3.923558586288135031e-01 5.749588046239634878e+02 2.884968961393873315e+02 1.560569281970672364e+02
4.374872563241952172e-01 4.578123758038954065e+02 2.377186347225823511e+02 1.289380025169351143e+02
4.878099695387512202e-01 3.596537813763818576e+02 1.949275613676131798e+02 1.062092982620850847e+02
5.439211381395319123e-01 2.782180732636682023e+02 1.589994963047005854e+02 8.737293046273708796e+01
6.064865890189676811e-01 2.115497258528221494e+02 1.288513686632759629e+02 7.175966367470917362e+01
6.762487369363893164e-01 1.578992867177477990e+02 1.035907508688218144e+02 5.881402418232468676e+01
7.540353941672404137e-01 1.156124045784057444e+02 8.247183298405911955e+01 4.806343437164407817e+01
8.407695934971151086e-01 8.306951348182610673e+01 6.489872884919107321e+01 3.912693305490562778e+01
9.374805411223435803e-01 5.866087876854416550e+01 5.038362306955551162e+01 3.169552470774277708e+01
1.045315829426528564e+00 4.082147493990623133e+01 3.851960621913521265e+01 2.551508385266209089e+01
1.165555054552403824e+00 2.809226017447988255e+01 2.895888820055456492e+01 2.038201778462449454e+01
1.299625000357985227e+00 1.919257601444294536e+01 2.138841108812496117e+01 1.612940161487944124e+01
1.449116568932995452e+00 1.306611423261069405e+01 1.551674825078974251e+01 1.262240066512209147e+01
1.615803658576671964e+00 8.891357709638539220e+00 1.106563698813509511e+01 9.751619447855947698e+00
1.801664213246928048e+00 6.061867095023591112e+00 7.770963292886731821e+00 7.425502456092149650e+00
2.008903693258128342e+00 4.146597449916713529e+00 5.388021909649218344e+00 5.566131699443150893e+00
2.239981245735629400e+00 2.848002518139535422e+00 3.700098414218486731e+00 4.104373968322348354e+00
2.497638885371206374e+00 1.964357119739042812e+00 2.525079936721874141e+00 2.976988953409478889e+00
2.784934031744384253e+00 1.360244571202401165e+00 1.717758158500064303e+00 2.125485699261810524e+00
3.105275789304232426e+00 9.451278307799452216e-01 1.167906979097311559e+00 1.496033713515510843e+00
3.462465400517639402e+00 6.584466483297559680e-01 7.951756768582548540e-01 1.040329162289448828e+00
3.860741352209485999e+00 4.595259005762920568e-01 5.428367208326870808e-01 7.165935823985182251e-01
4.304829670336041580e+00 0.000000000000000000e+00 3.717805491614334379e-01 4.902751364989567651e-01
4.799999999999999822e+00 0.000000000000000000e+00 2.554720215136025430e-01 3.340483958560417355e-01
