1.000000000230258569e-04 7.062831121512861046e+02 3.200990578578678765e+02 1.773012124049967042e+02
1.115026695290953366e-04 7.780133750550833156e+02 3.528264906927392417e+02 1.954505978533030941e+02
1.243284530925187648e-04 8.690373827042715220e+02 3.943164923182175130e+02 2.184559571722028863e+02
1.386295441504667143e-04 9.783506223674586408e+02 4.441478769971797078e+02 2.460860744528279440e+02
1.545756424481938766e-04 1.095678257620726299e+03 4.977367655344409627e+02 2.758123854367769354e+02
1.723559677317991945e-04 1.209914825992177612e+03 5.501403815070914334e+02 3.049051570937238012e+02
1.921815050694108094e-04 1.326815693938959157e+03 6.039935316319415506e+02 3.348265582502115194e+02
2.142875084442451923e-04 1.469715619533799781e+03 6.698164494157025501e+02 3.714014477404106174e+02
2.389362923277018713e-04 1.643343056547063497e+03 7.497462913920414849e+02 4.158154836318460070e+02
2.664203443578849946e-04 1.818759124973347070e+03 8.307966659152547209e+02 4.608907696365123456e+02
2.970657960592480913e-04 2.003328475042461150e+03 9.163161858673918232e+02 5.084867428343134748e+02
3.312362927876497001e-04 2.232797015214785006e+03 1.022338998105941528e+03 5.674741723872251669e+02
3.693373088223966556e-04 2.467095623058531146e+03 1.130760994954915304e+03 6.278314858363401072e+02
4.118209588090659132e-04 2.735797766172505817e+03 1.254831726711808187e+03 6.968864636101529868e+02
4.591913626466918256e-04 3.031598610372192070e+03 1.391080430734351467e+03 7.727030280632305903e+02
5.120106274801957584e-04 3.364198710980228043e+03 1.543787769844515424e+03 8.576367192738817948e+02
5.709055177816341068e-04 3.722086701307284329e+03 1.707526385065547174e+03 9.486577431823418465e+02
6.365748926688486646e-04 4.135319548525477330e+03 1.895695054773056427e+03 1.053159317930006637e+03
7.097979987143026312e-04 4.588617100232459961e+03 2.101297949052641798e+03 1.167252836729187720e+03
7.914437166483044659e-04 5.085846145807197900e+03 2.325973225255231682e+03 1.291825258100873953e+03
8.824808716799498404e-04 5.637150088673120081e+03 2.574247170851621377e+03 1.429369881685192922e+03
9.839897297802024153e-04 6.247455550193571071e+03 2.848375637502133031e+03 1.581136453867474302e+03
1.097174816344422205e-03 6.915831842841388607e+03 3.148034829499908483e+03 1.746954570118032507e+03
1.223379209343287413e-03 7.643189731739446870e+03 3.473765208455279208e+03 1.927134899908171519e+03
1.364100476567608111e-03 8.452178023348940769e+03 3.835926468171273882e+03 2.127438553085934927e+03
1.521008446081769522e-03 9.319792479042918785e+03 4.224228040358122598e+03 2.342183985635725548e+03
1.695965020753673102e-03 1.026552220978913829e+04 4.647673939146355224e+03 2.576393771562710754e+03
1.891046271984591709e-03 1.129068187709734957e+04 5.106948659617999510e+03 2.830462662067622659e+03
2.108567074807741158e-03 1.239797311009963596e+04 5.603375307591947603e+03 3.105142361798664297e+03
2.351108576680822643e-03 1.357489856173235239e+04 6.131339836520312929e+03 3.397330376784331293e+03
2.621548825923003187e-03 1.483617175034564752e+04 6.697607786363528248e+03 3.710804896690788155e+03
2.923096923239734257e-03 1.617544221824847955e+04 7.299328586746330984e+03 4.044004113655946639e+03
3.259331101584665453e-03 1.758914303955973810e+04 7.934914900433499497e+03 4.396063508940276733e+03
3.634241186222156913e-03 1.906972573203080174e+04 8.601034474166110158e+03 4.765136451913196652e+03
4.052275938830490927e-03 2.060810068275149388e+04 9.293689284078149285e+03 5.149000501624343997e+03
4.518395847440812539e-03 2.219164321021821161e+04 1.000723872995815509e+04 5.544558744112294335e+03
5.038131988628217865e-03 2.380618811488061692e+04 1.073529668793632663e+04 5.948319491294901127e+03
5.617651660426248826e-03 2.543290922178831170e+04 1.146951552183617423e+04 6.355663875299467691e+03
6.263831564778516575e-03 2.704667610153065107e+04 1.219867308322362987e+04 6.760409781327796736e+03
6.984339407925946493e-03 2.861863861535885007e+04 1.290982856691630695e+04 7.155387381456592266e+03
7.787724887016851671e-03 3.011456612744622544e+04 1.358766303106239138e+04 7.532095385236738366e+03
8.683521142606049834e-03 3.149548018587142724e+04 1.421471844239349048e+04 7.880893515949404900e+03
9.682357880899711625e-03 3.271694052400662258e+04 1.477111304025518075e+04 8.190772459949263975e+03
1.079608750807801998e-02 3.372989412805209577e+04 1.523479100023158389e+04 8.449527825612309243e+03
1.203792577343234388e-02 3.448036250753870991e+04 1.558137636523939182e+04 8.643629971034763003e+03
1.342260859021738965e-02 3.491213315449011861e+04 1.578563550061276146e+04 8.759030825786661808e+03
1.496656689508787767e-02 3.496894513373080554e+04 1.582208835454076143e+04 8.781691959134677745e+03
1.668812162103823840e-02 3.460119435292080743e+04 1.566795402771698900e+04 8.698787085458578076e+03
1.860770109743517184e-02 3.377263477310138842e+04 1.530653688333686296e+04 8.500961496027115572e+03
2.074808345685756270e-02 3.246703462322946871e+04 1.472985920912069923e+04 8.183709512128294591e+03
2.313466692519383291e-02 3.070048275456383635e+04 1.394430405395421076e+04 7.750352469410962840e+03
2.579577120231610690e-02 2.853285142734309193e+04 1.297587142085419873e+04 7.215113319197548662e+03
2.876297350957714855e-02 2.607274164195745107e+04 1.187265495767586071e+04 6.604480110193163455e+03
3.207148329174031032e-02 2.347565945638662015e+04 1.070431469886335253e+04 5.956987252238441215e+03
3.576056001963404812e-02 2.092739112410537200e+04 9.555046103946719086e+03 5.319397228239666219e+03
3.987397905126498221e-02 1.860928760790582237e+04 8.508225852746294549e+03 4.738254525034697508e+03
4.446055107939526907e-02 1.665703901269371272e+04 7.627852296223422854e+03 4.249593508764573016e+03
4.957470132945773766e-02 1.510963053033294455e+04 6.934664707501530756e+03 3.865534796520395048e+03
5.527711538069327024e-02 1.387364884341579818e+04 6.387962006190365173e+03 3.563794970011968417e+03
6.163545927395905344e-02 1.273582272050225947e+04 5.888351797564003391e+03 3.288620643889154053e+03
6.872518245115814828e-02 1.140745133944316876e+04 5.294136699522323397e+03 2.959112999736776601e+03
7.663041305413779980e-02 9.787246377570043478e+03 4.547219599448410918e+03 2.540456960342616640e+03
8.544495620686157200e-02 8.082033318479000627e+03 3.741660268912954507e+03 2.084857572937476107e+03
9.527340712667957401e-02 6.676099570833748658e+03 3.074746540913190984e+03 1.706723908005781595e+03
1.062323922731101822e-01 5.751412906718598606e+03 2.657180977648155931e+03 1.473832993914374811e+03
1.184519532618636822e-01 5.086863808542398147e+03 2.382730842030931854e+03 1.326227087352382114e+03
1.320770899659224340e-01 4.334882762140464365e+03 2.045043769077746902e+03 1.138007339008548797e+03
1.472694811144383831e-01 3.532943115969957489e+03 1.649978435264604968e+03 9.090549394790344877e+02
1.642094028064348954e-01 2.935986634937301915e+03 1.374629729601577083e+03 7.534715526974591739e+02
1.830978677048002712e-01 2.478746068678621668e+03 1.189603537657883635e+03 6.560071917009762501e+02
2.041590102946942431e-01 2.030092751807455670e+03 9.805365530363867492e+02 5.364189135332414935e+02
2.276427465103479653e-01 1.655549939953035391e+03 8.124551562890441119e+02 4.421372880254090205e+02
2.538277392899435103e-01 1.342196085951872874e+03 6.805855038050212897e+02 3.715699041615993679e+02
2.830247052484705095e-01 1.070547387518591222e+03 5.604651397447529462e+02 3.043077210619691186e+02
3.155801017062329072e-01 8.420049185557062401e+02 4.637809479836926698e+02 2.528157263461755804e+02
3.518802378240603601e-01 6.491737354798549404e+02 3.808538971463420921e+02 2.080711913288141091e+02
3.923558586288135031e-01 4.886625349089198380e+02 3.115332151995066283e+02 1.714551558972097496e+02
4.374872563241952172e-01 3.570125743292064726e+02 2.532719809561317845e+02 1.410797251733855262e+02
4.878099695387512202e-01 2.513318436136957814e+02 2.042996256189492499e+02 1.158276735237829911e+02
5.439211381395319123e-01 1.688939127046099600e+02 1.632124509760600688e+02 9.488927866824647595e+01
6.064865890189676811e-01 1.069214543854579205e+02 1.288321508574305767e+02 7.751617938050416967e+01
6.762487369363893164e-01 6.243852017431593993e+01 1.002045461855460076e+02 6.309459591936393252e+01
7.540353941672404137e-01 3.227376686406810791e+01 7.654761156998112881e+01 5.111260900676652597e+01
8.407695934971151086e-01 1.319480072732791065e+01 5.722572302728273996e+01 4.115632012834303310e+01
9.374805411223435803e-01 2.150348208406597017e+00 4.169909838014255143e+01 3.288652626695263592e+01
1.045315829426528564e+00 -3.491190350148147381e+00 2.948793863053672482e+01 2.602691935414368274e+01
1.165555054552403824e+00 -5.790794760375779227e+00 2.014194515120236062e+01 2.035719530857201320e+01
1.299625000357985227e+00 -6.214347435166503786e+00 1.321976146635979532e+01 1.569778418555452504e+01
1.449116568932995452e+00 -5.711408035814909745e+00 8.284211543869536953e+00 1.190283392944163232e+01
1.615803658576671964e+00 -4.843403666956795917e+00 4.912130894159644434e+00 8.851327507166661945e+00
1.801664213246928048e+00 -3.911387064818345749e+00 2.713840870899285829e+00 6.438026645419642868e+00
2.008903693258128342e+00 -3.057614646466142450e+00 1.352730678900396999e+00 4.569075473872532100e+00
2.239981245735629400e+00 -2.335760648053959443e+00 5.578667628156227520e-01 3.157218254051039175e+00
2.497638885371206374e+00 -1.753647452241820837e+00 1.259778106986204349e-01 2.120359444539258398e+00
2.784934031744384253e+00 -1.298616505160629542e+00 -8.565868546294909402e-02 1.381891772430163590e+00
3.105275789304232426e+00 -9.506306293917393679e-01 -1.713191314053012781e-01 8.725839688494676505e-01
3.462465400517639402e+00 -6.887131546022007278e-01 -1.898529854437351061e-01 5.326771176845661593e-01
3.860741352209485999e+00 -4.940778542007002172e-01 -1.760926407765237012e-01 3.132108362949985736e-01
4.304829670336041580e+00 0.000000000000000000e+00 -1.495243224964448725e-01 1.761917113648599487e-01
4.799999999999999822e+00 0.000000000000000000e+00 -1.203292652116389749e-01 9.357899072184225342e-02
