1.000000000230258569e-04 4.701189365498132133e+02 2.176308584521964349e+02 1.221175539929264886e+02
1.115026695290953366e-04 5.280251338385411373e+02 2.445174910950111951e+02 1.372092493737998780e+02
1.243284530925187648e-04 5.971006431698276629e+02 2.765852054025245934e+02 1.552093261206829311e+02
1.386295441504667143e-04 6.719077140445723444e+02 3.113530819419244153e+02 1.747265196206315920e+02
1.545756424481938766e-04 7.466317327469192833e+02 3.461635225297803231e+02 1.942712176758255680e+02
1.723559677317991945e-04 8.245458274790140649e+02 3.825470448727110124e+02 2.147064381666485247e+02
1.921815050694108094e-04 9.187018475221115068e+02 4.265274757699414749e+02 2.394085705832561075e+02
2.142875084442451923e-04 1.032321730366136535e+03 4.796005115464895425e+02 2.692210141716523708e+02
2.389362923277018713e-04 1.149706251210401888e+03 5.345557943378134951e+02 3.000993844619540596e+02
2.664203443578849946e-04 1.274864910959702001e+03 5.932691791455032444e+02 3.330973162025299530e+02
2.970657960592480913e-04 1.428105660346656578e+03 6.650912943080714967e+02 3.734633242712064316e+02
3.312362927876497001e-04 1.588011843130121406e+03 7.401414642944038178e+02 4.156541087488062090e+02
3.693373088223966556e-04 1.770489247933064462e+03 8.257434748771386239e+02 4.637794229589374027e+02
4.118209588090659132e-04 1.973221521677630790e+03 9.207772118613904695e+02 5.172112028491451383e+02
4.591913626466918256e-04 2.200710500173928267e+03 1.027281834061091104e+03 5.770904244458897665e+02
5.120106274801957584e-04 2.448383849901370922e+03 1.143060271787500142e+03 6.421806488072750199e+02
5.709055177816341068e-04 2.733108280300406932e+03 1.275823823585002401e+03 7.168069135890508505e+02
6.365748926688486646e-04 3.046847347141872433e+03 1.421799736404467467e+03 7.988455434262765493e+02
7.097979987143026312e-04 3.393293942580224211e+03 1.582620750115065221e+03 8.892092018141149765e+02
7.914437166483044659e-04 3.779454815115746896e+03 1.761466042717905793e+03 9.896772913797101410e+02
8.824808716799498404e-04 4.209387158152246229e+03 1.960194407477761843e+03 1.101291532581469255e+03
9.839897297802024153e-04 4.684310105183961241e+03 2.179376029162028317e+03 1.224369791235468028e+03
1.097174816344422205e-03 5.205465715368442943e+03 2.419601714622314375e+03 1.359241510943509411e+03
1.223379209343287413e-03 5.788523607780523889e+03 2.688172122959056196e+03 1.510012783927429382e+03
1.364100476567608111e-03 6.422006074688565604e+03 2.979814128181373690e+03 1.673723652455721094e+03
1.521008446081769522e-03 7.120399793609753942e+03 3.301333013810912234e+03 1.854208245056359601e+03
1.695965020753673102e-03 7.885202040591522746e+03 3.653457195572036653e+03 2.051880151977142759e+03
1.891046271984591709e-03 8.721487385042186361e+03 4.038601961145297082e+03 2.268107707034409032e+03
2.108567074807741158e-03 9.625076340996867657e+03 4.454849909513326566e+03 2.501815559351899992e+03
2.351108576680822643e-03 1.060690580017273169e+04 4.907356653103242934e+03 2.755914191343375023e+03
2.621548825923003187e-03 1.166484470377812249e+04 5.395161019468980157e+03 3.029864795450385373e+03
2.923096923239734257e-03 1.280164351313808402e+04 5.919593523302883114e+03 3.324424923269740248e+03
3.259331101584665453e-03 1.401289548943421505e+04 6.478606520127164913e+03 3.638459652869113597e+03
3.634241186222156913e-03 1.529653847125618995e+04 7.071229832946112765e+03 3.971449736747357747e+03
4.052275938830490927e-03 1.664933640720690164e+04 7.696081931683931543e+03 4.322590982761518717e+03
4.518395847440812539e-03 1.806243532689328640e+04 8.349180239988356334e+03 4.689653164808113615e+03
5.038131988628217865e-03 1.952444542013198225e+04 9.025293659906388712e+03 5.069743904816701615e+03
5.617651660426248826e-03 2.101978508769530890e+04 9.717243765064878971e+03 5.458837957725932938e+03
6.263831564778516575e-03 2.252865307290830606e+04 1.041596561921572902e+04 5.851828770388597150e+03
6.984339407925946493e-03 2.402645497753605378e+04 1.111019221869241846e+04 6.242425809232936444e+03
7.787724887016851671e-03 2.548271407784872645e+04 1.178594011714067165e+04 6.622774829125143697e+03
8.683521142606049834e-03 2.686018003315147871e+04 1.242613362810918443e+04 6.983293549720180636e+03
9.682357880899711625e-03 2.811484692604396696e+04 1.301054109206939575e+04 7.312669719417272972e+03
1.079608750807801998e-02 2.919538762565479192e+04 1.351550465695006096e+04 7.597556810541449522e+03
1.203792577343234388e-02 3.004496896869616103e+04 1.391499647267160435e+04 7.823424330327808093e+03
1.342260859021738965e-02 3.060180696590180742e+04 1.418034239163864913e+04 7.974125658057808323e+03
1.496656689508787767e-02 3.080326396654131167e+04 1.428254495578124988e+04 8.033275405087390936e+03
1.668812162103823840e-02 3.058885683012402296e+04 1.419352774752162441e+04 7.985138193129676438e+03
1.860770109743517184e-02 2.991047077985047872e+04 1.389063480702986271e+04 7.816854996832477809e+03
2.074808345685756270e-02 2.874326176721948650e+04 1.336177740427147728e+04 7.521521403457139058e+03
2.313466692519383291e-02 2.709836848462129637e+04 1.261127457203270023e+04 7.101408402683701752e+03
2.579577120231610690e-02 2.503701046797286835e+04 1.166646027960442916e+04 6.571681196487785201e+03
2.876297350957714855e-02 2.267532164045491663e+04 1.058013999462183710e+04 5.961855066024033476e+03
3.207148329174031032e-02 2.018445492688096056e+04 9.431018734903333097e+03 5.316077006772932691e+03
3.576056001963404812e-02 1.777086652922878420e+04 8.315081132305414940e+03 4.688385136567516383e+03
3.987397905126498221e-02 1.563498269626644469e+04 7.326840095575778832e+03 4.132241738566507593e+03
4.446055107939526907e-02 1.392365821096156651e+04 6.537402059035262937e+03 3.688202872214849322e+03
4.957470132945773766e-02 1.267663790645659901e+04 5.968824771179430172e+03 3.369356484151545374e+03
5.527711538069327024e-02 1.179356578215915397e+04 5.576896572434476184e+03 3.151265185559162092e+03
6.163545927395905344e-02 1.098929196531002526e+04 5.225625873800437148e+03 2.956710951866220512e+03
6.872518245115814828e-02 9.937240364974957629e+03 4.751704944173144213e+03 2.691531011528824365e+03
7.663041305413779980e-02 8.478764025574899279e+03 4.066022691734899581e+03 2.302529104195243690e+03
8.544495620686157200e-02 6.851772770843063881e+03 3.278074813132164763e+03 1.851059612947097321e+03
9.527340712667957401e-02 5.536830450216090867e+03 2.637781839303901506e+03 1.483150194800477720e+03
1.062323922731101822e-01 4.776039565895852320e+03 2.291704362100602793e+03 1.288512412122970545e+03
1.184519532618636822e-01 4.308957311092044620e+03 2.113703778726815926e+03 1.195413676069373878e+03
1.320770899659224340e-01 3.677430376357450768e+03 1.829852503627131910e+03 1.036218761458838344e+03
1.472694811144383831e-01 2.918863456292954652e+03 1.439843896653026150e+03 8.059873654618468208e+02
1.642094028064348954e-01 2.398013360909201765e+03 1.194261555558629425e+03 6.654053765071538464e+02
1.830978677048002712e-01 2.034475686214104826e+03 1.058428536901653615e+03 5.967684337061634778e+02
2.041590102946942431e-01 1.632213892973332349e+03 8.612510773908494457e+02 4.809531427342600409e+02
2.276427465103479653e-01 1.306304801135885327e+03 7.110391316768243541e+02 3.953604195973389324e+02
2.538277392899435103e-01 1.039219944176784111e+03 6.002784758091041795e+02 3.367760135376742028e+02
2.830247052484705095e-01 8.030394741702896226e+02 4.901369238226017728e+02 2.729259224943970139e+02
3.155801017062329072e-01 6.076980418340961023e+02 4.066298213758454949e+02 2.287077850500866418e+02
3.518802378240603601e-01 4.434251764914887985e+02 3.325950570493927216e+02 1.877071851528542368e+02
3.923558586288135031e-01 3.085835250732708346e+02 2.713127476150506254e+02 1.548284139632265237e+02
4.374872563241952172e-01 2.001176731895999978e+02 2.198792082912694354e+02 1.276423196839810572e+02
4.878099695387512202e-01 1.156386640392077680e+02 1.765221983868874815e+02 1.048460112564681168e+02
5.439211381395319123e-01 5.281660985692386134e+01 1.401496125898290757e+02 8.594091373110310883e+01
6.064865890189676811e-01 9.093292156628404399e+00 1.097231043312179537e+02 7.025902416084029767e+01
6.762487369363893164e-01 -1.844960137526868849e+01 8.439742962074586785e+01 5.724634534070971625e+01
7.540353941672404137e-01 -3.307784781070525071e+01 6.347789261208142619e+01 4.643294178441986730e+01
8.407695934971151086e-01 -3.822294141926356303e+01 4.640948722392881365e+01 3.744081080839114861e+01
9.374805411223435803e-01 -3.716108750711305930e+01 3.272905108497468518e+01 2.996446176267896888e+01
1.045315829426528564e+00 -3.268065717839427720e+01 2.202950323598806648e+01 2.375394113839100996e+01
1.165555054552403824e+00 -2.686233791989482000e+01 1.392935371830998115e+01 1.860977250904865699e+01
1.299625000357985227e+00 -2.103863240177070537e+01 8.048853431592942087e+00 1.436928108124506487e+01
1.449116568932995452e+00 -1.590811654359926131e+01 4.001748441551298718e+00 1.090118117927332619e+01
1.615803658576671964e+00 -1.172532039830578654e+01 1.401009600488304807e+00 8.098071946827040790e+00
1.801664213246928048e+00 -8.485041938631294300e+00 -1.222143760904783050e-01 5.868511585083425075e+00
2.008903693258128342e+00 -6.060968481925730345e+00 -8.961909923495754438e-01 4.131983208572873600e+00
2.239981245735629400e+00 -4.290998869030839380e+00 -1.189943816907022001e+00 2.814084847358778951e+00
2.497638885371206374e+00 -3.019848656463074210e+00 -1.205510036495534898e+00 1.844169952953694791e+00
2.784934031744384253e+00 -2.117268447692748357e+00 -1.081477286731434617e+00 1.155082516161199280e+00
3.105275789304232426e+00 -1.481180665068148494e+00 -9.043167602861253984e-01 6.844474202776188454e-01
3.462465400517639402e+00 -1.034863664403632200e+00 -7.224287655828266486e-01 3.767551525535407508e-01
3.860741352209485999e+00 -7.224854863787290027e-01 -5.592270829365033613e-01 1.852022136979849243e-01
4.304829670336041580e+00 0.000000000000000000e+00 -4.232357760483150821e-01 7.260464603623327517e-02
4.799999999999999822e+00 0.000000000000000000e+00 -3.150251572528554034e-01 1.111903691401047549e-02
