1.000000000230258569e-04 1.775040298520315264e+04 7.525430529652405312e+03 4.255159717664259915e+03
1.115486563971542785e-04 1.963029343155239258e+04 8.310612146535600914e+03 4.695106601519984906e+03
1.244310274114527074e-04 2.140914461209800720e+04 9.045854585545508598e+03 5.104184516100242945e+03
1.388011391866901154e-04 2.347172688379587635e+04 9.897886031835489121e+03 5.577651968491617481e+03
1.548308057910457113e-04 2.615816953020909932e+04 1.101549998433834844e+04 6.200853586698890467e+03
1.727116835090306587e-04 2.905244898663207277e+04 1.221879077031320412e+04 6.870387592869428772e+03
1.926575623508681512e-04 3.184255840813225223e+04 1.337260066511935474e+04 7.508207622249680753e+03
2.149069222004190347e-04 3.529729079683400050e+04 1.481518367690715240e+04 8.308970519437963958e+03
2.397257841638464457e-04 3.906887181472199882e+04 1.640234163239564441e+04 9.191506960673774302e+03
2.674108912107391479e-04 4.289961011698404764e+04 1.802758803684996383e+04 1.009573737678802900e+04
2.982932561365508645e-04 4.741696865322122903e+04 1.997550085389233936e+04 1.118820903326097869e+04
3.327421192670277522e-04 5.188957932084186177e+04 2.193565808793786709e+04 1.229353947854479338e+04
3.711693632243215748e-04 5.684640428746396356e+04 2.415014591236411070e+04 1.355553232451775148e+04
4.140344375392690035e-04 6.207278280475574866e+04 2.653321073906850506e+04 1.492908625857317384e+04
4.618498519902246974e-04 6.730361765039146121e+04 2.897337758401062092e+04 1.635384557801658229e+04
5.151873043487156757e-04 7.276329432782165532e+04 3.156607168214119883e+04 1.788705216634763565e+04
5.746845157973842983e-04 7.843128328021609923e+04 3.429615220810177561e+04 1.952142199530024664e+04
6.410528557468661917e-04 8.428029285018515657e+04 3.714133885351441859e+04 2.124233197385556559e+04
7.150858472165629249e-04 9.038180998547452327e+04 4.011808304515764030e+04 2.305498375100908379e+04
7.976686544726134401e-04 9.670272648382454645e+04 4.319597557007965224e+04 2.493642476813878238e+04
8.897886663605780169e-04 1.031125225120145769e+05 4.630958119746828015e+04 2.684448280554861412e+04
9.925473018708411317e-04 1.100743522187733179e+05 4.965423720722566941e+04 2.888632566391174623e+04
1.107173179088194286e-03 1.173543927093801176e+05 5.312381780723671545e+04 3.099616314136065557e+04
1.235036804978161722e-03 1.250018576778619463e+05 5.674029420350042346e+04 3.318498449586150673e+04
1.377666961646263968e-03 1.330002136907905224e+05 6.049968560188684933e+04 3.545040587423993566e+04
1.536768984990051967e-03 1.415289940365701623e+05 6.448368164086378238e+04 3.783949440822947508e+04
1.714245154289869167e-03 1.503653272307169973e+05 6.859740235003776615e+04 4.029907241644569876e+04
1.912217436523370962e-03 1.596237378084896191e+05 7.288995858995453455e+04 4.285868810820547515e+04
2.133052857342773462e-03 1.690861934492766450e+05 7.726716781403806817e+04 4.546611317629153200e+04
2.379391802059096454e-03 1.787529950003494159e+05 8.173035892523155781e+04 4.812027075037713803e+04
2.654179585009814029e-03 1.884262767465012730e+05 8.619598773951179464e+04 5.076927440687147464e+04
2.960701664764286197e-03 1.979590774585932086e+05 9.060084639246702136e+04 5.337696095167450403e+04
3.302622926212283368e-03 2.071411411015290360e+05 9.484097989833216707e+04 5.589449153608059714e+04
3.684031499205906151e-03 2.157218576426489453e+05 9.880454373202525312e+04 5.824701289388815349e+04
4.109487637665882979e-03 2.234797484289596905e+05 1.023920829371872533e+05 6.037674614905159979e+04
4.584078243567925488e-03 2.301523689357582480e+05 1.054850239342759305e+05 6.221478518512844312e+04
5.113477687716873853e-03 2.354753962111145083e+05 1.079634451071513613e+05 6.369095317596795212e+04
5.704015654503047893e-03 2.391906190297882713e+05 1.097099294661551103e+05 6.473637923485206557e+04
6.362752821816417166e-03 2.410554180001211644e+05 1.106138763315223332e+05 6.528608651855063363e+04
7.097565280973966440e-03 2.408530678221318813e+05 1.105760167759534379e+05 6.528155048775203613e+04
7.917238706014356406e-03 2.384029856616485049e+05 1.095132676445915567e+05 6.467368427394335595e+04
8.831573398280912271e-03 2.335523433339531475e+05 1.073544871507554635e+05 6.342024151893156522e+04
9.851501462242475554e-03 2.261779906190668989e+05 1.040410095961080806e+05 6.148600992138428410e+04
1.098921751354712747e-02 2.164311134364507161e+05 9.963952519468692481e+04 5.890962792105758126e+04
1.225832448210000328e-02 2.037268689686219441e+05 9.387492907159532479e+04 5.552680644423203921e+04
1.367399625343743499e-02 1.885434920132325788e+05 8.696098926813498838e+04 5.146226551766941702e+04
1.525315909299450497e-02 1.712464042226099700e+05 7.905769102037067933e+04 4.680841167315233906e+04
1.701469402243795462e-02 1.526140860250959813e+05 7.051650848335842602e+04 4.177123091751432366e+04
1.897966256774625410e-02 1.333454858218600275e+05 6.165261236523796833e+04 3.653534177660739078e+04
2.117155857815964867e-02 1.144580730991011078e+05 5.293329589848736941e+04 3.137675605905548218e+04
2.361658912683562567e-02 9.706049931244872278e+04 4.487528333298015787e+04 2.660237952534024953e+04
2.634398785175567220e-02 8.206651184439381177e+04 3.791445759406913567e+04 2.247357645610722102e+04
2.938636448329653983e-02 7.006961822202333133e+04 3.234659099140757462e+04 1.917068418512891731e+04
3.278009473753994152e-02 6.112919008428202505e+04 2.822232146679461221e+04 1.672908604329877926e+04
3.656575523702054742e-02 5.466766765595537436e+04 2.528837191525203525e+04 1.500201351421751315e+04
4.078860865897657173e-02 4.952288788098480291e+04 2.299519333721797375e+04 1.366113242495721352e+04
4.549914491170512637e-02 4.416310109265817300e+04 2.057630822226438249e+04 1.223873004220329312e+04
5.075368480951484434e-02 3.761107678259932436e+04 1.749715368276651498e+04 1.039851327799997671e+04
5.661505346402430361e-02 3.037001588319097209e+04 1.397003980978278923e+04 8.261020075399010238e+03
6.315333144310807112e-02 2.409333789215686556e+04 1.087328711895341075e+04 6.373837966836321357e+03
7.044669267860774464e-02 1.994404091614454956e+04 8.915622923123168221e+03 5.199731709766692802e+03
7.858233914112514040e-02 1.742462793604273611e+04 7.893958964577098413e+03 4.627183826333474826e+03
8.765754345719625751e-02 1.502479180445478414e+04 6.889351381193519046e+03 4.055010914672426679e+03
9.778081193473929511e-02 1.222993910209255046e+04 5.487888675666798008e+03 3.186938131306441846e+03
1.090731819023149224e-01 9.951639666319448224e+03 4.354407417802974123e+03 2.485823810299070374e+03
1.216696688736408766e-01 8.374435455310649559e+03 3.725487154134286357e+03 2.142955275882959540e+03
1.357208808401622890e-01 6.938390385281282761e+03 3.090067934048512598e+03 1.770038815531226646e+03
1.513948189927238619e-01 5.682310854557907987e+03 2.491807023861475955e+03 1.400239616226613407e+03
1.688788864024014236e-01 4.674519140472413710e+03 2.077004552599931685e+03 1.172109762034749792e+03
1.883821286769788717e-01 3.813141928049143644e+03 1.696868116975327894e+03 9.451077890882052088e+02
2.101377333831422056e-01 3.094177542549443388e+03 1.395680631886108586e+03 7.753431336481399967e+02
2.344058181183555356e-01 2.491148573109261633e+03 1.142493132023334283e+03 6.299062599452709037e+02
2.614765405675759102e-01 1.987410332788467713e+03 9.352350434156818437e+02 5.142749387571412854e+02
2.916735677297306317e-01 1.568083688916826304e+03 7.633813698887834107e+02 4.188876591896176365e+02
3.253579457932418983e-01 1.221452511990959920e+03 6.211690459734873002e+02 3.409459002689187059e+02
3.629324169301749725e-01 9.376998521165737657e+02 5.035410193364556903e+02 2.774586037626439179e+02
4.048462346221089470e-01 7.084179686082951548e+02 4.061346657585911544e+02 2.255843960133049677e+02
4.516005350914485406e-01 5.261838008451098858e+02 3.254893790194646499e+02 1.831544223886811835e+02
5.037543290608768043e-01 3.841387588370332651e+02 2.588201937726680057e+02 1.484181991902999869e+02
5.619311854805180140e-01 2.757960577409191956e+02 2.038607378652635020e+02 1.199450048899485353e+02
6.268266871357865977e-01 1.950074114752579248e+02 1.587831197323428682e+02 9.658275133573164339e+01
6.992167472777639503e-01 1.360770415126198714e+02 1.220949823980778888e+02 7.740505907535641938e+01
7.799668867126374749e-01 9.394074236600302186e+01 9.255052001234008685e+01 6.166711304721462028e+01
8.700425822703268253e-01 6.431477208232246312e+01 6.907744899036978836e+01 4.876401324957812733e+01
9.705208103821856280e-01 4.375488221190222760e+01 5.073152613802248112e+01 3.821475026908000672e+01
1.082602923786821769e+00 2.961866375818271635e+01 3.665683519737386575e+01 2.963158158126950781e+01
1.207629015322442267e+00 1.995889663324226149e+01 2.607211753617909977e+01 2.269713488249083966e+01
1.347093940544190405e+00 1.338338865727248184e+01 1.827156928529624835e+01 1.714891207080016144e+01
1.502665190738521561e+00 8.918764195128662919e+00 1.263353939704922801e+01 1.276478856181790711e+01
1.676202830030598223e+00 5.894475898113865853e+00 8.630227180644887142e+00 9.352002810611727668e+00
1.869781734959676811e+00 3.852295890747927221e+00 5.831325817611539897e+00 6.739796487260518276e+00
2.085716402426663674e+00 2.480197060039949442e+00 3.899820933710015591e+00 4.776836406875927921e+00
2.326588622626292402e+00 0.000000000000000000e+00 2.581189222263623240e+00 3.329629624312325564e+00
2.595278347831105226e+00 0.000000000000000000e+00 1.689171754160483818e+00 2.282848452411007312e+00
2.894998126105261083e+00 0.000000000000000000e+00 1.090799977920934971e+00 1.539649215642384217e+00
3.229331511649635278e+00 0.000000000000000000e+00 6.929074046613312721e-01 1.021247532803566171e+00
3.602275911025628830e+00 0.000000000000000000e+00 0.000000000000000000e+00 6.656846160460508921e-01
4.018290377542188097e+00 0.000000000000000000e+00 0.000000000000000000e+00 4.257391566465028032e-01
4.482348925252354732e+00 0.000000000000000000e+00 0.000000000000000000e+00 0.000000000000000000e+00
5.000000000000000888e+00 0.000000000000000000e+00 0.000000000000000000e+00 0.000000000000000000e+00
