1.000000000230258569e-04 3.488676834055739846e+02 1.614234555792223205e+02 9.114023235922680044e+01
1.115026695290953366e-04 3.918855165950088235e+02 1.813156940014433189e+02 1.023745801685488033e+02
1.243284530925187648e-04 4.424984282643615643e+02 2.047232598598657489e+02 1.155921214105452890e+02
1.386295441504667143e-04 4.960280514745935534e+02 2.294701141852678177e+02 1.295695092944577311e+02
1.545756424481938766e-04 5.486877853211947240e+02 2.537986416183931624e+02 1.433132843469117290e+02
1.723559677317991945e-04 6.047770000757350317e+02 2.797009691210685105e+02 1.579462793421576237e+02
1.921815050694108094e-04 6.742760218616581369e+02 3.117970938097845988e+02 1.760812757181826669e+02
2.142875084442451923e-04 7.562868634819712952e+02 3.496706398208963265e+02 1.974783300028861390e+02
2.389362923277018713e-04 8.387521956404480079e+02 3.877260398498381164e+02 2.189858976876429608e+02
2.664203443578849946e-04 9.298244340560387400e+02 4.297366921675095455e+02 2.427302646633233394e+02
2.970657960592480913e-04 1.040445263179722360e+03 4.807760890657751247e+02 2.715793746276674483e+02
3.312362927876497001e-04 1.152813355212789929e+03 5.325889822196339765e+02 3.008710794657058614e+02
3.693373088223966556e-04 1.285677979091114366e+03 5.938651491665965523e+02 3.355128433451198475e+02
4.118209588090659132e-04 1.427037284097727024e+03 6.590472776065984135e+02 3.723650931077935411e+02
4.591913626466918256e-04 1.590741418530067676e+03 7.345555129318593117e+02 4.150530621666472939e+02
5.120106274801957584e-04 1.764470052632672605e+03 8.146853952275623669e+02 4.603517143981102890e+02
5.709055177816341068e-04 1.962507691889438775e+03 9.060769501760347566e+02 5.120093483802236278e+02
6.365748926688486646e-04 2.183103177542635422e+03 1.007916043439489840e+03 5.695627667441385711e+02
7.097979987143026312e-04 2.425352435986521868e+03 1.119794716001536472e+03 6.327776192647693279e+02
7.914437166483044659e-04 2.692892920617208802e+03 1.243409868094845706e+03 7.026098479325689823e+02
8.824808716799498404e-04 2.988146314756251741e+03 1.379889099728164183e+03 7.796944759826786822e+02
9.839897297802024153e-04 3.312378521183086832e+03 1.529817577473753772e+03 8.643587417353131741e+02
1.097174816344422205e-03 3.673287260622804752e+03 1.696772085555835474e+03 9.586243029912991460e+02
1.223379209343287413e-03 4.069621192832582892e+03 1.880184068284903560e+03 1.062175061400825143e+03
1.364100476567608111e-03 4.506645644709662520e+03 2.082482655786044688e+03 1.176386922216561970e+03
1.521008446081769522e-03 4.983812093255437503e+03 2.303410155333337116e+03 1.301119557139196104e+03
1.695965020753673102e-03 5.506649483355940902e+03 2.545533855495612443e+03 1.437828078823494025e+03
1.891046271984591709e-03 6.074893754738161988e+03 2.808698372240433855e+03 1.586423320682246413e+03
2.108567074807741158e-03 6.696970113629256048e+03 3.096839303238488355e+03 1.749139386942630608e+03
2.351108576680822643e-03 7.369339030689288847e+03 3.408277770999206950e+03 1.925021486430533741e+03
2.621548825923003187e-03 8.095076238179047323e+03 3.744437320824938979e+03 2.114873167098612157e+03
2.923096923239734257e-03 8.876993267254360035e+03 4.106662256325662383e+03 2.319463209063285376e+03
3.259331101584665453e-03 9.713201461506017949e+03 4.494043363453329221e+03 2.538272952458922646e+03
3.634241186222156913e-03 1.060262641233165232e+04 4.906110353205521278e+03 2.771044727473454714e+03
4.052275938830490927e-03 1.154347583615815347e+04 5.342053715383187409e+03 3.017334517910171598e+03
4.518395847440812539e-03 1.253101104225185190e+04 5.799720231895457800e+03 3.275891603909262358e+03
5.038131988628217865e-03 1.355851888871042502e+04 6.276028389657737534e+03 3.545025137146684756e+03
5.617651660426248826e-03 1.461682296687421876e+04 6.766746572712558191e+03 3.822327480960462253e+03
6.263831564778516575e-03 1.569377678498639943e+04 7.266311012199115794e+03 4.104672671175950200e+03
6.984339407925946493e-03 1.677338924988103827e+04 7.767381014204417625e+03 4.387910837234882820e+03
7.787724887016851671e-03 1.783642202395938148e+04 8.261120817148759670e+03 4.667072360579519227e+03
8.683521142606049834e-03 1.885906495780389014e+04 8.736642389049298799e+03 4.936020910578751682e+03
9.682357880899711625e-03 1.981318552303746401e+04 9.180935243410582189e+03 5.187452448103452298e+03
1.079608750807801998e-02 2.066536898548041790e+04 9.578667198378852845e+03 5.412661122700443229e+03
1.203792577343234388e-02 2.137762680635552169e+04 9.912333576955212266e+03 5.601817554175971964e+03
1.342260859021738965e-02 2.190835252546895572e+04 1.016276104929070971e+04 5.744086425587669510e+03
1.496656689508787767e-02 2.221441200579769065e+04 1.031000985339537510e+04 5.828212158809879838e+03
1.668812162103823840e-02 2.225389304436880411e+04 1.033465146818129324e+04 5.843209820408275846e+03
1.860770109743517184e-02 2.199021112084802735e+04 1.021962201280827867e+04 5.779415864264657102e+03
2.074808345685756270e-02 2.139927035942850125e+04 9.953513010099744861e+03 5.630332065462925129e+03
2.313466692519383291e-02 2.047823145760400803e+04 9.534606378768774448e+03 5.394910754821986302e+03
2.579577120231610690e-02 1.925433869014270385e+04 8.975006649371955064e+03 5.079892752886776179e+03
2.876297350957714855e-02 1.779122701794271416e+04 8.303654225017295175e+03 4.701520089907005968e+03
3.207148329174031032e-02 1.618976704201468056e+04 7.566889902365058333e+03 4.285902515810091245e+03
3.576056001963404812e-02 1.457700559022672678e+04 6.823607880515804936e+03 3.866311500724488269e+03
3.987397905126498221e-02 1.308672404240420474e+04 6.136510611307523504e+03 3.478302233870657801e+03
4.446055107939526907e-02 1.182462900704185267e+04 5.556062817121483931e+03 3.150653159191886516e+03
4.957470132945773766e-02 1.083053877923746950e+04 5.102574777595908927e+03 2.895181120964362890e+03
5.527711538069327024e-02 1.005288567897796020e+04 4.753334274864978397e+03 2.699266202277538014e+03
6.163545927395905344e-02 9.316417310157412430e+03 4.424985000137744464e+03 2.515405921963993023e+03
6.872518245115814828e-02 8.419006329799880405e+03 4.017398737583169350e+03 2.285790184039204632e+03
7.663041305413779980e-02 7.263595159070406226e+03 3.477148094345953723e+03 1.978585839376255535e+03
8.544495620686157200e-02 6.004200968398597979e+03 2.874890224504308208e+03 1.633534896329815410e+03
9.527340712667957401e-02 4.959301741541520641e+03 2.372975145843585324e+03 1.345272450271278103e+03
1.062323922731101822e-01 4.299021961034788546e+03 2.069925477551532367e+03 1.173532970569198369e+03
1.184519532618636822e-01 3.846521092884654990e+03 1.880873976111912725e+03 1.069952002056437095e+03
1.320770899659224340e-01 3.285812506629753443e+03 1.624132510269788099e+03 9.243491276062956103e+02
1.472694811144383831e-01 2.648466699291311215e+03 1.304815076950468892e+03 7.371504155353338774e+02
1.642094028064348954e-01 2.196788214983744183e+03 1.092689615652494012e+03 6.154525169473091637e+02
1.830978677048002712e-01 1.867213007665826808e+03 9.589766185397936624e+02 5.437589331560202481e+02
2.041590102946942431e-01 1.511364212111609731e+03 7.861536475681033380e+02 4.426571642941751747e+02
2.276427465103479653e-01 1.222692611495948313e+03 6.532362074280138131e+02 3.667223777829612459e+02
2.538277392899435103e-01 9.837670443632481465e+02 5.508963467753691248e+02 3.107634718305484967e+02
2.830247052484705095e-01 7.716743920004457777e+02 4.523634006542565089e+02 2.538337367044733242e+02
3.155801017062329072e-01 5.954548066729360016e+02 3.760886095262876552e+02 2.123546162978256291e+02
3.518802378240603601e-01 4.459135553086790651e+02 3.089456661724556170e+02 1.748657569497258066e+02
3.923558586288135031e-01 3.217239631643485609e+02 2.531153401319322427e+02 1.444093330553789087e+02
4.374872563241952172e-01 2.201704960185903701e+02 2.062390383384548898e+02 1.192027723101728469e+02
4.878099695387512202e-01 1.391801394560130518e+02 1.666888585459815602e+02 9.809219280058506740e+01
5.439211381395319123e-01 7.690587781005677925e+01 1.334541358143666798e+02 8.056809836559583005e+01
6.064865890189676811e-01 3.142542588205499854e+01 1.055836967025138478e+02 6.602524280380031030e+01
6.762487369363893164e-01 5.934084825755367998e-01 8.228406993501171485e+01 5.394457053451963446e+01
7.540353941672404137e-01 -1.804539720222535948e+01 6.292174451821182402e+01 4.390396115470415594e+01
8.407695934971151086e-01 -2.719710935884127423e+01 4.698206208271968620e+01 3.555541742322088083e+01
9.374805411223435803e-01 -2.962011507107275321e+01 3.404223460362662479e+01 2.861005062222382023e+01
1.045315829426528564e+00 -2.784899041160157296e+01 2.374532109045951600e+01 2.283559190503950376e+01
1.165555054552403824e+00 -2.394557764796519095e+01 1.576926170589543119e+01 1.804159426414451772e+01
1.299625000357985227e+00 -1.937072203853631436e+01 9.804694738163474810e+00 1.407537320341416631e+01
1.449116568932995452e+00 -1.500307438555245199e+01 5.539600641059723607e+00 1.081445486378497378e+01
1.615803658576671964e+00 -1.126230079899871406e+01 2.656940123662656639e+00 8.157612583142585194e+00
1.801664213246928048e+00 -8.267394925657095328e+00 8.441372383439605942e-01 6.021637140411911560e+00
2.008903693258128342e+00 -5.974582065699864941e+00 -1.894902508730004487e-01 4.334638048258011800e+00
2.239981245735629400e+00 -4.271496517955453598e+00 -6.946602117376500241e-01 3.031873918943865931e+00
2.497638885371206374e+00 -3.032355671167910938e+00 -8.702686895112309307e-01 2.052813249730685907e+00
2.784934031744384253e+00 -2.143227837006274061e+00 -8.608255476976751641e-01 1.339776274086153851e+00
3.105275789304232426e+00 -1.510913027513101747e+00 -7.623097395464673021e-01 8.384142528626771229e-01
3.462465400517639402e+00 -1.063766026815847532e+00 -6.327376359323749755e-01 4.991261725446716757e-01
3.860741352209485999e+00 -7.484636030761883108e-01 -5.035371538059615348e-01 2.788395936161866540e-01
4.304829670336041580e+00 -5.263688905463000944e-01 -3.892563123921616297e-01 1.421360748533278540e-01
4.799999999999999822e+00 0.000000000000000000e+00 -2.947409207715606660e-01 6.155868467086919593e-02
