1.000000000230258569e-04 1.374590780190931696e+02 5.570699322293373967e+01 3.005806630596547890e+01
1.115026695290953366e-04 1.540548746823374131e+02 6.244736896532328529e+01 3.369804693445473731e+01
1.243284530925187648e-04 1.733596954009123579e+02 7.028934058811537966e+01 3.793069639537944937e+01
1.386295441504667143e-04 1.931899726637492165e+02 7.835486662395349811e+01 4.228565474713452943e+01
1.545756424481938766e-04 2.122057766984522686e+02 8.610880767274949221e+01 4.647572258717704585e+01
1.723559677317991945e-04 2.327208518315015624e+02 9.449052220955815073e+01 5.100344571659843496e+01
1.921815050694108094e-04 2.587329052197661099e+02 1.051144406496950126e+02 5.674420657065907392e+01
2.142875084442451923e-04 2.887551615739924387e+02 1.173862176813088780e+02 6.337693227451152467e+01
2.389362923277018713e-04 3.179284224829343088e+02 1.293494423670092033e+02 6.984554916589205220e+01
2.664203443578849946e-04 3.511399913866964084e+02 1.429829678052282986e+02 7.722039140509539834e+01
2.970657960592480913e-04 3.909173874091468406e+02 1.593102171593294258e+02 8.605273859904932010e+01
3.312362927876497001e-04 4.303630194115914946e+02 1.755426080095608086e+02 9.483950709680087243e+01
3.693373088223966556e-04 4.782858789722332631e+02 1.952413900960406465e+02 1.055024916999079494e+02
4.118209588090659132e-04 5.275085995882674297e+02 2.154929055627800381e+02 1.164690091815608071e+02
4.591913626466918256e-04 5.858298837023629630e+02 2.394407911621672440e+02 1.294347765039575506e+02
5.120106274801957584e-04 6.472834287199623304e+02 2.646450336709239082e+02 1.430806782891125408e+02
5.709055177816341068e-04 7.163506343871262061e+02 2.929009752617668596e+02 1.583755000645941209e+02
6.365748926688486646e-04 7.942416378537307082e+02 3.246760751084996741e+02 1.755672136631405351e+02
7.097979987143026312e-04 8.802350012204879022e+02 3.596458075083400558e+02 1.944766635183165135e+02
7.914437166483044659e-04 9.750888570830861681e+02 3.980958026880701368e+02 2.152561430867741592e+02
8.824808716799498404e-04 1.079732976268229095e+03 4.403927516791770813e+02 2.380992187150119719e+02
9.839897297802024153e-04 1.195757274246777797e+03 4.871733278249801629e+02 2.633484425939579978e+02
1.097174816344422205e-03 1.325700088921559882e+03 5.394793876021026335e+02 2.915660453454738104e+02
1.223379209343287413e-03 1.466514698695389598e+03 5.960647335350648746e+02 3.220765925842292177e+02
1.364100476567608111e-03 1.623569670870219397e+03 6.591517840995178403e+02 3.560856545224091292e+02
1.521008446081769522e-03 1.795657914545628955e+03 7.282534204531644946e+02 3.933292297434655893e+02
1.695965020753673102e-03 1.983707968223693115e+03 8.037566279341488098e+02 4.340181158148991472e+02
1.891046271984591709e-03 2.190234327403857606e+03 8.867135134982178215e+02 4.787264947793006513e+02
2.108567074807741158e-03 2.415095129313744565e+03 9.770696295881695050e+02 5.274259040654837918e+02
2.351108576680822643e-03 2.660374966477796534e+03 1.075687525648874498e+03 5.805852716982072934e+02
2.621548825923003187e-03 2.927127799655877880e+03 1.183015320313151733e+03 6.384506803429628690e+02
2.923096923239734257e-03 3.215494854124034191e+03 1.299075579514892979e+03 7.010293768155099770e+02
3.259331101584665453e-03 3.527014099658126725e+03 1.424537887647703656e+03 7.686922155226754967e+02
3.634241186222156913e-03 3.862119692690343982e+03 1.559562003249012605e+03 8.415243901975990184e+02
4.052275938830490927e-03 4.220887693824610324e+03 1.704173038695848163e+03 9.195396392706946926e+02
4.518395847440812539e-03 4.603498603493409064e+03 1.858508498180551442e+03 1.002820986863043913e+03
5.038131988628217865e-03 5.008965487558430141e+03 2.022134785950342120e+03 1.091125910040045937e+03
5.617651660426248826e-03 5.435977044848281366e+03 2.194555315636438991e+03 1.184196253596500128e+03
6.263831564778516575e-03 5.881955573476236168e+03 2.374747702633293557e+03 1.281486274042516015e+03
6.984339407925946493e-03 6.344102646143082893e+03 2.561608186686090448e+03 1.382400735883532207e+03
7.787724887016851671e-03 6.818087915919621992e+03 2.753426647634990786e+03 1.486023382469153830e+03
8.683521142606049834e-03 7.298020955247412530e+03 2.947864691618487541e+03 1.591099889264843796e+03
9.682357880899711625e-03 7.776537090992414051e+03 3.141991522095461733e+03 1.696050465612202061e+03
1.079608750807801998e-02 8.244311271219197806e+03 3.332098769274732604e+03 1.798880892781453667e+03
1.203792577343234388e-02 8.690225501160859494e+03 3.513764387705532954e+03 1.897211373973272202e+03
1.342260859021738965e-02 9.101181534029767136e+03 3.681771064152708732e+03 1.988236561161373174e+03
1.496656689508787767e-02 9.462262897221575258e+03 3.830156184885230687e+03 2.068742848866307213e+03
1.668812162103823840e-02 9.756778475993743996e+03 3.952245146656764064e+03 2.135124951097902340e+03
1.860770109743517184e-02 9.967167334975010817e+03 4.041021177021186759e+03 2.183612015139957748e+03
2.074808345685756270e-02 1.007628114500461197e+04 4.089566182221069994e+03 2.210462541777459137e+03
2.313466692519383291e-02 1.006996257703873198e+04 4.092148948647539783e+03 2.212565142184633714e+03
2.579577120231610690e-02 9.939250444050238002e+03 4.045109379187239938e+03 2.187940458917613341e+03
2.876297350957714855e-02 9.683447840557933887e+03 3.948044651464923845e+03 2.136346336864826299e+03
3.207148329174031032e-02 9.312898353301316092e+03 3.804992141234077280e+03 2.059938175187287925e+03
3.576056001963404812e-02 8.851095959722977568e+03 3.625309807219221057e+03 1.963744921669676160e+03
3.987397905126498221e-02 8.333079179958263921e+03 3.423105270736574766e+03 1.855373248200472290e+03
4.446055107939526907e-02 7.799635124532233021e+03 3.214987171103305627e+03 1.743805353586045612e+03
4.957470132945773766e-02 7.287014812970594903e+03 3.015944503289044405e+03 1.637175061341396940e+03
5.527711538069327024e-02 6.813350642798210174e+03 2.833734864875311814e+03 1.539727211809435175e+03
6.163545927395905344e-02 6.362483488128482350e+03 2.661865944673858394e+03 1.447956076925723437e+03
6.872518245115814828e-02 5.888403691567529677e+03 2.480771484285007318e+03 1.351158144244746381e+03
7.663041305413779980e-02 5.338449361445394061e+03 2.266801794161296129e+03 1.236227751775969864e+03
8.544495620686157200e-02 4.703522444799166806e+03 2.013687382419856704e+03 1.099405275978331929e+03
9.527340712667957401e-02 4.052498800251164539e+03 1.749544653744802417e+03 9.558994436961746715e+02
1.062323922731101822e-01 3.492470939395360347e+03 1.522847276583629991e+03 8.326369420190749224e+02
1.184519532618636822e-01 3.063549925212710150e+03 1.355536325337078779e+03 7.423504056940657847e+02
1.320770899659224340e-01 2.685601787107583732e+03 1.211633310631977565e+03 6.651207150835136872e+02
1.472694811144383831e-01 2.271125184917675597e+03 1.043960982010376938e+03 5.735944262548820234e+02
1.642094028064348954e-01 1.871571266076927031e+03 8.757164478771310314e+02 4.805914485885795102e+02
1.830978677048002712e-01 1.563351303585210189e+03 7.543868579038193047e+02 4.146760935855255639e+02
2.041590102946942431e-01 1.293799970970710774e+03 6.510421184712146214e+02 3.590224559283025201e+02
2.276427465103479653e-01 1.034567570187508636e+03 5.423642146771865100e+02 2.986068968753672834e+02
2.538277392899435103e-01 8.214502400976969057e+02 4.592025783223157305e+02 2.536222459307720101e+02
2.830247052484705095e-01 6.346548231043786927e+02 3.848879599736938530e+02 2.131879389549438883e+02
3.155801017062329072e-01 4.743899619603056408e+02 3.204709544132915653e+02 1.781521243597331647e+02
3.518802378240603601e-01 3.391853776031413759e+02 2.660241731978599660e+02 1.488944757310600551e+02
3.923558586288135031e-01 2.267649042598241351e+02 2.194829896350090337e+02 1.240594632043874839e+02
4.374872563241952172e-01 1.356639845863224991e+02 1.797160562239723447e+02 1.029565561322086893e+02
4.878099695387512202e-01 6.454333653589479525e+01 1.460548326081826076e+02 8.535448659839342156e+01
5.439211381395319123e-01 1.194821872257138651e+01 1.174898321981588225e+02 7.056218494598093116e+01
6.064865890189676811e-01 -2.383334888075723512e+01 9.331742227252249222e+01 5.815981769572643145e+01
6.762487369363893164e-01 -4.499035112413271520e+01 7.294652093221201028e+01 4.778177842574945089e+01
7.540353941672404137e-01 -5.423492177686937765e+01 5.587697169242999706e+01 3.909936917212092311e+01
8.407695934971151086e-01 -5.466982814953502157e+01 4.170268924937056454e+01 3.183470270608684061e+01
9.374805411223435803e-01 -4.946719234454904068e+01 3.009472184617813184e+01 2.576032784248144836e+01
1.045315829426528564e+00 -4.145975830579975963e+01 2.077509908236430292e+01 2.067892357721888530e+01
1.165555054552403824e+00 -3.280629083994307393e+01 1.349849972748521409e+01 1.643390945056536268e+01
1.299625000357985227e+00 -2.485883736379829401e+01 8.027084394032460324e+00 1.289825993991808062e+01
1.449116568932995452e+00 -1.824777312925266770e+01 4.113887048530934898e+00 9.967743009410591881e+00
1.615803658576671964e+00 -1.309902251790744998e+01 1.495595131333155026e+00 7.558816767496001177e+00
1.801664213246928048e+00 -9.264189337192735962e+00 -1.023086424895546798e-01 5.602518937094342455e+00
2.008903693258128342e+00 -6.491718887527102133e+00 -9.494235376984465624e-01 4.040480859686951476e+00
2.239981245735629400e+00 -4.526026758064718436e+00 -1.289264097969776035e+00 2.820943781635900649e+00
2.497638885371206374e+00 -3.149034024557213485e+00 -1.321262986572939280e+00 1.895234837910114933e+00
2.784934031744384253e+00 -2.190993090550334088e+00 -1.192389968399650391e+00 1.216128226280160707e+00
3.105275789304232426e+00 -1.526676620879177326e+00 -9.994422484435563359e-01 7.373912407002618519e-01
3.462465400517639402e+00 -1.066207024885765131e+00 -7.986717199220796370e-01 4.149798422663457664e-01
3.860741352209485999e+00 -7.466243917663392127e-01 -6.179094904964412827e-01 2.088443133398702745e-01
4.304829670336041580e+00 -5.242871534746718076e-01 -4.674788798822994140e-01 8.480659367240754587e-02
4.799999999999999822e+00 -3.690592813670336980e-01 -3.481817935846288070e-01 1.561681204617344429e-02
