1.000000000230258569e-04 5.575548663864285572e+02 2.480064530143231423e+02 1.374600252737845381e+02
1.115026695290953366e-04 6.138560320633555420e+02 2.731186472788854189e+02 1.513900950796568736e+02
1.243284530925187648e-04 6.857472252700622448e+02 3.051719660139262942e+02 1.691644930628621353e+02
1.386295441504667143e-04 7.707400616078085704e+02 3.430709083756018458e+02 1.901836066531241443e+02
1.545756424481938766e-04 8.592651110805734334e+02 3.825871022673028392e+02 2.121041150410747775e+02
1.723559677317991945e-04 9.437230018637660578e+02 4.203684434014961653e+02 2.330732596023468943e+02
1.921815050694108094e-04 1.032283304290565411e+03 4.600516110932336460e+02 2.551078219954974031e+02
2.142875084442451923e-04 1.144092882814238010e+03 5.101337971527684090e+02 2.829155451195675823e+02
2.389362923277018713e-04 1.276401521379641053e+03 5.693997697016435495e+02 3.158252547025778654e+02
2.664203443578849946e-04 1.405312390695296699e+03 6.272675269875935555e+02 3.479782724543794643e+02
2.970657960592480913e-04 1.547142395541520045e+03 6.909839322282188050e+02 3.833925360701608724e+02
3.312362927876497001e-04 1.721471652093337298e+03 7.692142122556781487e+02 4.268684844509252230e+02
3.693373088223966556e-04 1.893405912349375285e+03 8.464620798343851220e+02 4.698198380364015634e+02
4.118209588090659132e-04 2.099725103576999118e+03 9.390152908636097209e+02 5.212690487584239918e+02
4.591913626466918256e-04 2.314881266782990679e+03 1.035484329373217406e+03 5.749016216548076272e+02
5.120106274801957584e-04 2.566483456005425069e+03 1.148076332076307608e+03 6.374728818300147850e+02
5.709055177816341068e-04 2.829377898644014294e+03 1.265544888910847476e+03 7.027407342114033781e+02
6.365748926688486646e-04 3.129412770752102915e+03 1.399304709489620791e+03 7.770211288115405068e+02
7.097979987143026312e-04 3.463675806124394512e+03 1.548024854754310581e+03 8.595674280322671166e+02
7.914437166483044659e-04 3.828831219881269590e+03 1.710176312978081569e+03 9.495217844182976705e+02
8.824808716799498404e-04 4.229912872084073570e+03 1.887972415473620231e+03 1.048103515629745061e+03
9.839897297802024153e-04 4.669867345200470481e+03 2.082734126153814941e+03 1.156043174140816518e+03
1.097174816344422205e-03 5.149832762608388293e+03 2.295001143136057181e+03 1.273640395545884530e+03
1.223379209343287413e-03 5.682977554538969343e+03 2.530676773441539353e+03 1.404173293285798081e+03
1.364100476567608111e-03 6.260864700418146640e+03 2.786048974356935560e+03 1.545592224664619152e+03
1.521008446081769522e-03 6.895292194021844807e+03 3.066429796604491912e+03 1.700855797293476826e+03
1.695965020753673102e-03 7.579219613050767293e+03 3.368742343516407345e+03 1.868270930360805096e+03
1.891046271984591709e-03 8.319082088179773564e+03 3.695884436109448416e+03 2.049453203619749274e+03
2.108567074807741158e-03 9.111640577552394461e+03 4.046431198539071374e+03 2.243618516722844106e+03
2.351108576680822643e-03 9.969633350566777153e+03 4.426123995052084865e+03 2.453968492169864930e+03
2.621548825923003187e-03 1.088092403036734322e+04 4.829556048401901535e+03 2.677506073310451939e+03
2.923096923239734257e-03 1.184512662744671616e+04 5.256584986403513540e+03 2.914161067333954179e+03
3.259331101584665453e-03 1.286550529097348772e+04 5.708733966160959426e+03 3.164797122657701493e+03
3.634241186222156913e-03 1.393130962261084824e+04 6.181200399487416689e+03 3.426758487178590713e+03
4.052275938830490927e-03 1.503874360452821202e+04 6.672346899152467813e+03 3.699159916489933039e+03
4.518395847440812539e-03 1.617974424994342371e+04 7.178706544403670705e+03 3.980050860032649325e+03
5.038131988628217865e-03 1.734305081560021426e+04 7.695295623145288118e+03 4.266727690554271248e+03
5.617651660426248826e-03 1.851555979686155115e+04 8.216373450682884140e+03 4.556020026583637446e+03
6.263831564778516575e-03 1.968141410231453483e+04 8.734972514668477743e+03 4.844077330520183750e+03
6.984339407925946493e-03 2.082441360166872619e+04 9.243993323978989793e+03 5.126990260896854124e+03
7.787724887016851671e-03 2.191340898064541398e+04 9.729686335258071267e+03 5.397144526928333107e+03
8.683521142606049834e-03 2.292308772501137719e+04 1.018089996115988470e+04 5.648365983139606215e+03
9.682357880899711625e-03 2.382226108100142301e+04 1.058387687841811385e+04 5.873045866943166402e+03
1.079608750807801998e-02 2.458114358713295951e+04 1.092549029872014216e+04 6.063928950532284034e+03
1.203792577343234388e-02 2.515974050663522939e+04 1.118800683376151756e+04 6.211171601183234088e+03
1.342260859021738965e-02 2.551858849841005213e+04 1.135391296567340760e+04 6.305040637328866978e+03
1.496656689508787767e-02 2.561803059758092422e+04 1.140556953039456494e+04 6.335730724036380707e+03
1.668812162103823840e-02 2.541994042330165394e+04 1.132595814972721564e+04 6.293763842798699443e+03
1.860770109743517184e-02 2.489397772401981274e+04 1.110122843907351307e+04 6.171318999299742245e+03
2.074808345685756270e-02 2.402344409377628472e+04 1.072357920299005309e+04 5.963928762756865581e+03
2.313466692519383291e-02 2.281269527278825990e+04 1.019441836988231262e+04 5.672274924653500420e+03
2.579577120231610690e-02 2.129299610356402627e+04 9.526883817707946946e+03 5.303462230059935791e+03
2.876297350957714855e-02 1.953054896226708661e+04 8.749650177642499330e+03 4.873220977743781077e+03
3.207148329174031032e-02 1.762911578585285315e+04 7.908380589739099378e+03 4.406829679912919346e+03
3.576056001963404812e-02 1.571923722366561924e+04 7.061067012149901529e+03 3.936494797804428799e+03
3.987397905126498221e-02 1.394014152217967239e+04 6.270325958797456224e+03 3.497142370409360410e+03
4.446055107939526907e-02 1.240848971042415906e+04 5.589571914964151802e+03 3.118760213264718914e+03
4.957470132945773766e-02 1.118250059878077445e+04 5.046748447416750423e+03 2.817284883339609223e+03
5.527711538069327024e-02 1.023180955501460994e+04 4.629925283486603803e+03 2.586397876276774696e+03
6.163545927395905344e-02 9.429078701146949243e+03 4.281897439669399319e+03 2.394197244217025400e+03
6.872518245115814828e-02 8.552754432646304849e+03 3.898534551936916614e+03 2.181722045971873740e+03
7.663041305413779980e-02 7.460067423736313685e+03 3.408090057995363168e+03 1.907475626401669615e+03
8.544495620686157200e-02 6.207530865440439811e+03 2.831567150032603422e+03 1.582302340590895483e+03
9.527340712667957401e-02 5.066765916381451461e+03 2.299691120725634391e+03 1.280826547018484007e+03
1.062323922731101822e-01 4.277104552806505126e+03 1.939090114466170917e+03 1.077575563551529058e+03
1.184519532618636822e-01 3.786377101417029735e+03 1.733963487056582608e+03 9.654522808778286844e+02
1.320770899659224340e-01 3.304254652854459437e+03 1.530191071971551310e+03 8.535769345176418028e+02
1.472694811144383831e-01 2.706943727177072105e+03 1.246511693085859406e+03 6.907975987348628450e+02
1.642094028064348954e-01 2.207045662136971714e+03 1.007927746263819699e+03 5.533750473144181115e+02
1.830978677048002712e-01 1.876098741477508611e+03 8.742803802496403023e+02 4.817506176569156651e+02
2.041590102946942431e-01 1.556041015079405952e+03 7.344924248028763714e+02 4.038369765137188097e+02
2.276427465103479653e-01 1.262758373454387765e+03 5.966846679845814378e+02 3.240344435488549379e+02
2.538277392899435103e-01 1.034500292562556979e+03 5.042620049184047843e+02 2.748972721670919555e+02
2.830247052484705095e-01 8.308944786191053709e+02 4.140853921216984759e+02 2.237520688000397513e+02
3.155801017062329072e-01 6.610232819628389507e+02 3.435233558635238751e+02 1.856773844166064009e+02
3.518802378240603601e-01 5.166659264401672544e+02 2.824075774690458616e+02 1.520260988425856397e+02
3.923558586288135031e-01 3.957253056821738255e+02 2.322933217279864948e+02 1.252940835283230427e+02
4.374872563241952172e-01 2.950496303898983683e+02 1.900532589349788850e+02 1.027689703932103811e+02
4.878099695387512202e-01 2.125190952533992572e+02 1.547814642451608904e+02 8.424148167954402311e+01
5.439211381395319123e-01 1.462447504701297589e+02 1.253298586127183825e+02 6.901109274087016843e+01
6.064865890189676811e-01 9.453235637036669914e+01 1.007263657224321349e+02 5.646149809450299983e+01
6.762487369363893164e-01 5.571812836876193842e+01 8.018419870608218503e+01 4.611499680719111183e+01
7.540353941672404137e-01 2.805284988487553477e+01 6.307273159176575916e+01 3.758029166433336599e+01
8.407695934971151086e-01 9.647550340130031543e+00 4.888153555331831512e+01 3.053728405652486089e+01
9.374805411223435803e-01 -1.479715570579432704e+00 3.719416278992806468e+01 2.471929323687550450e+01
1.045315829426528564e+00 -7.279956251144541923e+00 2.767415510460246608e+01 1.991105670439976549e+01
1.165555054552403824e+00 -9.510039865252835511e+00 2.003874170998559379e+01 1.593601212683732093e+01
1.299625000357985227e+00 -9.599804787016475771e+00 1.404158880553199928e+01 1.265125996655194740e+01
1.449116568932995452e+00 -8.592676956933360088e+00 9.456478844094172942e+00 9.943030832833789745e+00
1.615803658576671964e+00 -7.167030207124309271e+00 6.065923700000945828e+00 7.718679009445386541e+00
1.801664213246928048e+00 -5.710395434314933460e+00 3.656955030418362895e+00 5.903863074809049927e+00
2.008903693258128342e+00 -4.410120434733149075e+00 2.023880320775957475e+00 4.437858288175110744e+00
2.239981245735629400e+00 -3.332025804420429616e+00 9.761694384565375859e-01 3.269303323261631977e+00
2.497638885371206374e+00 -2.477846499244393819e+00 3.473306994155000438e-01 2.354007789860966593e+00
2.784934031744384253e+00 -1.820903468294973182e+00 1.432921711933035722e-03 1.652250611700923910e+00
3.105275789304232426e+00 -1.325585664395632080e+00 -1.649703245236005533e-01 1.127522101819516509e+00
3.462465400517639402e+00 -9.573371517389176466e-01 -2.252967764869743816e-01 7.460506616445199413e-01
3.860741352209485999e+00 -6.863234807875939758e-01 -2.282321710132327042e-01 4.770846552030539311e-01
4.304829670336041580e+00 -4.883917417657275828e-01 -2.039443579725220834e-01 2.935377415651835853e-01
4.799999999999999822e+00 0.000000000000000000e+00 -1.698400582438180095e-01 1.725268468202274252e-01
