1.000000000230258569e-04 1.008764467677575885e+04 4.263738381530307379e+03 2.418881608858526306e+03
1.115486563971542785e-04 1.119113407141961216e+04 4.721050868332262326e+03 2.675460071294963200e+03
1.244310274114527074e-04 1.225848132502643602e+04 5.157634820908822803e+03 2.918436794362259207e+03
1.388011391866901154e-04 1.349999585829263742e+04 5.664783809297092375e+03 3.200197316836761274e+03
1.548308057910457113e-04 1.509999226982755135e+04 6.323475975299867059e+03 3.567446473781139957e+03
1.727116835090306587e-04 1.683911331356232404e+04 7.038213766859610587e+03 3.964805212260805547e+03
1.926575623508681512e-04 1.855834330043879891e+04 7.739521400826218269e+03 4.351702260832951652e+03
2.149069222004190347e-04 2.067309250921536295e+04 8.611720448297453913e+03 4.834921256238341812e+03
2.397257841638464457e-04 2.299409535130828954e+04 9.577278993782909311e+03 5.370701142432727465e+03
2.674108912107391479e-04 2.538948136255462305e+04 1.058301104057948032e+04 5.929049421355895902e+03
2.982932561365508645e-04 2.818693449374636111e+04 1.178169752353318836e+04 6.600613715675061030e+03
3.327421192670277522e-04 3.098816884069894877e+04 1.300659002281886023e+04 7.291421795833859505e+03
3.711693632243215748e-04 3.405662367315290612e+04 1.438430706323246704e+04 8.078751289823750994e+03
4.140344375392690035e-04 3.726083979177437141e+04 1.586596350383077879e+04 8.938232355330090286e+03
4.618498519902246974e-04 4.042877639040431677e+04 1.738180495505358704e+04 9.833326003112715625e+03
5.151873043487156757e-04 4.365128362679885322e+04 1.897239777314375533e+04 1.079065291118641835e+04
5.746845157973842983e-04 4.688696075634365116e+04 2.061649565979748877e+04 1.180026723955365014e+04
6.410528557468661917e-04 5.010133308330723230e+04 2.228949200474445388e+04 1.284699096201573411e+04
7.150858472165629249e-04 5.331770383319172106e+04 2.398711603144558467e+04 1.392506036786763070e+04
7.976686544726134401e-04 5.650520210193217645e+04 2.567958551342080318e+04 1.501249709465268825e+04
8.897886663605780169e-04 5.959500823118588596e+04 2.732600181738505853e+04 1.608050335233349870e+04
9.925473018708411317e-04 6.284619666285266430e+04 2.903067428965395447e+04 1.718336682093259515e+04
1.107173179088194286e-03 6.614219127064557688e+04 3.073539176081258120e+04 1.828148239627539078e+04
1.235036804978161722e-03 6.951542171268808306e+04 3.245382660985367693e+04 1.938050016642641276e+04
1.377666961646263968e-03 7.296438325883714424e+04 3.418817516207529115e+04 2.048120391189469228e+04
1.536768984990051967e-03 7.659770026817799953e+04 3.598939682053582510e+04 2.161293169840167684e+04
1.714245154289869167e-03 8.030039661659914418e+04 3.781006316647821950e+04 2.274912918081056341e+04
1.912217436523370962e-03 8.414515645818968187e+04 3.968315182109252055e+04 2.390984779062835150e+04
2.133052857342773462e-03 8.802641142053213844e+04 4.156493208520072221e+04 2.507137031426533940e+04
2.379391802059096454e-03 9.196027294819995586e+04 4.346356825665850192e+04 2.623884147253242554e+04
2.654179585009814029e-03 9.585846266915379965e+04 4.534159629985333595e+04 2.739069937684698380e+04
2.960701664764286197e-03 9.969316396980252466e+04 4.718018359785296343e+04 2.851599477138583825e+04
3.302622926212283368e-03 1.033831578834695538e+05 4.895432026694236265e+04 2.959813582956248501e+04
3.684031499205906151e-03 1.068374818876018544e+05 5.061357400245755707e+04 3.061398882172874437e+04
4.109487637665882979e-03 1.099968282233044592e+05 5.213090118915338098e+04 3.154199137596273067e+04
4.584078243567925488e-03 1.127788678891510353e+05 5.346885634715424385e+04 3.236049762079851644e+04
5.113477687716873853e-03 1.150986105398185755e+05 5.458802351151066250e+04 3.304621122713958175e+04
5.704015654503047893e-03 1.168691933839395351e+05 5.544785335393750574e+04 3.357491245844004152e+04
6.362752821816417166e-03 1.180023881695916643e+05 5.600699774096027977e+04 3.392180271172076027e+04
7.097565280973966440e-03 1.184050758841709321e+05 5.622162603579409915e+04 3.406048345535936824e+04
7.917238706014356406e-03 1.179726551379557204e+05 5.604231216495321132e+04 3.396109743506457016e+04
8.831573398280912271e-03 1.166793468497017457e+05 5.545684778472416656e+04 3.361627612415923795e+04
9.851501462242475554e-03 1.142509532967713603e+05 5.433439453203034645e+04 3.294646290799618873e+04
1.098921751354712747e-02 1.106445692285869154e+05 5.265385423112582794e+04 3.193868967366725337e+04
1.225832448210000328e-02 1.058961965505903499e+05 5.043108386759820860e+04 3.060221534683192294e+04
1.367399625343743499e-02 9.998974372502898041e+04 4.765644873884797562e+04 2.893057533623559357e+04
1.525315909299450497e-02 9.296589626220744685e+04 4.434692043918199488e+04 2.693341594226697634e+04
1.701469402243795462e-02 8.501301248315357952e+04 4.058941108372159215e+04 2.466276113468334734e+04
1.897966256774625410e-02 7.642040478447663190e+04 3.651882138200318877e+04 2.219975385736379758e+04
2.117155857815964867e-02 6.758559248922555707e+04 3.232237046869807818e+04 1.965728544505893296e+04
2.361658912683562567e-02 5.899924151905253530e+04 2.823402197911236362e+04 1.717751019000827728e+04
2.634398785175567220e-02 5.115784792172095331e+04 2.449258239254535147e+04 1.490589950558551755e+04
2.938636448329653983e-02 4.447606456382948818e+04 2.130134929486433248e+04 1.296722330857730049e+04
3.278009473753994152e-02 3.917099734372396051e+04 1.877160187600883364e+04 1.143092285679475754e+04
3.656575523702054742e-02 3.515585624849182204e+04 1.686892010813259913e+04 1.027785618542452539e+04
4.078860865897657173e-02 3.201736509051051689e+04 1.539715445356967939e+04 9.389091568189291138e+03
4.549914491170512637e-02 2.899263513212043836e+04 1.397788934136778880e+04 8.531324133595417152e+03
5.075368480951484434e-02 2.541232800830625274e+04 1.226373033504081468e+04 7.486821734274783921e+03
5.661505346402430361e-02 2.119360231677905176e+04 1.019287173883501055e+04 6.212713994441811337e+03
6.315333144310807112e-02 1.708227932592938305e+04 8.141102832475715331e+03 4.942087429155296377e+03
7.044669267860774464e-02 1.402712161287418712e+04 6.627225884844656321e+03 4.006299692751298153e+03
7.858233914112514040e-02 1.219210528696398433e+04 5.776733221052305453e+03 3.493639871784928346e+03
8.765754345719625751e-02 1.076264826671263472e+04 5.148807266032428743e+03 3.123693295311715701e+03
9.778081193473929511e-02 8.978689805311601958e+03 4.268159916069519568e+03 2.578287945375192976e+03
1.090731819023149224e-01 7.251331638338518133e+03 3.370551517756398880e+03 2.010301065537842987e+03
1.216696688736408766e-01 6.110497304630083818e+03 2.844060332871101764e+03 1.693965788294322010e+03
1.357208808401622890e-01 5.172667744643454171e+03 2.430677060602543861e+03 1.451524623309133858e+03
1.513948189927238619e-01 4.243777320633776071e+03 1.957995455000116635e+03 1.151757344235867322e+03
1.688788864024014236e-01 3.525941075549165362e+03 1.632592832534196305e+03 9.586340794871188109e+02
1.883821286769788717e-01 2.911693102051992355e+03 1.349077858341780711e+03 7.874614553198532576e+02
2.101377333831422056e-01 2.391737918520023413e+03 1.109731950916738924e+03 6.428912016411661625e+02
2.344058181183555356e-01 1.956047662525399119e+03 9.143542047199379112e+02 5.269361741209564798e+02
2.614765405675759102e-01 1.589419071743638597e+03 7.520988998588243248e+02 4.313907131521461906e+02
2.916735677297306317e-01 1.281314230160814304e+03 6.169448193402894276e+02 3.521286663093696916e+02
3.253579457932418983e-01 1.023323205752010949e+03 5.053554087431541575e+02 2.877471903479882940e+02
3.629324169301749725e-01 8.081487207508514530e+02 4.128421364989764015e+02 2.349871083107830145e+02
4.048462346221089470e-01 6.298744600769338149e+02 3.360535938231082014e+02 1.917194723893402397e+02
4.516005350914485406e-01 4.836322929215337467e+02 2.723091757946492635e+02 1.562638070145731604e+02
5.037543290608768043e-01 3.652606925005150060e+02 2.193998925454848745e+02 1.271984492637002688e+02
5.619311854805180140e-01 2.710533987556794955e+02 1.755098464658435375e+02 1.033436610818671539e+02
6.268266871357865977e-01 1.975731393700594936e+02 1.391749757722733136e+02 8.374624384358807561e+01
6.992167472777639503e-01 1.415357094828204936e+02 1.092126550451034035e+02 6.763270968916179982e+01
7.799668867126374749e-01 9.979617529288019284e+01 8.466061291730605376e+01 5.437708909464612361e+01
8.700425822703268253e-01 6.941614634581907239e+01 6.472084896070697368e+01 4.346820743310289714e+01
9.705208103821856280e-01 4.776376478931817360e+01 4.872413983268341298e+01 3.449913124751589066e+01
1.082602923786821769e+00 3.260104022770966736e+01 3.608641072523895588e+01 2.714308695437880914e+01
1.207629015322442267e+00 2.212628794907381291e+01 2.628154576827109423e+01 2.113511776054933833e+01
1.347093940544190405e+00 1.495818658230702702e+01 1.882656647684098417e+01 1.626028813342173507e+01
1.502665190738521561e+00 1.008131221881208539e+01 1.327706057529419681e+01 1.234162226889498193e+01
1.676202830030598223e+00 6.773501366918678102e+00 9.231703337459963521e+00 9.229730104661800993e+00
1.869781734959676811e+00 4.533022540875011330e+00 6.340042831512357147e+00 6.794490676431081511e+00
2.085716402426663674e+00 3.016625729035222747e+00 4.308564157316677523e+00 4.921073063815521564e+00
2.326588622626292402e+00 1.991430210099160991e+00 2.901895767001712034e+00 3.506535815732913619e+00
2.595278347831105226e+00 1.300002470272153987e+00 1.939062092994877862e+00 2.459082804783866649e+00
2.894998126105261083e+00 0.000000000000000000e+00 1.285869680769992973e+00 1.698406831907173231e+00
3.229331511649635278e+00 0.000000000000000000e+00 8.457583114639561916e-01 1.156187482761342977e+00
3.602275911025628830e+00 0.000000000000000000e+00 5.509002255320202268e-01 7.763078454173535370e-01
4.018290377542188097e+00 0.000000000000000000e+00 3.544529759788632717e-01 5.142906554463558821e-01
4.482348925252354732e+00 0.000000000000000000e+00 0.000000000000000000e+00 3.360894822223121081e-01
5.000000000000000888e+00 0.000000000000000000e+00 0.000000000000000000e+00 2.164348095310711373e-01
