1.000000000230258569e-04 1.957729037764719124e+03 9.193924271081873485e+02 5.217380458946870476e+02
1.115486563971542785e-04 2.199761562116261302e+03 1.032348293226733404e+03 5.859418072342076584e+02
1.244310274114527074e-04 2.447551514770089852e+03 1.147595690050484109e+03 6.515058941880242855e+02
1.388011391866901154e-04 2.733333001787777448e+03 1.280335517690983352e+03 7.270539438312382572e+02
1.548308057910457113e-04 3.084375251390230915e+03 1.443467201249777645e+03 8.198914547810576323e+02
1.727116835090306587e-04 3.469478609875066013e+03 1.622059319178564238e+03 9.215877551012762297e+02
1.926575623508681512e-04 3.870121817114075384e+03 1.807144267388744765e+03 1.027093478458394429e+03
2.149069222004190347e-04 4.351000731800789254e+03 2.029413593664709879e+03 1.153779589817811939e+03
2.397257841638464457e-04 4.885094794639748216e+03 2.276045621061626207e+03 1.294387103318198342e+03
2.674108912107391479e-04 5.464130438463456812e+03 2.542986679408249529e+03 1.446623493443291181e+03
2.982932561365508645e-04 6.141147167518147398e+03 2.855600256554868338e+03 1.624807084793507556e+03
3.327421192670277522e-04 6.870635436386946822e+03 3.192236103088022446e+03 1.816654960313293032e+03
3.711693632243215748e-04 7.702594350342795224e+03 3.576910924345955664e+03 2.035687477227044610e+03
4.140344375392690035e-04 8.637547098349619773e+03 4.009972118371431407e+03 2.282034032598602607e+03
4.618498519902246974e-04 9.662901981573149897e+03 4.485656466934216041e+03 2.552359290995409992e+03
5.151873043487156757e-04 1.081124292350436735e+04 5.019636380524209926e+03 2.855471453994930926e+03
5.746845157973842983e-04 1.209666284016585632e+04 5.618781304969852499e+03 3.195194333109405306e+03
6.410528557468661917e-04 1.352937971913322144e+04 6.288045878244274718e+03 3.574307064328384968e+03
7.150858472165629249e-04 1.512698470367625123e+04 7.035833051783584779e+03 3.997575271966833498e+03
7.976686544726134401e-04 1.689735045342465310e+04 7.865898425139384017e+03 4.467154358948214394e+03
8.897886663605780169e-04 1.884203962055690499e+04 8.778856743724141779e+03 4.983425860315910541e+03
9.925473018708411317e-04 2.101136472961300751e+04 9.798501932756777023e+03 5.559948722858572182e+03
1.107173179088194286e-03 2.339636256017133564e+04 1.092026785502329585e+04 6.194221384689552906e+03
1.235036804978161722e-03 2.601215407844940637e+04 1.215116182318619576e+04 6.890269562901429708e+03
1.377666961646263968e-03 2.886853552057128400e+04 1.349559656778298267e+04 7.650627278450140693e+03
1.536768984990051967e-03 3.199149563258427588e+04 1.496564019694391391e+04 8.482189027826672827e+03
1.714245154289869167e-03 3.536807579489878117e+04 1.655495249563844845e+04 9.381391178199659407e+03
1.912217436523370962e-03 3.901257679252836533e+04 1.827028442084694689e+04 1.035211739696852601e+04
2.133052857342773462e-03 4.290470753418183449e+04 2.010184987981768791e+04 1.138883953871064659e+04
2.379391802059096454e-03 4.703543806795172713e+04 2.204558238394149521e+04 1.248930914300057339e+04
2.654179585009814029e-03 5.136926916859626363e+04 2.408490921127693582e+04 1.364414719198261810e+04
2.960701664764286197e-03 5.586725964865840797e+04 2.620181628223050211e+04 1.484299761558469072e+04
3.302622926212283368e-03 6.047394092245985667e+04 2.837002430254367573e+04 1.607128845798689508e+04
3.684031499205906151e-03 6.511572461754348478e+04 3.055542800126232760e+04 1.730977470950422503e+04
4.109487637665882979e-03 6.971074856668089342e+04 3.271983160094849154e+04 1.853687204139403184e+04
4.584078243567925488e-03 7.416217235046622227e+04 3.481802800233285961e+04 1.972706587386350657e+04
5.113477687716873853e-03 7.836114921877953748e+04 3.679925623485232791e+04 2.085169600427021578e+04
5.704015654503047893e-03 8.218869076008885168e+04 3.860800393631275801e+04 2.187942792093374737e+04
6.362752821816417166e-03 8.551876402565978060e+04 4.018541502538001805e+04 2.277702341543287912e+04
7.097565280973966440e-03 8.821934009700932074e+04 4.146981307008747535e+04 2.350961667467401276e+04
7.917238706014356406e-03 9.015658765495162515e+04 4.239855621119791613e+04 2.404178472239784969e+04
8.831573398280912271e-03 9.118939469874568749e+04 4.290542946451294119e+04 2.433596968429866320e+04
9.851501462242475554e-03 9.125273805395080126e+04 4.295982255045403144e+04 2.437481133691117066e+04
1.098921751354712747e-02 9.001671240614668932e+04 4.240580895721835259e+04 2.406954826030422919e+04
1.225832448210000328e-02 8.749341418166816584e+04 4.124810891367075237e+04 2.342252845893540507e+04
1.367399625343743499e-02 8.360190436543940450e+04 3.944679772156813124e+04 2.241051801570938187e+04
1.525315909299450497e-02 7.849244618219288532e+04 3.707054106497421162e+04 2.107180306251929142e+04
1.701469402243795462e-02 7.228242167594449711e+04 3.417170929285824241e+04 1.943521450808276859e+04
1.897966256774625410e-02 6.525718419785539299e+04 3.088198996671142595e+04 1.757473242187261712e+04
2.117155857815964867e-02 5.786820798434213793e+04 2.741212293088098522e+04 1.560941678496308305e+04
2.361658912683562567e-02 5.063276534015982907e+04 2.400578300283838325e+04 1.367756449925054221e+04
2.634398785175567220e-02 4.408425414764408197e+04 2.091717603116310056e+04 1.192434097589378689e+04
2.938636448329653983e-02 3.864828346836505807e+04 1.835253605480779152e+04 1.046828950877407078e+04
3.278009473753994152e-02 3.452191440065661300e+04 1.641236683683971569e+04 9.368409213988852571e+03
3.656575523702054742e-02 3.155621232144980968e+04 1.503238671285710552e+04 8.589638007662069867e+03
4.078860865897657173e-02 2.922441393979618806e+04 1.396252654443832034e+04 7.989411876034538182e+03
4.549914491170512637e-02 2.667838962413517220e+04 1.278480612950844443e+04 7.325668025117416619e+03
5.075368480951484434e-02 2.324922747007993166e+04 1.115322744249940479e+04 6.394104880183915157e+03
5.661505346402430361e-02 1.910832117372120774e+04 9.133277194602180316e+03 5.228062897952357162e+03
6.315333144310807112e-02 1.530228644518870533e+04 7.252452748672947564e+03 4.135833383923502879e+03
7.044669267860774464e-02 1.280065002693760653e+04 6.038011709406435330e+03 3.434932741349160096e+03
7.858233914112514040e-02 1.146349767334198623e+04 5.451543979024731016e+03 3.111031642878472667e+03
8.765754345719625751e-02 1.016006751064842319e+04 4.875683482551029556e+03 2.791801213332734733e+03
9.778081193473929511e-02 8.306645931359871611e+03 3.938012656432215863e+03 2.239191198892018747e+03
1.090731819023149224e-01 6.739068651905443403e+03 3.135417733386662803e+03 1.762989746711721409e+03
1.216696688736408766e-01 5.820864606669056229e+03 2.744004414459171585e+03 1.551103146073979815e+03
1.357208808401622890e-01 4.906435545797021405e+03 2.318221077149765733e+03 1.308710316277835091e+03
1.513948189927238619e-01 4.028809801617771882e+03 1.868732115426415930e+03 1.038960310478363681e+03
1.688788864024014236e-01 3.387202740536342844e+03 1.591447163304187370e+03 8.892958515261703951e+02
1.883821286769788717e-01 2.800503443663706094e+03 1.307661449830844049e+03 7.224784887659945980e+02
2.101377333831422056e-01 2.317795318273429530e+03 1.090427988089210203e+03 6.017828244173969097e+02
2.344058181183555356e-01 1.905527362353054286e+03 9.005391190505620216e+02 4.931652657973978648e+02
2.614765405675759102e-01 1.558911787799340800e+03 7.463008680493737756e+02 4.079181521743318513e+02
2.916735677297306317e-01 1.265807258239009570e+03 6.160026804083204297e+02 3.354714298506824548e+02
3.253579457932418983e-01 1.018966512653775112e+03 5.073988049835674019e+02 2.758544837075565965e+02
3.629324169301749725e-01 8.118593671869284663e+02 4.169120096521363621e+02 2.268552480357479624e+02
4.048462346221089470e-01 6.390389252110650204e+02 3.413277566909301868e+02 1.863983493250548804e+02
4.516005350914485406e-01 4.960634063245827292e+02 2.781627878474544673e+02 1.529969940776408919e+02
5.037543290608768043e-01 3.791766781940926307e+02 2.253815381278410257e+02 1.254054496338859650e+02
5.619311854805180140e-01 2.850728910147169017e+02 1.813080961198701289e+02 1.025938671565844942e+02
6.268266871357865977e-01 2.107140795297825093e+02 1.445827947530468975e+02 8.371660209981089906e+01
6.992167472777639503e-01 1.531968700708513893e+02 1.141027284614688995e+02 6.808094901842102331e+01
7.799668867126374749e-01 1.097084963020010662e+02 8.896749772646437293e+01 5.512296223268867834e+01
8.700425822703268253e-01 7.756644160889516115e+01 6.842745729326628634e+01 4.437902793247768329e+01
9.705208103821856280e-01 5.430443615097055954e+01 5.185001828529812684e+01 3.547809816040899733e+01
1.082602923786821769e+00 3.776594013673391004e+01 3.867737277711601962e+01 2.812098959760714934e+01
1.207629015322442267e+00 2.616789522536433310e+01 2.840002590391706505e+01 2.206440672335698849e+01
1.347093940544190405e+00 1.810974783734986460e+01 2.054240321235081268e+01 1.711059342096357483e+01
1.502665190738521561e+00 1.254008151005069926e+01 1.465954310766593416e+01 1.309630028575778482e+01
1.676202830030598223e+00 8.697656150268002762e+00 1.034382716962016779e+01 9.882980482338076911e+00
1.869781734959676811e+00 6.045468110472511647e+00 7.235489299573531596e+00 7.348775867586877730e+00
2.085716402426663674e+00 4.211061188612115203e+00 5.030956048884396736e+00 5.384462396713979970e+00
2.326588622626292402e+00 2.938586866598318359e+00 3.485734206702870264e+00 3.890208374385328849e+00
2.595278347831105226e+00 2.053112812786359598e+00 2.411405025360814580e+00 2.775188030698692909e+00
2.894998126105261083e+00 1.435071973888903507e+00 1.668023169965955788e+00 1.958489494380728946e+00
3.229331511649635278e+00 0.000000000000000000e+00 1.154647245582148596e+00 1.370280869560280168e+00
3.602275911025628830e+00 0.000000000000000000e+00 8.000859711886736392e-01 9.526500394951095130e-01
4.018290377542188097e+00 0.000000000000000000e+00 5.548614997535602500e-01 6.594567350853183241e-01
4.482348925252354732e+00 0.000000000000000000e+00 3.849019145155760935e-01 4.553012774878778535e-01
5.000000000000000888e+00 0.000000000000000000e+00 0.000000000000000000e+00 3.138934706038294387e-01
