1.000000000230258569e-04 2.210161420795294589e+02 9.202637022182193505e+01 5.041433231449966001e+01
1.115026695290953366e-04 2.462919869610721832e+02 1.025441899120216220e+02 5.617588517052470110e+01
1.243284530925187648e-04 2.772414028892722513e+02 1.154238304339152990e+02 6.323265617363896496e+01
1.386295441504667143e-04 3.114434352198277338e+02 1.296527933932408985e+02 7.103038536880839615e+01
1.545756424481938766e-04 3.453362152170217882e+02 1.437490535328510646e+02 7.875365844668590398e+01
1.723559677317991945e-04 3.790754427977662999e+02 1.577705943989940067e+02 8.643985373434213670e+01
1.921815050694108094e-04 4.189224604281553752e+02 1.743257150159063258e+02 9.551400388173277634e+01
2.142875084442451923e-04 4.687416247008883374e+02 1.950293026598176596e+02 1.068614106855549863e+02
2.389362923277018713e-04 5.213429556698213219e+02 2.168777097361765414e+02 1.188388210513394085e+02
2.664203443578849946e-04 5.743960572681984331e+02 2.388941297101923169e+02 1.309097903149344120e+02
2.970657960592480913e-04 6.399301555464669491e+02 2.660950553448084293e+02 1.458241594198608482e+02
3.312362927876497001e-04 7.103795072012178480e+02 2.953263068480799802e+02 1.618532568908314033e+02
3.693373088223966556e-04 7.862478128836680753e+02 3.267903072280826677e+02 1.791098771880214713e+02
4.118209588090659132e-04 8.746465272786390415e+02 3.634618757976344909e+02 1.992220206118857107e+02
4.591913626466918256e-04 9.685514440024717260e+02 4.024033207437768738e+02 2.205799307446381761e+02
5.120106274801957584e-04 1.074294630185099095e+03 4.462703459696341497e+02 2.446393328119709452e+02
5.709055177816341068e-04 1.193532229687052222e+03 4.957517114024360581e+02 2.717749329863209482e+02
6.365748926688486646e-04 1.322094867803846228e+03 5.491122810008421311e+02 3.010344816420620759e+02
7.097979987143026312e-04 1.464551651294617159e+03 6.082678557450127528e+02 3.334663202966607969e+02
7.914437166483044659e-04 1.623069625559844553e+03 6.741292144870942593e+02 3.695675259999921423e+02
8.824808716799498404e-04 1.798816256897134281e+03 7.471851991391203001e+02 4.096043790213631155e+02
9.839897297802024153e-04 1.993844443088238677e+03 8.282977999596329255e+02 4.540486406257965655e+02
1.097174816344422205e-03 2.207648768746374117e+03 9.172568669648177320e+02 5.027838077618583270e+02
1.223379209343287413e-03 2.441737641848964813e+03 1.014680406178077533e+03 5.561461792484923308e+02
1.364100476567608111e-03 2.701550719423741612e+03 1.122860100900493308e+03 6.153979790531872140e+02
1.521008446081769522e-03 2.987060610951993567e+03 1.241766656835437288e+03 6.805216546735400698e+02
1.695965020753673102e-03 3.299064222493168018e+03 1.371730177636708049e+03 7.517000932001863021e+02
1.891046271984591709e-03 3.639346138936070929e+03 1.513484626510602993e+03 8.293367981527859456e+02
2.108567074807741158e-03 4.013331639590659051e+03 1.669313428634506408e+03 9.146927765591917705e+02
2.351108576680822643e-03 4.418433200276218486e+03 1.838105248484028152e+03 1.007154156409087477e+03
2.621548825923003187e-03 4.859189310428898352e+03 2.021781058655630886e+03 1.107781548430508565e+03
2.923096923239734257e-03 5.334717180421750527e+03 2.219938953233477150e+03 1.216348727686499615e+03
3.259331101584665453e-03 5.847863171362497269e+03 2.433811863713112416e+03 1.333543884306856171e+03
3.634241186222156913e-03 6.397897546560869159e+03 2.663092410713765730e+03 1.459199952280152047e+03
4.052275938830490927e-03 6.984905256976275268e+03 2.907815376692491100e+03 1.593336426411987759e+03
4.518395847440812539e-03 7.607930052548238564e+03 3.167635628172017732e+03 1.735779400108105165e+03
5.038131988628217865e-03 8.264818185913070920e+03 3.441626770496446625e+03 1.886009193175416840e+03
5.617651660426248826e-03 8.952820756952414740e+03 3.728713360783883218e+03 2.043454916543622176e+03
6.263831564778516575e-03 9.667279111796889993e+03 4.026985029951662455e+03 2.207078638879447681e+03
6.984339407925946493e-03 1.040256377585256087e+04 4.334143631445645042e+03 2.375634590751285486e+03
7.787724887016851671e-03 1.114818811664996065e+04 4.645868849595306528e+03 2.546761615510731190e+03
8.683521142606049834e-03 1.189339931099594287e+04 4.957736063400574494e+03 2.718045188316898930e+03
9.682357880899711625e-03 1.262603880183620277e+04 5.264753969944135861e+03 2.886766931115989792e+03
1.079608750807801998e-02 1.333002238254072290e+04 5.560302645409644356e+03 3.049317789489072311e+03
1.203792577343234388e-02 1.398489531752335097e+04 5.835936053063985128e+03 3.201077494006327470e+03
1.342260859021738965e-02 1.456802767550679710e+04 6.082301653698993505e+03 3.336924914800451006e+03
1.496656689508787767e-02 1.505351275805481237e+04 6.288680646025131864e+03 3.450992777188262153e+03
1.668812162103823840e-02 1.541347231761687726e+04 6.443513362767206672e+03 3.536955182162168512e+03
1.860770109743517184e-02 1.561933785375176376e+04 6.534863962955054376e+03 3.588250124140409753e+03
2.074808345685756270e-02 1.564405334857692651e+04 6.551385707152619943e+03 3.598622581752796123e+03
2.313466692519383291e-02 1.546561549330985326e+04 6.483779304335019333e+03 3.562952694522260117e+03
2.579577120231610690e-02 1.507202399569189220e+04 6.326761145973021485e+03 3.478281664123192968e+03
2.876297350957714855e-02 1.446744920990392893e+04 6.081693338218451572e+03 3.345265580633233185e+03
3.207148329174031032e-02 1.367732875289154981e+04 5.758798065627464894e+03 3.169436102101610231e+03
3.576056001963404812e-02 1.275101141520215060e+04 5.378287728315242020e+03 2.961815624766561086e+03
3.987397905126498221e-02 1.175807233205422745e+04 4.969022846054554975e+03 2.738201477981626795e+03
4.446055107939526907e-02 1.077983605677123705e+04 4.565153324223781965e+03 2.517372415220688254e+03
4.957470132945773766e-02 9.889769037432684854e+03 4.198048110150726643e+03 2.316672304292709669e+03
5.527711538069327024e-02 9.130104087385796447e+03 3.886391459113238398e+03 2.146546689044672803e+03
6.163545927395905344e-02 8.484970427495436525e+03 3.624257265006317539e+03 2.003872106848862813e+03
6.872518245115814828e-02 7.871964211152917414e+03 3.376313589400112505e+03 1.869084827216441454e+03
7.663041305413779980e-02 7.174510221808154711e+03 3.090223915451651465e+03 1.712777486310961422e+03
8.544495620686157200e-02 6.323826926323771659e+03 2.731916232631055664e+03 1.515229700635310564e+03
9.527340712667957401e-02 5.390641091614100333e+03 2.329233257575143853e+03 1.291356711715804295e+03
1.062323922731101822e-01 4.563704631700681603e+03 1.968796821740340420e+03 1.090150293747909700e+03
1.184519532618636822e-01 3.974862788083112264e+03 1.718839334802600661e+03 9.516723740099298539e+02
1.320770899659224340e-01 3.546122969743153135e+03 1.548118237789016121e+03 8.591960071352189061e+02
1.472694811144383831e-01 3.080871912498761503e+03 1.353880660754613700e+03 7.521179709450169639e+02
1.642094028064348954e-01 2.565148225624206589e+03 1.119544948017460911e+03 6.187490420232226143e+02
1.830978677048002712e-01 2.162088598043458205e+03 9.418926119807473469e+02 5.185394960251627481e+02
2.041590102946942431e-01 1.859945262843279124e+03 8.237782966477705031e+02 4.554070895201520557e+02
2.276427465103479653e-01 1.555592299105523807e+03 6.895466922148094682e+02 3.793995775362614609e+02
2.538277392899435103e-01 1.296148811333190451e+03 5.761614999294498602e+02 3.153108167530218680e+02
2.830247052484705095e-01 1.081188218448330645e+03 4.896079409358918042e+02 2.687908906207638893e+02
3.155801017062329072e-01 8.900117284351495073e+02 4.067205133669187376e+02 2.218233482619490076e+02
3.518802378240603601e-01 7.286305297032771477e+02 3.410457740152190240e+02 1.865389877090886728e+02
3.923558586288135031e-01 5.899308312647571029e+02 2.831454365388530618e+02 1.546404209050672875e+02
4.374872563241952172e-01 4.722082835801065244e+02 2.347397899197403603e+02 1.286405520197470480e+02
4.878099695387512202e-01 3.728234752771192575e+02 1.936653901252551577e+02 1.067512158757773477e+02
5.439211381395319123e-01 2.897449879000744772e+02 1.588327268162593668e+02 8.832982175655303081e+01
6.064865890189676811e-01 2.212362197667921748e+02 1.293849586011279769e+02 7.293193269890984709e+01
6.762487369363893164e-01 1.657187155443943709e+02 1.045308962030177611e+02 6.005781735698592882e+01
7.540353941672404137e-01 1.216848508739719392e+02 8.360813993182311776e+01 4.928224865885739092e+01
8.407695934971151086e-01 8.761618364420786520e+01 6.608304998576117839e+01 4.026234857538969436e+01
9.374805411223435803e-01 6.195779464328733610e+01 5.151375407715510590e+01 3.271120360803590899e+01
1.045315829426528564e+00 4.315259434011126416e+01 3.953015993574256726e+01 2.639239464478796293e+01
1.165555054552403824e+00 2.971394604250811611e+01 2.981445259091749023e+01 2.111482626813444341e+01
1.299625000357985227e+00 2.031424568618978554e+01 2.207881014250941476e+01 1.672098347722208445e+01
1.449116568932995452e+00 1.384444230754403016e+01 1.605077844539277976e+01 1.308290660837548103e+01
1.615803658576671964e+00 9.436495898752898626e+00 1.146450789535093762e+01 1.009613082955038443e+01
1.801664213246928048e+00 6.448019900652560921e+00 8.061117449787770894e+00 7.671841329523815034e+00
2.008903693258128342e+00 4.423203519367945979e+00 5.595965901849912605e+00 5.733560377396135443e+00
2.239981245735629400e+00 3.048135552590772956e+00 3.848744704658067395e+00 4.211927345911499643e+00
2.497638885371206374e+00 2.110530169337682782e+00 2.632277016372086997e+00 3.042167029343586293e+00
2.784934031744384253e+00 1.467945948542198176e+00 1.796251516528111658e+00 2.162934598688748267e+00
3.105275789304232426e+00 1.025135606308793967e+00 1.226314666399812348e+00 1.516883153379802840e+00
3.462465400517639402e+00 7.183435492935024147e-01 8.392114931414415002e-01 1.052201946338833238e+00
3.860741352209485999e+00 5.046960949880340275e-01 5.763341423719137158e-01 7.241369622712664489e-01
4.304829670336041580e+00 3.552519559350160172e-01 3.974261205510209449e-01 4.959942489746033134e-01
4.799999999999999822e+00 2.503145634549852616e-01 2.751989521111983250e-01 3.390620967176306011e-01
