1.000000000230258569e-04 2.541241693328756241e+02 1.078771281799847657e+02 5.914610075503261299e+01
1.115026695290953366e-04 2.825626379726466553e+02 1.199540969481632402e+02 6.576746413073809094e+01
1.243284530925187648e-04 3.174431316046266716e+02 1.347664312599077050e+02 7.389290910101289001e+01
1.386295441504667143e-04 3.555621025794661136e+02 1.509550964656815495e+02 8.277350144831397927e+01
1.545756424481938766e-04 3.925664539899633496e+02 1.666757558248788769e+02 9.139984067509736576e+01
1.723559677317991945e-04 4.290681547744724753e+02 1.821876619430677238e+02 9.991656459845533789e+01
1.921815050694108094e-04 4.728268175411055267e+02 2.007859199335040330e+02 1.101283382627760403e+02
2.142875084442451923e-04 5.277519733148116075e+02 2.241273193920528968e+02 1.229442308373673853e+02
2.389362923277018713e-04 5.845037178965957310e+02 2.482520987362654807e+02 1.361952608918510066e+02
2.664203443578849946e-04 6.414330231754362330e+02 2.724582925894008554e+02 1.495000605950585850e+02
2.970657960592480913e-04 7.128281028719788992e+02 3.028106140550873988e+02 1.661807054797176590e+02
3.312362927876497001e-04 7.877772245065043535e+02 3.346757313089127024e+02 1.836995497940467885e+02
3.693373088223966556e-04 8.693598809788443305e+02 3.693523541209386281e+02 2.027697440089523013e+02
4.118209588090659132e-04 9.632798892345172135e+02 4.092610444183031291e+02 2.247167263192163489e+02
4.591913626466918256e-04 1.063706988147815991e+03 4.519123359208885518e+02 2.481725293605924492e+02
5.120106274801957584e-04 1.175088678906278119e+03 4.991884318362303929e+02 2.741674009923648327e+02
5.709055177816341068e-04 1.301938384540376092e+03 5.529911802482806706e+02 3.037393840937436948e+02
6.365748926688486646e-04 1.438320165911772392e+03 6.107850618715107203e+02 3.354932117644735854e+02
7.097979987143026312e-04 1.588515047152197667e+03 6.743814273008508735e+02 3.704160855707426663e+02
7.914437166483044659e-04 1.755512443462174588e+03 7.450407103983477555e+02 4.091925509768488496e+02
8.824808716799498404e-04 1.940749674666521514e+03 8.233729931831321665e+02 4.521540960776904967e+02
9.839897297802024153e-04 2.145626791328490071e+03 9.099781781912685119e+02 4.996272533863137255e+02
1.097174816344422205e-03 2.368384511255506823e+03 1.004110841931685059e+03 5.512008555674124182e+02
1.223379209343287413e-03 2.614104755148469849e+03 1.107935580438472016e+03 6.080621750126557572e+02
1.364100476567608111e-03 2.883288068996888342e+03 1.221689053705518290e+03 6.703469789042443381e+02
1.521008446081769522e-03 3.179686234409834469e+03 1.346979301059001045e+03 7.389423864133740381e+02
1.695965020753673102e-03 3.501766248475444627e+03 1.483151027409102653e+03 8.134914486350290872e+02
1.891046271984591709e-03 3.852096858860462362e+03 1.631301527547571595e+03 8.946010708747347735e+02
2.108567074807741158e-03 4.235093412465126676e+03 1.793337455203959280e+03 9.833277522195804750e+02
2.351108576680822643e-03 4.647755855903435076e+03 1.967955655229821787e+03 1.078954853837740529e+03
2.621548825923003187e-03 5.092835089305746806e+03 2.156340165881050780e+03 1.182136477639700161e+03
2.923096923239734257e-03 5.569979467670314989e+03 2.358326266171142834e+03 1.292782152245208408e+03
3.259331101584665453e-03 6.080975899646397011e+03 2.574710835175165812e+03 1.411337712646761702e+03
3.634241186222156913e-03 6.624580372168378744e+03 2.804974403187966800e+03 1.537521772721199795e+03
4.052275938830490927e-03 7.198331773684506516e+03 3.048063976810520217e+03 1.670756834404997790e+03
4.518395847440812539e-03 7.800408998590748524e+03 3.303214543863670769e+03 1.810640268954136445e+03
5.038131988628217865e-03 8.428211447089701323e+03 3.569406301309307310e+03 1.956593454999260530e+03
5.617651660426248826e-03 9.076667579835610013e+03 3.844489394778521273e+03 2.107470426908297213e+03
6.263831564778516575e-03 9.740028152255521491e+03 4.126068603826337494e+03 2.261960426368069875e+03
6.984339407925946493e-03 1.041067402359420703e+04 4.410960639318333961e+03 2.418328064550622457e+03
7.787724887016851671e-03 1.107955429786085006e+04 4.695387850231223638e+03 2.574511950876137689e+03
8.683521142606049834e-03 1.173722498756426648e+04 4.975414172270559902e+03 2.728369036631427662e+03
9.682357880899711625e-03 1.236533839571677345e+04 5.243336774479384985e+03 2.875688879956512665e+03
1.079608750807801998e-02 1.294964499486442037e+04 5.493186465763975320e+03 3.013208005364218934e+03
1.203792577343234388e-02 1.346950080161494770e+04 5.716297332010537502e+03 3.136188128735193914e+03
1.342260859021738965e-02 1.390774039295912735e+04 5.905469900426784079e+03 3.240696775574776439e+03
1.496656689508787767e-02 1.424080049356144809e+04 6.050777964364786385e+03 3.321292771131396421e+03
1.668812162103823840e-02 1.444509243375326696e+04 6.142244469903812387e+03 3.372500555032927878e+03
1.860770109743517184e-02 1.449885135583134615e+04 6.170652313770990986e+03 3.389255491362994690e+03
2.074808345685756270e-02 1.438284657825577597e+04 6.127789616072377612e+03 3.367035978901762519e+03
2.313466692519383291e-02 1.408483683846583517e+04 6.008291227551931115e+03 3.302834328482643286e+03
2.579577120231610690e-02 1.360404599459665405e+04 5.811609229628566936e+03 3.196292166350166553e+03
2.876297350957714855e-02 1.295462445547820244e+04 5.543459904376252780e+03 3.050490845629601608e+03
3.207148329174031032e-02 1.216882058652417254e+04 5.217187209539422838e+03 2.872676401058191459e+03
3.576056001963404812e-02 1.129597830171100395e+04 4.853479821496654949e+03 2.674142497116019513e+03
3.987397905126498221e-02 1.039922182836973843e+04 4.479137333025020780e+03 2.469600226390465650e+03
4.446055107939526907e-02 9.542635533573447901e+03 4.121687853191478098e+03 2.274214435719742596e+03
4.957470132945773766e-02 8.773158050396212275e+03 3.801720170604872692e+03 2.099395467588860356e+03
5.527711538069327024e-02 8.103988467017604307e+03 3.525560415859883506e+03 1.948733670382800256e+03
6.163545927395905344e-02 7.490095426973890426e+03 3.273933688285736480e+03 1.811613868804626009e+03
6.872518245115814828e-02 6.849981009457583241e+03 3.010406054485770710e+03 1.667716618096113507e+03
7.663041305413779980e-02 6.107883407352617724e+03 2.699124865755266001e+03 1.496728686114887068e+03
8.544495620686157200e-02 5.270366340720031985e+03 2.339891200395129090e+03 1.298029642113105865e+03
9.527340712667957401e-02 4.457043618324106319e+03 1.985949195877137072e+03 1.101279042828718048e+03
1.062323922731101822e-01 3.809808768236016931e+03 1.706439879938363902e+03 9.460069415594524571e+02
1.184519532618636822e-01 3.343194093983210678e+03 1.513898333353975431e+03 8.402790439055615934e+02
1.320770899659224340e-01 2.918846771235104825e+03 1.340854162847882662e+03 7.455292120697164364e+02
1.472694811144383831e-01 2.440246255745923918e+03 1.131050705720706674e+03 6.279591035787518649e+02
1.642094028064348954e-01 2.006239471145985362e+03 9.362973713930385884e+02 5.178080919297543687e+02
1.830978677048002712e-01 1.689063604742076905e+03 8.067374704918569250e+02 4.467146683483142056e+02
2.041590102946942431e-01 1.400931338627506193e+03 6.878983595285973252e+02 3.812536812205547108e+02
2.276427465103479653e-01 1.130272540618404264e+03 5.675033308989103489e+02 3.127854303314728099e+02
2.538277392899435103e-01 9.130613575397406976e+02 4.800004464318596433e+02 2.651788945651179006e+02
2.830247052484705095e-01 7.207039785082911294e+02 3.988050984896288469e+02 2.199154123482270222e+02
3.155801017062329072e-01 5.577972212951764277e+02 3.317763035072676416e+02 1.832271303785113048e+02
3.518802378240603601e-01 4.195283329428963270e+02 2.743373190397254007e+02 1.517792374825786510e+02
3.923558586288135031e-01 3.038944901083630725e+02 2.262604709451184135e+02 1.259129308023886296e+02
4.374872563241952172e-01 2.086399869593174117e+02 1.853867047379686994e+02 1.039868176390573069e+02
4.878099695387512202e-01 1.321440249581442572e+02 1.510055439891800972e+02 8.582267743264765159e+01
5.439211381395319123e-01 7.282953292614283214e+01 1.220408551597900697e+02 7.071279622048913893e+01
6.064865890189676811e-01 2.910567382661214708e+01 9.765998668458215093e+01 5.813819499197175134e+01
6.762487369363893164e-01 -8.299436832869262481e-01 7.718413914376840523e+01 4.768272531436044659e+01
7.540353941672404137e-01 -1.910215258088013712e+01 6.005688248369101245e+01 3.899090562217385525e+01
8.407695934971151086e-01 -2.813751944579995268e+01 4.582305632919978677e+01 3.176340441383891644e+01
9.374805411223435803e-01 -3.050152369307912892e+01 3.411180291165185707e+01 2.574952554383178693e+01
1.045315829426528564e+00 -2.863518651934299442e+01 2.461991869718626447e+01 2.074562887964629354e+01
1.165555054552403824e+00 -2.458696898062773428e+01 1.708655471700493678e+01 1.658262026161034086e+01
1.299625000357985227e+00 -1.984591273099324482e+01 1.127427088842373770e+01 1.312452645986027555e+01
1.449116568932995452e+00 -1.532422580312089444e+01 6.951379272389058173e+00 1.026246501541769973e+01
1.615803658576671964e+00 -1.146154294294312059e+01 3.882009171000316172e+00 7.906693029855426325e+00
1.801664213246928048e+00 -8.381121950793470887e+00 1.826038776343244630e+00 5.985161664789090175e+00
2.008903693258128342e+00 -6.033860175635981982e+00 5.476643796721328838e-01 4.437858017206624872e+00
2.239981245735629400e+00 -4.298881905142492243e+00 -1.704098654086357856e-01 3.213093137771818597e+00
2.497638885371206374e+00 -3.042525848936826982e+00 -5.133718820600428057e-01 2.264539114070373227e+00
2.784934031744384253e+00 -2.144976222837388757e+00 -6.259130017225550402e-01 1.548850613841064927e+00
3.105275789304232426e+00 -1.509125935429068921e+00 -6.114353633401105048e-01 1.024873697899491232e+00
3.462465400517639402e+00 -1.060956708256319603e+00 -5.374274875508497917e-01 6.538162104046066903e-01
3.860741352209485999e+00 -7.458012156903341960e-01 -4.439364320917815188e-01 4.003111065539214364e-01
4.304829670336041580e+00 -5.243008282866631342e-01 -3.521948484214657560e-01 2.335416368839478840e-01
4.799999999999999822e+00 -3.685695769124363030e-01 -2.717639180862754245e-01 1.281125971536431762e-01
