1.000000000230258569e-04 4.552781451803584787e+02 1.991085864350439181e+02 1.100080085151473952e+02
1.115026695290953366e-04 5.034253355415800115e+02 2.202317423725102117e+02 1.216810624839808099e+02
1.243284530925187648e-04 5.641113070221216503e+02 2.468454122954650529e+02 1.363897757958339412e+02
1.386295441504667143e-04 6.357290440064016366e+02 2.782574156109956220e+02 1.537480427665151694e+02
1.545756424481938766e-04 7.112498789609720689e+02 3.114220601674638829e+02 1.720781753514105503e+02
1.723559677317991945e-04 7.848834501452453196e+02 3.438330941238193645e+02 1.899930644395582249e+02
1.921815050694108094e-04 8.628012701737924317e+02 3.781945996812204385e+02 2.089922082187664216e+02
2.142875084442451923e-04 9.596850052034271812e+02 4.209130973227178742e+02 2.326105824936551016e+02
2.389362923277018713e-04 1.074109715145822520e+03 4.713769617395496994e+02 2.605129335752960742e+02
2.664203443578849946e-04 1.188067981353725145e+03 5.217575750759443736e+02 2.883766833164361287e+02
2.970657960592480913e-04 1.313486267709150979e+03 5.772663111331443133e+02 3.190804201007920824e+02
3.312362927876497001e-04 1.466478570756314866e+03 6.449176683272287391e+02 3.565013908532909568e+02
3.693373088223966556e-04 1.620508106982479148e+03 7.131325036954901861e+02 3.942428782344812817e+02
4.118209588090659132e-04 1.803314678090121788e+03 7.939886721414056865e+02 4.389774039140750119e+02
4.591913626466918256e-04 1.996941082424486012e+03 8.796098786473498876e+02 4.863537245622955538e+02
5.120106274801957584e-04 2.221877959285953693e+03 9.789003251414784472e+02 5.412903023079846889e+02
5.709055177816341068e-04 2.459742797663370311e+03 1.083763762183840981e+03 5.993115002237969975e+02
6.365748926688486646e-04 2.731577338662826151e+03 1.203331055156924549e+03 6.654619033878324217e+02
7.097979987143026312e-04 3.034608704738441702e+03 1.336349128295711353e+03 7.390455977356708672e+02
7.914437166483044659e-04 3.367231821030692117e+03 1.482064392183526479e+03 8.196440140717980967e+02
8.824808716799498404e-04 3.734455011199863293e+03 1.642632644346846291e+03 9.084453482243035296e+02
9.839897297802024153e-04 4.139370855604509416e+03 1.819403715196602661e+03 1.006194739198256343e+03
1.097174816344422205e-03 4.583194718822132018e+03 2.012922527854033433e+03 1.113189860528675126e+03
1.223379209343287413e-03 5.076624075020748933e+03 2.227897902891726972e+03 1.232035074752976016e+03
1.364100476567608111e-03 5.616616945477624540e+03 2.463036950288417302e+03 1.362019383218239454e+03
1.521008446081769522e-03 6.210028782794068320e+03 2.721385877404536132e+03 1.504829563574453005e+03
1.695965020753673102e-03 6.854494691826131202e+03 3.001963212093723087e+03 1.659928041189438090e+03
1.891046271984591709e-03 7.556488841374567528e+03 3.307643513204451665e+03 1.828910166172353684e+03
2.108567074807741158e-03 8.313739721831894713e+03 3.637450386290257029e+03 2.011237058712651560e+03
2.351108576680822643e-03 9.136618810291460250e+03 3.996008492559436490e+03 2.209480566011266092e+03
2.621548825923003187e-03 1.001705832618811837e+04 4.379783312251523967e+03 2.421685338354875512e+03
2.923096923239734257e-03 1.095664206940683835e+04 4.789501119531127188e+03 2.648260331291308376e+03
3.259331101584665453e-03 1.195656878255241645e+04 5.225768181527839261e+03 2.889559506662085823e+03
3.634241186222156913e-03 1.301064778601613034e+04 5.685849790388055226e+03 3.144073655962312387e+03
4.052275938830490927e-03 1.411441317612702369e+04 6.167833359206171735e+03 3.410764312712331957e+03
4.518395847440812539e-03 1.526194573843660874e+04 6.669272332074708174e+03 3.688282789493716791e+03
5.038131988628217865e-03 1.644360546579090806e+04 7.185983146084334294e+03 3.974346724261725285e+03
5.617651660426248826e-03 1.764761151897242235e+04 7.712888193868086091e+03 4.266161390506605130e+03
6.263831564778516575e-03 1.885929112295424056e+04 8.243649313906702446e+03 4.560240563426254084e+03
6.984339407925946493e-03 2.006346952591262016e+04 8.771752191482206399e+03 4.853008369270952244e+03
7.787724887016851671e-03 2.123088072022457709e+04 9.284517058479206753e+03 5.137473416055348935e+03
8.683521142606049834e-03 2.233696020269798464e+04 9.771320691179751520e+03 5.407774792459471428e+03
9.682357880899711625e-03 2.334755850905851185e+04 1.021735099885849377e+04 5.655736392761195930e+03
1.079608750807801998e-02 2.423438224599058231e+04 1.061038430221974158e+04 5.874629968254550477e+03
1.203792577343234388e-02 2.495789011857828882e+04 1.093322385210272842e+04 6.054949293116367699e+03
1.342260859021738965e-02 2.547260724302638482e+04 1.116602548086954812e+04 6.185703886744056035e+03
1.496656689508787767e-02 2.573595483659065940e+04 1.129019734191748285e+04 6.256591108233532395e+03
1.668812162103823840e-02 2.570548174576537713e+04 1.128713011286186702e+04 6.257283022503647771e+03
1.860770109743517184e-02 2.534417316584004220e+04 1.114033044658685139e+04 6.178555388573419805e+03
2.074808345685756270e-02 2.462710618666075243e+04 1.083845111026483755e+04 6.013963703713357063e+03
2.313466692519383291e-02 2.354823446601275282e+04 1.037829443235154395e+04 5.761621437449809491e+03
2.579577120231610690e-02 2.213020960847848255e+04 9.768918840482028827e+03 5.426366730302042924e+03
2.876297350957714855e-02 2.043158362839185065e+04 9.035022012335040927e+03 5.021662736904816484e+03
3.207148329174031032e-02 1.855058037473386139e+04 8.218913892240110727e+03 4.570801905727771555e+03
3.576056001963404812e-02 1.661975549274813238e+04 7.378438391821096957e+03 4.105816581991181920e+03
3.987397905126498221e-02 1.478493108569355354e+04 6.578084954786229900e+03 3.662547873175376481e+03
4.446055107939526907e-02 1.317786226235210961e+04 5.877317430793083986e+03 3.274279225517672330e+03
4.957470132945773766e-02 1.187692990916435156e+04 5.313054462272117235e+03 2.961947031292945212e+03
5.527711538069327024e-02 1.087002549093812195e+04 4.882326068138342634e+03 2.724324297631803347e+03
6.163545927395905344e-02 1.004308103667700925e+04 4.535256280521201006e+03 2.533782190893964980e+03
6.872518245115814828e-02 9.169403702232430078e+03 4.166481157051322043e+03 2.330816128245649907e+03
7.663041305413779980e-02 8.073326216868725169e+03 3.688405095372902451e+03 2.064924501002632041e+03
8.544495620686157200e-02 6.769911160484282846e+03 3.099809522318187646e+03 1.733969772324026053e+03
9.527340712667957401e-02 5.522876140576851867e+03 2.525127743246376667e+03 1.408570190591302207e+03
1.062323922731101822e-01 4.615616045690426290e+03 2.113889972779867094e+03 1.176496007480668595e+03
1.184519532618636822e-01 4.052800936517699483e+03 1.883581817822298262e+03 1.050661225753272220e+03
1.320770899659224340e-01 3.550078998858844898e+03 1.684608564008584153e+03 9.433149873390431139e+02
1.472694811144383831e-01 2.920410730575089474e+03 1.394476731640876096e+03 7.778186876906941052e+02
1.642094028064348954e-01 2.351190159946383574e+03 1.121671909327600588e+03 6.196845689430717812e+02
1.830978677048002712e-01 1.966015664979327084e+03 9.671381062881805519e+02 5.362722416627082112e+02
2.041590102946942431e-01 1.617089243665774347e+03 8.248036644181991051e+02 4.589115182560872199e+02
2.276427465103479653e-01 1.285506039155630106e+03 6.691951435101211700e+02 3.681073475780460171e+02
2.538277392899435103e-01 1.024009529904662486e+03 5.646367957508856534e+02 3.125054799645151320e+02
2.830247052484705095e-01 7.947984273060018268e+02 4.659053379817834752e+02 2.572151328096226166e+02
3.155801017062329072e-01 6.021815491926114419e+02 3.851303574270894501e+02 2.132939037718965380e+02
3.518802378240603601e-01 4.408401859400773901e+02 3.163990039353803354e+02 1.758578521198050169e+02
3.923558586288135031e-01 3.079348013113478828e+02 2.591448667811844757e+02 1.454201416807160285e+02
4.374872563241952172e-01 2.007281279177978206e+02 2.106041905329630879e+02 1.195974904459573764e+02
4.878099695387512202e-01 1.170186920321795441e+02 1.699332390301253213e+02 9.835300964042416183e+01
5.439211381395319123e-01 5.453909794076970030e+01 1.357967038732500953e+02 8.074646320763503127e+01
6.064865890189676811e-01 1.084919479596370451e+01 1.071804727875634313e+02 6.612229775974195434e+01
6.762487369363893164e-01 -1.685234970564613732e+01 8.329060025634765907e+01 5.398515101048944587e+01
7.540353941672404137e-01 -3.172984499581788853e+01 6.346982328746712199e+01 4.390565046868472621e+01
8.407695934971151086e-01 -3.714044668848431741e+01 4.719061932050148300e+01 3.553172164738497685e+01
9.374805411223435803e-01 -3.631713331834979641e+01 3.401752574248185823e+01 2.857381661514289917e+01
1.045315829426528564e+00 -3.203216628560599588e+01 2.357680750092905342e+01 2.279293650695485596e+01
1.165555054552403824e+00 -2.636739354029219129e+01 1.553040126742900640e+01 1.799850535735608048e+01
1.299625000357985227e+00 -2.066320512904591311e+01 9.550639782942877076e+00 1.403557127569198748e+01
1.449116568932995452e+00 -1.562594508268045068e+01 5.307114766249348747e+00 1.077925668470749976e+01
1.615803658576671964e+00 -1.151573560617961256e+01 2.465550905092831702e+00 8.128634508079471743e+00
1.801664213246928048e+00 -8.331221442216538264e+00 6.995872460439199747e-01 5.998884729008910455e+00
2.008903693258128342e+00 -5.949133477317229968e+00 -2.906939404389340398e-01 4.317554982000135766e+00
2.239981245735629400e+00 -4.210096656013606164e+00 -7.606386029617439037e-01 3.019489085559033725e+00
2.497638885371206374e+00 -2.961308583304496089e+00 -9.101433913670363696e-01 2.043981821698853896e+00
2.784934031744384253e+00 -2.074646800174659411e+00 -8.826757604504392729e-01 1.333436426265349972e+00
3.105275789304232426e+00 -1.449791882725512959e+00 -7.724107484637580123e-01 8.336745751027462292e-01
3.462465400517639402e+00 -1.011371898250140733e+00 -6.355466368560978019e-01 4.953699437670062711e-01
3.860741352209485999e+00 -7.045632032690237745e-01 -5.020538227548027033e-01 2.756745657323241283e-01
4.304829670336041580e+00 0.000000000000000000e+00 -3.854360906804631948e-01 1.393893027880691859e-01
4.799999999999999822e+00 0.000000000000000000e+00 -2.897967901825878601e-01 5.918122762465779368e-02
