1.000000000230258569e-04 8.345969619406483844e+02 4.012504609322681972e+02 2.300412193187815149e+02
1.115026695290953366e-04 9.322234860683397528e+02 4.480784591395247958e+02 2.568946287799274160e+02
1.243284530925187648e-04 1.051155668759724449e+03 5.051402949672288401e+02 2.896155342694461865e+02
1.386295441504667143e-04 1.182633099899562922e+03 5.681845039656946028e+02 3.257705377714977999e+02
1.545756424481938766e-04 1.314047841797549381e+03 6.310972845691053408e+02 3.618545638347279692e+02
1.723559677317991945e-04 1.446449681439269170e+03 6.943537736965943168e+02 3.981446966996154515e+02
1.921815050694108094e-04 1.602820814564455077e+03 7.690257601039714928e+02 4.409848011713081632e+02
2.142875084442451923e-04 1.796920168154887961e+03 8.617458995819356460e+02 4.941796634716426411e+02
2.389362923277018713e-04 2.002464696283127523e+03 9.598046507636315710e+02 5.504449762210906556e+02
2.664203443578849946e-04 2.212161822024194407e+03 1.059635248899961880e+03 6.077411520344618339e+02
2.970657960592480913e-04 2.469751364857218505e+03 1.182348890160882775e+03 6.781685323217527639e+02
3.312362927876497001e-04 2.746924383468857741e+03 1.314305794733079210e+03 7.539069194209225770e+02
3.693373088223966556e-04 3.047301187885167565e+03 1.457227966890450489e+03 8.359433500268180524e+02
4.118209588090659132e-04 3.395454538862300979e+03 1.623054878111048311e+03 9.311195151724174366e+02
4.591913626466918256e-04 3.767457205564418018e+03 1.800241450584761651e+03 1.032810098606169049e+03
5.120106274801957584e-04 4.184798579653303022e+03 1.999275374505233458e+03 1.147022851497929651e+03
5.709055177816341068e-04 4.655404139474907424e+03 2.224032183822447678e+03 1.275969397216451171e+03
6.365748926688486646e-04 5.163271082074347760e+03 2.466861313106481248e+03 1.415255597151613301e+03
7.097979987143026312e-04 5.725030806320777629e+03 2.735872751588381107e+03 1.569523445991822200e+03
7.914437166483044659e-04 6.348683272920375202e+03 3.034992008626657025e+03 1.741016939780393386e+03
8.824808716799498404e-04 7.038493578617943967e+03 3.366305265563945795e+03 1.930928491406942385e+03
9.839897297802024153e-04 7.801362341627716887e+03 3.733159693728120146e+03 2.141179384800723255e+03
1.097174816344422205e-03 8.634510403831933218e+03 4.134205019993281894e+03 2.370997810770820251e+03
1.223379209343287413e-03 9.543752566272672993e+03 4.572194802731974050e+03 2.621965265117454692e+03
1.364100476567608111e-03 1.054597599902720322e+04 5.055290098663816025e+03 2.898786026903038419e+03
1.521008446081769522e-03 1.164056577471623132e+04 5.583086213356299595e+03 3.201239230984732330e+03
1.695965020753673102e-03 1.282675064284298969e+04 6.155170323247920351e+03 3.529098782732294694e+03
1.891046271984591709e-03 1.410731431867238280e+04 6.772818729001069187e+03 3.883103791530283161e+03
2.108567074807741158e-03 1.549831394303828347e+04 7.443782549323975218e+03 4.267726230418129489e+03
2.351108576680822643e-03 1.698294376049252969e+04 8.159865701608410745e+03 4.678256239978514714e+03
2.621548825923003187e-03 1.856975264601997696e+04 8.925263239801601230e+03 5.117120759766631636e+03
2.923096923239734257e-03 2.024619755695819913e+04 9.733872933340759118e+03 5.580812229196721091e+03
3.259331101584665453e-03 2.201207794912590907e+04 1.058571872838524177e+04 6.069399412521409431e+03
3.634241186222156913e-03 2.385295808127390774e+04 1.147389564866499313e+04 6.578978126540788253e+03
4.052275938830490927e-03 2.575307342506333589e+04 1.239086285962842339e+04 7.105222356233593928e+03
4.518395847440812539e-03 2.769508049151103478e+04 1.332845103501498488e+04 7.643429572690958594e+03
5.038131988628217865e-03 2.965446487279297799e+04 1.427492317635380641e+04 8.186972913808935118e+03
5.617651660426248826e-03 3.160511066854749515e+04 1.521790828319511820e+04 8.728791614614470745e+03
6.263831564778516575e-03 3.351511830577490036e+04 1.614221201528259371e+04 9.260212964166703387e+03
6.984339407925946493e-03 3.534652006272350991e+04 1.702976062999277201e+04 9.770925257335493370e+03
7.787724887016851671e-03 3.705506003617468377e+04 1.785946254350097661e+04 1.024888502708547094e+04
8.683521142606049834e-03 3.859668475823678455e+04 1.861032841839140019e+04 1.068211363876752148e+04
9.682357880899711625e-03 3.989264170241686224e+04 1.924454249769467060e+04 1.104890133944108493e+04
1.079608750807801998e-02 4.088081034747540252e+04 1.973235099205708320e+04 1.133221153270278774e+04
1.203792577343234388e-02 4.151476275098852784e+04 2.005146879260144487e+04 1.151926501899700997e+04
1.342260859021738965e-02 4.172449147128178447e+04 2.016802329864556668e+04 1.159055717867025487e+04
1.496656689508787767e-02 4.143940215388542128e+04 2.004773986702405091e+04 1.152631280551428245e+04
1.668812162103823840e-02 4.061158157781651971e+04 1.966703549415804446e+04 1.131286125643102969e+04
1.860770109743517184e-02 3.921048099705700588e+04 1.901040036869938194e+04 1.094108677901815645e+04
2.074808345685756270e-02 3.723773562001874961e+04 1.807734561049803233e+04 1.041027608271305689e+04
2.313466692519383291e-02 3.474154996144442703e+04 1.688987564062244201e+04 9.732687976806539154e+03
2.579577120231610690e-02 3.182745216801984861e+04 1.549737978033559011e+04 8.936331573637991823e+03
2.876297350957714855e-02 2.866162044804997640e+04 1.397888402726163622e+04 8.066245873119277348e+03
3.207148329174031032e-02 2.545817121596190918e+04 1.243740256480559583e+04 7.181515136431420615e+03
3.576056001963404812e-02 2.245268228236781579e+04 1.098796556227515248e+04 6.348595298022359202e+03
3.987397905126498221e-02 1.985061503345538222e+04 9.732808818149096624e+03 5.626952291873461945e+03
4.446055107939526907e-02 1.777125448182370383e+04 8.734013964597939776e+03 5.053314864704600041e+03
4.957470132945773766e-02 1.619404982306217971e+04 7.985735630999723071e+03 4.625259651335510171e+03
5.527711538069327024e-02 1.492818022684990683e+04 7.395934434430365400e+03 4.289900431230730646e+03
6.163545927395905344e-02 1.364085356507813412e+04 6.795164212969360051e+03 3.947812150170559107e+03
6.872518245115814828e-02 1.201603230823277045e+04 6.012376540045348520e+03 3.496383277080239623e+03
7.663041305413779980e-02 1.006058687614766677e+04 5.037729117828452218e+03 2.926836724299953858e+03
8.544495620686157200e-02 8.167002763222179965e+03 4.074238164467019487e+03 2.358998948549772194e+03
9.527340712667957401e-02 6.781664509839234597e+03 3.378447140687093906e+03 1.950278140176291572e+03
1.062323922731101822e-01 5.938472877615087782e+03 2.993483994091831846e+03 1.732443321638013003e+03
1.184519532618636822e-01 5.222685634358261268e+03 2.682847756658686194e+03 1.560813676734380579e+03
1.320770899659224340e-01 4.320873169122496620e+03 2.228842586615450273e+03 1.292390269004598395e+03
1.472694811144383831e-01 3.480193970386177170e+03 1.784051005188501904e+03 1.023153840996443819e+03
1.642094028064348954e-01 2.910841059549268721e+03 1.526504094767001106e+03 8.785759531522069210e+02
1.830978677048002712e-01 2.412368197352142033e+03 1.304989010967766717e+03 7.557342641624360340e+02
2.041590102946942431e-01 1.933340855102862633e+03 1.059116113071649579e+03 6.065662558867848020e+02
2.276427465103479653e-01 1.553218370493362272e+03 8.882042231216296386e+02 5.119379328287186013e+02
2.538277392899435103e-01 1.223051590878888419e+03 7.334770044925666070e+02 4.231901178100408174e+02
2.830247052484705095e-01 9.438819972112330561e+02 6.035955407646360982e+02 3.496904708800907997e+02
3.155801017062329072e-01 7.097358639163924181e+02 4.945766997276323877e+02 2.887467206265376944e+02
3.518802378240603601e-01 5.156079954368030940e+02 4.029396122925654140e+02 2.382876135163205333e+02
3.923558586288135031e-01 3.575766365545970871e+02 3.255005570797891892e+02 1.957800492910531034e+02
4.374872563241952172e-01 2.323022141522086486e+02 2.605335846892435825e+02 1.606765045340544020e+02
4.878099695387512202e-01 1.365329471502257377e+02 2.060228046241418269e+02 1.314813620102911500e+02
5.439211381395319123e-01 6.688751176980423452e+01 1.604452675188929902e+02 1.071801371450911802e+02
6.064865890189676811e-01 1.961146399544037777e+01 1.225705707436439837e+02 8.695068702312772757e+01
6.762487369363893164e-01 -9.458171448761198974e+00 9.140787938405482294e+01 7.010940402488375867e+01
7.540353941672404137e-01 -2.469643461168744736e+01 6.613806066429116015e+01 5.608998947582124117e+01
8.407695934971151086e-01 -3.032784581063155827e+01 4.606223487300952968e+01 4.443217040612837820e+01
9.374805411223435803e-01 -3.002570710339917781e+01 3.054687012421034353e+01 3.476718132260400296e+01
1.045315829426528564e+00 -2.663053123919370435e+01 1.897631756863682639e+01 2.679241943076816668e+01
1.165555054552403824e+00 -2.207496834871770730e+01 1.072896371439701824e+01 2.026576396909723243e+01
1.299625000357985227e+00 -1.749707139616940310e+01 5.173469534158247285e+00 1.498848915560423123e+01
1.449116568932995452e+00 -1.345067552667340216e+01 1.690952239837794302e+00 1.079174591381960902e+01
1.615803658576671964e+00 -1.012364155538386079e+01 -2.903954492505131380e-01 7.526711182119958821e+00
1.801664213246928048e+00 -7.508061170126483219e+00 -1.259435785021822074e+00 5.055116110701296961e+00
2.008903693258128342e+00 -5.510001333627718267e+00 -1.600357149580958982e+00 3.244825504503655811e+00
2.239981245735629400e+00 -4.012458054926274720e+00 -1.589840770368158518e+00 1.968981677860567547e+00
2.497638885371206374e+00 -2.904156019903529007e+00 -1.410293802198017588e+00 1.108712110616855151e+00
2.784934031744384253e+00 -2.090880609794209199e+00 -1.171302133570327308e+00 5.573385786002847953e-01
3.105275789304232426e+00 -1.497874081042292138e+00 -9.320420250759814396e-01 2.244834325487259086e-01
3.462465400517639402e+00 -1.067454764565321845e+00 -7.199069065534174916e-01 3.826776835690945400e-02
3.860741352209485999e+00 0.000000000000000000e+00 -5.440911983832117382e-01 -5.493418484899436488e-02
4.304829670336041580e+00 0.000000000000000000e+00 -4.044390542318676562e-01 -9.272279828729769469e-02
4.799999999999999822e+00 0.000000000000000000e+00 -2.966100761274075848e-01 -9.992836908295123222e-02
