1.000000000230258569e-04 8.932157266228072103e+02 4.190305353882935719e+02 2.372832353944661747e+02
1.115026695290953366e-04 9.868624561763072052e+02 4.629945276255911040e+02 2.621842654742367813e+02
1.243284530925187648e-04 1.103974297184813622e+03 5.179690639705954709e+02 2.933224924527810913e+02
1.386295441504667143e-04 1.246559276994349602e+03 5.849009597923742376e+02 3.312326186826800267e+02
1.545756424481938766e-04 1.405557933605225116e+03 6.595501245573228744e+02 3.735176408777732604e+02
1.723559677317991945e-04 1.566927836945743820e+03 7.353392978488994913e+02 4.164538235882704384e+02
1.921815050694108094e-04 1.730954300672050294e+03 8.124072509170275680e+02 4.601235760273072515e+02
2.142875084442451923e-04 1.922560181760059095e+03 9.024447656540531852e+02 5.111462752392843072e+02
2.389362923277018713e-04 2.159025705455482694e+03 1.013558091219049061e+03 5.741114809104307142e+02
2.664203443578849946e-04 2.412749955439621317e+03 1.132808483929567274e+03 6.416983551235213099e+02
2.970657960592480913e-04 2.673067007665450092e+03 1.255197206877046483e+03 7.110795376850608136e+02
3.312362927876497001e-04 2.989379306154211008e+03 1.403889287771463614e+03 7.953702074344467974e+02
3.693373088223966556e-04 3.334366997455847923e+03 1.566063853174049200e+03 8.873134462705264696e+02
4.118209588090659132e-04 3.706794289889624451e+03 1.741128100778263160e+03 9.865728909060088654e+02
4.591913626466918256e-04 4.141517678592632365e+03 1.945413461661692509e+03 1.102394853070107274e+03
5.120106274801957584e-04 4.605653231686447725e+03 2.163471586029425453e+03 1.226029131317905239e+03
5.709055177816341068e-04 5.131431972016030159e+03 2.410401158748817579e+03 1.366023429408858192e+03
6.365748926688486646e-04 5.721943537201093022e+03 2.687619670932329427e+03 1.523173433565003961e+03
7.097979987143026312e-04 6.362514065777129872e+03 2.988221246708546914e+03 1.693563758517795350e+03
7.914437166483044659e-04 7.074713393383592120e+03 3.322314222652571061e+03 1.882915300906357743e+03
8.824808716799498404e-04 7.867420108101110600e+03 3.694053636057943095e+03 2.093574779810333894e+03
9.839897297802024153e-04 8.744873672122155767e+03 4.105432539138319044e+03 2.326668749806491633e+03
1.097174816344422205e-03 9.715830405901537233e+03 4.560582910584804267e+03 2.584539744095414790e+03
1.223379209343287413e-03 1.078099412317526730e+04 5.059870503816374367e+03 2.867397924729049464e+03
1.364100476567608111e-03 1.193733330594840481e+04 5.601869270316626171e+03 3.174437536435264974e+03
1.521008446081769522e-03 1.321690484273848961e+04 6.201695950201098640e+03 3.514244000112411868e+03
1.695965020753673102e-03 1.460569750635613673e+04 6.852775143631364699e+03 3.883102008033374659e+03
1.891046271984591709e-03 1.610826458538664519e+04 7.557284094460012057e+03 4.282259284985521845e+03
2.108567074807741158e-03 1.772432931000710596e+04 8.315115240656847163e+03 4.711662881418716097e+03
2.351108576680822643e-03 1.946277132663801603e+04 9.130491582584874777e+03 5.173721342058006485e+03
2.621548825923003187e-03 2.130966059766463513e+04 9.996895196073564875e+03 5.664754056008992848e+03
2.923096923239734257e-03 2.326625253707800221e+04 1.091500656178944701e+04 6.185176529856139496e+03
3.259331101584665453e-03 2.531457674521348599e+04 1.187641165703193110e+04 6.730237693512553051e+03
3.634241186222156913e-03 2.743770871426639860e+04 1.287328609516963843e+04 7.295540432372158648e+03
4.052275938830490927e-03 2.961189619123880038e+04 1.389455100014174786e+04 7.874830379562408780e+03
4.518395847440812539e-03 3.181693831189758566e+04 1.493092729550667173e+04 8.462906700279654615e+03
5.038131988628217865e-03 3.402025732853485533e+04 1.596727675803714737e+04 9.051252583105286249e+03
5.617651660426248826e-03 3.618285423118502513e+04 1.698536455098322767e+04 9.629562773054769423e+03
6.263831564778516575e-03 3.826602552340905095e+04 1.796727362492994871e+04 1.018774731139668984e+04
6.984339407925946493e-03 4.022436532815768442e+04 1.889187784109502536e+04 1.071388471106200268e+04
7.787724887016851671e-03 4.200880764691368677e+04 1.973635929938393747e+04 1.119509339779224865e+04
8.683521142606049834e-03 4.356437078984463733e+04 2.047511582623763752e+04 1.161691446911742059e+04
9.682357880899711625e-03 4.484616960882559943e+04 2.108724653501826833e+04 1.196753342251934919e+04
1.079608750807801998e-02 4.574178363060631091e+04 2.151995456399919931e+04 1.221696272794183278e+04
1.203792577343234388e-02 4.618833219112435472e+04 2.174369411033084180e+04 1.234840149629492225e+04
1.342260859021738965e-02 4.614625742846910725e+04 2.173976079723463772e+04 1.235120343707074426e+04
1.496656689508787767e-02 4.555057164792823460e+04 2.147704816766495424e+04 1.220748785159849285e+04
1.668812162103823840e-02 4.434417304407616757e+04 2.092802907341354876e+04 1.190142532517051586e+04
1.860770109743517184e-02 4.250140330216826260e+04 2.007960154529768988e+04 1.142529362084417880e+04
2.074808345685756270e-02 4.003503079777711537e+04 1.893640581994810054e+04 1.078138455960208921e+04
2.313466692519383291e-02 3.700177561708791472e+04 1.752330308745943694e+04 9.983247391836857787e+03
2.579577120231610690e-02 3.352301746832296340e+04 1.589596306882839599e+04 9.062122672235143909e+03
2.876297350957714855e-02 2.978499075037795410e+04 1.414079646778687129e+04 8.066756977559840379e+03
3.207148329174031032e-02 2.602534071174494602e+04 1.236934939335390663e+04 7.060350096302945531e+03
3.576056001963404812e-02 2.250733224331042948e+04 1.070683319458034202e+04 6.114321955420938139e+03
3.987397905126498221e-02 1.947157162518496261e+04 9.269885266827708620e+03 5.295834165562715498e+03
4.446055107939526907e-02 1.707270127937985308e+04 8.136218124099185843e+03 4.650261076155046794e+03
4.957470132945773766e-02 1.533033853477943376e+04 7.320302339036587000e+03 4.187100714561633140e+03
5.527711538069327024e-02 1.408722543116701127e+04 6.750388193701948694e+03 3.866119484585643022e+03
6.163545927395905344e-02 1.302229483167032413e+04 6.270318397095305045e+03 3.597362237184680453e+03
6.872518245115814828e-02 1.170433691920152341e+04 5.659095442189881396e+03 3.250920831238552637e+03
7.663041305413779980e-02 9.950112016502958795e+03 4.810640033142384709e+03 2.761732671516241226e+03
8.544495620686157200e-02 8.019906046016500113e+03 3.848215488245226425e+03 2.199985057551390128e+03
9.527340712667957401e-02 6.447362480810298621e+03 3.059248468649829647e+03 1.737898130959898253e+03
1.062323922731101822e-01 5.503618451655749595e+03 2.613883245127557529e+03 1.482995732240612597e+03
1.184519532618636822e-01 4.925762066637511452e+03 2.382193604221908117e+03 1.360352258166943557e+03
1.320770899659224340e-01 4.230067610221435643e+03 2.065244302426136983e+03 1.181377657348572711e+03
1.472694811144383831e-01 3.406511739331434910e+03 1.632822171763400547e+03 9.210134937865437905e+02
1.642094028064348954e-01 2.804975799255050788e+03 1.336453635981094976e+03 7.471473325503849310e+02
1.830978677048002712e-01 2.384440791660976174e+03 1.169159307297098394e+03 6.609468241763927381e+02
2.041590102946942431e-01 1.956734792080552552e+03 9.615165203212302458e+02 5.387682991978407472e+02
2.276427465103479653e-01 1.596208889594879111e+03 7.887876055198281620e+02 4.376742773201076488e+02
2.538277392899435103e-01 1.302554398806760219e+03 6.632766103570501173e+02 3.705967675227515770e+02
2.830247052484705095e-01 1.046038545845699900e+03 5.439734271842170301e+02 3.011081070472943111e+02
3.155801017062329072e-01 8.313871644777619849e+02 4.503466795875984872e+02 2.504607096601415321e+02
3.518802378240603601e-01 6.499462943399755659e+02 3.695349647899683987e+02 2.054399950034489279e+02
3.923558586288135031e-01 4.984389910765760874e+02 3.025243806339540242e+02 1.691886685000077932e+02
4.374872563241952172e-01 3.732187879281071332e+02 2.463262842877172147e+02 1.390893228698710402e+02
4.878099695387512202e-01 2.714130469776303585e+02 1.991726123401762152e+02 1.140790876963580729e+02
5.439211381395319123e-01 1.904876494631321009e+02 1.597031855788557664e+02 9.340816357791780433e+01
6.064865890189676811e-01 1.280172739091831033e+02 1.267131034959068785e+02 7.629297000034883069e+01
6.762487369363893164e-01 8.153835723026804772e+01 9.923522431169517688e+01 6.210490098490362243e+01
7.540353941672404137e-01 4.847194863358846817e+01 7.649350830206427077e+01 5.033662493761841006e+01
8.407695934971151086e-01 2.616720181756087626e+01 5.784741330474849974e+01 4.056710749744529210e+01
9.374805411223435803e-01 1.203799914937544813e+01 4.276919807590198985e+01 3.245956222290498516e+01
1.045315829426528564e+00 3.744125352284372710e+00 3.080023365450184514e+01 2.573991947537670200e+01
1.165555054552403824e+00 -6.594618422602966934e-01 2.152207156079016315e+01 2.018581401500530603e+01
1.299625000357985227e+00 -2.653486157265319001e+00 1.453468971084918948e+01 1.561982764597602724e+01
1.449116568932995452e+00 -3.272519256481251304e+00 9.446603418566120069e+00 1.189624111210652302e+01
1.615803658576671964e+00 -3.182805972046798271e+00 5.878976050131353048e+00 8.894766605121942504e+00
1.801664213246928048e+00 -2.781365216625771186e+00 3.478219922221223115e+00 6.512861790571321308e+00
2.008903693258128342e+00 -2.286425564331519222e+00 1.932471478296277079e+00 4.659299337728128876e+00
2.239981245735629400e+00 -1.806662252222387632e+00 9.833180111002559620e-01 3.250342225097028859e+00
2.497638885371206374e+00 -1.388482822811461848e+00 4.305524050847984174e-01 2.207555122307129025e+00
2.784934031744384253e+00 -1.044963659259648070e+00 1.286305021664990722e-01 1.457928748745916714e+00
3.105275789304232426e+00 -7.732785498532042112e-01 -2.215937549657326366e-02 9.352957025020112169e-01
3.462465400517639402e+00 -5.640179527270130500e-01 -8.658001235816141505e-02 5.821507923222088987e-01
3.860741352209485999e+00 0.000000000000000000e+00 -1.046610925020545479e-01 3.509032189573066396e-01
4.304829670336041580e+00 0.000000000000000000e+00 -1.000114873389868902e-01 2.041406071068540551e-01
4.799999999999999822e+00 0.000000000000000000e+00 -8.587343920437059963e-02 1.138928040687225002e-01
