1.000000000230258569e-04 1.669219899581320078e+03 8.493290799215582183e+02 5.189885035438347813e+02
1.115486563971542785e-04 1.881877126842873622e+03 9.558727906792524891e+02 5.836262374599115219e+02
1.244310274114527074e-04 2.103172751707322277e+03 1.065875616689996150e+03 6.500944932316407403e+02
1.388011391866901154e-04 2.360120946233870200e+03 1.193254250160374113e+03 7.269326066870336263e+02
1.548308057910457113e-04 2.675413940847894537e+03 1.349794342165249645e+03 8.213873787457907838e+02
1.727116835090306587e-04 3.024919733855955201e+03 1.522683836368429183e+03 9.254456295026780026e+02
1.926575623508681512e-04 3.395270339360859452e+03 1.704664674717794696e+03 1.034487198844761224e+03
2.149069222004190347e-04 3.839113914267747532e+03 1.923430251944083921e+03 1.165629731291129929e+03
2.397257841638464457e-04 4.334163799453525826e+03 2.167710527625653413e+03 1.311942427968867833e+03
2.674108912107391479e-04 4.873952120228186686e+03 2.434395337945662050e+03 1.471492580891058424e+03
2.982932561365508645e-04 5.498698064942252131e+03 2.745634985456060804e+03 1.658224045131646562e+03
3.327421192670277522e-04 6.169202339521225440e+03 3.081733369751800637e+03 1.860152601584742115e+03
3.711693632243215748e-04 6.920069355513871415e+03 3.462479200907753238e+03 2.090023462275912607e+03
4.140344375392690035e-04 7.745980372860095486e+03 3.886548083182108712e+03 2.347498382192773988e+03
4.618498519902246974e-04 8.629845072182259173e+03 4.346381577079560884e+03 2.628430910499680976e+03
5.151873043487156757e-04 9.590491464051519870e+03 4.852990663617422797e+03 2.940187264451490137e+03
5.746845157973842983e-04 1.063141518554554568e+04 5.409102059138804179e+03 3.284996021692502381e+03
6.410528557468661917e-04 1.175625381669827220e+04 6.016676934149643785e+03 3.664285807003792343e+03
7.150858472165629249e-04 1.297647086122640394e+04 6.681088845996637247e+03 4.081366205256131707e+03
7.976686544726134401e-04 1.429685441315800927e+04 7.403761952331707107e+03 4.536942389617996014e+03
8.897886663605780169e-04 1.571931535432312194e+04 8.184648795087893632e+03 5.030679317951254234e+03
9.925473018708411317e-04 1.728760023130869013e+04 9.045439869426960286e+03 5.575540432053720906e+03
1.107173179088194286e-03 1.899951814315728188e+04 9.983422830474850343e+03 6.169193310424499032e+03
1.235036804978161722e-03 2.086993669050661265e+04 1.100574097000965594e+04 6.815734441669739681e+03
1.377666961646263968e-03 2.290959462430272470e+04 1.211767340337101814e+04 7.518194798533672838e+03
1.536768984990051967e-03 2.514396461013298540e+04 1.333221950203869892e+04 8.284353338115322913e+03
1.714245154289869167e-03 2.756520635891929487e+04 1.464523558479416533e+04 9.111559836546797669e+03
1.912217436523370962e-03 3.018776423717540092e+04 1.606440065395030979e+04 1.000459328565859687e+04
2.133052857342773462e-03 3.299916559162246995e+04 1.758336845220218311e+04 1.095957760595644140e+04
2.379391802059096454e-03 3.599910247910200997e+04 1.920211380745669885e+04 1.197654244395261048e+04
2.654179585009814029e-03 3.916866148189638625e+04 2.091074535397684303e+04 1.304937688311637612e+04
2.960701664764286197e-03 4.248859588325457298e+04 2.269927574003797417e+04 1.417194758234829897e+04
3.302622926212283368e-03 4.593127637104217865e+04 2.455418598445395401e+04 1.533513742395810368e+04
3.684031499205906151e-03 4.945628739475840121e+04 2.645176959675022954e+04 1.652668104865699934e+04
4.109487637665882979e-03 5.301931407438065798e+04 2.837028591020421300e+04 1.773079588947799857e+04
4.584078243567925488e-03 5.656706999292929686e+04 3.028110346968441809e+04 1.893019406383136447e+04
5.113477687716873853e-03 6.003287763530217489e+04 3.214895870933738479e+04 2.010306647720482215e+04
5.704015654503047893e-03 6.333759379121055827e+04 3.393183986441994784e+04 2.122329805744971964e+04
6.362752821816417166e-03 6.639799828899255954e+04 3.558551978015737404e+04 2.226337957543400262e+04
7.097565280973966440e-03 6.906737582439859398e+04 3.703156050478183897e+04 2.317422864540149749e+04
7.917238706014356406e-03 7.122513166707496566e+04 3.820561999228587229e+04 2.391567092261771904e+04
8.831573398280912271e-03 7.277673033358162502e+04 3.905715999279390962e+04 2.445615928806731608e+04
9.851501462242475554e-03 7.358113926387958054e+04 3.951038941931002773e+04 2.474813523417699980e+04
1.098921751354712747e-02 7.349487804465493537e+04 3.948806111469573079e+04 2.474309496187899640e+04
1.225832448210000328e-02 7.241034034029103350e+04 3.893180883447130327e+04 2.440427740290211659e+04
1.367399625343743499e-02 7.024867027551039064e+04 3.779833435738725530e+04 2.370424051261108616e+04
1.525315909299450497e-02 6.699388675655427505e+04 3.607713867861790641e+04 2.263561590933502157e+04
1.701469402243795462e-02 6.272423451127213048e+04 3.380852937799888605e+04 2.122300521276099971e+04
1.897966256774625410e-02 5.762843308837213408e+04 3.109169868224122911e+04 1.952793567279670242e+04
2.117155857815964867e-02 5.201896802243732964e+04 2.809266199864143709e+04 1.765376058097046916e+04
2.361658912683562567e-02 4.631052160429405922e+04 2.503351301429674277e+04 1.573942857446705239e+04
2.634398785175567220e-02 4.096238300522461941e+04 2.216266321006581347e+04 1.394121344874117858e+04
2.938636448329653983e-02 3.638470055596549355e+04 1.970445666235455428e+04 1.240093365287804590e+04
3.278009473753994152e-02 3.282003144225665892e+04 1.779528465976591178e+04 1.120588512987072136e+04
3.656575523702054742e-02 3.022091155246707422e+04 1.641508149060817232e+04 1.034508459583379954e+04
4.078860865897657173e-02 2.819522596910205175e+04 1.535313490276426819e+04 9.686428486119904846e+03
4.549914491170512637e-02 2.601584502312126642e+04 1.420548592581921912e+04 8.972809468542081959e+03
5.075368480951484434e-02 2.302386560571310110e+04 1.259199630437177802e+04 7.958336242702901473e+03
5.661505346402430361e-02 1.925474267732495355e+04 1.051387447595203776e+04 6.638525876845264975e+03
6.315333144310807112e-02 1.560753282702553770e+04 8.476533355969124386e+03 5.336680473296615673e+03
7.044669267860774464e-02 1.308036317566258913e+04 7.077520225166912496e+03 4.445563265539180065e+03
7.858233914112514040e-02 1.171071076567045748e+04 6.372715859094691041e+03 4.011356341543821145e+03
8.765754345719625751e-02 1.048409867793431113e+04 5.754027378751854485e+03 3.634182488726752581e+03
9.778081193473929511e-02 8.693055975111601583e+03 4.741738308261756174e+03 2.981712796192820861e+03
1.090731819023149224e-01 7.061937070066892375e+03 3.796575122413009467e+03 2.364632451661716459e+03
1.216696688736408766e-01 6.096667510620775829e+03 3.307264481577930383e+03 2.066682744691293919e+03
1.357208808401622890e-01 5.186331602258020212e+03 2.832047780527503164e+03 1.772452415708137096e+03
1.513948189927238619e-01 4.263875829951575724e+03 2.297754451984084881e+03 1.420623679436748034e+03
1.688788864024014236e-01 3.590199906514913891e+03 1.956512087714897234e+03 1.214608773103351723e+03
1.883821286769788717e-01 2.975174130888954096e+03 1.621324570214270352e+03 1.000450635894572315e+03
2.101377333831422056e-01 2.461995151347547107e+03 1.352681005761617598e+03 8.342558546386368334e+02
2.344058181183555356e-01 2.023284990793407133e+03 1.121466689434467753e+03 6.897701390091848452e+02
2.614765405675759102e-01 1.652359653974803223e+03 9.301175036487175021e+02 5.728853914108490244e+02
2.916735677297306317e-01 1.337548028043016075e+03 7.675226138419416202e+02 4.732517212396652440e+02
3.253579457932418983e-01 1.071907404395656840e+03 6.311817517054630571e+02 3.907703372558781894e+02
3.629324169301749725e-01 8.488382854860474254e+02 5.166592866155635875e+02 3.222004333031200076e+02
4.048462346221089470e-01 6.629100270649566937e+02 4.203665396985908274e+02 2.650235428782463600e+02
4.516005350914485406e-01 5.096294515960169065e+02 3.394899896990340835e+02 2.173519725877546875e+02
5.037543290608768043e-01 3.850936831130894120e+02 2.717140218794314137e+02 1.775951960305605439e+02
5.619311854805180140e-01 2.857466942228026596e+02 2.151296826619616809e+02 1.444171473577988252e+02
6.268266871357865977e-01 2.081918621261674787e+02 1.681841938183717389e+02 1.167288282170219986e+02
6.992167472777639503e-01 1.490858369729519950e+02 1.295963681365223295e+02 9.364474423806494485e+01
7.799668867126374749e-01 1.051473165692999032e+02 9.827806967835877572e+01 7.444535819735438054e+01
8.700425822703268253e-01 7.325868813989292505e+01 7.326625972993979019e+01 5.854133100997417216e+01
9.705208103821856280e-01 5.060176487944440282e+01 5.367619259469394422e+01 4.545645307137976232e+01
1.082602923786821769e+00 3.477555369652804984e+01 3.866527616557763025e+01 3.479622121458809403e+01
1.207629015322442267e+00 2.385429570272362909e+01 2.742727335686403833e+01 2.622380134570426691e+01
1.347093940544190405e+00 1.637238169322081305e+01 1.920510979149087660e+01 1.944190181589898714e+01
1.502665190738521561e+00 1.126222590214044494e+01 1.331497195895981633e+01 1.417825479262787702e+01
1.676202830030598223e+00 7.771414064181658254e+00 9.169993036667182906e+00 1.017814952175581666e+01
1.869781734959676811e+00 5.381224710598805139e+00 6.292834253051693416e+00 7.203783339573556432e+00
2.085716402426663674e+00 3.738701201352767178e+00 4.314189327991675427e+00 5.038442424878308401e+00
2.326588622626292402e+00 2.605152290102060064e+00 2.960474165352609877e+00 3.491948010349815945e+00
2.595278347831105226e+00 1.819449816960520661e+00 2.035960317587300228e+00 2.405082899582121403e+00
2.894998126105261083e+00 1.272626321091739898e+00 1.404081799218248605e+00 1.650681240796394889e+00
3.229331511649635278e+00 8.906610744227858589e-01 9.711200583197636682e-01 1.131496162949512163e+00
3.602275911025628830e+00 0.000000000000000000e+00 6.734163917015234535e-01 7.759557322161618753e-01
4.018290377542188097e+00 0.000000000000000000e+00 4.679097318784871673e-01 5.329426148938720686e-01
4.482348925252354732e+00 0.000000000000000000e+00 0.000000000000000000e+00 3.667730353511620134e-01
5.000000000000000888e+00 0.000000000000000000e+00 0.000000000000000000e+00 2.529186781620537117e-01
