1.000000000230258569e-04 9.206750923170238821e+02 4.267139170306771234e+02 2.387091383337914863e+02
1.115026695290953366e-04 1.015638767075422265e+03 4.709781202296502443e+02 2.634929975660592163e+02
1.243284530925187648e-04 1.136137713141247104e+03 5.270964394998092075e+02 2.949071078373327737e+02
1.386295441504667143e-04 1.277710557532351231e+03 5.930469915807283314e+02 3.318276161190789253e+02
1.545756424481938766e-04 1.424634288054224953e+03 6.616459487709021232e+02 3.702427631577228908e+02
1.723559677317991945e-04 1.565409334538214807e+03 7.276569327786036183e+02 4.072330705452931738e+02
1.921815050694108094e-04 1.714798203064928657e+03 7.979252634648260027e+02 4.466295726727302622e+02
2.142875084442451923e-04 1.903142640289802785e+03 8.864336352232087393e+02 4.962498145274018384e+02
2.389362923277018713e-04 2.123725081913709801e+03 9.901029881140908628e+02 5.543737873516827221e+02
2.664203443578849946e-04 2.338744050936195435e+03 1.091579700584567036e+03 6.113109835313869098e+02
2.970657960592480913e-04 2.578554075686544365e+03 1.204870844104291336e+03 6.748961208377978664e+02
3.312362927876497001e-04 2.870319138107279741e+03 1.342400490278118241e+03 7.520691028129224378e+02
3.693373088223966556e-04 3.159170925595602057e+03 1.478852538628360662e+03 8.286806505857462071e+02
4.118209588090659132e-04 3.507682882170886842e+03 1.642951269415818615e+03 9.207801634621221183e+02
4.591913626466918256e-04 3.869401769959887588e+03 1.813123786189108841e+03 1.016296144449002099e+03
5.120106274801957584e-04 4.295336632803732755e+03 2.012756767322755422e+03 1.128290885373955916e+03
5.709055177816341068e-04 4.741929615558053229e+03 2.221544227239880001e+03 1.245390866462905478e+03
6.365748926688486646e-04 5.248826276241509731e+03 2.457583752554104649e+03 1.377695873720052759e+03
7.097979987143026312e-04 5.816180478307072008e+03 2.720865036607495313e+03 1.525188725656656516e+03
7.914437166483044659e-04 6.437696627955820077e+03 3.008375807133866601e+03 1.686167991339380933e+03
8.824808716799498404e-04 7.119856193845115740e+03 3.323054225576652698e+03 1.862267903349910966e+03
9.839897297802024153e-04 7.866921488868892084e+03 3.666907986014501148e+03 2.054612335981263186e+03
1.097174816344422205e-03 8.683257125795531465e+03 4.042069224347202180e+03 2.264400271062501361e+03
1.223379209343287413e-03 9.589792198089184240e+03 4.458333492087038394e+03 2.497124052156907510e+03
1.364100476567608111e-03 1.056360388653565133e+04 4.905206447976114760e+03 2.746929171104032321e+03
1.521008446081769522e-03 1.163393394028924922e+04 5.396393950825250613e+03 3.021510861853655115e+03
1.695965020753673102e-03 1.278353322965914595e+04 5.924073708057674594e+03 3.316515122315319331e+03
1.891046271984591709e-03 1.401787376112414313e+04 6.490865279752099013e+03 3.633421202189402720e+03
2.108567074807741158e-03 1.533643979746154400e+04 7.096637028558651764e+03 3.972169075677403725e+03
2.351108576680822643e-03 1.674956166583665981e+04 7.746283421780013668e+03 4.335520736238253448e+03
2.621548825923003187e-03 1.824097525428767767e+04 8.432331385192263042e+03 4.719312024640722484e+03
2.923096923239734257e-03 1.980447203094800716e+04 9.151956073691359052e+03 5.121985281833069166e+03
3.259331101584665453e-03 2.144196503361764189e+04 9.906143581625816296e+03 5.544122944722648754e+03
3.634241186222156913e-03 2.313210121815193270e+04 1.068509459758917910e+04 5.980242053005710659e+03
4.052275938830490927e-03 2.486479084928334487e+04 1.148428522919772149e+04 6.427823428262937341e+03
4.518395847440812539e-03 2.662082223413154497e+04 1.229492945226632582e+04 6.882007320422889279e+03
5.038131988628217865e-03 2.837811555963763385e+04 1.310684652388002178e+04 7.337125140719770570e+03
5.617651660426248826e-03 3.011305519740295131e+04 1.390925603166229666e+04 7.787165726042539973e+03
6.263831564778516575e-03 3.179395312049499989e+04 1.468766543696638837e+04 8.224050172999655842e+03
6.984339407925946493e-03 3.339184305065473745e+04 1.542885658389768832e+04 8.640440433680076239e+03
7.787724887016851671e-03 3.484851595579332206e+04 1.610597158933306855e+04 9.021267639233725276e+03
8.683521142606049834e-03 3.611869864153162780e+04 1.669821243152528768e+04 9.354907199799436057e+03
9.682357880899711625e-03 3.716354953788718558e+04 1.718775820584417306e+04 9.631423305075111784e+03
1.079608750807801998e-02 3.792765088797266799e+04 1.754900031754573502e+04 9.836468673555047644e+03
1.203792577343234388e-02 3.834791144637253456e+04 1.775271900656429352e+04 9.953620568732574611e+03
1.342260859021738965e-02 3.836863907145445410e+04 1.777305760960586122e+04 9.968360970668738446e+03
1.496656689508787767e-02 3.793730410531638336e+04 1.758555281464253130e+04 9.866919010691790390e+03
1.668812162103823840e-02 3.700960195642426697e+04 1.716917506701469392e+04 9.637337605062373768e+03
1.860770109743517184e-02 3.556211273788463586e+04 1.651238801197816792e+04 9.272830399270374983e+03
2.074808345685756270e-02 3.359875976047947916e+04 1.561619801008903960e+04 8.773768839835302060e+03
2.313466692519383291e-02 3.116526496523256719e+04 1.450054684808016282e+04 8.151040188633769503e+03
2.579577120231610690e-02 2.835794231411455257e+04 1.320876639342886301e+04 7.428599102089492590e+03
2.876297350957714855e-02 2.532839427611841165e+04 1.181014153229622207e+04 6.645092663118156452e+03
3.207148329174031032e-02 2.227585952202201952e+04 1.039671929004681442e+04 5.852165077640444906e+03
3.576056001963404812e-02 1.941643914943986601e+04 9.069419436023608796e+03 5.106624252139093187e+03
3.987397905126498221e-02 1.694559787278677322e+04 7.921040777277471534e+03 4.461086529326874370e+03
4.446055107939526907e-02 1.498674324545402487e+04 7.012114963778704805e+03 3.950274967331186417e+03
4.957470132945773766e-02 1.354123444022298463e+04 6.346608157106456019e+03 3.577155627992267000e+03
5.527711538069327024e-02 1.246059120098222957e+04 5.856701943813469370e+03 3.303882016248082437e+03
6.163545927395905344e-02 1.146642712499921981e+04 5.408994905619459132e+03 3.054617655994607958e+03
6.872518245115814828e-02 1.021024612882504152e+04 4.828779282369916473e+03 2.728408368646197232e+03
7.663041305413779980e-02 8.606023047132304782e+03 4.064182498546245824e+03 2.293498165767196497e+03
8.544495620686157200e-02 6.933448433594430753e+03 3.249157239297460364e+03 1.826017702684903725e+03
9.527340712667957401e-02 5.639798877544325478e+03 2.618758536416267816e+03 1.464170600833748722e+03
1.062323922731101822e-01 4.885869668437675500e+03 2.274076863190494805e+03 1.270965432028181567e+03
1.184519532618636822e-01 4.373154005293896262e+03 2.063050378945565171e+03 1.158138393554933600e+03
1.320770899659224340e-01 3.705818214303018976e+03 1.748629965480155533e+03 9.796101507454523016e+02
1.472694811144383831e-01 2.980245952419985315e+03 1.374845885887928262e+03 7.593354135414879238e+02
1.642094028064348954e-01 2.494047549265018915e+03 1.146844744167690806e+03 6.302978575571582951e+02
1.830978677048002712e-01 2.134432750158221552e+03 9.988417650267210774e+02 5.526408860293440739e+02
2.041590102946942431e-01 1.757309896680407292e+03 8.095104828821087040e+02 4.412981012574787769e+02
2.276427465103479653e-01 1.459700379622256605e+03 6.712258396435726127e+02 3.635926855478589346e+02
2.538277392899435103e-01 1.214107194934008930e+03 5.617548983722679168e+02 3.039383866720502851e+02
2.830247052484705095e-01 1.002096868631880739e+03 4.616346076679549810e+02 2.467095942547762206e+02
3.155801017062329072e-01 8.265753933924194143e+02 3.831289894717634752e+02 2.041625012075723191e+02
3.518802378240603601e-01 6.788969731533680942e+02 3.161458348891168839e+02 1.671779301257916188e+02
3.923558586288135031e-01 5.553163726077272031e+02 2.607278598976041621e+02 1.370581060165768861e+02
4.374872563241952172e-01 4.520584284152984651e+02 2.148493633921794128e+02 1.124846104236160471e+02
4.878099695387512202e-01 3.658826620094113764e+02 1.766743497967047745e+02 9.219493506052880605e+01
5.439211381395319123e-01 2.941407229448382736e+02 1.449425062553373778e+02 7.552560642761106635e+01
6.064865890189676811e-01 2.346533898196519772e+02 1.185742193335270258e+02 6.184627997735645977e+01
6.762487369363893164e-01 1.855841826236230929e+02 9.665007037516441812e+01 5.060751436855583307e+01
7.540353941672404137e-01 1.454001954773505076e+02 7.842456211694459967e+01 4.136556711338286618e+01
8.407695934971151086e-01 1.127925045142666818e+02 6.329078048329910189e+01 3.376331159435083151e+01
9.374805411223435803e-01 8.661004242272045417e+01 5.074231503392488918e+01 2.750072125933234446e+01
1.045315829426528564e+00 6.583933290299023611e+01 4.037173069009114812e+01 2.233802364378545846e+01
1.165555054552403824e+00 4.957119878904583032e+01 3.184270574498938444e+01 1.807941473434928525e+01
1.299625000357985227e+00 3.699302211868270973e+01 2.487561515238082421e+01 1.456541277080634700e+01
1.449116568932995452e+00 2.738702364006849521e+01 1.923570816313593568e+01 1.166884659066752228e+01
1.615803658576671964e+00 2.013196781224644027e+01 1.471867228100580682e+01 9.285192030787680295e+00
1.801664213246928048e+00 1.470585125552785755e+01 1.114521854714008242e+01 7.330266939425663431e+00
2.008903693258128342e+00 1.068103188317092034e+01 8.355225213248189675e+00 5.735655282885211648e+00
2.239981245735629400e+00 7.716871527538469167e+00 6.205902476728276440e+00 4.444210114931614442e+00
2.497638885371206374e+00 5.546837051788622297e+00 4.571152608234912762e+00 3.408092837367843408e+00
2.784934031744384253e+00 3.966276345515287627e+00 3.342084427700870108e+00 2.585997079821271250e+00
3.105275789304232426e+00 2.820326134763180725e+00 2.427297316055355481e+00 1.941682945040813513e+00
3.462465400517639402e+00 1.993005881006762570e+00 1.752201427796845623e+00 1.443255486882573768e+00
3.860741352209485999e+00 1.398306269771211863e+00 1.257574072125414277e+00 1.062686636446719124e+00
4.304829670336041580e+00 0.000000000000000000e+00 8.973818108167080920e-01 7.757072078092045464e-01
4.799999999999999822e+00 0.000000000000000000e+00 6.364689225800876926e-01 5.617436571338501050e-01
