1.000000000230258569e-04 4.173992553586631402e+03 2.113356692329164161e+03 1.220955890931121075e+03
1.115486563971542785e-04 4.637401477732926651e+03 2.349189797723141510e+03 1.357331611543915642e+03
1.244310274114527074e-04 5.086278163548115117e+03 2.578407899529122915e+03 1.489962646159123096e+03
1.388011391866901154e-04 5.602014710458391164e+03 2.842025580602499758e+03 1.642530761377246108e+03
1.548308057910457113e-04 6.255877171828327846e+03 3.175868108933332223e+03 1.835715213502695178e+03
1.727116835090306587e-04 6.960366503177375307e+03 3.536140284523629362e+03 2.044267211010734854e+03
1.926575623508681512e-04 7.654015412769167597e+03 3.892210463930989135e+03 2.250549939545532652e+03
2.149069222004190347e-04 8.503646467201169798e+03 4.327833544950814030e+03 2.502891693845599093e+03
2.397257841638464457e-04 9.438290049401673969e+03 4.807225550676705097e+03 2.780643652355650829e+03
2.674108912107391479e-04 1.041737341181975717e+04 5.310073851820634445e+03 3.072097893360433318e+03
2.982932561365508645e-04 1.158285907958974349e+04 5.907259073466570044e+03 3.418119987253598538e+03
3.327421192670277522e-04 1.279796104452451073e+04 6.529910760568658588e+03 3.778954488504632536e+03
3.711693632243215748e-04 1.419262986562260812e+04 7.242689812670216270e+03 4.191843250368983718e+03
4.140344375392690035e-04 1.574836530510260491e+04 8.035901658175846023e+03 4.651138659198318237e+03
4.618498519902246974e-04 1.742668946041733943e+04 8.889669562574379597e+03 5.145303920292195471e+03
5.151873043487156757e-04 1.929865019301679058e+04 9.839259916665894707e+03 5.694625393038522816e+03
5.746845157973842983e-04 2.138380346755304345e+04 1.089409214429070744e+04 6.304474122665950745e+03
6.410528557468661917e-04 2.369186596171620477e+04 1.205888817517824464e+04 6.977545067996587022e+03
7.150858472165629249e-04 2.625006040958489029e+04 1.334737389972877827e+04 7.721755914394560932e+03
7.976686544726134401e-04 2.906044679278108742e+04 1.476075060928707171e+04 8.537808843923039603e+03
8.897886663605780169e-04 3.210446625012514414e+04 1.628989270414441489e+04 9.420461180708829488e+03
9.925473018708411317e-04 3.548861622382038331e+04 1.798886688581098497e+04 1.040101310998073677e+04
1.107173179088194286e-03 3.916660833574930439e+04 1.983491567874077009e+04 1.146640584518879587e+04
1.235036804978161722e-03 4.315660706932775065e+04 2.183755133267725978e+04 1.262219063341059154e+04
1.377666961646263968e-03 4.746291506939489045e+04 2.399927485174437970e+04 1.386985514555437112e+04
1.536768984990051967e-03 5.213052365130418184e+04 2.634326131139915378e+04 1.522285734074953143e+04
1.714245154289869167e-03 5.711487608525574615e+04 2.884724196744068831e+04 1.666837479467413868e+04
1.912217436523370962e-03 6.244293595519303926e+04 3.152509823477868849e+04 1.821450927227996362e+04
2.133052857342773462e-03 6.806293435837130528e+04 3.435079405463096191e+04 1.984624826994835530e+04
2.379391802059096454e-03 7.396183322559425142e+04 3.731817626283553545e+04 2.156010304703221846e+04
2.654179585009814029e-03 8.007321008831678773e+04 4.039404843741728109e+04 2.333688683131913422e+04
2.960701664764286197e-03 8.633444852480042027e+04 4.354653889221932332e+04 2.515841311599616893e+04
3.302622926212283368e-03 9.265441905305795080e+04 4.673066068730980624e+04 2.699854208872658637e+04
3.684031499205906151e-03 9.891565573678958754e+04 4.988721166979066038e+04 2.882342662198581820e+04
4.109487637665882979e-03 1.049941624712841876e+05 5.295407782063241029e+04 3.059725445757107082e+04
4.584078243567925488e-03 1.107437988349288644e+05 5.585785118067593430e+04 3.227773737956367768e+04
5.113477687716873853e-03 1.160049141695200378e+05 5.851855586022378702e+04 3.381884711760446226e+04
5.704015654503047893e-03 1.206088331890647241e+05 6.085161338997581333e+04 3.517186611439400440e+04
6.362752821816417166e-03 1.243827541195740778e+05 6.277030042036270606e+04 3.628682802299892501e+04
7.097565280973966440e-03 1.271550449899458908e+05 6.418839419669028575e+04 3.711400444908112695e+04
7.917238706014356406e-03 1.287649827337327442e+05 6.502503517102356273e+04 3.760673098988641868e+04
8.831573398280912271e-03 1.290600294504298217e+05 6.520320450152737612e+04 3.772043842249855516e+04
9.851501462242475554e-03 1.278949599767846230e+05 6.464917400453727168e+04 3.741233883341601177e+04
1.098921751354712747e-02 1.252408326030357566e+05 6.334747112044702226e+04 3.667322103999666433e+04
1.225832448210000328e-02 1.207997253542451072e+05 6.114552182934123994e+04 3.541404999433518242e+04
1.367399625343743499e-02 1.146235331121131167e+05 5.806686167641328939e+04 3.364756156766905042e+04
1.525315909299450497e-02 1.068495209087233379e+05 5.417719976614007464e+04 3.141060053275978862e+04
1.701469402243795462e-02 9.783019069573644083e+04 4.965101712318837235e+04 2.880298183300443270e+04
1.897966256774625410e-02 8.790724060218922386e+04 4.465681267695491988e+04 2.592088801548411720e+04
2.117155857815964867e-02 7.763561573272019450e+04 3.947263055875933060e+04 2.292449015305771536e+04
2.361658912683562567e-02 6.768781407478335313e+04 3.443880660030441504e+04 2.001085354885119523e+04
2.634398785175567220e-02 5.869727260126296460e+04 2.988011426313181073e+04 1.736926172721813782e+04
2.938636448329653983e-02 5.116091256767622690e+04 2.605668044671841562e+04 1.515291619699742660e+04
3.278009473753994152e-02 4.528578510590905353e+04 2.308426055820211695e+04 1.343191310321300807e+04
3.656575523702054742e-02 4.086780775998820172e+04 2.086779552247886386e+04 1.215347609778125116e+04
4.078860865897657173e-02 3.728342998114926741e+04 1.908877808290613029e+04 1.113221975639265111e+04
4.549914491170512637e-02 3.357904728545933176e+04 1.723922409595728823e+04 1.006666203148105706e+04
5.075368480951484434e-02 2.904480167362851353e+04 1.491829679105909054e+04 8.712815413481728683e+03
5.661505346402430361e-02 2.389604776255062461e+04 1.221658323717928215e+04 7.117786568497018379e+03
6.315333144310807112e-02 1.923924338763755804e+04 9.741983035242195911e+03 5.647287139268265491e+03
7.044669267860774464e-02 1.604679347128970767e+04 8.079713480728768445e+03 4.667498444055887376e+03
7.858233914112514040e-02 1.412425311039596636e+04 7.164010229807514406e+03 4.150896720302011090e+03
8.765754345719625751e-02 1.232874238619026801e+04 6.306210182541796712e+03 3.666138217952363448e+03
9.778081193473929511e-02 1.011845214064528045e+04 5.114755103084516122e+03 2.948772952898824315e+03
1.090731819023149224e-01 8.252389970263004216e+03 4.099189925124647743e+03 2.333138943272218967e+03
1.216696688736408766e-01 7.023109554291349923e+03 3.526460234838204087e+03 2.016410629209508897e+03
1.357208808401622890e-01 5.879538883568144229e+03 2.960362059757448151e+03 1.689914990772690544e+03
1.513948189927238619e-01 4.835535440534902591e+03 2.402537804920159942e+03 1.350390503434663742e+03
1.688788864024014236e-01 4.022783531859919094e+03 2.020068649851277542e+03 1.139518254164297105e+03
1.883821286769788717e-01 3.311233517752320040e+03 1.662231964098079970e+03 9.283350200603202893e+02
2.101377333831422056e-01 2.717518364872703387e+03 1.377079593804469823e+03 7.677189648492824290e+02
2.344058181183555356e-01 2.215311704432856459e+03 1.134623942538747315e+03 6.289761827077869611e+02
2.614765405675759102e-01 1.793056527018375846e+03 9.349597796141381423e+02 5.177866193905921364e+02
2.916735677297306317e-01 1.438074316684529094e+03 7.677209113415527781e+02 4.248178343730378970e+02
3.253579457932418983e-01 1.141059583991062027e+03 6.283556030905994021e+02 3.483528554232614169e+02
3.629324169301749725e-01 8.941304103272602788e+02 5.122174099433653964e+02 2.855057881130077249e+02
4.048462346221089470e-01 6.907057152631160761e+02 4.153253947139818365e+02 2.336926841207649375e+02
4.516005350914485406e-01 5.252284037397557768e+02 3.345251839101262021e+02 1.909494715561286569e+02
5.037543290608768043e-01 3.927706735899093928e+02 2.672581948960033742e+02 1.556621983930401711e+02
5.619311854805180140e-01 2.887697242793746000e+02 2.114317094908830654e+02 1.264990249300681882e+02
6.268266871357865977e-01 2.088653553019599087e+02 1.653503942457502944e+02 1.023782872722340329e+02
6.992167472777639503e-01 1.488595459771759977e+02 1.276238060312231113e+02 8.242325521204054439e+01
7.799668867126374749e-01 1.047931763457330021e+02 9.708335839524495725e+01 6.592473528504798708e+01
8.700425822703268253e-01 7.308299208156111604e+01 7.271211135406875314e+01 5.230407635626585261e+01
9.705208103821856280e-01 5.064684504056876335e+01 5.359889922161718800e+01 4.109882683299424144e+01
1.082602923786821769e+00 3.497266188367975559e+01 3.890003315907216574e+01 3.193390641108107530e+01
1.207629015322442267e+00 2.411495440024416936e+01 2.782877895405102464e+01 2.449974228726748038e+01
1.347093940544190405e+00 1.662854657735975294e+01 1.966096962346375676e+01 1.853666965629464158e+01
1.502665190738521561e+00 1.147493669260690830e+01 1.375015627799533391e+01 1.382038382719042247e+01
1.676202830030598223e+00 7.925489100729468994e+00 9.543439364837656314e+00 1.015131269267221015e+01
1.869781734959676811e+00 5.476634407701810758e+00 6.589297490707938465e+00 7.348363588946110525e+00
2.085716402426663674e+00 3.783287522484063636e+00 4.534967852104981212e+00 5.247550380742672438e+00
2.326588622626292402e+00 2.609724776051625561e+00 3.115434961945399817e+00 3.702305967109727813e+00
2.595278347831105226e+00 1.794970971924434666e+00 2.137990336581925277e+00 2.585468682246640171e+00
2.894998126105261083e+00 0.000000000000000000e+00 1.465871173470955524e+00 1.790651912415621050e+00
3.229331511649635278e+00 0.000000000000000000e+00 1.003668499606254372e+00 1.232184159119407374e+00
3.602275911025628830e+00 0.000000000000000000e+00 6.855899370201752330e-01 8.436631185628186147e-01
4.018290377542188097e+00 0.000000000000000000e+00 0.000000000000000000e+00 5.753102666111329366e-01
4.482348925252354732e+00 0.000000000000000000e+00 0.000000000000000000e+00 3.908589044441165283e-01
5.000000000000000888e+00 0.000000000000000000e+00 0.000000000000000000e+00 0.000000000000000000e+00
