1.000000000230258569e-04 3.094507356032172538e+02 1.272100248021384203e+02 6.915126235502559382e+01
1.115026695290953366e-04 3.369017291763241815e+02 1.385113871703453015e+02 7.529776015427347602e+01
1.243284530925187648e-04 3.721155667776344558e+02 1.530060506778230831e+02 8.318134184410793353e+01
1.386295441504667143e-04 4.165957772772992485e+02 1.713136738690653260e+02 9.313807524627712553e+01
1.545756424481938766e-04 4.674476984650546569e+02 1.922485930913865957e+02 1.045244241680415485e+02
1.723559677317991945e-04 5.184021278182485730e+02 2.132408286785957614e+02 1.159454429174906664e+02
1.921815050694108094e-04 5.669731728961180579e+02 2.332718280456282116e+02 1.268475929204084736e+02
2.142875084442451923e-04 6.212464993907165081e+02 2.556656701157390899e+02 1.390399388349474634e+02
2.389362923277018713e-04 6.908791797874170015e+02 2.843901622187008229e+02 1.546772526360425957e+02
2.664203443578849946e-04 7.681697767144046338e+02 3.162848618639165466e+02 1.720451176438431276e+02
2.970657960592480913e-04 8.423701237946503397e+02 3.469384938317114688e+02 1.887468262622417114e+02
3.312362927876497001e-04 9.309400581859362092e+02 3.835216266142629138e+02 2.086803591483690923e+02
3.693373088223966556e-04 1.032796153032970778e+03 4.255855298987148103e+02 2.316017600298730201e+02
4.118209588090659132e-04 1.134592942095648823e+03 4.676349649974454792e+02 2.545245750509838274e+02
4.591913626466918256e-04 1.259213226987073995e+03 5.190643700823807194e+02 2.825542450898204265e+02
5.120106274801957584e-04 1.385035622745661158e+03 5.709665355301167438e+02 3.108464601654415560e+02
5.709055177816341068e-04 1.534066038657880199e+03 6.323726343704391866e+02 3.443072130215666107e+02
6.365748926688486646e-04 1.693477759279468955e+03 6.979769228078773722e+02 3.800463359585700687e+02
7.097979987143026312e-04 1.867001242423046733e+03 7.692982288892957285e+02 4.188858158486043521e+02
7.914437166483044659e-04 2.061985777988270911e+03 8.493472873820446694e+02 4.624576595223751383e+02
8.824808716799498404e-04 2.277287492550218758e+03 9.376379501127420326e+02 5.104915242047605943e+02
9.839897297802024153e-04 2.513029025464639290e+03 1.034216600763941415e+03 5.630099059151586971e+02
1.097174816344422205e-03 2.771730898786114722e+03 1.140127967883187239e+03 6.205797498147653641e+02
1.223379209343287413e-03 3.058620129291823105e+03 1.257545791318723104e+03 6.843843953375346700e+02
1.364100476567608111e-03 3.369835788727975796e+03 1.384895784491248151e+03 7.535699729724732379e+02
1.521008446081769522e-03 3.709979488614655111e+03 1.524078305418168611e+03 8.291717917453515838e+02
1.695965020753673102e-03 4.078244533001576201e+03 1.674792208286404730e+03 9.110346479761657292e+02
1.891046271984591709e-03 4.480506331259480248e+03 1.839479384969858074e+03 1.000493149847809605e+03
2.108567074807741158e-03 4.917543424751534985e+03 2.018469411843667103e+03 1.097731861824299358e+03
2.351108576680822643e-03 5.387878867847742185e+03 2.211154639939205936e+03 1.202425224168351406e+03
2.621548825923003187e-03 5.893893779889675898e+03 2.418531669573921135e+03 1.315120312775050706e+03
2.923096923239734257e-03 6.435004302818552787e+03 2.640373332482879960e+03 1.435694176119522581e+03
3.259331101584665453e-03 7.010273128890148655e+03 2.876284731895016193e+03 1.563928808796239764e+03
3.634241186222156913e-03 7.623024955840115581e+03 3.127711894761916938e+03 1.700630802822656733e+03
4.052275938830490927e-03 8.268079101323022769e+03 3.392469069540632063e+03 1.844620174608323850e+03
4.518395847440812539e-03 8.944832472740692538e+03 3.670347940792697500e+03 1.995802951223584387e+03
5.038131988628217865e-03 9.647931932121240607e+03 3.959183283679461510e+03 2.152951346208169070e+03
5.617651660426248826e-03 1.037420616963639259e+04 4.257771052802339000e+03 2.315464191818745803e+03
6.263831564778516575e-03 1.111654944209236055e+04 4.563189203497860035e+03 2.481758440416168014e+03
6.984339407925946493e-03 1.186510370241087185e+04 4.871434837138073817e+03 2.649658847455132218e+03
7.787724887016851671e-03 1.260894435704093121e+04 5.178081163928731257e+03 2.816767865714854452e+03
8.683521142606049834e-03 1.333697182412441725e+04 5.478644411811100326e+03 2.980661362098273457e+03
9.682357880899711625e-03 1.403434377375510121e+04 5.767125561795255635e+03 3.138096584104133854e+03
1.079608750807801998e-02 1.468334180990169625e+04 6.036311584976357153e+03 3.285155607275904003e+03
1.203792577343234388e-02 1.526449071338159229e+04 6.278294336544113321e+03 3.417535989694211821e+03
1.342260859021738965e-02 1.575592477216892257e+04 6.484188356660711179e+03 3.530413887806287676e+03
1.496656689508787767e-02 1.613356876121404275e+04 6.644193666039229356e+03 3.618467924985653553e+03
1.668812162103823840e-02 1.637316091066395347e+04 6.748351600018266254e+03 3.676271176343561820e+03
1.860770109743517184e-02 1.645117591222124611e+04 6.786970126617282403e+03 3.698516465056410198e+03
2.074808345685756270e-02 1.634722003412515915e+04 6.751646072093913972e+03 3.680622256054105492e+03
2.313466692519383291e-02 1.604577570838140127e+04 6.635816953973682757e+03 3.618987783937099266e+03
2.579577120231610690e-02 1.554189376827278829e+04 6.437146996420999130e+03 3.512255187851439132e+03
2.876297350957714855e-02 1.484556349013278123e+04 6.159425843880233515e+03 3.362426731154376284e+03
3.207148329174031032e-02 1.398470942725779059e+04 5.813734868707284477e+03 3.175475024142901020e+03
3.576056001963404812e-02 1.300701523188361534e+04 5.419342455567239995e+03 2.961822183689177564e+03
3.987397905126498221e-02 1.197545475984329278e+04 5.001997504624110661e+03 2.735466242431040428e+03
4.446055107939526907e-02 1.095943716249592035e+04 4.590466975630169145e+03 2.512105610843335398e+03
4.957470132945773766e-02 1.001942469815999357e+04 4.210262880185634458e+03 2.305733521884450965e+03
5.527711538069327024e-02 9.185027661915819408e+03 3.874425252050190466e+03 2.123587974993099124e+03
6.163545927395905344e-02 8.439241044002670606e+03 3.576391926493462506e+03 1.962160054517166827e+03
6.872518245115814828e-02 7.720902579137739849e+03 3.290058071801650385e+03 1.807078773078294944e+03
7.663041305413779980e-02 6.934556460395294380e+03 2.972421379514102227e+03 1.634315279190285992e+03
8.544495620686157200e-02 6.050503511893552968e+03 2.607114802949570276e+03 1.434264338601071813e+03
9.527340712667957401e-02 5.142014525327143019e+03 2.223917309205881338e+03 1.223060149466790335e+03
1.062323922731101822e-01 4.351757994674551810e+03 1.888994637350300991e+03 1.037985774574069410e+03
1.184519532618636822e-01 3.756564377979947039e+03 1.644189385716530978e+03 9.036415073229619566e+02
1.320770899659224340e-01 3.277640384539168736e+03 1.455689849809721409e+03 8.014770866065724704e+02
1.472694811144383831e-01 2.783999255671983974e+03 1.252785017084945594e+03 6.899102715979612412e+02
1.642094028064348954e-01 2.291381014806205712e+03 1.037884390440939342e+03 5.692922925694954301e+02
1.830978677048002712e-01 1.899691348625010505e+03 8.742814325458305120e+02 4.785793977965224713e+02
2.041590102946942431e-01 1.581027179064100210e+03 7.509505214327607518e+02 4.121999669627099365e+02
2.276427465103479653e-01 1.280826980231100833e+03 6.247766788285650819e+02 3.417887271090921217e+02
2.538277392899435103e-01 1.026683602478669400e+03 5.208299245497544234e+02 2.844277184290225478e+02
2.830247052484705095e-01 8.111998568684870179e+02 4.360888042364064745e+02 2.387579167214904032e+02
3.155801017062329072e-01 6.253380594553779019e+02 3.604605433599627418e+02 1.972087184687141246e+02
3.518802378240603601e-01 4.691061950075530262e+02 2.983081775687032859e+02 1.640320126409620229e+02
3.923558586288135031e-01 3.386495637012627640e+02 2.450484418001953486e+02 1.355317810992655154e+02
4.374872563241952172e-01 2.320017194868849515e+02 2.002516969539263130e+02 1.119429665493177026e+02
4.878099695387512202e-01 1.471514948363065116e+02 1.624617864052810887e+02 9.228747618258657326e+01
5.439211381395319123e-01 8.220755522527559833e+01 1.306025835480410819e+02 7.590476301609253085e+01
6.064865890189676811e-01 3.511863426137643529e+01 1.038002859181062263e+02 6.227635359028565887e+01
6.762487369363893164e-01 3.502548057222028444e+00 8.132633990237805222e+01 5.094023327158367920e+01
7.540353941672404137e-01 -1.539684974790948324e+01 6.258315067265811393e+01 4.150826795160607929e+01
8.407695934971151086e-01 -2.458932841946375092e+01 4.708580183995270829e+01 3.365787938090471698e+01
9.374805411223435803e-01 -2.706989325174258454e+01 3.443994101432017629e+01 2.712491676800204843e+01
1.045315829426528564e+00 -2.549615892850776433e+01 2.431013290229799750e+01 2.168781343129256456e+01
1.165555054552403824e+00 -2.194114394742918250e+01 1.639962848066860701e+01 1.716888492433706759e+01
1.299625000357985227e+00 -1.780510751478588105e+01 1.042478568733736921e+01 1.342476340155985071e+01
1.449116568932995452e+00 -1.388587403421913002e+01 6.099899023585296121e+00 1.033857196005478407e+01
1.615803658576671964e+00 -1.054025499433866031e+01 3.131758309689229414e+00 7.816579588535936374e+00
1.801664213246928048e+00 -7.855687585568585263e+00 1.226834005986610299e+00 5.781042222646704865e+00
2.008903693258128342e+00 -5.783042474657102971e+00 1.072226988092398886e-01 4.165721472780053780e+00
2.239981245735629400e+00 -4.221882975142743355e+00 -4.712451303934341862e-01 2.911815797484337054e+00
2.497638885371206374e+00 -3.064324378813848337e+00 -7.055750326055107990e-01 1.964595561033025239e+00
2.784934031744384253e+00 -2.214510229490127990e+00 -7.412601829627850636e-01 1.271799106195512286e+00
3.105275789304232426e+00 -1.594766063418126878e+00 -6.764809098027352308e-01 7.835099681727510923e-01
3.462465400517639402e+00 -1.144675995096758436e+00 -5.716499147880618192e-01 4.533721018403546466e-01
3.860741352209485999e+00 -8.188066008966962128e-01 -4.603179062869491855e-01 2.402937667971085656e-01
4.304829670336041580e+00 -5.835163014145366978e-01 -3.587980221843560802e-01 1.098738677825812776e-01
4.799999999999999822e+00 0.000000000000000000e+00 -2.732745374083721535e-01 3.501350979466560931e-02
