1.000000000230258569e-04 2.488635537394029882e+02 1.062995062464980833e+02 5.936256523602905588e+01
1.115026695290953366e-04 2.742383831133071794e+02 1.170841268947232550e+02 6.537915490467715074e+01
1.243284530925187648e-04 3.061840923118919591e+02 1.306707930998980203e+02 7.295918260642859821e+01
1.386295441504667143e-04 3.452837307726798599e+02 1.473007124599295992e+02 8.223657101426600491e+01
1.545756424481938766e-04 3.889086840592482304e+02 1.658366484272323760e+02 9.257622487963448066e+01
1.723559677317991945e-04 4.329660098766890428e+02 1.845068765952640604e+02 1.029831378108503372e+02
1.921815050694108094e-04 4.774660196648005126e+02 2.033015193999531220e+02 1.134506569226827395e+02
2.142875084442451923e-04 5.295719400021886258e+02 2.252854115267870441e+02 1.256908223900261561e+02
2.389362923277018713e-04 5.943326297439803056e+02 2.526218190876248002e+02 1.409109853571549138e+02
2.664203443578849946e-04 6.637994798187985452e+02 2.818887791034867973e+02 1.571971977187392895e+02
2.970657960592480913e-04 7.347081430565749542e+02 3.116662226907041600e+02 1.737500797576647926e+02
3.312362927876497001e-04 8.212142541623617262e+02 3.480383286500317013e+02 1.939714357419884436e+02
3.693373088223966556e-04 9.155185131293554832e+02 3.876781318526860218e+02 2.160026362021062880e+02
4.118209588090659132e-04 1.016819696570833912e+03 4.302510969890473689e+02 2.396547286790958253e+02
4.591913626466918256e-04 1.135139753785001631e+03 4.801191291793797404e+02 2.673748104239004419e+02
5.120106274801957584e-04 1.260556926721133777e+03 5.330558175073556413e+02 2.968021076274122834e+02
5.709055177816341068e-04 1.402155673725815859e+03 5.930510286653454841e+02 3.301832562527408754e+02
6.365748926688486646e-04 1.560206563910494197e+03 6.602850202586687374e+02 3.676288326598983076e+02
7.097979987143026312e-04 1.730321279855399780e+03 7.329342292669182370e+02 4.081333547833552871e+02
7.914437166483044659e-04 1.918393774915681433e+03 8.135837562729446972e+02 4.531567509145216945e+02
8.824808716799498404e-04 2.126628616608899847e+03 9.032198853946015333e+02 5.032644736327027886e+02
9.839897297802024153e-04 2.356194675925785759e+03 1.002348652987812557e+03 5.587443564098119850e+02
1.097174816344422205e-03 2.609735115813950415e+03 1.112082011573614636e+03 6.202194592714350847e+02
1.223379209343287413e-03 2.887868284172787298e+03 1.232641487836834585e+03 6.878102445041506598e+02
1.364100476567608111e-03 3.190129103837422917e+03 1.363773627855668792e+03 7.613670398164546214e+02
1.521008446081769522e-03 3.526478762569975061e+03 1.509732994281305992e+03 8.432647375225476480e+02
1.695965020753673102e-03 3.893960733899409661e+03 1.669164619013511356e+03 9.327278736084184629e+02
1.891046271984591709e-03 4.295230343594772421e+03 1.843183082914707484e+03 1.030374334030052296e+03
2.108567074807741158e-03 4.731895544546940982e+03 2.032451845723612450e+03 1.136569292724949719e+03
2.351108576680822643e-03 5.208353446797781544e+03 2.238843312857420642e+03 1.252355120392694744e+03
2.621548825923003187e-03 5.723229698369645121e+03 2.461758832265298679e+03 1.377392409606672118e+03
2.923096923239734257e-03 6.279497572992990172e+03 2.702514463610924395e+03 1.512420633500110171e+03
3.259331101584665453e-03 6.875438610537399654e+03 2.960380710071553040e+03 1.657028819766504739e+03
3.634241186222156913e-03 7.509648958445098287e+03 3.234749124683651644e+03 1.810886458493111832e+03
4.052275938830490927e-03 8.179445511289372007e+03 3.524387428100244961e+03 1.973312705420621569e+03
4.518395847440812539e-03 8.882954753036437978e+03 3.828622026675873713e+03 2.143913791365686848e+03
5.038131988628217865e-03 9.614318305462968056e+03 4.145035427290787084e+03 2.321407121076522799e+03
5.617651660426248826e-03 1.036669797934508642e+04 4.470575026875891126e+03 2.504039261599850306e+03
6.263831564778516575e-03 1.113227808325922706e+04 4.801976382463927621e+03 2.690002364321910591e+03
6.984339407925946493e-03 1.190104992898541059e+04 5.134977623474166649e+03 2.876928548439350379e+03
7.787724887016851671e-03 1.266133751750050214e+04 5.464609844120369416e+03 3.062049248149307004e+03
8.683521142606049834e-03 1.339938549000079547e+04 5.785011175657876265e+03 3.242098453307129148e+03
9.682357880899711625e-03 1.409878187009696558e+04 6.089180980449562412e+03 3.413175272363766908e+03
1.079608750807801998e-02 1.474471654549957930e+04 6.370817607270954795e+03 3.571763813501389450e+03
1.203792577343234388e-02 1.530381872504172316e+04 6.615588308121656155e+03 3.709843643115038958e+03
1.342260859021738965e-02 1.575495285611972213e+04 6.814435724360911991e+03 3.822343132165970019e+03
1.496656689508787767e-02 1.607721411304854155e+04 6.958387834684651352e+03 3.904245750699393739e+03
1.668812162103823840e-02 1.624501768433974394e+04 7.036405305095989206e+03 3.949351541983347033e+03
1.860770109743517184e-02 1.623176490064266181e+04 7.036933407582026121e+03 3.951157346677466649e+03
2.074808345685756270e-02 1.601699789519613660e+04 6.951014612387177294e+03 3.904605230878316434e+03
2.313466692519383291e-02 1.558992018501660823e+04 6.773777231125332946e+03 3.806914564754463299e+03
2.579577120231610690e-02 1.495050144625102257e+04 6.504858496930370166e+03 3.657793059292273483e+03
2.876297350957714855e-02 1.411787455836006666e+04 6.152122793735604318e+03 3.461529728669280757e+03
3.207148329174031032e-02 1.313084663778689901e+04 5.731962273592322163e+03 3.227243541148618078e+03
3.576056001963404812e-02 1.204997383744571562e+04 5.270237463428272349e+03 2.969356547386957118e+03
3.987397905126498221e-02 1.095175408934467669e+04 4.799985715336663816e+03 2.706384698004618713e+03
4.446055107939526907e-02 9.915332821928675912e+03 4.355838340019327916e+03 2.457839599728602025e+03
4.957470132945773766e-02 9.004254945675793351e+03 3.966155492541258354e+03 2.239814084629092577e+03
5.527711538069327024e-02 8.242739566200092668e+03 3.642461341601737331e+03 2.058970007556360088e+03
6.163545927395905344e-02 7.600307161368948982e+03 3.372111166604121536e+03 1.908310706106849693e+03
6.872518245115814828e-02 6.979215928277335479e+03 3.111318258756070009e+03 1.762961385196374067e+03
7.663041305413779980e-02 6.267473225429713239e+03 2.807555192802673901e+03 1.592654348825577927e+03
8.544495620686157200e-02 5.424826268518809229e+03 2.438761062511762702e+03 1.384119378434197870e+03
9.527340712667957401e-02 4.548401788904283421e+03 2.047254984243218814e+03 1.161171637979166007e+03
1.062323922731101822e-01 3.815750142462203712e+03 1.718955129632480293e+03 9.738139880360037068e+02
1.184519532618636822e-01 3.311589455822976561e+03 1.501588930625453941e+03 8.510606998974722046e+02
1.320770899659224340e-01 2.924642625735622460e+03 1.343860454124936268e+03 7.635768112747775831e+02
1.472694811144383831e-01 2.487359875863535763e+03 1.153293359439126561e+03 6.553448780938025493e+02
1.642094028064348954e-01 2.033572367025378753e+03 9.420230654707196436e+02 5.324740710848299159e+02
1.830978677048002712e-01 1.697118617201595271e+03 7.946438215972934813e+02 4.483886536333597519e+02
2.041590102946942431e-01 1.431342519365134876e+03 6.882336955089912180e+02 3.899000676486538168e+02
2.276427465103479653e-01 1.165713420191976411e+03 5.680335623295576397e+02 3.200893120481485994e+02
2.538277392899435103e-01 9.473750154714547307e+02 4.742970591443986450e+02 2.668518932548171847e+02
2.830247052484705095e-01 7.625272469360921832e+02 3.979602276335086799e+02 2.244188023838777610e+02
3.155801017062329072e-01 6.014152352353751212e+02 3.286405592274155651e+02 1.848596868377622968e+02
3.518802378240603601e-01 4.658804891320500019e+02 2.726998055738475841e+02 1.540373458376586768e+02
3.923558586288135031e-01 3.512123159611326741e+02 2.244598508767201395e+02 1.272392152939567751e+02
4.374872563241952172e-01 2.557727255495394161e+02 1.839948280686409419e+02 1.050994104079990734e+02
4.878099695387512202e-01 1.776759520676215232e+02 1.499481846390769419e+02 8.671337739969597180e+01
5.439211381395319123e-01 1.153700087380471757e+02 1.212501392168345120e+02 7.136778914165499543e+01
6.064865890189676811e-01 6.741043109885819717e+01 9.710680181712204728e+01 5.860489183610498998e+01
6.762487369363893164e-01 3.228139477634976373e+01 7.683670442883691010e+01 4.799284136453066907e+01
7.540353941672404137e-01 8.272925567081056641e+00 5.988128921425407469e+01 3.916811251255471404e+01
8.407695934971151086e-01 -6.556210677827969846e+00 4.578161767206175625e+01 3.182169423472136671e+01
9.374805411223435803e-01 -1.430903318821965087e+01 3.417131962702299575e+01 2.570526144102266386e+01
1.045315829426528564e+00 -1.707789884220431276e+01 2.474780313575834256e+01 2.061338332905562964e+01
1.165555054552403824e+00 -1.673473372286066407e+01 1.725302072579199475e+01 1.637740584526979859e+01
1.299625000357985227e+00 -1.476330389242297692e+01 1.145369809063504540e+01 1.286220972835681842e+01
1.449116568932995452e+00 -1.219254188974651143e+01 7.123240243572897867e+00 9.957250150078008843e+00
1.615803658576671964e+00 -9.634687969999591317e+00 4.032436106916539309e+00 7.573921807987720634e+00
1.801664213246928048e+00 -7.387827545818422159e+00 1.947735351923347125e+00 5.640063445867725456e+00
2.008903693258128342e+00 -5.549693901480636349e+00 6.393525411671295844e-01 4.094767184929854587e+00
2.239981245735629400e+00 -4.110860370811619369e+00 -1.058895675545581949e-01 2.885020505083138787e+00
2.497638885371206374e+00 -3.016110272357939159e+00 -4.708963856192374675e-01 1.962084574828877992e+00
2.784934031744384253e+00 -2.198112474160736074e+00 -5.998039167345541323e-01 1.279606112185295741e+00
3.105275789304232426e+00 -1.594155045175248420e+00 -5.965850742853928690e-01 7.930496899876382511e-01
3.462465400517639402e+00 -1.151700320033260727e+00 -5.298192294117728407e-01 4.603892751681920581e-01
3.860741352209485999e+00 -8.291999332117965249e-01 -4.406840923218421358e-01 2.435123622424876788e-01
4.304829670336041580e+00 -5.950434053540555324e-01 -3.513842157529114552e-01 1.096860672750568366e-01
4.799999999999999822e+00 -4.255011092865976230e-01 -2.721794446709306370e-01 3.247405580115700352e-02
