1.000000000230258569e-04 5.549167427771590155e+03 2.511391875695927411e+03 1.438744739909954205e+03
1.115486563971542785e-04 6.142653643866371567e+03 2.777426011419776842e+03 1.589793496625197804e+03
1.244310274114527074e-04 6.708184775555526357e+03 3.029267116074081059e+03 1.731821084229650296e+03
1.388011391866901154e-04 7.364891985813424981e+03 3.321570536904091568e+03 1.896421163846879608e+03
1.548308057910457113e-04 8.218218842577689429e+03 3.703020436985961624e+03 2.111840387390942851e+03
1.727116835090306587e-04 9.142138913487093305e+03 4.115870471479779553e+03 2.344399335250036074e+03
1.926575623508681512e-04 1.004393118274063272e+04 4.517644070006450420e+03 2.569166562381931271e+03
2.149069222004190347e-04 1.116257103261178418e+04 5.019287088803255756e+03 2.850730659052911506e+03
2.397257841638464457e-04 1.239364905271319003e+04 5.574696095344890637e+03 3.162747797615221771e+03
2.674108912107391479e-04 1.366287978530378314e+04 6.151585446000107368e+03 3.486743078550933660e+03
2.982932561365508645e-04 1.516537200357335314e+04 6.843238266237516655e+03 3.878028976289095681e+03
3.327421192670277522e-04 1.667756251641520066e+04 7.550020021425782943e+03 4.279851654989695817e+03
3.711693632243215748e-04 1.835970989094878314e+04 8.350347335334980016e+03 4.739842159505733434e+03
4.140344375392690035e-04 2.014239698606995080e+04 9.216322475164797652e+03 5.243802989556983448e+03
4.618498519902246974e-04 2.193298560602488578e+04 1.010812308423018840e+04 5.770703238684885946e+03
5.151873043487156757e-04 2.378533081963069708e+04 1.105183595919047548e+04 6.337696888160748131e+03
5.746845157973842983e-04 2.567507928664600695e+04 1.203599256222137228e+04 6.939792796186464329e+03
6.410528557468661917e-04 2.757747551890059549e+04 1.304560675313579486e+04 7.568224187222072942e+03
7.150858472165629249e-04 2.949752030257755541e+04 1.407689141762139297e+04 8.219530911056288460e+03
7.976686544726134401e-04 3.140829442991544056e+04 1.511014291426780619e+04 8.880152576325690461e+03
8.897886663605780169e-04 3.326345254643452790e+04 1.611847976569881030e+04 9.531695875985240491e+03
9.925473018708411317e-04 3.520433545121580391e+04 1.716179607901995769e+04 1.020549858104721352e+04
1.107173179088194286e-03 3.715892128242176841e+04 1.820233203140697879e+04 1.087597006384054475e+04
1.235036804978161722e-03 3.914413848017457349e+04 1.924702962280783686e+04 1.154553647349773746e+04
1.377666961646263968e-03 4.115900775322554546e+04 2.029650589987949934e+04 1.221388552021317810e+04
1.536768984990051967e-03 4.326519158110980061e+04 2.138071099832830441e+04 1.289796552124380651e+04
1.714245154289869167e-03 4.539933404032795079e+04 2.247187860994874427e+04 1.358196002320013758e+04
1.912217436523370962e-03 4.760431449812658684e+04 2.359079293462475471e+04 1.427853994311491988e+04
2.133052857342773462e-03 4.982341750935623713e+04 2.471286671140791441e+04 1.497432291400846952e+04
2.379391802059096454e-03 5.207196162524799729e+04 2.584556376749970877e+04 1.567399782021214196e+04
2.654179585009814029e-03 5.430871152833236556e+04 2.696991790562940514e+04 1.636672571037130365e+04
2.960701664764286197e-03 5.651780642931271723e+04 2.807858416362175922e+04 1.704843029957119143e+04
3.302622926212283368e-03 5.867733962485616212e+04 2.916069659039410180e+04 1.771170574538594155e+04
3.684031499205906151e-03 6.073887320442446071e+04 3.019447071181374849e+04 1.834634609226203611e+04
4.109487637665882979e-03 6.267472875827893586e+04 3.116546204804329682e+04 1.894253411926378976e+04
4.584078243567925488e-03 6.444960144497028523e+04 3.205617207442192012e+04 1.948919334129686104e+04
5.113477687716873853e-03 6.602158309225967969e+04 3.284627739200556971e+04 1.997435579974496432e+04
5.704015654503047893e-03 6.736421687252118136e+04 3.352298801682900375e+04 2.039048030168237528e+04
6.362752821816417166e-03 6.838045936726979562e+04 3.403825128158065490e+04 2.070847856474034779e+04
7.097565280973966440e-03 6.903337973581872939e+04 3.437377450059550756e+04 2.091727257494889636e+04
7.917238706014356406e-03 6.924651784972842142e+04 3.449156818197289249e+04 2.099378124103935988e+04
8.831573398280912271e-03 6.898397794047446223e+04 3.437388582968593983e+04 2.092727374771415271e+04
9.851501462242475554e-03 6.817870787318797375e+04 3.398714976782620943e+04 2.069728230217082091e+04
1.098921751354712747e-02 6.676305191407375969e+04 3.329739032620333455e+04 2.028297905789419747e+04
1.225832448210000328e-02 6.469305509431172686e+04 3.228228567532739908e+04 1.967065573047467478e+04
1.367399625343743499e-02 6.194093888116082962e+04 3.092747293237857230e+04 1.885140982330001134e+04
1.525315909299450497e-02 5.851213270914015447e+04 2.923455409468871949e+04 1.782584866446365413e+04
1.701469402243795462e-02 5.446158067920569010e+04 2.722978482089442332e+04 1.660952805618341154e+04
1.897966256774625410e-02 4.990492774987976009e+04 2.496975303950566013e+04 1.523669226950735720e+04
2.117155857815964867e-02 4.502679951602312212e+04 2.254530696506998356e+04 1.376237256765271013e+04
2.361658912683562567e-02 4.007461565299735958e+04 2.007915472780098207e+04 1.226110975404066085e+04
2.634398785175567220e-02 3.533451749295125774e+04 1.771449225192034646e+04 1.082031104403920654e+04
2.938636448329653983e-02 3.108489501749613919e+04 1.559192005097251240e+04 9.526160332359049789e+03
3.278009473753994152e-02 2.752980272478597908e+04 1.381620604872285912e+04 8.443264455367943810e+03
3.656575523702054742e-02 2.472241846845993132e+04 1.241728185370406027e+04 7.590753346919642354e+03
4.078860865897657173e-02 2.252896477165700344e+04 1.133041922296447774e+04 6.929676841331822288e+03
4.549914491170512637e-02 2.056128785513689581e+04 1.035819315252629895e+04 6.338761568057694603e+03
5.075368480951484434e-02 1.838587831152216313e+04 9.273956212028791924e+03 5.677279228065496682e+03
5.661505346402430361e-02 1.576612372982851412e+04 7.946391776283701802e+03 4.861893072354700962e+03
6.315333144310807112e-02 1.296320711696784565e+04 6.504962067307242251e+03 3.971310546217904630e+03
7.044669267860774464e-02 1.060185569617512010e+04 5.285149551570455515e+03 3.216036037031606156e+03
7.858233914112514040e-02 9.064428599036365995e+03 4.509742438546974881e+03 2.740109913324497938e+03
8.765754345719625751e-02 8.054369934855587417e+03 4.028851704844049436e+03 2.451871021950194518e+03
9.778081193473929511e-02 6.922598162577693984e+03 3.465396921736754393e+03 2.107530035834237424e+03
1.090731819023149224e-01 5.618225236559586847e+03 2.771767609572074889e+03 1.671715453273160620e+03
1.216696688736408766e-01 4.656981968860947745e+03 2.276133651288630517e+03 1.364074374648939511e+03
1.357208808401622890e-01 4.000766379990860059e+03 1.973085518197407964e+03 1.185881451074627876e+03
1.513948189927238619e-01 3.312655360226336143e+03 1.617828360183224049e+03 9.644548219761187511e+02
1.688788864024014236e-01 2.740886701290720339e+03 1.326556679549388491e+03 7.839715077973877442e+02
1.883821286769788717e-01 2.289340192788351942e+03 1.113452466914276329e+03 6.577356964330263054e+02
2.101377333831422056e-01 1.886943024081191652e+03 9.108305722881992779e+02 5.320511384513901021e+02
2.344058181183555356e-01 1.557596018959065304e+03 7.553428570329540435e+02 4.399799067505695120e+02
2.614765405675759102e-01 1.277285290026258735e+03 6.208516436220473906e+02 3.587319103354735716e+02
2.916735677297306317e-01 1.042270723515616737e+03 5.109270978386510933e+02 2.936998935843008667e+02
3.253579457932418983e-01 8.447619943441975465e+02 4.198051047917232950e+02 2.402585502357688085e+02
3.629324169301749725e-01 6.789746249919849106e+02 3.441085436533317647e+02 1.962342597347910953e+02
4.048462346221089470e-01 5.402660554348723281e+02 2.813758203751231122e+02 1.602114822696267709e+02
4.516005350914485406e-01 4.247958950565704299e+02 2.293497923830216507e+02 1.307241769773382316e+02
5.037543290608768043e-01 3.294110331686300697e+02 1.861818938472163154e+02 1.065822789327266946e+02
5.619311854805180140e-01 2.514700563016214971e+02 1.503445147566791604e+02 8.679553563772135760e+01
6.268266871357865977e-01 1.887026237103402195e+02 1.206033278176757193e+02 7.056575816902621057e+01
6.992167472777639503e-01 1.390638088704608322e+02 9.595930792961580380e+01 5.724258396953932504e+01
7.799668867126374749e-01 1.006322071361461212e+02 7.560350027617751323e+01 4.629679572033033708e+01
8.700425822703268253e-01 7.156448914224043278e+01 5.887440427080893812e+01 3.729365567257431735e+01
9.705208103821856280e-01 5.010321231769557926e+01 4.523529770524808669e+01 2.988585477573435156e+01
1.082602923786821769e+00 3.462100728928450621e+01 3.423800555530255707e+01 2.379420233521586070e+01
1.207629015322442267e+00 2.368159594354745678e+01 2.549627746779938775e+01 1.879266851503537339e+01
1.347093940544190405e+00 1.608286470245471023e+01 1.866686719573927533e+01 1.469967310416060435e+01
1.502665190738521561e+00 1.087150138902906704e+01 1.343601521549635791e+01 1.136881281843264802e+01
1.676202830030598223e+00 7.327730977470960916e+00 9.514019872974392555e+00 8.680362792989171794e+00
1.869781734959676811e+00 4.929569743513783742e+00 6.636327716922721720e+00 6.533534281224369522e+00
2.085716402426663674e+00 3.310048381272331142e+00 4.568334425568954416e+00 4.842554183365856524e+00
2.326588622626292402e+00 2.216733059074888601e+00 3.109911665512711920e+00 3.532020282868792105e+00
2.595278347831105226e+00 1.478405176551610856e+00 2.097823775375384336e+00 2.534565380563109205e+00
2.894998126105261083e+00 9.797691336795224526e-01 1.404569450018209098e+00 1.789926324611516018e+00
3.229331511649635278e+00 6.433488467922608978e-01 9.343970223553599297e-01 1.244820403996346414e+00
3.602275911025628830e+00 0.000000000000000000e+00 6.178275130412630434e-01 8.533292527123139681e-01
4.018290377542188097e+00 0.000000000000000000e+00 4.057902332611224017e-01 5.771451709692956289e-01
4.482348925252354732e+00 0.000000000000000000e+00 2.643516061611004275e-01 3.854529773337611043e-01
5.000000000000000888e+00 0.000000000000000000e+00 0.000000000000000000e+00 2.543161625123713798e-01
