1.000000000230258569e-04 5.265420493651390643e+02 2.388352594652511129e+02 1.326140727288862706e+02
1.122634227564673579e-04 5.887093684371102427e+02 2.670891502573223306e+02 1.483181570115707189e+02
1.260307608609534901e-04 6.581526918287568151e+02 2.986688197936493907e+02 1.658766496225133267e+02
1.414864458359461712e-04 7.357041100362303041e+02 3.339599188922206849e+02 1.855065020698647800e+02
1.588375267953347550e-04 8.222871244396359316e+02 3.733916608055370716e+02 2.074496382444116307e+02
1.783164441611049004e-04 9.189280668325392298e+02 4.174411878188916489e+02 2.319753876632463516e+02
2.001841435067871621e-04 1.026770530397472157e+03 4.666380353349338748e+02 2.593828238621279638e+02
2.247335712646909519e-04 1.147085100976059266e+03 5.215701830169159621e+02 2.900045103169235858e+02
2.522935991264941354e-04 1.281296676404898562e+03 5.828916525189818003e+02 3.242096341448973362e+02
2.832334297096662638e-04 1.431018687704677859e+03 6.513310825408818800e+02 3.624072005612420639e+02
3.179675425093897337e-04 1.598060144402372771e+03 7.276982191254335248e+02 4.050507263102945217e+02
3.569612463934728852e-04 1.784468303769145450e+03 8.128959177362756918e+02 4.526416683728439807e+02
4.007369130231864672e-04 1.992573290108275614e+03 9.079326584334470454e+02 5.057333572219432085e+02
4.498809747048478080e-04 2.225004988856233012e+03 1.013930502367258896e+03 5.649366526286705721e+02
5.050517804175268938e-04 2.484654752161192391e+03 1.132123286465852289e+03 6.309194476315360589e+02
5.669884152586394726e-04 2.774685731009110441e+03 1.263863850397097622e+03 7.044095540808135638e+02
6.365206014554368984e-04 3.098596856898182978e+03 1.410639529446173583e+03 7.862012789672612598e+02
7.145798135793877959e-04 3.459989336035501765e+03 1.574014500697037647e+03 8.771373650682137395e+02
8.022117568662883325e-04 3.862549943731929488e+03 1.755628579956163549e+03 9.781089211706748756e+02
9.005903758055168549e-04 4.310141124243542436e+03 1.957219459076306748e+03 1.090061672200767362e+03
1.011033580661806338e-03 4.806574628445064263e+03 2.180532412780168670e+03 1.213958348767740972e+03
1.135020902606864940e-03 5.355575653262493688e+03 2.427314400570636280e+03 1.350776159884611843e+03
1.274213313974418031e-03 5.960784181173379693e+03 2.699310204284151951e+03 1.501501181564055287e+03
1.430475479156914512e-03 6.625733340787994166e+03 2.998179926589986735e+03 1.667072947194470544e+03
1.605900734223756829e-03 7.353708747932227197e+03 3.325468719095508732e+03 1.848374959259137995e+03
1.802839129895710598e-03 8.147601064960530493e+03 3.682553603593999014e+03 2.046204195997182296e+03
2.023928913547812410e-03 9.009780130291606838e+03 4.070537567980873973e+03 2.261187444326728837e+03
2.272131871983379750e-03 9.941920381690541035e+03 4.490193958908855166e+03 2.493764015523155649e+03
2.550773008441800313e-03 1.094464147513667012e+04 4.941812295906691361e+03 2.744104964396643481e+03
2.863585085365514225e-03 1.201690271237859633e+04 5.424922073256081603e+03 3.011957737819895556e+03
3.214758629634808552e-03 1.315602293250191906e+04 5.938297557683188643e+03 3.296649297532414948e+03
3.608998070155939632e-03 1.435714608756795315e+04 6.479737461604159762e+03 3.596959814736890621e+03
4.051584759838999447e-03 1.561249050235783579e+04 7.045758785464893663e+03 3.910946779746253924e+03
4.548447726227339283e-03 1.691151768477037331e+04 7.631637908468338537e+03 4.235973860328130286e+03
5.106243098575769836e-03 1.824010361110122903e+04 8.230988453500329342e+03 4.568525803392021771e+03
5.732443275407110572e-03 1.957967962165285280e+04 8.835449665249729151e+03 4.903970141353901454e+03
6.435437027063155117e-03 2.090743248109172782e+04 9.434728101631320897e+03 5.236579687731555168e+03
7.224641874254610074e-03 2.219555646746889761e+04 1.001630080403300781e+04 5.559397830504395642e+03
8.110630248067678127e-03 2.341089810819680133e+04 1.056524488360289070e+04 5.864149414600996352e+03
9.105271121505569346e-03 2.451470110893870151e+04 1.106412537585612154e+04 6.141146975948585350e+03
1.022188900990466699e-02 2.546256468489409963e+04 1.149296868428533890e+04 6.379319843663957727e+03
1.147544247024383408e-02 2.620495446298891329e+04 1.182945482726832597e+04 6.566266877872322766e+03
1.288272449057868002e-02 2.668787100597795506e+04 1.204936764988408322e+04 6.688553136776724386e+03
1.446258745407916733e-02 2.685502996335213174e+04 1.212737319307846155e+04 6.732134570272804012e+03
1.623619569135818438e-02 2.665199339266823881e+04 1.203901104596768346e+04 6.683407459297380228e+03
1.822730900435978393e-02 2.603189897519283113e+04 1.176331720089892769e+04 6.530775082453681534e+03
2.046260095998037737e-02 2.496468390610571441e+04 1.128680495106035596e+04 6.266762983420955607e+03
2.297201621738221775e-02 2.344943310219693012e+04 1.060899067515675415e+04 5.891104438046013456e+03
2.578917167586586637e-02 2.152850435546347217e+04 9.748471225870058333e+03 5.414061346858417892e+03
2.895180681720203528e-02 1.929921623433023706e+04 8.748074525060159431e+03 4.859253265570176154e+03
3.250228927534733192e-02 1.691592712495565502e+04 7.676024861219860213e+03 4.264345917584430936e+03
3.648818240631140908e-02 1.457535586860736476e+04 6.619968880218119921e+03 3.677836979554799200e+03
4.096288246151627566e-02 1.248144847026646676e+04 5.672008930656792472e+03 3.150893976872865551e+03
4.598633390041809155e-02 1.079466365183587550e+04 4.906550720689181617e+03 2.725180954101554107e+03
5.162583242493973962e-02 9.578394095069294053e+03 4.356082314180617686e+03 2.419439275267301582e+03
5.795692649341043640e-02 8.757307963266077422e+03 3.990592578364641213e+03 2.217797708321988011e+03
6.506442939097074885e-02 8.112698054638817666e+03 3.711046064551578183e+03 2.065362146366845536e+03
7.304355541444980393e-02 7.313108449593160003e+03 3.355569698680470083e+03 1.870014118004530474e+03
8.200119539239680844e-02 6.193012657343686442e+03 2.832035032023989515e+03 1.576778538037842281e+03
9.205734862752627812e-02 4.932156411484577802e+03 2.220260597823160879e+03 1.228721899633410658e+03
1.033467304443183715e-01 3.938307474876020478e+03 1.733815640883728975e+03 9.500002250027249602e+02
1.160205768769771578e-01 3.393714837372125658e+03 1.487018496847749248e+03 8.118784036893034681e+02
1.302486706739022226e-01 3.052058609564885955e+03 1.356313347734967010e+03 7.445513930726622220e+02
1.462216157596530064e-01 2.570415312642465778e+03 1.131354294938478233e+03 6.180620969922699715e+02
1.641533906237988560e-01 2.061226465922923126e+03 8.679321557561928557e+02 4.633372714809829063e+02
1.842842148426375448e-01 1.757536984074163001e+03 7.326092494221851439e+02 3.894649164350075807e+02
2.068837671345900298e-01 1.507849240538309914e+03 6.277362314761047628e+02 3.346950994673294417e+02
2.322547980593316352e-01 1.250041397869775210e+03 4.962466463492017397e+02 2.573073461952374146e+02
2.607371857574901086e-01 1.067774512125540241e+03 4.181555357829893751e+02 2.161430322208992152e+02
2.927124890628471365e-01 9.046133578988154795e+02 3.415158253896674410e+02 1.727025330705909028e+02
3.286090589819373742e-01 7.736974095289623392e+02 2.835680685990796519e+02 1.413508435047568241e+02
3.689077770159973624e-01 6.633220773250865250e+02 2.339184199200044247e+02 1.137905843564622188e+02
4.141484971975938345e-01 5.733427553181459189e+02 1.948182020881804419e+02 9.281785147814137815e+01
4.649372781414354283e-01 4.980966780141787922e+02 1.625198660152526600e+02 7.545577015431028656e+01
5.219545019921476570e-01 4.353166521665918367e+02 1.362320958705957423e+02 6.151251347903762223e+01
5.859639890329354506e-01 3.827975440868778492e+02 1.148546604226787622e+02 5.034729746451354515e+01
6.578232300572349756e-01 3.384176839516764517e+02 9.740259455999586180e+01 4.138184120284405765e+01
7.384948735793578356e-01 3.005239459544430929e+02 8.311009749928882684e+01 3.418010601918528124e+01
8.290596217703356530e-01 2.676657903791727335e+02 7.133034272683424604e+01 2.838039215585709130e+01
9.307307078768926045e-01 2.388072960198474561e+02 6.157542523800302092e+01 2.370630189894416162e+01
1.044870149067508081e+00 2.130383545156375362e+02 5.342582181488654669e+01 1.992593226182042088e+01
1.173006992433692330e+00 1.896635033935706076e+02 4.654687151823478786e+01 1.685405856613036946e+01
1.316857798575541416e+00 1.681855851081867854e+02 4.066997140422513723e+01 1.434284217311913245e+01
1.478349637175967013e+00 1.482798512167814806e+02 3.558576942880946348e+01 1.227523693149803918e+01
1.659645902619409696e+00 1.297688955010417828e+02 3.112919799831947998e+01 1.055714687308546296e+01
1.863175295489004624e+00 1.125906749877104147e+02 2.717735998576589296e+01 9.114795560505495331e+00
2.091664358187257822e+00 9.676943757192452722e+01 2.364058678060090557e+01 7.889855428330172060e+00
2.348174000537423645e+00 8.236397285005263313e+01 2.045775956798446416e+01 6.837329349584996940e+00
2.636140504673786467e+00 6.943643069362607889e+01 1.758898691272854720e+01 5.922541156442082233e+00
2.959421558534973240e+00 5.801364764339203361e+01 1.501043477936241111e+01 5.119903469803986695e+00
3.322347934639153344e+00 4.807745257710925557e+01 1.270728898405359963e+01 4.410667888523303048e+00
3.729781506445900785e+00 3.955591853853596263e+01 1.066871874985034196e+01 3.781702618502217117e+00
4.187180379509764627e+00 3.233910780284494990e+01 8.883476367721883094e+00 3.223639307504040374e+00
4.700672009942531204e+00 2.628991766890604964e+01 7.337846965474387417e+00 2.730021736854962633e+00
5.277135289701610610e+00 2.126333614626700452e+01 6.014875072828870017e+00 2.295792424345387772e+00
5.924292698344328478e+00 1.711641584478403288e+01 4.894808069457626587e+00 1.916741841671927293e+00
6.650813755741415534e+00 1.371697520578220875e+01 3.956237582671359831e+00 1.588715428579282829e+00
7.466431161634059954e+00 1.094693113737418777e+01 3.177213664336036469e+00 1.307483227838426965e+00
8.382071177875818790e+00 8.702274207533733374e+00 2.536320331517730509e+00 1.068605601124678506e+00
9.410000000000001918e+00 6.892429620320339012e+00 2.013385331497561381e+00 8.675508854694861105e-01
