1.000000000230258569e-04 3.280006265263195360e+02 1.384161108780554059e+02 7.580291163525659215e+01
1.122634227564673579e-04 3.679103705588345292e+02 1.552702791235919904e+02 8.503584982709134010e+01
1.260307608609534901e-04 4.126595619984148584e+02 1.741726217959022449e+02 9.539189328370723331e+01
1.414864458359461712e-04 4.628295284273982020e+02 1.953705594970826951e+02 1.070070913217472253e+02
1.588375267953347550e-04 5.190703146893847588e+02 2.191410804218501198e+02 1.200338466289300072e+02
1.783164441611049004e-04 5.821083130198713889e+02 2.457938107062343818e+02 1.346426328029341164e+02
2.001841435067871621e-04 6.527549302370645137e+02 2.756746883219879578e+02 1.510240519993631665e+02
2.247335712646909519e-04 7.319167376495862527e+02 3.091704097397312125e+02 1.693913065684781714e+02
2.522935991264941354e-04 8.206093431376868921e+02 3.467127592069663820e+02 1.899823594291085271e+02
2.832334297096662638e-04 9.199701080231847072e+02 3.887837245602558482e+02 2.130627479944560037e+02
3.179675425093897337e-04 1.031271625683793445e+03 4.359213392801925124e+02 2.389288316381428388e+02
3.569612463934728852e-04 1.155944828036497029e+03 4.887258311251028431e+02 2.679102734072809540e+02
4.007369130231864672e-04 1.295596739133920664e+03 5.478665836002145397e+02 3.003738435268799094e+02
4.498809747048478080e-04 1.452026584604401705e+03 6.140892357594403848e+02 3.367273143451002966e+02
5.050517804175268938e-04 1.627235605789637248e+03 6.882206379352809336e+02 3.774212167489004628e+02
5.669884152586394726e-04 1.823455719595641540e+03 7.711786279724186670e+02 4.229539725365108325e+02
6.365206014554368984e-04 2.043158789540506177e+03 8.639774446337398786e+02 4.738752129218030404e+02
7.145798135793877959e-04 2.289005378577939609e+03 9.677191428880885269e+02 5.307831094403609313e+02
8.022117568662883325e-04 2.563898074596525021e+03 1.083609541428683087e+03 5.943316077337349270e+02
9.005903758055168549e-04 2.870972077009815621e+03 1.212955954847774819e+03 6.652298968455346539e+02
1.011033580661806338e-03 3.213505307715787694e+03 1.357140669627681291e+03 7.442314670063399262e+02
1.135020902606864940e-03 3.594972115513874996e+03 1.517640651778780921e+03 8.321430291828060035e+02
1.274213313974418031e-03 4.019010399333845726e+03 1.696008349219199545e+03 9.298145861144375885e+02
1.430475479156914512e-03 4.489342960599121398e+03 1.893830690893398241e+03 1.038118716349670876e+03
1.605900734223756829e-03 5.009777606308394752e+03 2.112740339911038063e+03 1.157956876973936460e+03
1.802839129895710598e-03 5.584096525936616672e+03 2.354356407444658998e+03 1.290223565315914129e+03
2.023928913547812410e-03 6.215924177259446878e+03 2.620214628086531775e+03 1.435764896188152989e+03
2.272131871983379750e-03 6.908683009236955513e+03 2.911764026180395376e+03 1.595381033133385472e+03
2.550773008441800313e-03 7.665267512252913548e+03 3.230234130380982606e+03 1.769749296708894008e+03
2.863585085365514225e-03 8.487785957123620392e+03 3.576527557553527004e+03 1.959362870454927588e+03
3.214758629634808552e-03 9.377505801023507956e+03 3.951193415641445426e+03 2.164520160050491540e+03
3.608998070155939632e-03 1.033426135499273187e+04 4.354167174913859526e+03 2.385194666848198267e+03
4.051584759838999447e-03 1.135614320842871166e+04 4.784636728844332538e+03 2.620964165015891467e+03
4.548447726227339283e-03 1.243942401216813778e+04 5.241056538609326708e+03 2.870979430455108286e+03
5.106243098575769836e-03 1.357782458254847188e+04 5.720877060423544208e+03 3.133808611185916106e+03
5.732443275407110572e-03 1.476211335883188985e+04 6.220255596680412054e+03 3.407393726346630046e+03
6.435437027063155117e-03 1.597984104190960534e+04 6.734024190076132982e+03 3.688908351232364566e+03
7.224641874254610074e-03 1.721475551741941672e+04 7.255465040698163648e+03 3.974682488012252179e+03
8.110630248067678127e-03 1.844634970241102565e+04 7.776108309805201316e+03 4.260093088774128773e+03
9.105271121505569346e-03 1.964934054035142617e+04 8.285539578151565365e+03 4.539457150382452710e+03
1.022188900990466699e-02 2.079309361227622139e+04 8.771176653944683494e+03 4.805911832235949078e+03
1.147544247024383408e-02 2.184289398719249220e+04 9.218808120633886574e+03 5.051704529005381119e+03
1.288272449057868002e-02 2.275206447975074479e+04 9.609271293772082572e+03 5.266374473117258276e+03
1.446258745407916733e-02 2.347418994432460386e+04 9.923641104652151625e+03 5.439603789762261840e+03
1.623619569135818438e-02 2.396229094166762297e+04 1.014285878763091569e+04 5.561013441082699501e+03
1.822730900435978393e-02 2.416664238400182148e+04 1.024670777785847349e+04 5.619587896761981028e+03
2.046260095998037737e-02 2.404069827841718143e+04 1.021617640049817783e+04 5.604976272064595832e+03
2.297201621738221775e-02 2.355357104184297350e+04 1.003841200960059359e+04 5.510183399702128554e+03
2.578917167586586637e-02 2.269726376849634471e+04 9.709290655722812517e+03 5.332916525522875418e+03
2.895180681720203528e-02 2.149838961538154035e+04 9.237957554804232132e+03 5.078039261819641069e+03
3.250228927534733192e-02 2.002719248074182542e+04 8.650636479532837257e+03 4.759678760093431265e+03
3.648818240631140908e-02 1.839595699374764081e+04 7.990649587689597865e+03 4.401269184762996701e+03
4.096288246151627566e-02 1.674403754322825989e+04 7.313734804501412327e+03 4.033149680382607585e+03
4.598633390041809155e-02 1.520562618482945800e+04 6.676396170198450818e+03 3.686341278826855159e+03
5.162583242493973962e-02 1.386560352009092458e+04 6.118019057268063989e+03 3.382823589582904788e+03
5.795692649341043640e-02 1.271978290112396462e+04 5.641472020723661444e+03 3.124578882777897434e+03
6.506442939097074885e-02 1.166977543335798873e+04 5.205071467585010396e+03 2.888406635084480968e+03
7.304355541444980393e-02 1.054833326459318960e+04 4.725379006225651210e+03 2.625965173426325237e+03
8.200119539239680844e-02 9.281631720562565533e+03 4.155563565867294528e+03 2.308087787464341545e+03
9.205734862752627812e-02 7.971767037091500242e+03 3.539511551353595223e+03 1.958449448000171969e+03
1.033467304443183715e-01 6.844263814464753523e+03 3.001476630277586992e+03 1.651571688067647074e+03
1.160205768769771578e-01 6.010199430205886529e+03 2.619730789400352478e+03 1.438576165070431671e+03
1.302486706739022226e-01 5.333062246676386167e+03 2.324895238291724581e+03 1.279208600812917666e+03
1.462216157596530064e-01 4.635730064808955831e+03 1.995572132075878471e+03 1.093644679928003143e+03
1.641533906237988560e-01 3.977878941200964164e+03 1.664777927187659998e+03 9.003916631150713101e+02
1.842842148426375448e-01 3.466297161855566173e+03 1.428323586371163401e+03 7.674370819184248376e+02
2.068837671345900298e-01 3.024441151075865037e+03 1.228969179536039064e+03 6.568876609440022776e+02
2.322547980593316352e-01 2.624618918432705868e+03 1.034212855485497585e+03 5.428994430859575004e+02
2.607371857574901086e-01 2.294305353944278977e+03 8.845004833820488557e+02 4.594792642180387929e+02
2.927124890628471365e-01 2.008290825465257740e+03 7.517881122329073378e+02 3.837699581676242246e+02
3.286090589819373742e-01 1.766718655938869233e+03 6.421882651206229866e+02 3.224181000917587880e+02
3.689077770159973624e-01 1.559905684262526393e+03 5.490796805579090005e+02 2.701718450789680332e+02
4.141484971975938345e-01 1.384536708233813670e+03 4.716578823197238535e+02 2.273526566825525208e+02
4.649372781414354283e-01 1.234228524658959486e+03 4.066824433545104966e+02 1.916621067469823174e+02
5.219545019921476570e-01 1.104726638041586057e+03 3.523002871578316899e+02 1.621622725878385154e+02
5.859639890329354506e-01 9.920276138797619296e+02 3.066822295066418747e+02 1.377955902435554378e+02
6.578232300572349756e-01 8.926342153887416089e+02 2.682517827432119475e+02 1.176574125025316420e+02
7.384948735793578356e-01 8.036092743612090317e+02 2.356639629686554542e+02 1.009849460825854095e+02
8.290596217703356530e-01 7.225446556663248430e+02 2.077757203774913535e+02 8.713523184544125399e+01
9.307307078768926045e-01 6.476082061925116022e+02 1.836402976618450964e+02 7.557237329577907303e+01
1.044870149067508081e+00 5.775383473591954271e+02 1.624741104209606988e+02 6.584690819735216394e+01
1.173006992433692330e+00 5.115643247335295882e+02 1.436520791974697886e+02 5.759145406099153064e+01
1.316857798575541416e+00 4.494475685478687979e+02 1.266945154451474735e+02 5.050280942909795812e+01
1.478349637175967013e+00 3.912628510528836046e+02 1.112532827107137479e+02 4.433970282462133383e+01
1.659645902619409696e+00 3.373808832266694822e+02 9.710521939374029898e+01 3.891012627825222125e+01
1.863175295489004624e+00 2.881784701181630908e+02 8.412004748335141358e+01 3.406923479249567777e+01
2.091664358187257822e+00 2.439994154037527210e+02 7.225349230194537142e+01 2.971226713702636246e+01
2.348174000537423645e+00 2.049686618772103088e+02 6.149724359431853316e+01 2.576756954710006298e+01
2.636140504673786467e+00 1.710051008083868851e+02 5.186731061305178514e+01 2.219105783891235006e+01
2.959421558534973240e+00 1.418278955937041417e+02 4.336377818188307032e+01 1.895829924151392731e+01
3.322347934639153344e+00 1.170201674815376407e+02 3.596623125247809583e+01 1.605874650668473436e+01
3.729781506445900785e+00 9.609952802048192666e+01 2.961736452007231790e+01 1.348491650362122840e+01
4.187180379509764627e+00 7.856834237174670932e+01 2.423357938185867155e+01 1.122821985050505766e+01
4.700672009942531204e+00 6.395793111941798514e+01 1.971392658955971555e+01 9.274729964840441099e+00
5.277135289701610610e+00 5.184188672142693832e+01 1.595200565388548597e+01 7.604937918779839379e+00
5.924292698344328478e+00 4.184359370001251222e+01 1.284414058139790527e+01 6.193940659603761389e+00
6.650813755741415534e+00 3.363277438226874239e+01 1.029381021150159370e+01 5.013914677002652809e+00
7.466431161634059954e+00 2.692153982895052167e+01 8.213601158719130879e+00 4.035842651042191420e+00
8.382071177875818790e+00 2.146137059877406728e+01 6.526218037020507623e+00 3.231579381578339127e+00
9.410000000000001918e+00 1.703953274546714169e+01 5.164204754866254632e+00 2.574799441378566200e+00
