1.000000000230258569e-04 5.121600973254911651e+02 2.229892174755078997e+02 1.224635761215451311e+02
1.122634227564673579e-04 5.711032420834864070e+02 2.486794666850991007e+02 1.365853827450322910e+02
1.260307608609534901e-04 6.367880005576224676e+02 2.773173735267865254e+02 1.523323211821621612e+02
1.414864458359461712e-04 7.099731214191398294e+02 3.092373875554085316e+02 1.698903321054258697e+02
1.588375267953347550e-04 7.915000271401348755e+02 3.448106269866798357e+02 1.894661233921809185e+02
1.783164441611049004e-04 8.823012851015319029e+02 3.844485602583168884e+02 2.112893383072021720e+02
2.001841435067871621e-04 9.834108964075278436e+02 4.286077434950345832e+02 2.356152725777826049e+02
2.247335712646909519e-04 1.095982825030374670e+03 4.777952119360337520e+02 2.627272833896137740e+02
2.522935991264941354e-04 1.221305008034169759e+03 5.325738827848019810e+02 2.929397532427870487e+02
2.832334297096662638e-04 1.360812145421158675e+03 5.935685815278735618e+02 3.266016022466238837e+02
3.179675425093897337e-04 1.516129954791255614e+03 6.614777056551603209e+02 3.640996539965900070e+02
3.569612463934728852e-04 1.689095493530416661e+03 7.370807811514139303e+02 4.058626281388387724e+02
4.007369130231864672e-04 1.881772898722767195e+03 8.212460606132386829e+02 4.523655113594936097e+02
4.498809747048478080e-04 2.096492939353224301e+03 9.149460181728599082e+02 5.041336380444863607e+02
5.050517804175268938e-04 2.335885976325772390e+03 1.019267945374241435e+03 5.617479762717138101e+02
5.669884152586394726e-04 2.602886584496237901e+03 1.135419009753867840e+03 6.258490792776541412e+02
6.365206014554368984e-04 2.900632080728084475e+03 1.264711194490493426e+03 6.971349501305829790e+02
7.145798135793877959e-04 3.232549980761053575e+03 1.408585420231487433e+03 7.763695466788708472e+02
8.022117568662883325e-04 3.602334414167639807e+03 1.568604667835151986e+03 8.643817819092718082e+02
9.005903758055168549e-04 4.013718873260823784e+03 1.746388655880805800e+03 9.620464804507730605e+02
1.011033580661806338e-03 4.470596380720268826e+03 1.943655817630075262e+03 1.070298871578066610e+03
1.135020902606864940e-03 4.977002185719810768e+03 2.162204228146484638e+03 1.190124081194933751e+03
1.274213313974418031e-03 5.537008491689355651e+03 2.403847647218136899e+03 1.322526945084355930e+03
1.430475479156914512e-03 6.154711838386483578e+03 2.670435465425496659e+03 1.468544262515141099e+03
1.605900734223756829e-03 6.834201677769552589e+03 2.963810682873308906e+03 1.629212339880990612e+03
1.802839129895710598e-03 7.579512405953611960e+03 3.285748181171828037e+03 1.805521576492441682e+03
2.023928913547812410e-03 8.394486571490166170e+03 3.637935251140962464e+03 1.998420270366871137e+03
2.272131871983379750e-03 9.282507859235745855e+03 4.021854556746711751e+03 2.208740293416836266e+03
2.550773008441800313e-03 1.024625980447021902e+04 4.438674292644272100e+03 2.437128827861317404e+03
2.863585085365514225e-03 1.128764598375209789e+04 4.889215345715258991e+03 2.684040877343800275e+03
3.214758629634808552e-03 1.240714263746441975e+04 5.373685235074812226e+03 2.949596810266117700e+03
3.608998070155939632e-03 1.360342791677511559e+04 5.891519863026707753e+03 3.233495961451132189e+03
4.051584759838999447e-03 1.487332178087761895e+04 6.441350258093213597e+03 3.534997768868345247e+03
4.548447726227339283e-03 1.621100893090338468e+04 7.020676558269970883e+03 3.852715410109275581e+03
5.106243098575769836e-03 1.760761121777493463e+04 7.625786761713758096e+03 4.184601374669130564e+03
5.732443275407110572e-03 1.905045293000860693e+04 8.251241446736328726e+03 4.527725387804355705e+03
6.435437027063155117e-03 2.052286914517452533e+04 8.889928278689547369e+03 4.878183467204898989e+03
7.224641874254610074e-03 2.200334507344134909e+04 9.532704541483484718e+03 5.230970369673850655e+03
8.110630248067678127e-03 2.346483781027733494e+04 1.016809277669118273e+04 5.579811987925659196e+03
9.105271121505569346e-03 2.487411643009578620e+04 1.078203054416603118e+04 5.917019603495226875e+03
1.022188900990466699e-02 2.619261660428481991e+04 1.135824765169119746e+04 6.233706223401870375e+03
1.147544247024383408e-02 2.736815641147263523e+04 1.187469615341757162e+04 6.517815086575749774e+03
1.288272449057868002e-02 2.834662810587686909e+04 1.230860183468838841e+04 6.756905189742920811e+03
1.446258745407916733e-02 2.907109342217458106e+04 1.263613948418746077e+04 6.937969272999569512e+03
1.623619569135818438e-02 2.947860506092909782e+04 1.283093840518794423e+04 7.046620147084488963e+03
1.822730900435978393e-02 2.950718815440440812e+04 1.286701594593096524e+04 7.068683854884906395e+03
2.046260095998037737e-02 2.910591864732498652e+04 1.272290116574173408e+04 6.992460436286985896e+03
2.297201621738221775e-02 2.824590619217523999e+04 1.238587472377444465e+04 6.810993897068913611e+03
2.578917167586586637e-02 2.693326244171467988e+04 1.185699171519043739e+04 6.524750741718796235e+03
2.895180681720203528e-02 2.522482668366030703e+04 1.115755513301280553e+04 6.145158475393234767e+03
3.250228927534733192e-02 2.323408936625863134e+04 1.033193786690998058e+04 5.696174829694994514e+03
3.648818240631140908e-02 2.112379934845566095e+04 9.445876401121509844e+03 5.213479333329732981e+03
4.096288246151627566e-02 1.907768661956553842e+04 8.576594102740682501e+03 4.739303622723683475e+03
4.598633390041809155e-02 1.725173680398413853e+04 7.793934468363848282e+03 4.312312133424397871e+03
5.162583242493973962e-02 1.571676493478347766e+04 7.135014572278331798e+03 3.953633964713442310e+03
5.795692649341043640e-02 1.442097689033719689e+04 6.583022748609232622e+03 3.654632892655089563e+03
6.506442939097074885e-02 1.317800878089330035e+04 6.050606673777166179e+03 3.365882885793733294e+03
7.304355541444980393e-02 1.179594926419844887e+04 5.434721157928168395e+03 3.026633970552567007e+03
8.200119539239680844e-02 1.023522944721979547e+04 4.699881985282429014e+03 2.612877758147453278e+03
9.205734862752627812e-02 8.704133696552151378e+03 3.949744103351887588e+03 2.183703122651819285e+03
1.033467304443183715e-01 7.482998850430509265e+03 3.352750222952689001e+03 1.842916436669616587e+03
1.160205768769771578e-01 6.610197192921966234e+03 2.954527179529432487e+03 1.624196396677529265e+03
1.302486706739022226e-01 5.841697368480916339e+03 2.609830461101898891e+03 1.437859043234237106e+03
1.462216157596530064e-01 5.023884412244649866e+03 2.198414236423917828e+03 1.200763286068886373e+03
1.641533906237988560e-01 4.313130415069702394e+03 1.833126721061609942e+03 9.864557510272469472e+02
1.842842148426375448e-01 3.770534031054861316e+03 1.587089328148394998e+03 8.517820170390597241e+02
2.068837671345900298e-01 3.275029586359166387e+03 1.349193170386483416e+03 7.164594543086560634e+02
2.322547980593316352e-01 2.844372087031091269e+03 1.136106572078248291e+03 5.918222653140330749e+02
2.607371857574901086e-01 2.488901753922863463e+03 9.725906052330051352e+02 5.017397162737727285e+02
2.927124890628471365e-01 2.179316649857223638e+03 8.245117394776621040e+02 4.163531585617208748e+02
3.286090589819373742e-01 1.919810068894973483e+03 7.049543167500993377e+02 3.501136734776128492e+02
3.689077770159973624e-01 1.698025391397917247e+03 6.030944567420590374e+02 2.930089732988910782e+02
4.141484971975938345e-01 1.509306682908488938e+03 5.183658031184256743e+02 2.462773387256520721e+02
4.649372781414354283e-01 1.348131925214716148e+03 4.477090838442788368e+02 2.077366859813964766e+02
5.219545019921476570e-01 1.208560314228279822e+03 3.884720824780154658e+02 1.758582417979494039e+02
5.859639890329354506e-01 1.086577111946363175e+03 3.387456912062123138e+02 1.495689846355316490e+02
6.578232300572349756e-01 9.783713746076667803e+02 2.967678732279527480e+02 1.278646264526277037e+02
7.384948735793578356e-01 8.808000072166000791e+02 2.610463273514120601e+02 1.098974382230752695e+02
8.290596217703356530e-01 7.913318898030937589e+02 2.303203671785121003e+02 9.495555131154559092e+01
9.307307078768926045e-01 7.081797204422686036e+02 2.035739089553097472e+02 8.245630384338920749e+01
1.044870149067508081e+00 6.300825047341810432e+02 1.799588326851585123e+02 7.190981737453201106e+01
1.173006992433692330e+00 5.564353295282171530e+02 1.588206617877676763e+02 6.291646939386362192e+01
1.316857798575541416e+00 4.871117935711334326e+02 1.396697100237301754e+02 5.515445649978403253e+01
1.478349637175967013e+00 4.224048441895017163e+02 1.221748301830978107e+02 4.836713994289186047e+01
1.659645902619409696e+00 3.627440845477983089e+02 1.061268049189039289e+02 4.235623438265619711e+01
1.863175295489004624e+00 3.086127720358503552e+02 9.143331795087838998e+01 3.697482571544004770e+01
2.091664358187257822e+00 2.603072873560420817e+02 7.806188564855243328e+01 3.211903206059420768e+01
2.348174000537423645e+00 2.179033640182021827e+02 6.603022194213349394e+01 2.772385596137574382e+01
2.636140504673786467e+00 1.812160058330245249e+02 5.534543524620531230e+01 2.374916085097431662e+01
2.959421558534973240e+00 1.498461232687967026e+02 4.599686609785869962e+01 2.017479642294396314e+01
3.322347934639153344e+00 1.232822454083310788e+02 3.793271613628608918e+01 1.698844063558970774e+01
3.729781506445900785e+00 1.009586479710854832e+02 3.106805284973877335e+01 1.418169109795191218e+01
4.187180379509764627e+00 8.231461355967246618e+01 2.528960543738239508e+01 1.174023799547259905e+01
4.700672009942531204e+00 6.682159634443442542e+01 2.047027187705806384e+01 9.643585537741760305e+00
5.277135289701610610e+00 5.401183600656844419e+01 1.648312969795831862e+01 7.864581011770018115e+00
5.924292698344328478e+00 4.347409109561588281e+01 1.320792910500337314e+01 6.371810225988161491e+00
6.650813755741415534e+00 3.484629617906715282e+01 1.053493614800287403e+01 5.131361659581829215e+00
7.466431161634059954e+00 2.781450682059616497e+01 8.366343516834916727e+00 4.109454256258807447e+00
8.382071177875818790e+00 2.211046088378191143e+01 6.616183871091836366e+00 3.273929597042611661e+00
9.410000000000001918e+00 1.750515721967999738e+01 5.210683072758932610e+00 2.595465828824832677e+00
