1.000000000230258569e-04 4.498522440298493734e+02 1.861830799997987071e+02 1.003278045727820000e+02
1.122634227564673579e-04 5.019837576176099674e+02 2.078430023178699457e+02 1.120102786821209691e+02
1.260307608609534901e-04 5.600846984857042798e+02 2.320132595576789072e+02 1.250507517712554773e+02
1.414864458359461712e-04 6.248172785059106218e+02 2.589816935415971670e+02 1.396062722358074950e+02
1.588375267953347550e-04 6.969136076876510515e+02 2.890683817663660307e+02 1.558518028605471386e+02
1.783164441611049004e-04 7.771841758712747605e+02 3.226285126306867141e+02 1.739819043691191496e+02
2.001841435067871621e-04 8.665245024426671989e+02 3.600564869100105625e+02 1.942130921844268414e+02
2.247335712646909519e-04 9.659319057896572076e+02 4.017905013776634178e+02 2.167861734113477041e+02
2.522935991264941354e-04 1.076537653709096503e+03 4.483178307895511807e+02 2.419684995506955261e+02
2.832334297096662638e-04 1.199607928262051018e+03 5.001796526374915288e+02 2.700571065434749585e+02
3.179675425093897337e-04 1.336586338225487452e+03 5.579789566490557036e+02 3.013816622524951185e+02
3.569612463934728852e-04 1.489163076275469166e+03 6.223907502311458302e+02 3.363074523877378397e+02
4.007369130231864672e-04 1.659271214541053268e+03 6.941672443129485828e+02 3.752394635928056346e+02
4.498809747048478080e-04 1.849118934216838852e+03 7.741481573767169948e+02 4.186256558922891031e+02
5.050517804175268938e-04 2.061234179968951594e+03 8.632726598504698359e+02 4.669604745145590527e+02
5.669884152586394726e-04 2.298509100467713779e+03 9.625882728480686410e+02 5.207900856250918196e+02
6.365206014554368984e-04 2.564064058175772516e+03 1.073242098973965312e+03 5.807119727168927739e+02
7.145798135793877959e-04 2.861187480874114954e+03 1.196481005134127372e+03 6.473766944394629945e+02
8.022117568662883325e-04 3.193488821904955330e+03 1.333674134821717871e+03 7.214952303210250193e+02
9.005903758055168549e-04 3.564638082820435102e+03 1.486267792846837892e+03 8.038274651426030459e+02
1.011033580661806338e-03 3.978289630249658330e+03 1.655777371712077638e+03 8.951811866169599625e+02
1.135020902606864940e-03 4.438209307913504745e+03 1.843814057203042012e+03 9.964200137198547509e+02
1.274213313974418031e-03 4.948259823577712268e+03 2.052038525036972260e+03 1.108442165187834917e+03
1.430475479156914512e-03 5.512332270021608565e+03 2.282151061277749704e+03 1.232177668775350867e+03
1.605900734223756829e-03 6.134282033655486885e+03 2.535888262437468256e+03 1.368585849245144118e+03
1.802839129895710598e-03 6.818063439475274208e+03 2.814966935871616897e+03 1.518607924018358290e+03
2.023928913547812410e-03 7.567587187815375728e+03 3.121060526305021540e+03 1.683160941954308100e+03
2.272131871983379750e-03 8.386536170765524730e+03 3.455756082327503464e+03 1.863119232178142511e+03
2.550773008441800313e-03 9.278208097825332516e+03 3.820437957311184164e+03 2.059236908433002554e+03
2.863585085365514225e-03 1.024539581545459077e+04 4.216255601530345302e+03 2.272136858456456139e+03
3.214758629634808552e-03 1.129002548322323128e+04 4.644004974162634426e+03 2.502251233616204900e+03
3.608998070155939632e-03 1.241233261413528271e+04 5.103852612497697010e+03 2.749675038407377997e+03
4.051584759838999447e-03 1.361098504949069866e+04 5.595340251592007917e+03 3.014168353468123314e+03
4.548447726227339283e-03 1.488331061234380832e+04 6.117127435803352455e+03 3.295026552371705293e+03
5.106243098575769836e-03 1.622295621728847618e+04 6.666901114447501641e+03 3.590924482235933283e+03
5.732443275407110572e-03 1.762044689044787083e+04 7.240771597147291686e+03 3.899858882774338326e+03
6.435437027063155117e-03 1.906248601228675761e+04 7.833352421489299559e+03 4.218910876746433132e+03
7.224641874254610074e-03 2.053099227443641212e+04 8.437372865118901245e+03 4.544169147913416964e+03
8.110630248067678127e-03 2.200233287629744154e+04 9.043343898304083268e+03 4.870534077031220477e+03
9.105271121505569346e-03 2.344650622123339053e+04 9.639258579852083130e+03 5.191562644858871863e+03
1.022188900990466699e-02 2.482635190903956754e+04 1.021029038939909333e+04 5.499301593875851722e+03
1.147544247024383408e-02 2.609712804055299057e+04 1.073857707492780719e+04 5.784170599798157127e+03
1.288272449057868002e-02 2.720611545193602433e+04 1.120321249100052773e+04 6.034948438504359729e+03
1.446258745407916733e-02 2.809325791303494771e+04 1.158037966790141763e+04 6.238880977124324090e+03
1.623619569135818438e-02 2.869290214195439694e+04 1.184410056553414506e+04 6.382053573365880766e+03
1.822730900435978393e-02 2.893753006656573416e+04 1.196765657754887798e+04 6.450171426117457486e+03
2.046260095998037737e-02 2.876451321641770119e+04 1.192611667437947654e+04 6.429912683248034227e+03
2.297201621738221775e-02 2.812676384606503052e+04 1.170026207260480805e+04 6.311005175945870178e+03
2.578917167586586637e-02 2.700755642932545015e+04 1.128195417183392419e+04 6.089048721632881097e+03
2.895180681720203528e-02 2.543747375847360308e+04 1.068036449179988449e+04 5.768793638549050229e+03
3.250228927534733192e-02 2.350723955878871129e+04 9.927273916770525830e+03 5.366962579302626182e+03
3.648818240631140908e-02 2.136858555678179982e+04 9.078714944940065834e+03 4.913231172415974470e+03
4.096288246151627566e-02 1.921484543611190384e+04 8.209780177388929587e+03 4.447640014742936728e+03
4.598633390041809155e-02 1.723778273206024824e+04 7.400194906059531604e+03 4.013153997209366480e+03
5.162583242493973962e-02 1.556892090838126751e+04 6.711479225853133357e+03 3.643564951305069826e+03
5.795692649341043640e-02 1.422595390668317486e+04 6.161370987582307862e+03 3.349541407748517486e+03
6.506442939097074885e-02 1.308484241096450933e+04 5.702018512100362386e+03 3.105677278820628999e+03
7.304355541444980393e-02 1.191818795517381113e+04 5.224932550963039830e+03 2.851134250534897546e+03
8.200119539239680844e-02 1.055340412304453639e+04 4.631295414588779749e+03 2.527340213576423594e+03
9.205734862752627812e-02 9.042114462212588478e+03 3.929892689695259378e+03 2.135563571830679393e+03
1.033467304443183715e-01 7.666704315685764414e+03 3.270179516434863217e+03 1.762572255187824339e+03
1.160205768769771578e-01 6.658173107770271599e+03 2.803368862674833963e+03 1.503161219031160954e+03
1.302486706739022226e-01 5.927031687625427367e+03 2.500934726500349825e+03 1.345429697812174481e+03
1.462216157596530064e-01 5.202049695700221491e+03 2.183394010605792118e+03 1.174957436096101446e+03
1.641533906237988560e-01 4.456595525040493158e+03 1.808461799969764797e+03 9.575867586827674813e+02
1.842842148426375448e-01 3.863482360507856356e+03 1.526763159496436629e+03 7.974644218072407966e+02
2.068837671345900298e-01 3.385593601161543575e+03 1.327938279734333037e+03 6.937492760769550841e+02
2.322547980593316352e-01 2.941886777815526784e+03 1.115700801011387284e+03 5.712643163871863408e+02
2.607371857574901086e-01 2.572689480706643735e+03 9.491540541478063915e+02 4.786439398864640111e+02
2.927124890628471365e-01 2.258397859740035528e+03 8.100499066496099658e+02 4.026197410225408930e+02
3.286090589819373742e-01 1.988947665151604497e+03 6.899535262903749526e+02 3.357057414558205437e+02
3.689077770159973624e-01 1.760278423344975181e+03 5.906665765661985006e+02 2.816736655385038262e+02
4.141484971975938345e-01 1.565565053707491870e+03 5.076018886876297529e+02 2.367556506683056909e+02
4.649372781414354283e-01 1.397093288630589541e+03 4.376872892979233143e+02 1.992396909531555877e+02
5.219545019921476570e-01 1.251799381839985472e+03 3.794002824930348652e+02 1.684762310788032664e+02
5.859639890329354506e-01 1.124493901639774322e+03 3.304801965751515240e+02 1.430936220900860008e+02
6.578232300572349756e-01 1.011141144278522802e+03 2.891734036081943486e+02 1.221242163538245222e+02
7.384948735793578356e-01 9.087585686343450107e+02 2.540776830389471286e+02 1.047833151365260846e+02
8.290596217703356530e-01 8.146582110287977230e+02 2.239140076310164602e+02 9.036988373976421940e+01
9.307307078768926045e-01 7.271189306890515809e+02 1.977069514112392312e+02 7.833505247485707912e+01
1.044870149067508081e+00 6.450299050007668029e+02 1.746343369578188742e+02 6.820905257806541044e+01
1.173006992433692330e+00 5.677604751356234374e+02 1.540336590652147493e+02 5.960354638585621956e+01
1.316857798575541416e+00 4.953075243906185392e+02 1.354173438082422081e+02 5.220299291469486747e+01
1.478349637175967013e+00 4.279508134467204741e+02 1.184423145710852765e+02 4.575873127547782104e+01
1.659645902619409696e+00 3.661948967250491478e+02 1.029014454310979403e+02 4.007445687988780492e+01
1.863175295489004624e+00 3.104495351038670492e+02 8.867835529007412276e+01 3.500245126882281710e+01
2.091664358187257822e+00 2.609804922700771499e+02 7.574616058784314987e+01 3.043897667172117494e+01
2.348174000537423645e+00 2.177784575486346341e+02 6.410157423847965674e+01 2.631304274158749124e+01
2.636140504673786467e+00 1.805637083386580457e+02 5.375655345075214342e+01 2.258274555989022403e+01
2.959421558534973240e+00 1.488783190585088221e+02 4.469486927256129150e+01 1.922262507739928239e+01
3.322347934639153344e+00 1.221414853164784233e+02 3.687248977877164435e+01 1.622231334484112608e+01
3.729781506445900785e+00 9.974745396804303255e+01 3.020902135390873156e+01 1.357165122606146568e+01
4.187180379509764627e+00 8.109654875664249118e+01 2.459555275166194832e+01 1.125923841832274341e+01
4.700672009942531204e+00 6.564403002031241385e+01 1.991201285051475267e+01 9.267038061850803032e+00
5.277135289701610610e+00 5.290714358185321231e+01 1.603565359001962776e+01 7.571743031829150539e+00
5.924292698344328478e+00 4.246075330267451164e+01 1.285055541169555049e+01 6.145283081071169384e+00
6.650813755741415534e+00 3.393345156478175539e+01 1.025058627803898936e+01 4.957008821448487090e+00
7.466431161634059954e+00 2.700543131861446966e+01 8.140859170417330759e+00 3.975943659094906657e+00
8.382071177875818790e+00 2.140344111335235056e+01 6.437935486114618300e+00 3.172213044550359129e+00
9.410000000000001918e+00 1.689487579850764476e+01 5.070309142100405175e+00 2.518377225444209611e+00
