1.000000000230258569e-04 1.735845741295277662e+02 7.015297118137470989e+01 3.776692212303791507e+01
1.115026695290953366e-04 1.935902042871481683e+02 7.826035352122384836e+01 4.213381808434352394e+01
1.243284530925187648e-04 2.158836071693447991e+02 8.730254778876312116e+01 4.700505958223751435e+01
1.386295441504667143e-04 2.407210820128956925e+02 9.738662105285646930e+01 5.243868449422158307e+01
1.545756424481938766e-04 2.683866458086320677e+02 1.086317633103373623e+02 5.849936781160302957e+01
1.723559677317991945e-04 2.991952301048614231e+02 1.211705294802304422e+02 6.525911459819083404e+01
1.921815050694108094e-04 3.334962587092011290e+02 1.351501934555175808e+02 7.279801799484255298e+01
2.142875084442451923e-04 3.716768123593918745e+02 1.507344814434985096e+02 8.120522904212275250e+01
2.389362923277018713e-04 4.141689390023339001e+02 1.681054232993531343e+02 9.057989325307171669e+01
2.664203443578849946e-04 4.614596539433174485e+02 1.874654074981114036e+02 1.010321369954744739e+02
2.970657960592480913e-04 5.140928444543861815e+02 2.090393353675465846e+02 1.126843665634507374e+02
3.312362927876497001e-04 5.726822850619785186e+02 2.330774174226525872e+02 1.256724955315314958e+02
3.693373088223966556e-04 6.379334708095007045e+02 2.598586225762127242e+02 1.401471677615529075e+02
4.118209588090659132e-04 7.106459918841753733e+02 2.896933294642027477e+02 1.562754864422513208e+02
4.591913626466918256e-04 7.917230728213273778e+02 3.229266665162996901e+02 1.742425013635152027e+02
5.120106274801957584e-04 8.821821115963728062e+02 3.599422717232937998e+02 1.942524106269178787e+02
5.709055177816341068e-04 9.831743334248610608e+02 4.011666107723321488e+02 2.165308967231366637e+02
6.365748926688486646e-04 1.095979359930716555e+03 4.470707569018684353e+02 2.413264068308056665e+02
7.097979987143026312e-04 1.221946487385730052e+03 4.981662646487928896e+02 2.689094914458370340e+02
7.914437166483044659e-04 1.362546591296540782e+03 5.550140209319519045e+02 2.995762418869941826e+02
8.824808716799498404e-04 1.519370192645637644e+03 6.182244123736284109e+02 3.336487671703846445e+02
9.839897297802024153e-04 1.694033064598201236e+03 6.884393016715242766e+02 3.714692643613270775e+02
1.097174816344422205e-03 1.888215256495529275e+03 7.663429625877349736e+02 4.134043768782430561e+02
1.223379209343287413e-03 2.103669351724079206e+03 8.526619502066795349e+02 4.598447190725777318e+02
1.364100476567608111e-03 2.342197369833855191e+03 9.481407591726273267e+02 5.111924390547188750e+02
1.521008446081769522e-03 2.605630325003685357e+03 1.053545655989899387e+03 5.678639036642371138e+02
1.695965020753673102e-03 2.895805615381484131e+03 1.169658850458378311e+03 6.302864708699393077e+02
1.891046271984591709e-03 3.214559670027921129e+03 1.297242784963471195e+03 6.988751684381460336e+02
2.108567074807741158e-03 3.563680411346831534e+03 1.437033490858097139e+03 7.740310879410583311e+02
2.351108576680822643e-03 3.944846210178001002e+03 1.589726456632120971e+03 8.561348770251564702e+02
2.621548825923003187e-03 4.359520883092844088e+03 1.755928020304485699e+03 9.455155842138383377e+02
2.923096923239734257e-03 4.808899394907900387e+03 1.936134595296407724e+03 1.042440566560386742e+03
3.259331101584665453e-03 5.293839159993861358e+03 2.130705183224003122e+03 1.147103314550308369e+03
3.634241186222156913e-03 5.814672084034344152e+03 2.339772990870128979e+03 1.259584860574777622e+03
4.052275938830490927e-03 6.371124659965675164e+03 2.563212711364704319e+03 1.379835283487781908e+03
4.518395847440812539e-03 6.962248029242859047e+03 2.800645066274708370e+03 1.507654383034108378e+03
5.038131988628217865e-03 7.586115181974267216e+03 3.051377247591462492e+03 1.642630373065301455e+03
5.617651660426248826e-03 8.239618090510461116e+03 3.314159319332581617e+03 1.784130221416877703e+03
6.263831564778516575e-03 8.918378039493487449e+03 3.587247588637147146e+03 1.931218339009942838e+03
6.984339407925946493e-03 9.616651615565220709e+03 3.868369555748425682e+03 2.082675956198063886e+03
7.787724887016851671e-03 1.032625873622491599e+04 4.154285979837750347e+03 2.236767446023630782e+03
8.683521142606049834e-03 1.103574154317073771e+04 4.440436811068077986e+03 2.391041398248166388e+03
9.682357880899711625e-03 1.173186293734262472e+04 4.721574399302364327e+03 2.542679272225466320e+03
1.079608750807801998e-02 1.240178246679240328e+04 4.992644594209050410e+03 2.688974917584237573e+03
1.203792577343234388e-02 1.302704137410062140e+04 5.246341309993558752e+03 2.826006872669383483e+03
1.342260859021738965e-02 1.358636316559246916e+04 5.474236160036540241e+03 2.949237460048553203e+03
1.496656689508787767e-02 1.405688366383882749e+04 5.667329431944218413e+03 3.053826435052184934e+03
1.668812162103823840e-02 1.441335240882231301e+04 5.815686874576225819e+03 3.134435496137716200e+03
1.860770109743517184e-02 1.462980033422914312e+04 5.909078352015792916e+03 3.185566338975005692e+03
2.074808345685756270e-02 1.468174876004036560e+04 5.937836828554339263e+03 3.201990932798970789e+03
2.313466692519383291e-02 1.454932788267233627e+04 5.894121544697813079e+03 3.179491724306556989e+03
2.579577120231610690e-02 1.422121406864347955e+04 5.773307725311114154e+03 3.115574618904716317e+03
2.876297350957714855e-02 1.369984580395760531e+04 5.575964271809864840e+03 3.010483993753659888e+03
3.207148329174031032e-02 1.300657548800886070e+04 5.309913865609454660e+03 2.868355295679231858e+03
3.576056001963404812e-02 1.218409254902031535e+04 4.991279562821792751e+03 2.697808448885416510e+03
3.987397905126498221e-02 1.129390745610383055e+04 4.643695015909150243e+03 2.511501919166181324e+03
4.446055107939526907e-02 1.040708967069501705e+04 4.295111165722929400e+03 2.324499843721100660e+03
4.957470132945773766e-02 9.587573570270586060e+03 3.971506063592738883e+03 2.150903703742121706e+03
5.527711538069327024e-02 8.870446598101023483e+03 3.688207348713146985e+03 1.999163023294636787e+03
6.163545927395905344e-02 8.245581657021253704e+03 3.442419026622556430e+03 1.867920076986983531e+03
6.872518245115814828e-02 7.644856786550885772e+03 3.205426058179250049e+03 1.741403076173444560e+03
7.663041305413779980e-02 6.979999379325997324e+03 2.936342875039717910e+03 1.596536234797752513e+03
8.544495620686157200e-02 6.209142068029257644e+03 2.611574825266446169e+03 1.419157732508470872e+03
9.527340712667957401e-02 5.392486159029775081e+03 2.255310661231701033e+03 1.221966320902331063e+03
1.062323922731101822e-01 4.667660255396127468e+03 1.935137629825046133e+03 1.043670353801491501e+03
1.184519532618636822e-01 4.123413978452897027e+03 1.702050205243091796e+03 9.153475763219323653e+02
1.320770899659224340e-01 3.699852088494958934e+03 1.530477340723768293e+03 8.236626093844140541e+02
1.472694811144383831e-01 3.264645547681402604e+03 1.344587601740767468e+03 7.227716317134551218e+02
1.642094028064348954e-01 2.810735586301579588e+03 1.133863420869435458e+03 6.043425827301077788e+02
1.830978677048002712e-01 2.443547207222751695e+03 9.677225109150725757e+02 5.118607036085718960e+02
2.041590102946942431e-01 2.153206769483665084e+03 8.479455034075757567e+02 4.481654145829697313e+02
2.276427465103479653e-01 1.873503010720557995e+03 7.220544851549450414e+02 3.778337207485454883e+02
2.538277392899435103e-01 1.632907811349660506e+03 6.141687893302769226e+02 3.173502480058122046e+02
2.830247052484705095e-01 1.431502612993688672e+03 5.289601156506473671e+02 2.712233112696160333e+02
3.155801017062329072e-01 1.253335295173222676e+03 4.500799860912664485e+02 2.269829598772030579e+02
3.518802378240603601e-01 1.102654960078456043e+03 3.861502415887143798e+02 1.922661382440051625e+02
3.923558586288135031e-01 9.724771817993313334e+02 3.305005166863988393e+02 1.616344144385953996e+02
4.374872563241952172e-01 8.614883543691878458e+02 2.840033983463702043e+02 1.364334296187513758e+02
4.878099695387512202e-01 7.663023071513700870e+02 2.447015734531551345e+02 1.152359402380517537e+02
5.439211381395319123e-01 6.843000623151907575e+02 2.115514341684428814e+02 9.750726701635716154e+01
6.064865890189676811e-01 6.133662456627864685e+02 1.836376796258147976e+02 8.274797922546032680e+01
6.762487369363893164e-01 5.514973355703994002e+02 1.600974646539859236e+02 7.046532193563091084e+01
7.540353941672404137e-01 4.969595457018545517e+02 1.401912582310610276e+02 6.024628533523642915e+01
8.407695934971151086e-01 4.482490456308240709e+02 1.232766774470725863e+02 5.173614300451378512e+01
9.374805411223435803e-01 4.041522829486708019e+02 1.088169844300125106e+02 4.463786379649128833e+01
1.045315829426528564e+00 3.636995317384555619e+02 9.635330502073290404e+01 3.869848607942428487e+01
1.165555054552403824e+00 3.261450980688300660e+02 8.550078938055573019e+01 3.370622321629047491e+01
1.299625000357985227e+00 2.910035344161792068e+02 7.594287080584295779e+01 2.948368007902040588e+01
1.449116568932995452e+00 2.579928427522340257e+02 6.742391120671960891e+01 2.588435073072303538e+01
1.615803658576671964e+00 2.270350248264102788e+02 5.974562183803777771e+01 2.278697204535171039e+01
1.801664213246928048e+00 1.981714182568743468e+02 5.275851653651744755e+01 2.009294814583951094e+01
2.008903693258128342e+00 1.715369039558883060e+02 4.636248029723092401e+01 1.772372037925026689e+01
2.239981245735629400e+00 1.472710127955006385e+02 4.049300653700124286e+01 1.561769813656025008e+01
2.497638885371206374e+00 1.254705186135253854e+02 3.511728233440410207e+01 1.372777548641704115e+01
2.784934031744384253e+00 1.061577629565851879e+02 3.021961480969540403e+01 1.201896144456588011e+01
3.105275789304232426e+00 8.926592981831284135e+01 2.579877163836590270e+01 1.046873505898469503e+01
3.462465400517639402e+00 7.465929607015465308e+01 2.185315560317265238e+01 9.062440883697998828e+00
3.860741352209485999e+00 6.214482187110666445e+01 1.837477651346885921e+01 7.791519871928298535e+00
4.304829670336041580e+00 5.150509714088385493e+01 1.534559711342856581e+01 6.650061782195217042e+00
4.799999999999999822e+00 4.251443135809971352e+01 1.273694028443072490e+01 5.633927468039078512e+00
