1.000000000230258569e-04 3.718873376978684746e+02 1.631229487406838530e+02 9.219834991766315113e+01
1.122634227564673579e-04 4.167293035269218535e+02 1.827082845554620292e+02 1.032544652566054850e+02
1.260307608609534901e-04 4.670434399014898759e+02 2.046540757578997898e+02 1.156379610191802101e+02
1.414864458359461712e-04 5.235159526949088331e+02 2.292475201253249963e+02 1.295086636468497829e+02
1.588375267953347550e-04 5.869213486518376612e+02 2.568112013558569515e+02 1.450457085619827637e+02
1.783164441611049004e-04 6.581284582572658337e+02 2.877071530443178062e+02 1.624497704784121765e+02
2.001841435067871621e-04 7.381153177964414454e+02 3.223419582869551618e+02 1.819457238132133625e+02
2.247335712646909519e-04 8.279745670552656520e+02 3.611710492830281396e+02 2.037852561676535572e+02
2.522935991264941354e-04 9.288929159753059821e+02 4.047001744558555743e+02 2.282489351885667475e+02
2.832334297096662638e-04 1.042179158663543831e+03 4.534937834306147124e+02 2.556502297560666648e+02
3.179675425093897337e-04 1.169247288551703605e+03 5.081757394761826845e+02 2.863375651347385542e+02
3.569612463934728852e-04 1.311547337835044573e+03 5.694207764024097287e+02 3.206939693927039912e+02
4.007369130231864672e-04 1.470606231888821185e+03 6.379684684135222597e+02 3.591434394968862307e+02
4.498809747048478080e-04 1.648011662581714745e+03 7.146161578251161473e+02 4.021494991937293548e+02
5.050517804175268938e-04 1.845371780968838493e+03 8.002024482616085379e+02 4.502103004310282586e+02
5.669884152586394726e-04 2.064312159977744614e+03 8.956215495290861099e+02 5.038672314953777800e+02
6.365206014554368984e-04 2.306614655890278755e+03 1.001832675139921548e+03 5.637026215729908927e+02
7.145798135793877959e-04 2.574337842133032154e+03 1.119865258285438131e+03 6.303363837918823265e+02
8.022117568662883325e-04 2.869684325791432457e+03 1.250810367773891585e+03 7.044304974677911559e+02
9.005903758055168549e-04 3.195257216448120289e+03 1.395876459851018353e+03 7.866998172225148664e+02
1.011033580661806338e-03 3.554202803797014894e+03 1.556416627415620269e+03 8.779163504515412342e+02
1.135020902606864940e-03 3.950069073692934580e+03 1.733893321273762922e+03 9.789013969929845871e+02
1.274213313974418031e-03 4.386648911228940051e+03 1.929878327347294089e+03 1.090530404357238012e+03
1.430475479156914512e-03 4.868003430447410210e+03 2.146057379336189570e+03 1.213732230953199405e+03
1.605900734223756829e-03 5.398535229968204476e+03 2.384216182759460025e+03 1.349475991042930900e+03
1.802839129895710598e-03 5.982302487803569420e+03 2.646057763727182191e+03 1.498699378581511837e+03
2.023928913547812410e-03 6.623065946370636084e+03 2.933202730428860832e+03 1.662302560932585493e+03
2.272131871983379750e-03 7.324410958495193881e+03 3.247192283475977092e+03 1.841136991890448598e+03
2.550773008441800313e-03 8.089055238652937987e+03 3.589208216880464079e+03 2.035864327127375873e+03
2.863585085365514225e-03 8.918865123485131335e+03 3.960076258292691364e+03 2.246953545810709784e+03
3.214758629634808552e-03 9.814734425795379138e+03 4.360210626947495257e+03 2.474642805212586154e+03
3.608998070155939632e-03 1.077594509750893121e+04 4.789337642961612801e+03 2.718774168478717002e+03
4.051584759838999447e-03 1.180009979342377665e+04 5.246472117351650013e+03 2.978786084637686145e+03
4.548447726227339283e-03 1.288331716547780343e+04 5.729825874926869801e+03 3.253623437161464153e+03
5.106243098575769836e-03 1.401796183346130238e+04 6.236129096971367289e+03 3.541625079984793956e+03
5.732443275407110572e-03 1.519475102785758463e+04 6.761218516491701848e+03 3.840258220637819250e+03
6.435437027063155117e-03 1.640040800555415990e+04 7.299303544645918919e+03 4.146279422775200146e+03
7.224641874254610074e-03 1.761764009301068654e+04 7.842802804903072683e+03 4.455402822596608530e+03
8.110630248067678127e-03 1.882527506796328089e+04 8.382432114801591524e+03 4.762378163442132973e+03
9.105271121505569346e-03 1.999383739895819235e+04 8.905245772468148061e+03 5.059864677062299052e+03
1.022188900990466699e-02 2.109036299749220052e+04 9.396797041314659509e+03 5.339677363012259775e+03
1.147544247024383408e-02 2.207802299128628511e+04 9.840992703866897500e+03 5.592699844890343229e+03
1.288272449057868002e-02 2.291246416085708188e+04 1.021845121679621479e+04 5.807954094611612163e+03
1.446258745407916733e-02 2.354418402509858061e+04 1.050757523001448862e+04 5.973199034358999597e+03
1.623619569135818438e-02 2.392156151622943435e+04 1.068589373000143314e+04 6.075713257063899619e+03
1.822730900435978393e-02 2.399412837296595171e+04 1.073146147424223091e+04 6.103079022505359717e+03
2.046260095998037737e-02 2.371785088652991908e+04 1.062506982662119481e+04 6.044419587132446395e+03
2.297201621738221775e-02 2.306531297532486860e+04 1.035454368898075882e+04 5.892813505474660815e+03
2.578917167586586637e-02 2.203659061077853767e+04 9.919247004307102543e+03 5.647858214101176600e+03
2.895180681720203528e-02 2.067113454936977723e+04 9.335001382546059176e+03 5.318372158130670869e+03
3.250228927534733192e-02 1.905525248924629705e+04 8.637558289568141845e+03 4.924406943506957759e+03
3.648818240631140908e-02 1.731914245536370072e+04 7.882048065389967633e+03 4.497042863007131018e+03
4.096288246151627566e-02 1.561722634621847828e+04 7.135507670820823478e+03 4.074281509259995801e+03
4.598633390041809155e-02 1.409039425574716188e+04 6.461596676415569164e+03 3.692540673392356894e+03
5.162583242493973962e-02 1.281719570985412247e+04 5.899148433167254552e+03 3.374481219959111968e+03
5.795692649341043640e-02 1.177163193730139028e+04 5.440776807031371391e+03 3.116474832995558245e+03
6.506442939097074885e-02 1.081622524694594358e+04 5.023723066516015933e+03 2.882358218822286290e+03
7.304355541444980393e-02 9.749835955796108465e+03 4.544628682153588670e+03 2.610417911009116779e+03
8.200119539239680844e-02 8.491700701602463596e+03 3.951421824232030758e+03 2.267151745059954919e+03
9.205734862752627812e-02 7.186508847317413711e+03 3.311321496564794870e+03 1.890705932100980135e+03
1.033467304443183715e-01 6.107657666871202309e+03 2.778600576160336914e+03 1.576381863104930289e+03
1.160205768769771578e-01 5.362256157929977235e+03 2.430941166857124244e+03 1.376889227096639843e+03
1.302486706739022226e-01 4.759942198035903857e+03 2.164200898967646026e+03 1.229112974191205694e+03
1.462216157596530064e-01 4.096376498476396591e+03 1.836546915301295257e+03 1.037579290313393813e+03
1.641533906237988560e-01 3.476714927874534169e+03 1.512827615579523354e+03 8.423720378876605537e+02
1.842842148426375448e-01 3.023413805072297691e+03 1.300891907976053517e+03 7.214075008447797472e+02
2.068837671345900298e-01 2.623222831364195372e+03 1.113155837305967452e+03 6.140334747129689958e+02
2.322547980593316352e-01 2.258938196164092005e+03 9.278651182406737234e+02 5.019904726343606853e+02
2.607371857574901086e-01 1.966123212765648987e+03 7.925256468923211060e+02 4.253480681083237300e+02
2.927124890628471365e-01 1.710171555866769040e+03 6.684142973243713186e+02 3.519537230196362430e+02
3.286090589819373742e-01 1.497240263540935075e+03 5.689363064225250355e+02 2.950716934654002443e+02
3.689077770159973624e-01 1.315304982922280260e+03 4.837857273755279266e+02 2.457617354765523601e+02
4.141484971975938345e-01 1.162127777730950811e+03 4.136499134993814550e+02 2.059127660483869420e+02
4.649372781414354283e-01 1.032110803496111203e+03 3.551452785276208601e+02 1.728600192988961908e+02
5.219545019921476570e-01 9.207700958091461416e+02 3.063194129606364413e+02 1.455905743445272833e+02
5.859639890329354506e-01 8.249092163928041828e+02 2.656156209241000283e+02 1.231842574411084996e+02
6.578232300572349756e-01 7.413289324235122422e+02 2.315321867065761410e+02 1.047489423634891352e+02
7.384948735793578356e-01 6.673890860052039216e+02 2.028313422842541343e+02 8.955904860751458330e+01
8.290596217703356530e-01 6.008173772970628761e+02 1.784397849629429516e+02 7.699463612582694338e+01
9.307307078768926045e-01 5.399399352219680850e+02 1.575080578106448570e+02 6.655885955024544387e+01
1.044870149067508081e+00 4.834422851001012305e+02 1.393080412706234199e+02 5.782945090237328145e+01
1.173006992433692330e+00 4.304595439403368573e+02 1.232629285485621153e+02 5.046372573788661953e+01
1.316857798575541416e+00 3.805441827773754540e+02 1.089166243809809060e+02 4.418023998076136394e+01
1.478349637175967013e+00 3.335901420071859320e+02 9.593274273932217966e+01 3.875414627863462158e+01
1.659645902619409696e+00 2.897444739785165666e+02 8.407243244372992308e+01 3.400521186535125651e+01
1.863175295489004624e+00 2.492979443255773333e+02 7.319328450150615595e+01 2.979702405113005170e+01
2.091664358187257822e+00 2.125571963776302482e+02 6.322150017384319654e+01 2.602810765732819931e+01
2.348174000537423645e+00 1.797207626844798938e+02 5.413519207397105504e+01 2.262729129038670806e+01
2.636140504673786467e+00 1.508349608201620811e+02 4.593361100962782473e+01 1.954658327371007331e+01
2.959421558534973240e+00 1.257741928492505821e+02 3.862741230413913485e+01 1.676052465465533814e+01
3.322347934639153344e+00 1.042903355964154315e+02 3.221075987648596595e+01 1.425445584329319537e+01
3.729781506445900785e+00 8.604462420851503168e+01 2.665476308207144740e+01 1.202084177544637811e+01
4.187180379509764627e+00 7.066913817325040270e+01 2.190616414127539358e+01 1.005145597767622867e+01
4.700672009942531204e+00 5.779151011891421064e+01 1.789254547353409208e+01 8.336452542837903934e+00
5.277135289701610610e+00 4.706389123138526287e+01 1.453265833192807399e+01 6.861140180692950175e+00
5.924292698344328478e+00 3.816957872974152366e+01 1.174240268057893033e+01 5.606943702326047330e+00
6.650813755741415534e+00 3.082977071652669565e+01 9.441764410992217194e+00 4.552178844229807453e+00
7.466431161634059954e+00 2.480158568366832128e+01 7.557081550208100573e+00 3.673691188426304155e+00
8.382071177875818790e+00 1.987322929294021634e+01 6.022370373348584494e+00 2.948306319775953366e+00
9.410000000000001918e+00 1.586162490743511455e+01 4.779541633405122170e+00 2.353900190684869109e+00
