1.000000000230258569e-04 1.660362015292701471e+03 8.445947203737617883e+02 5.160298712777653236e+02
1.115486563971542785e-04 1.868842724871884684e+03 9.489895205448759725e+02 5.793462619241533957e+02
1.244310274114527074e-04 2.104652384913290462e+03 1.066635829196194436e+03 6.505592279445545500e+02
1.388011391866901154e-04 2.371560065894069339e+03 1.199296699391981974e+03 7.306872247055903244e+02
1.548308057910457113e-04 2.673762418667771726e+03 1.348959339408878577e+03 8.208797616574069025e+02
1.727116835090306587e-04 3.015715621858672421e+03 1.517821300097493349e+03 9.224235725473164393e+02
1.926575623508681512e-04 3.402314971812993008e+03 1.708351526967499694e+03 1.036769906735810537e+03
2.149069222004190347e-04 3.838691053142548299e+03 1.923248326672676512e+03 1.165528991555948778e+03
2.397257841638464457e-04 4.329584026125648052e+03 2.165274754290910550e+03 1.310423694379235940e+03
2.674108912107391479e-04 4.879560713019491232e+03 2.437363322678910208e+03 1.473340067255568329e+03
2.982932561365508645e-04 5.492809491023522241e+03 2.742525368411713316e+03 1.656291980631551041e+03
3.327421192670277522e-04 6.172577959903617739e+03 3.083523895211474610e+03 1.861268625689521059e+03
3.711693632243215748e-04 6.921024908087385484e+03 3.462931483998611839e+03 2.090290707399284656e+03
4.140344375392690035e-04 7.739511273018465545e+03 3.883151729158153103e+03 2.345394219139499000e+03
4.618498519902246974e-04 8.630245548838352988e+03 4.346593909801797963e+03 2.628563570578236067e+03
5.151873043487156757e-04 9.595172649118949266e+03 4.855415441736231514e+03 2.941681406919579331e+03
5.746845157973842983e-04 1.063645518375084248e+04 5.411696892486205797e+03 3.286591804825657618e+03
6.410528557468661917e-04 1.176027286198622278e+04 6.018731964316833000e+03 3.665545668547183141e+03
7.150858472165629249e-04 1.297534591175736205e+04 6.680451556645216442e+03 4.080958878405028372e+03
7.976686544726134401e-04 1.429236511774986684e+04 7.401313416174848498e+03 4.535398732315728012e+03
8.897886663605780169e-04 1.572407817841904216e+04 8.187008123993014124e+03 5.032103044748262619e+03
9.925473018708411317e-04 1.728588054860560078e+04 9.044358956304846288e+03 5.574821765098723517e+03
1.107173179088194286e-03 1.899528799714782144e+04 9.980984234885694605e+03 6.167621528129588114e+03
1.235036804978161722e-03 2.086626933439728964e+04 1.100350973356150098e+04 6.814266258413798823e+03
1.377666961646263968e-03 2.291154791481901702e+04 1.211826704290369526e+04 7.518441937520341526e+03
1.536768984990051967e-03 2.514355575000976023e+04 1.333145007167478252e+04 8.283719947723620862e+03
1.714245154289869167e-03 2.756907057774654822e+04 1.464651673508687963e+04 9.112142286430755121e+03
1.912217436523370962e-03 3.019012565673208155e+04 1.606462765250011580e+04 1.000444328521521129e+04
2.133052857342773462e-03 3.300482133768143831e+04 1.758500862644995505e+04 1.096021093392343573e+04
2.379391802059096454e-03 3.600544630710574711e+04 1.920367314897282995e+04 1.197699331727845856e+04
2.654179585009814029e-03 3.917777773918675666e+04 2.091317206325610823e+04 1.305018543500106716e+04
2.960701664764286197e-03 4.250065101891021186e+04 2.270251226692181444e+04 1.417303507162164897e+04
3.302622926212283368e-03 4.594700930407004489e+04 2.455840566319134450e+04 1.533652602841010594e+04
3.684031499205906151e-03 4.947825239305368450e+04 2.645808904923982118e+04 1.652900412867114937e+04
4.109487637665882979e-03 5.304861956856027973e+04 2.837900538914049685e+04 1.773411978561869546e+04
4.584078243567925488e-03 5.660505848904485174e+04 3.029259499100355606e+04 1.893462797958350347e+04
5.113477687716873853e-03 6.008129873642993334e+04 3.216379351380619846e+04 2.010881433160759116e+04
5.704015654503047893e-03 6.339856578443261969e+04 3.395077930795197608e+04 2.123066169722142513e+04
6.362752821816417166e-03 6.647419439951388631e+04 3.560965870334973442e+04 2.227285337928551235e+04
7.097565280973966440e-03 6.916228302472140058e+04 3.706255260721490777e+04 2.318664795314491494e+04
7.917238706014356406e-03 7.134077473560679937e+04 3.824454356344787811e+04 2.393152686799283765e+04
8.831573398280912271e-03 7.291515321021458658e+04 3.910533322442119243e+04 2.447609606033891396e+04
9.851501462242475554e-03 7.374165838538856769e+04 3.956830227915417345e+04 2.477239158892661362e+04
1.098921751354712747e-02 7.367451145344054385e+04 3.955570406549420295e+04 2.477173143132790210e+04
1.225832448210000328e-02 7.260340030870646297e+04 3.900878481216239743e+04 2.443734925005388868e+04
1.367399625343743499e-02 7.044505142571024771e+04 3.788310947739741096e+04 2.374139899151240752e+04
1.525315909299450497e-02 6.717914149542964878e+04 3.616689147983542352e+04 2.267602753882821344e+04
1.701469402243795462e-02 6.288106446553693240e+04 3.389922305612867058e+04 2.126527087133101668e+04
1.897966256774625410e-02 5.774114522632597800e+04 3.117925181552610229e+04 1.957059319723882072e+04
2.117155857815964867e-02 5.207681993695614801e+04 2.817347642397104210e+04 1.769534437034710572e+04
2.361658912683562567e-02 4.631067574294031510e+04 2.510543908076318257e+04 1.577892592956796034e+04
2.634398785175567220e-02 4.091067603463623527e+04 2.222597379031132004e+04 1.397875056971263439e+04
2.938636448329653983e-02 3.628780608542407572e+04 1.975958240868730354e+04 1.243674298702203487e+04
3.278009473753994152e-02 3.267373982693258222e+04 1.783927067089651609e+04 1.123872982497309931e+04
3.656575523702054742e-02 3.000632537822360973e+04 1.644096848884562496e+04 1.037242247888436032e+04
4.078860865897657173e-02 2.788516080993252035e+04 1.534976781815038339e+04 9.703761386136831788e+03
4.549914491170512637e-02 2.561179297153749940e+04 1.416556027158823053e+04 8.975792545911090201e+03
5.075368480951484434e-02 2.260120495660712913e+04 1.252632911568762029e+04 7.947764529281701471e+03
5.661505346402430361e-02 1.894571859106293778e+04 1.045495359936240857e+04 6.623416181841156686e+03
6.315333144310807112e-02 1.549261165833774066e+04 8.453605251551598485e+03 5.327532701928399547e+03
7.044669267860774464e-02 1.309943499986761344e+04 7.082919979906506342e+03 4.441589042391644398e+03
7.858233914112514040e-02 1.173466341262376409e+04 6.369936647012594221e+03 4.000934348056630370e+03
8.765754345719625751e-02 1.049929678828703072e+04 5.734325493674302379e+03 3.614405342342121003e+03
9.778081193473929511e-02 8.826505946757311904e+03 4.749132593661621286e+03 2.970687634390247695e+03
1.090731819023149224e-01 7.340030174638636709e+03 3.846358097988721511e+03 2.370748933999338533e+03
1.216696688736408766e-01 6.431478725388724342e+03 3.363535218239823280e+03 2.074483432587538118e+03
1.357208808401622890e-01 5.574092856798167304e+03 2.892617961698543240e+03 1.779627195656771391e+03
1.513948189927238619e-01 4.731072183806495559e+03 2.380929407223021826e+03 1.436738424908145817e+03
1.688788864024014236e-01 4.116698672696642461e+03 2.051002730388287546e+03 1.233390245477894496e+03
1.883821286769788717e-01 3.554589474136987974e+03 1.727611224968622992e+03 1.022685352210966244e+03
2.101377333831422056e-01 3.094237769794627184e+03 1.471915847681349760e+03 8.607090512829447562e+02
2.344058181183555356e-01 2.700889499939636153e+03 1.251976747576610251e+03 7.199297884896160440e+02
2.614765405675759102e-01 2.372647265715795584e+03 1.071835341813296282e+03 6.067817658395821354e+02
2.916735677297306317e-01 2.093388624511028411e+03 9.192691548236030030e+02 5.106437706379167594e+02
3.253579457932418983e-01 1.858396055320024061e+03 7.926754011620740812e+02 4.317813236567714057e+02
3.629324169301749725e-01 1.659371714747489023e+03 6.870471387863171913e+02 3.665740806393915818e+02
4.048462346221089470e-01 1.489807003436816558e+03 5.986794707997136129e+02 3.125795156192077116e+02
4.516005350914485406e-01 1.344362862945891266e+03 5.245874715654034617e+02 2.678792356585890957e+02
5.037543290608768043e-01 1.218167657828711526e+03 4.621116303410865385e+02 2.307707917444414250e+02
5.619311854805180140e-01 1.107445985544351515e+03 4.091625271905861609e+02 1.999048632854924392e+02
6.268266871357865977e-01 1.008941243127630742e+03 3.639499886623257225e+02 1.741376048552706948e+02
6.992167472777639503e-01 9.198134230847749677e+02 3.249386238689767197e+02 1.525013474913698417e+02
7.799668867126374749e-01 8.378240933840640992e+02 2.908709577840110114e+02 1.342004950493752347e+02
8.700425822703268253e-01 7.612536742579965221e+02 2.607268490755371317e+02 1.185861214555472003e+02
9.705208103821856280e-01 6.888997758102156013e+02 2.336892297852516833e+02 1.051238653554445790e+02
1.082602923786821769e+00 6.199920789614629939e+02 2.091150714907490453e+02 9.337820681982015003e+01
1.207629015322442267e+00 5.542307682694863615e+02 1.865365352102324721e+02 8.300193107518340696e+01
1.347093940544190405e+00 4.916479392154160450e+02 1.656266251405512833e+02 7.372150269259201139e+01
1.502665190738521561e+00 4.325666304809952294e+02 1.461963966729763911e+02 6.533235935860025734e+01
1.676202830030598223e+00 3.774335954352453655e+02 1.281535474882742278e+02 5.768480661853505609e+01
1.869781734959676811e+00 3.267013353258766983e+02 1.114856476643656009e+02 5.068081839160601731e+01
2.085716402426663674e+00 2.807231438613128489e+02 9.621834756547869461e+01 4.425918899521062855e+01
2.326588622626292402e+00 2.396428628932348204e+02 8.238673132395396692e+01 3.838864066667404984e+01
2.595278347831105226e+00 2.034166382769683139e+02 7.001092317395863063e+01 3.305435923665233844e+01
2.894998126105261083e+00 1.718093224360522413e+02 5.907499791020551783e+01 2.824864628143888012e+01
3.229331511649635278e+00 1.444693689931925178e+02 4.952809770753135155e+01 2.396313716658910664e+01
3.602275911025628830e+00 1.209903601310866037e+02 4.128339081163872493e+01 2.018250410985767118e+01
4.018290377542188097e+00 1.009486990890010532e+02 3.423120585662707072e+01 1.688361048347238125e+01
4.482348925252354732e+00 8.393307153121374142e+01 2.824803649654724680e+01 1.403471063818438758e+01
5.000000000000000888e+00 6.955599744195885137e+01 2.320709836027556605e+01 1.159818173809506803e+01
