1.000000000230258569e-04 7.409827346145648335e+03 3.036812345375441964e+03 1.680041301363112098e+03
1.115486563971542785e-04 8.166586684803591197e+03 3.345533720118732617e+03 1.850070576495056002e+03
1.244310274114527074e-04 9.002500906269582629e+03 3.686292236621402026e+03 2.037542043464274002e+03
1.388011391866901154e-04 9.926034978978705112e+03 4.062540391229399575e+03 2.244299878100621299e+03
1.548308057910457113e-04 1.094632060500297666e+04 4.478068364809359991e+03 2.472378817595192686e+03
1.727116835090306587e-04 1.207276311668358358e+04 4.936948294501439705e+03 2.724002848046122836e+03
1.926575623508681512e-04 1.331540883474719521e+04 5.443639386377086339e+03 3.001624586274017020e+03
2.149069222004190347e-04 1.468451049172404782e+04 6.002877004234139349e+03 3.307898717264935385e+03
2.397257841638464457e-04 1.618933982530719732e+04 6.619339439166775264e+03 3.645583740048336040e+03
2.674108912107391479e-04 1.783875405572016098e+04 7.297864112042953820e+03 4.017630466993182381e+03
2.982932561365508645e-04 1.964098191757450695e+04 8.043282535082905270e+03 4.427104729076598232e+03
3.327421192670277522e-04 2.160291403202241418e+04 8.859854278187218370e+03 4.876908265768984165e+03
3.711693632243215748e-04 2.372996710345347674e+04 9.751443178892051947e+03 5.369905264616908426e+03
4.140344375392690035e-04 2.602689547223847330e+04 1.072160668416730732e+04 5.908891053842760812e+03
4.618498519902246974e-04 2.850111140513456485e+04 1.177392051550596261e+04 6.496433957486879081e+03
5.151873043487156757e-04 3.116049635921152731e+04 1.291156867160963156e+04 7.134843106017811806e+03
5.746845157973842983e-04 3.401390682123902661e+04 1.413763570594484918e+04 7.826277908438612940e+03
6.410528557468661917e-04 3.707628757783462788e+04 1.545703453061091568e+04 8.573363598103096592e+03
7.150858472165629249e-04 4.036638278398950933e+04 1.687549261440962800e+04 9.378793167049925614e+03
7.976686544726134401e-04 4.390529456143354037e+04 1.839925053591509641e+04 1.024529290340783700e+04
8.897886663605780169e-04 4.771393133046838921e+04 2.003572292603990354e+04 1.117636304819051657e+04
9.925473018708411317e-04 5.181471086214096431e+04 2.179332414387563040e+04 1.217594620998264327e+04
1.107173179088194286e-03 5.623089162386280077e+04 2.368084193118202893e+04 1.324805588329078819e+04
1.235036804978161722e-03 6.097734053615773155e+04 2.570444051680460325e+04 1.439577711415282465e+04
1.377666961646263968e-03 6.606398703844031843e+04 2.786879741772348279e+04 1.562161614553792060e+04
1.536768984990051967e-03 7.149691406985791400e+04 3.017722898421953141e+04 1.692737437301649334e+04
1.714245154289869167e-03 7.726975851689517731e+04 3.262729048430280818e+04 1.831175477556810802e+04
1.912217436523370962e-03 8.336528692439994484e+04 3.521176519023810397e+04 1.977091490245387467e+04
2.133052857342773462e-03 8.975605927361534850e+04 3.791932965915438399e+04 2.129877861335745183e+04
2.379391802059096454e-03 9.639674548104855057e+04 4.073175192835251801e+04 2.288499991288204910e+04
2.654179585009814029e-03 1.032246811205719132e+05 4.362406051893876429e+04 2.451519711988571362e+04
2.960701664764286197e-03 1.101605034463988850e+05 4.656359347460262507e+04 2.617137831563393047e+04
3.302622926212283368e-03 1.171082960917560995e+05 4.950777058822083200e+04 2.783159383154537136e+04
3.684031499205906151e-03 1.239565515233228361e+05 5.241041002978006145e+04 2.946806676197191700e+04
4.109487637665882979e-03 1.305769344857546093e+05 5.521808795770310098e+04 3.105115285337307796e+04
4.584078243567925488e-03 1.368272245182070765e+05 5.787136078836322849e+04 3.254768994531940552e+04
5.113477687716873853e-03 1.425525410917751724e+05 6.030550258197462972e+04 3.392147814181137801e+04
5.704015654503047893e-03 1.475878195402221172e+05 6.245160318616766017e+04 3.513389822648405971e+04
6.362752821816417166e-03 1.517597233642222127e+05 6.423743107182003587e+04 3.614449186000084592e+04
7.097565280973966440e-03 1.548872567231907742e+05 6.558758273520869261e+04 3.691096090326040576e+04
7.917238706014356406e-03 1.567784843414273928e+05 6.642197135227010585e+04 3.738831191122098971e+04
8.831573398280912271e-03 1.573110486872539041e+05 6.669055070105689811e+04 3.754855520311034343e+04
9.851501462242475554e-03 1.560892589230099693e+05 6.622656470313030877e+04 3.729766546029839810e+04
1.098921751354712747e-02 1.529899191775051586e+05 6.497895748090669076e+04 3.660692543689051672e+04
1.225832448210000328e-02 1.479672252597421175e+05 6.292888039745030983e+04 3.546556550891401275e+04
1.367399625343743499e-02 1.410003016041489609e+05 6.006682765855816979e+04 3.386793757274867676e+04
1.525315909299450497e-02 1.321262206156139437e+05 5.640481661619886290e+04 3.182025199721083482e+04
1.701469402243795462e-02 1.215944117497602711e+05 5.204127510784893093e+04 2.937699228721912004e+04
1.897966256774625410e-02 1.098687449589721218e+05 4.716141247705557180e+04 2.664111519834303544e+04
2.117155857815964867e-02 9.757693730251166562e+04 4.201729821598251874e+04 2.375277600416614951e+04
2.361658912683562567e-02 8.549647660630985047e+04 3.692778092115857726e+04 2.089067130426449512e+04
2.634398785175567220e-02 7.441359045358945150e+04 3.222370660119453896e+04 1.824116446010931031e+04
2.938636448329653983e-02 6.495835285859357828e+04 2.818379359033513902e+04 1.596311593688421453e+04
3.278009473753994152e-02 5.742059978523608879e+04 2.495583262264107907e+04 1.414347005841312239e+04
3.656575523702054742e-02 5.161356325750493124e+04 2.248861396053820863e+04 1.275756345532491105e+04
4.078860865897657173e-02 4.688435154314363899e+04 2.051418998968014785e+04 1.165546007882472441e+04
4.549914491170512637e-02 4.219894364238044363e+04 1.854812120419044732e+04 1.055524827453705620e+04
5.075368480951484434e-02 3.682679823865186336e+04 1.619642791471532291e+04 9.217276495248459469e+03
5.661505346402430361e-02 3.089880750613995042e+04 1.346701317579665192e+04 7.633761874148635798e+03
6.315333144310807112e-02 2.544666190839723640e+04 1.087872078485668317e+04 6.112946299755185464e+03
7.044669267860774464e-02 2.144195986285149775e+04 9.015198023244671276e+03 5.024884296546185396e+03
7.858233914112514040e-02 1.878988012151437215e+04 7.910527736932562220e+03 4.412603806806260764e+03
8.765754345719625751e-02 1.649465083384536774e+04 6.982912244493772960e+03 3.912039018881800530e+03
9.778081193473929511e-02 1.397575085678479445e+04 5.784252668783536137e+03 3.211130984430537410e+03
1.090731819023149224e-01 1.177360556417828775e+04 4.682904620852048538e+03 2.548675293108219194e+03
1.216696688736408766e-01 1.018478731833196071e+04 4.007435503539305955e+03 2.175030514538339958e+03
1.357208808401622890e-01 8.796243110574727325e+03 3.412319678179263974e+03 1.845522865025522833e+03
1.513948189927238619e-01 7.551611276703166368e+03 2.811741152199631870e+03 1.483477542814302069e+03
1.688788864024014236e-01 6.557025746501958565e+03 2.386670058221275212e+03 1.248605436849700936e+03
1.883821286769788717e-01 5.701598571328418984e+03 2.005895480002070144e+03 1.029349272153398715e+03
2.101377333831422056e-01 4.987477382999309157e+03 1.695890114382120373e+03 8.541722414956905141e+02
2.344058181183555356e-01 4.382571229506596865e+03 1.437081103708983392e+03 7.084335024126690996e+02
2.614765405675759102e-01 3.874501610578496638e+03 1.224338682282113268e+03 5.903973624727675542e+02
2.916735677297306317e-01 3.439815594265216077e+03 1.046644029044234003e+03 4.922717303056115838e+02
3.253579457932418983e-01 3.069220183447378986e+03 8.997959281814796668e+02 4.124458291931385361e+02
3.629324169301749725e-01 2.749474213011741085e+03 7.777882047855289329e+02 3.470813869126292843e+02
4.048462346221089470e-01 2.469747759885350206e+03 6.758790137999473018e+02 2.934526098950415189e+02
4.516005350914485406e-01 2.221781760432208557e+03 5.903659054593421160e+02 2.494190494507727749e+02
5.037543290608768043e-01 1.998749695501307087e+03 5.181021209928285316e+02 2.131595849454748191e+02
5.619311854805180140e-01 1.795181817624619271e+03 4.564869625438695380e+02 1.831847375942435292e+02
6.268266871357865977e-01 1.607190715497051542e+03 4.034345058023704382e+02 1.582896313305095930e+02
6.992167472777639503e-01 1.431938167237195785e+03 3.571919268160399952e+02 1.374691087881098497e+02
7.799668867126374749e-01 1.267811534081386981e+03 3.163828952508195584e+02 1.199135239266668265e+02
8.700425822703268253e-01 1.114199403863528460e+03 2.799291445015749673e+02 1.049667024042305030e+02
9.705208103821856280e-01 9.711918271280188719e+02 2.470299915615198074e+02 9.210553358933373147e+01
1.082602923786821769e+00 8.393402893567730416e+02 2.171053545763533634e+02 8.090992232571682052e+01
1.207629015322442267e+00 7.192547533161936144e+02 1.897756350101438727e+02 7.105628173492178234e+01
1.347093940544190405e+00 6.114550509660260786e+02 1.648147944891025247e+02 6.229632987520763976e+01
1.502665190738521561e+00 5.160315702101079296e+02 1.421006665968338325e+02 5.444840684336634951e+01
1.676202830030598223e+00 4.326935246600696132e+02 1.215779333286046011e+02 4.738247763815809321e+01
1.869781734959676811e+00 3.607413497614177231e+02 1.032063252928342649e+02 4.101088600967532471e+01
2.085716402426663674e+00 2.992102439086723393e+02 8.694216339886224887e+01 3.527674150977573930e+01
2.326588622626292402e+00 2.470138727739797844e+02 7.270513548333788378e+01 3.014048110909893197e+01
2.595278347831105226e+00 2.030320609822765050e+02 6.038253248794985240e+01 2.557275495121555053e+01
2.894998126105261083e+00 1.661976190256618509e+02 4.982814658936101182e+01 2.154476373510616227e+01
3.229331511649635278e+00 1.355205585384061351e+02 4.087528004303631235e+01 1.802619450412414892e+01
3.602275911025628830e+00 1.100973772037259977e+02 3.334697372732937737e+01 1.498146373892056182e+01
4.018290377542188097e+00 8.911933681889027525e+01 2.706605712156167343e+01 1.237116979816511098e+01
4.482348925252354732e+00 7.188213859336160283e+01 2.186279579941942686e+01 1.015294684716602092e+01
5.000000000000000888e+00 5.777727952438360148e+01 1.757961662371672062e+01 8.283509662403512053e+00
