1.000000000230258569e-04 4.763728396399963572e+02 2.198385178428378310e+02 1.264223830899620822e+02
1.122634227564673579e-04 5.327474572402715012e+02 2.457108409980671695e+02 1.412793748972820822e+02
1.260307608609534901e-04 5.958911513314284321e+02 2.746403389382226692e+02 1.578841082888365008e+02
1.414864458359461712e-04 6.666427331617878735e+02 3.069917355073313274e+02 1.764426450348819628e+02
1.588375267953347550e-04 7.459443038858885302e+02 3.431734815435383439e+02 1.971852677516905317e+02
1.783164441611049004e-04 8.348510223803530153e+02 3.836428029923192184e+02 2.203692301643215785e+02
2.001841435067871621e-04 9.345491921978014034e+02 4.289118477584198104e+02 2.462820279455553418e+02
2.247335712646909519e-04 1.046336581689033892e+03 4.795494722165011012e+02 2.752436679266169222e+02
2.522935991264941354e-04 1.171620602511402240e+03 5.361860135310404303e+02 3.076099235414811233e+02
2.832334297096662638e-04 1.311947106079557670e+03 5.995223258525292067e+02 3.437768922685132793e+02
3.179675425093897337e-04 1.468915385687230128e+03 6.703183616377982617e+02 3.841798422636800296e+02
3.569612463934728852e-04 1.644162235284616827e+03 7.493964342746476177e+02 4.292966603717704288e+02
4.007369130231864672e-04 1.839394542572643331e+03 8.376523395240262744e+02 4.796533997125728774e+02
4.498809747048478080e-04 2.056335668824006461e+03 9.360292766008266199e+02 5.358151436956898124e+02
5.050517804175268938e-04 2.296700178535757914e+03 1.045520430526696146e+03 5.983899249041547819e+02
5.669884152586394726e-04 2.562223707797794759e+03 1.167181194320231043e+03 6.680342988623258407e+02
6.365206014554368984e-04 2.854938261642799716e+03 1.302144712924651230e+03 7.454457557604881686e+02
7.145798135793877959e-04 3.177073730887063448e+03 1.451612395069072363e+03 8.313647670608489761e+02
8.022117568662883325e-04 3.531066272404832034e+03 1.616865685966428828e+03 9.265801886366093640e+02
9.005903758055168549e-04 3.919978200791687868e+03 1.799351381990893969e+03 1.031944329357686911e+03
1.011033580661806338e-03 4.347361861424209565e+03 2.000646007757047528e+03 1.148364134303357332e+03
1.135020902606864940e-03 4.817138410524445135e+03 2.222437773429689514e+03 1.276797780703108856e+03
1.274213313974418031e-03 5.333427360608043273e+03 2.466522742674232632e+03 1.418257922300974315e+03
1.430475479156914512e-03 5.900730461194792042e+03 2.734811814617411528e+03 1.573804357145278345e+03
1.605900734223756829e-03 6.523615667308723459e+03 3.029233805828601362e+03 1.744501888254049163e+03
1.802839129895710598e-03 7.206078424091866509e+03 3.351563644724619735e+03 1.931351244299667314e+03
2.023928913547812410e-03 7.951976000801451846e+03 3.703511714093532646e+03 2.135312843466719187e+03
2.272131871983379750e-03 8.764578191946467996e+03 4.086530911418248252e+03 2.357202624450511394e+03
2.550773008441800313e-03 9.645987963915016735e+03 4.501583867682643358e+03 2.597570156723095351e+03
2.863585085365514225e-03 1.059738471553460477e+04 4.949225020437439525e+03 2.856734185196868566e+03
3.214758629634808552e-03 1.161852810952941400e+04 5.429350758020682406e+03 3.134632919640060209e+03
3.608998070155939632e-03 1.270733365112513275e+04 5.940996716696099611e+03 3.430705331946988281e+03
4.051584759838999447e-03 1.385972485598619642e+04 6.482285473166613883e+03 3.743873487953897438e+03
4.548447726227339283e-03 1.506883181829373098e+04 7.050120871364232698e+03 4.072331887353266211e+03
5.106243098575769836e-03 1.632444936910009528e+04 7.639584246178289504e+03 4.413336663307967683e+03
5.732443275407110572e-03 1.761315087646482425e+04 8.244499089059150720e+03 4.763220293956122987e+03
6.435437027063155117e-03 1.891691873937237688e+04 8.856493606271833414e+03 5.117180191426711644e+03
7.224641874254610074e-03 2.021281766687741037e+04 9.464903147635171990e+03 5.469066238033835361e+03
8.110630248067678127e-03 2.147239041586866006e+04 1.005648077042296609e+04 5.811227588396098326e+03
9.105271121505569346e-03 2.266111201896190687e+04 1.061518505993769031e+04 6.134408689376324219e+03
1.022188900990466699e-02 2.373806103913355400e+04 1.112196267402278681e+04 6.427610052241784615e+03
1.147544247024383408e-02 2.465584088977530337e+04 1.155483109092132690e+04 6.678140898371756521e+03
1.288272449057868002e-02 2.536111870618993999e+04 1.188901336688438823e+04 6.871716290338710678e+03
1.446258745407916733e-02 2.579668203405342865e+04 1.209795555601228443e+04 6.992984082755669078e+03
1.623619569135818438e-02 2.590445264766199034e+04 1.215479235968476678e+04 7.026475118058404405e+03
1.822730900435978393e-02 2.563146497661368630e+04 1.203501227397275579e+04 6.958053909897327685e+03
2.046260095998037737e-02 2.493876487032991645e+04 1.172058011976992384e+04 6.777337105340032394e+03
2.297201621738221775e-02 2.381371312819273226e+04 1.120545484800763188e+04 6.480833755751044009e+03
2.578917167586586637e-02 2.228423354451572231e+04 1.050196777111223128e+04 6.075580058911059496e+03
2.895180681720203528e-02 2.043065212901524501e+04 9.646258637352366350e+03 5.582275556011656590e+03
3.250228927534733192e-02 1.838863734770937663e+04 8.699968259361759920e+03 5.036295543597247161e+03
3.648818240631140908e-02 1.633591986193495359e+04 7.744821996146471065e+03 4.484706357196321733e+03
4.096288246151627566e-02 1.445855622918201516e+04 6.867978033905002121e+03 3.977969713448376751e+03
4.598633390041809155e-02 1.289990982532684211e+04 6.138960691574907287e+03 3.556757224996383229e+03
5.162583242493973962e-02 1.170410595446184925e+04 5.582686529041722679e+03 3.236299310714984131e+03
5.795692649341043640e-02 1.078126050732919612e+04 5.160115390130546984e+03 2.994670240686336001e+03
6.506442939097074885e-02 9.886487229024649423e+03 4.750661738319006872e+03 2.761033701673315591e+03
7.304355541444980393e-02 8.781409730883027805e+03 4.226669128486752015e+03 2.457998481627309502e+03
8.200119539239680844e-02 7.426544020128513694e+03 3.555267222861221853e+03 2.062547129523164585e+03
9.205734862752627812e-02 6.097590298861275187e+03 2.878268174779518631e+03 1.658486884542734742e+03
1.033467304443183715e-01 5.133030715555551069e+03 2.393165323669216832e+03 1.369409315571449042e+03
1.160205768769771578e-01 4.546827166906300590e+03 2.126279367555911904e+03 1.217272527700998353e+03
1.302486706739022226e-01 4.010701117945202441e+03 1.883905832086907822e+03 1.081131617165648549e+03
1.462216157596530064e-01 3.348502775347318220e+03 1.537739983317770111e+03 8.729812750963748158e+02
1.641533906237988560e-01 2.804045948652967581e+03 1.250393377168900770e+03 6.991799992572661040e+02
1.842842148426375448e-01 2.441524254739904336e+03 1.088191010054982598e+03 6.100152096343651920e+02
2.068837671345900298e-01 2.079101513442684791e+03 9.055117488597240936e+02 5.018025850755061583e+02
2.322547980593316352e-01 1.771873104381568737e+03 7.481663129824717089e+02 4.071345323197310790e+02
2.607371857574901086e-01 1.528785775071353783e+03 6.347297859203608823e+02 3.432506098129017005e+02
2.927124890628471365e-01 1.314317934708425810e+03 5.273047492611192411e+02 2.788683709539830033e+02
3.286090589819373742e-01 1.140025017363434927e+03 4.448942618167532714e+02 2.319535862041287260e+02
3.689077770159973624e-01 9.922840802890329996e+02 3.743835871442397547e+02 1.910606399921474292e+02
4.141484971975938345e-01 8.685580606925915390e+02 3.165300950389022887e+02 1.579854788204225997e+02
4.649372781414354283e-01 7.651364549558185217e+02 2.690642591304421671e+02 1.311928722019715963e+02
5.219545019921476570e-01 6.777216725784384153e+02 2.298370009528741491e+02 1.092651378038830501e+02
5.859639890329354506e-01 6.033038638168712851e+02 1.974033945179373859e+02 9.138819817902958675e+01
6.578232300572349756e-01 5.394058191344242914e+02 1.705312411134790693e+02 7.682385865033866423e+01
7.384948735793578356e-01 4.838019858156627038e+02 1.481595082959364049e+02 6.494875688551043424e+01
8.290596217703356530e-01 4.346392533531301865e+02 1.293951092894090209e+02 5.523341129045010689e+01
9.307307078768926045e-01 3.904261520020125431e+02 1.135050597312077798e+02 4.725044941956224420e+01
1.044870149067508081e+00 3.500117662655923141e+02 9.990073561026264315e+01 4.065689396439460523e+01
1.173006992433692330e+00 3.125494017762775911e+02 8.809615797403291992e+01 3.516881471585726615e+01
1.316857798575541416e+00 2.774789939256469324e+02 7.771054870171246876e+01 3.055928305058185401e+01
1.478349637175967013e+00 2.445292374668713364e+02 6.844750936230693128e+01 2.664364262578835962e+01
1.659645902619409696e+00 2.136297293270902458e+02 6.009023301923793525e+01 2.327717116905371952e+01
1.863175295489004624e+00 1.848944090567739522e+02 5.248911070635116971e+01 2.034506521780553712e+01
2.091664358187257822e+00 1.584923648227880904e+02 4.554997869127598875e+01 1.776061379873096158e+01
2.348174000537423645e+00 1.346145387189444875e+02 3.922371478108318144e+01 1.545923964883505519e+01
2.636140504673786467e+00 1.133656127449664837e+02 3.348863701234099466e+01 1.339562728686414594e+01
2.959421558534973240e+00 9.475835425245003307e+01 2.833900822348060089e+01 1.153925125062781909e+01
3.322347934639153344e+00 7.868754593927788221e+01 2.376995271002507337e+01 9.871237515777998794e+00
3.729781506445900785e+00 6.496797288343242371e+01 1.976998983067578308e+01 8.379854218386624254e+00
4.187180379509764627e+00 5.336451066337389904e+01 1.631424218494719369e+01 7.056963248052941395e+00
4.700672009942531204e+00 4.362618860225298079e+01 1.336603173112279741e+01 5.894981541685418769e+00
5.277135289701610610e+00 3.550882714337053159e+01 1.087908379747247345e+01 4.885474641404753626e+00
5.924292698344328478e+00 2.878372995381920774e+01 8.802336755979357719e+00 4.018178443885356721e+00
6.650813755741415534e+00 2.324018619536037633e+01 7.083066305650781658e+00 3.281081118295898769e+00
7.466431161634059954e+00 1.869161592865624755e+01 5.670613906847138175e+00 2.661011047558179410e+00
8.382071177875818790e+00 1.497596615162824385e+01 4.517972120329138086e+00 2.144321227016807718e+00
9.410000000000001918e+00 1.195396485380323170e+01 3.583180176247712900e+00 1.717567772357227796e+00
