1.000000000230258569e-04 5.958520165394505739e+02 2.712369703411957857e+02 1.541807296168564676e+02
1.115026695290953366e-04 6.591456484477855611e+02 2.999401404830398974e+02 1.704838154904612395e+02
1.243284530925187648e-04 7.292251060762155248e+02 3.316858733309792342e+02 1.885107200280632753e+02
1.386295441504667143e-04 8.068325548668050260e+02 3.667978716601782025e+02 2.084436063485111674e+02
1.545756424481938766e-04 8.927910506079359720e+02 4.056341812819085817e+02 2.304836874512418206e+02
1.723559677317991945e-04 9.880151216240128633e+02 4.485910165985509366e+02 2.548533094113087998e+02
1.921815050694108094e-04 1.093517010664217196e+03 4.961063615654423415e+02 2.817980252441398079e+02
2.142875084442451923e-04 1.210397508511753585e+03 5.486621035561478266e+02 3.115882856558871481e+02
2.389362923277018713e-04 1.339864800193177643e+03 6.067897285673685701e+02 3.445223472899733679e+02
2.664203443578849946e-04 1.483239054654766733e+03 6.710743084964591390e+02 3.809287955974932061e+02
2.970657960592480913e-04 1.641904533165188695e+03 7.421509672384981968e+02 4.211670084835072316e+02
3.312362927876497001e-04 1.817333937105687028e+03 8.207129370169785716e+02 4.656311263882858498e+02
3.693373088223966556e-04 2.011099035099503681e+03 9.075164530161749781e+02 5.147530208206457019e+02
4.118209588090659132e-04 2.224819178002962872e+03 1.003368191229680747e+03 5.689990043480927397e+02
4.591913626466918256e-04 2.460167615838087386e+03 1.109133281105581318e+03 6.288745239311323303e+02
5.120106274801957584e-04 2.718890388208514651e+03 1.225743066796127096e+03 6.949281240928792158e+02
5.709055177816341068e-04 3.002901662625867175e+03 1.354191278497114126e+03 7.677453833520681883e+02
6.365748926688486646e-04 3.314259237760436463e+03 1.495536328847685354e+03 8.479522957140482049e+02
7.097979987143026312e-04 3.655139589333004551e+03 1.650906155640453335e+03 9.362195892696634019e+02
7.914437166483044659e-04 4.028051057832881270e+03 1.821519292672478969e+03 1.033259199878989421e+03
8.824808716799498404e-04 4.435832263536331993e+03 2.008684399446281532e+03 1.139824747578794813e+03
9.839897297802024153e-04 4.881572210655613162e+03 2.213791097254159922e+03 1.256712356251832716e+03
1.097174816344422205e-03 5.368562528442187613e+03 2.438300158784184987e+03 1.384751245083928552e+03
1.223379209343287413e-03 5.900315070592368102e+03 2.683741373492270668e+03 1.524800419317910382e+03
1.364100476567608111e-03 6.480592397788948801e+03 2.951709445803113340e+03 1.677746200342664906e+03
1.521008446081769522e-03 7.113016893473709388e+03 3.243764221324244318e+03 1.844459650057273393e+03
1.695965020753673102e-03 7.800984429518661273e+03 3.561398720086863705e+03 2.025779588162560003e+03
1.891046271984591709e-03 8.547848463120390079e+03 3.906066329117945315e+03 2.222517522721246678e+03
2.108567074807741158e-03 9.356517070750875064e+03 4.279043588800989710e+03 2.435389627768819082e+03
2.351108576680822643e-03 1.022925209990487019e+04 4.681354305054233009e+03 2.664976858427267871e+03
2.621548825923003187e-03 1.116778642027760361e+04 5.113789255489825337e+03 2.911728692008393409e+03
2.923096923239734257e-03 1.217291648715907468e+04 5.576715473232724435e+03 3.175855946942236642e+03
3.259331101584665453e-03 1.324420536000204993e+04 6.069940569599395531e+03 3.457254691837792052e+03
3.634241186222156913e-03 1.438001051711366381e+04 6.592736909674605158e+03 3.755518191870841747e+03
4.052275938830490927e-03 1.557685142622132298e+04 7.143542303584943511e+03 4.069752243109247956e+03
4.518395847440812539e-03 1.682967764076500680e+04 7.720157296679549290e+03 4.398732590552207512e+03
5.038131988628217865e-03 1.812860204167392658e+04 8.317941641253528360e+03 4.739839544352291341e+03
5.617651660426248826e-03 1.946224928527426891e+04 8.931790094553909512e+03 5.090133353782726772e+03
6.263831564778516575e-03 2.081707011492150559e+04 9.555559560574074567e+03 5.446131020584888574e+03
6.984339407925946493e-03 2.217443351719409475e+04 1.018080794653146040e+04 5.803043717334975554e+03
7.787724887016851671e-03 2.351019484711012410e+04 1.079656005318397911e+04 6.154635557488999439e+03
8.683521142606049834e-03 2.479599350748832512e+04 1.138991303483345473e+04 6.493542263573952368e+03
9.682357880899711625e-03 2.599756214936620017e+04 1.194529906139351806e+04 6.810905464239062894e+03
1.079608750807801998e-02 2.707457831489037562e+04 1.244441982180845298e+04 7.096299671639210828e+03
1.203792577343234388e-02 2.798068382669298808e+04 1.286624896885711860e+04 7.337770313096317295e+03
1.342260859021738965e-02 2.866436650955812365e+04 1.318737081668513747e+04 7.521966541231122392e+03
1.496656689508787767e-02 2.907072670972550259e+04 1.338288832488304251e+04 7.634677197140606040e+03
1.668812162103823840e-02 2.914402167506003752e+04 1.342763856267769916e+04 7.661638307510559571e+03
1.860770109743517184e-02 2.883323000566618794e+04 1.329842647797487734e+04 7.589617048783853534e+03
2.074808345685756270e-02 2.810103726712630669e+04 1.297821934656313533e+04 7.408880706732665203e+03
2.313466692519383291e-02 2.693425064095844937e+04 1.246072279882219118e+04 7.115852530536618360e+03
2.579577120231610690e-02 2.535615017424546022e+04 1.175552623690352812e+04 6.715860962331110386e+03
2.876297350957714855e-02 2.343753904330039222e+04 1.089319525025743496e+04 6.226113974486180268e+03
3.207148329174031032e-02 2.129993971643614714e+04 9.927047203410469592e+03 5.676719492881537008e+03
3.576056001963404812e-02 1.910645485000116605e+04 8.929784658782611587e+03 5.108913062421326686e+03
3.987397905126498221e-02 1.703593319630052429e+04 7.982908922139421520e+03 4.569181918603134363e+03
4.446055107939526907e-02 1.524178451282430433e+04 7.158908074405689149e+03 4.099275711951047924e+03
4.957470132945773766e-02 1.380368409670835899e+04 6.499062609926354526e+03 3.723562072047534912e+03
5.527711538069327024e-02 1.269260134820249186e+04 5.995250119738225294e+03 3.438317299624202406e+03
6.163545927395905344e-02 1.173750514386215400e+04 5.568034513817509833e+03 3.198032152569035134e+03
6.872518245115814828e-02 1.070304860853707578e+04 5.097508342189190444e+03 2.931814308891432120e+03
7.663041305413779980e-02 9.423512949083027706e+03 4.487678216306356262e+03 2.580219775981833209e+03
8.544495620686157200e-02 7.975318579168192628e+03 3.766270325513153239e+03 2.156487181794607295e+03
9.527340712667957401e-02 6.665075732512395916e+03 3.099402260074127753e+03 1.760666171625883408e+03
1.062323922731101822e-01 5.746446626071377977e+03 2.645374371737755155e+03 1.494054689248514251e+03
1.184519532618636822e-01 5.148564741766018415e+03 2.381637498329898790e+03 1.348271586363707911e+03
1.320770899659224340e-01 4.562126062992891093e+03 2.115550560566469812e+03 1.200599081171344096e+03
1.472694811144383831e-01 3.867709344609181699e+03 1.750259785703902708e+03 9.819461538595307957e+02
1.642094028064348954e-01 3.291709838282466080e+03 1.444870187706484103e+03 7.977470058710150624e+02
1.830978677048002712e-01 2.893958485690585803e+03 1.267981751210222001e+03 7.014687090122918107e+02
2.041590102946942431e-01 2.508962525063349858e+03 1.079968978731932111e+03 5.927203140824652792e+02
2.276427465103479653e-01 2.162250239095493725e+03 8.984934665219651606e+02 4.822248864166130033e+02
2.538277392899435103e-01 1.892041657513350401e+03 7.753873650521409218e+02 4.146613233722181917e+02
2.830247052484705095e-01 1.648835685397064708e+03 6.536473946843537988e+02 3.418419090780188299e+02
3.155801017062329072e-01 1.448229494348759545e+03 5.594592641391200232e+02 2.888192821341085050e+02
3.518802378240603601e-01 1.274114528224759169e+03 4.764220436250110424e+02 2.405961570979016244e+02
3.923558586288135031e-01 1.128741977202644648e+03 4.089983935938461173e+02 2.027257951058535355e+02
4.374872563241952172e-01 1.003910341206645398e+03 3.517581425462382754e+02 1.704204986437672744e+02
4.878099695387512202e-01 8.970032769897320577e+02 3.039119062936743489e+02 1.437982037823817620e+02
5.439211381395319123e-01 8.052778281539300451e+02 2.639494078172401714e+02 1.218712098310365377e+02
6.064865890189676811e-01 7.255000850724358088e+02 2.303563261822396555e+02 1.037217884275324451e+02
6.762487369363893164e-01 6.552041950886441555e+02 2.019736951653693779e+02 8.867876943046681504e+01
7.540353941672404137e-01 5.927411710583367039e+02 1.779431068384905359e+02 7.623089158074330385e+01
8.407695934971151086e-01 5.361151410387141141e+02 1.573584883574991693e+02 6.586120517537150931e+01
9.374805411223435803e-01 4.840339588599027252e+02 1.395488853781770047e+02 5.718179559525451339e+01
1.045315829426528564e+00 4.355852346106495361e+02 1.239866557226866490e+02 4.988179637953629708e+01
1.165555054552403824e+00 3.900978424354217964e+02 1.102151281252156139e+02 4.369155252789740018e+01
1.299625000357985227e+00 3.471550470297279958e+02 9.787552819921972969e+01 3.839330125201460220e+01
1.449116568932995452e+00 3.066576810024708948e+02 8.669753735353097568e+01 3.380891936789043939e+01
1.615803658576671964e+00 2.686567276031241249e+02 7.648529150265224530e+01 2.979808753535217392e+01
1.801664213246928048e+00 2.333679370696839612e+02 6.711265468182915583e+01 2.624926359686769217e+01
2.008903693258128342e+00 2.010027790927610738e+02 5.850026733769850296e+01 2.307711440906253841e+01
2.239981245735629400e+00 1.717548823397886792e+02 5.061663198284327336e+01 2.022004734511594393e+01
2.497638885371206374e+00 1.457124993404358122e+02 4.344853307163415934e+01 1.763392010755955042e+01
2.784934031744384253e+00 1.228318875954296914e+02 3.699609462731729792e+01 1.529051987154695169e+01
3.105275789304232426e+00 1.029669180349548441e+02 3.125406183480627931e+01 1.317105461183555626e+01
3.462465400517639402e+00 8.588561163775575835e+01 2.620669912642631871e+01 1.126482290703007472e+01
3.860741352209485999e+00 7.131553146204618088e+01 2.182409840007079538e+01 9.563826640424494485e+00
4.304829670336041580e+00 5.897249031800075869e+01 1.806086578598979031e+01 8.060201568820781759e+00
4.799999999999999822e+00 4.857804830744599656e+01 1.486187524949441574e+01 6.744583572419299067e+00
