1.000000000230258569e-04 2.794125448927836146e+02 1.189340758990214795e+02 6.585750852023858215e+01
1.115026695290953366e-04 3.090161277543516007e+02 1.315197584460868541e+02 7.282443253196872490e+01
1.243284530925187648e-04 3.417652598307153085e+02 1.454377410179926926e+02 8.052812320537620394e+01
1.386295441504667143e-04 3.779963998710069859e+02 1.608291518875794850e+02 8.904640907256666083e+01
1.545756424481938766e-04 4.180819135877546842e+02 1.778499964086779244e+02 9.846527144380441143e+01
1.723559677317991945e-04 4.624337253427111705e+02 1.966726821794672446e+02 1.088796684171096842e+02
1.921815050694108094e-04 5.115079347066202331e+02 2.174878163317496274e+02 1.203945148385496395e+02
2.142875084442451923e-04 5.658067008945079124e+02 2.405056951889163201e+02 1.331255667124231934e+02
2.389362923277018713e-04 6.258806930364685286e+02 2.659580018003672421e+02 1.472004138090561582e+02
2.664203443578849946e-04 6.923367836998388611e+02 2.941004158165878835e+02 1.627598390035933562e+02
2.970657960592480913e-04 7.658364201723280758e+02 3.252137381183158027e+02 1.799587188071689923e+02
3.312362927876497001e-04 8.470924187334536555e+02 3.596048872672888024e+02 1.989669321154250667e+02
3.693373088223966556e-04 9.368811146432635724e+02 3.976108579739914148e+02 2.199713149149706624e+02
4.118209588090659132e-04 1.036040760058744127e+03 4.395990964052305117e+02 2.431762979769725632e+02
4.591913626466918256e-04 1.145465058219662751e+03 4.859664686547678230e+02 2.688040388255896005e+02
5.120106274801957584e-04 1.266114040362182095e+03 5.371446583218352089e+02 2.970972167847203877e+02
5.709055177816341068e-04 1.399025140036730591e+03 5.936013287851617406e+02 3.283193810922650187e+02
6.365748926688486646e-04 1.545329894432081119e+03 6.558391965476690757e+02 3.627537563290562730e+02
7.097979987143026312e-04 1.706247174525291712e+03 7.244002931801353498e+02 4.007065591772819175e+02
7.914437166483044659e-04 1.883098179243633467e+03 7.998682979153884389e+02 4.425071818784573452e+02
8.824808716799498404e-04 2.077342781236686733e+03 8.828703468447234854e+02 4.885057855498386061e+02
9.839897297802024153e-04 2.290566608901619475e+03 9.740784397348894572e+02 5.390761381801497691e+02
1.097174816344422205e-03 2.524467479251716213e+03 1.074206285223968962e+03 5.946140127071473671e+02
1.223379209343287413e-03 2.780814113799079678e+03 1.183996997608398715e+03 6.555295982434704456e+02
1.364100476567608111e-03 3.061475483793708918e+03 1.304229064468984006e+03 7.222505049635377645e+02
1.521008446081769522e-03 3.368382281334895652e+03 1.435701704427549203e+03 7.952144161744868143e+02
1.695965020753673102e-03 3.703346657104102633e+03 1.579176268601473339e+03 8.748407679342798247e+02
1.891046271984591709e-03 4.068125873935406162e+03 1.735392320797857337e+03 9.615370466083683141e+02
2.108567074807741158e-03 4.464377743491265392e+03 1.905045837481479339e+03 1.055686060701535553e+03
2.351108576680822643e-03 4.893384528240922918e+03 2.088681159583871704e+03 1.157588585060544347e+03
2.621548825923003187e-03 5.356088870570730251e+03 2.286702440600395221e+03 1.267468570602842647e+03
2.923096923239734257e-03 5.853040978361605085e+03 2.499348683869976867e+03 1.385458886652574165e+03
3.259331101584665453e-03 6.384103833269625284e+03 2.726565451057982045e+03 1.511531341156014605e+03
3.634241186222156913e-03 6.948425703223659184e+03 2.967995004229098868e+03 1.645491046177465478e+03
4.052275938830490927e-03 7.544365788279510525e+03 3.222950468406301752e+03 1.786959448686517362e+03
4.518395847440812539e-03 8.169308817265535254e+03 3.490330082794541795e+03 1.935320957522117396e+03
5.038131988628217865e-03 8.819432916116591514e+03 3.768517034184846125e+03 2.089710927027606431e+03
5.617651660426248826e-03 9.489834783460177277e+03 4.055427768698536511e+03 2.248956768984285645e+03
6.263831564778516575e-03 1.017413418422657378e+04 4.348365666948613580e+03 2.411573776696440746e+03
6.984339407925946493e-03 1.086439350180571819e+04 4.643970995049779049e+03 2.575705049072645579e+03
7.787724887016851671e-03 1.155089070212538536e+04 4.938127599211093184e+03 2.739077699490322630e+03
8.683521142606049834e-03 1.222182032274261655e+04 5.225839746044774984e+03 2.898928361010287063e+03
9.682357880899711625e-03 1.286509925192024821e+04 5.502001122750286413e+03 3.052435733394264844e+03
1.079608750807801998e-02 1.345918836244254271e+04 5.757482413717047166e+03 3.194543970064665700e+03
1.203792577343234388e-02 1.398542958032681054e+04 5.984366029188469838e+03 3.320863132640863114e+03
1.342260859021738965e-02 1.442208334030632432e+04 6.173464343275279134e+03 3.426305896338608363e+03
1.496656689508787767e-02 1.474957252031187272e+04 6.316521375724964855e+03 3.506299486108580368e+03
1.668812162103823840e-02 1.494222044112252661e+04 6.402667947922819621e+03 3.554816044883142240e+03
1.860770109743517184e-02 1.497687840203433007e+04 6.422118471987912017e+03 3.566422050031998424e+03
2.074808345685756270e-02 1.483481729255361643e+04 6.366978635923151160e+03 3.536740293533849126e+03
2.313466692519383291e-02 1.450365299147604856e+04 6.231962977782621238e+03 3.462823118086413615e+03
2.579577120231610690e-02 1.398290214142587683e+04 6.016713470375507313e+03 3.344411762170669135e+03
2.876297350957714855e-02 1.328846091402778802e+04 5.727704786943426370e+03 3.185046279665980364e+03
3.207148329174031032e-02 1.245530615706576464e+04 5.379356574073476622e+03 2.992662693388887874e+03
3.576056001963404812e-02 1.153713658886024859e+04 4.994006942295353838e+03 2.779583491860373670e+03
3.987397905126498221e-02 1.060061494695563124e+04 4.599693662468974253e+03 2.561343381913685334e+03
4.446055107939526907e-02 9.712832329087474136e+03 4.225118169205054983e+03 2.353946172469764861e+03
4.957470132945773766e-02 8.922347360272086007e+03 3.891598198394291103e+03 2.169374759665250167e+03
5.527711538069327024e-02 8.241311507678277849e+03 3.605190799075495306e+03 2.011182295712832229e+03
6.163545927395905344e-02 7.623087412666763157e+03 3.345598658937429263e+03 1.868058775523563327e+03
6.872518245115814828e-02 6.986173981105530402e+03 3.075148103953276404e+03 1.718545579125129507e+03
7.663041305413779980e-02 6.257409856779151596e+03 2.757323946572548721e+03 1.541236425058384611e+03
8.544495620686157200e-02 5.445423908055076026e+03 2.392625078245911027e+03 1.335450602370686283e+03
9.527340712667957401e-02 4.664319166310328910e+03 2.035314566154004297e+03 1.132038965635824752e+03
1.062323922731101822e-01 4.044361782804390714e+03 1.754280967402343094e+03 9.720073650041210840e+02
1.184519532618636822e-01 3.596402646092178202e+03 1.560913024919643249e+03 8.637779252562945658e+02
1.320770899659224340e-01 3.192003952647839469e+03 1.387572333608565486e+03 7.676826661141475370e+02
1.472694811144383831e-01 2.742054493582661962e+03 1.178628751655011001e+03 6.486506915572628031e+02
1.642094028064348954e-01 2.334997177345273940e+03 9.840678153223793743e+02 5.367417449615713849e+02
1.830978677048002712e-01 2.038395129745455279e+03 8.530722513472846913e+02 4.643016512061282697e+02
2.041590102946942431e-01 1.770416848173075095e+03 7.333256416863499680e+02 3.977379617250942943e+02
2.276427465103479653e-01 1.517915900996275013e+03 6.122970677446345462e+02 3.277350952790197312e+02
2.538277392899435103e-01 1.318470026736431009e+03 5.241114026829811792e+02 2.788196082930959392e+02
2.830247052484705095e-01 1.140801902821513295e+03 4.424575409003952586e+02 2.323327844985742274e+02
3.155801017062329072e-01 9.913490850797123812e+02 3.752941266167614458e+02 1.945760825304430170e+02
3.518802378240603601e-01 8.635922377578211808e+02 3.179567483211463923e+02 1.622782880259839544e+02
3.923558586288135031e-01 7.556882822542032727e+02 2.703126413513896864e+02 1.357576507017881795e+02
4.374872563241952172e-01 6.636835710542919742e+02 2.299817961760393246e+02 1.133060981901909088e+02
4.878099695387512202e-01 5.857811029594479351e+02 1.964109517119932775e+02 9.482045454622453917e+01
5.439211381395319123e-01 5.194890845321149300e+02 1.683670374119509177e+02 7.951437535208432905e+01
6.064865890189676811e-01 4.627860219252744400e+02 1.449310635043345883e+02 6.685491744374243694e+01
6.762487369363893164e-01 4.139805283801061364e+02 1.253404468646655090e+02 5.640734182586282941e+01
7.540353941672404137e-01 3.715573022486829586e+02 1.089185980517821548e+02 4.778431361604818051e+01
8.407695934971151086e-01 3.342519717377931556e+02 9.510186664414007396e+01 4.066379807443992433e+01
9.374805411223435803e-01 3.010299604457792952e+02 8.341889236501320681e+01 3.477702226353861192e+01
1.045315829426528564e+00 2.710004114271735602e+02 7.346307863560225826e+01 2.989531462709814491e+01
1.165555054552403824e+00 2.434822890872135304e+02 6.490155275046707573e+01 2.583046162412453484e+01
1.299625000357985227e+00 2.179684835578293587e+02 5.745764988981640187e+01 2.242676465989356416e+01
1.449116568932995452e+00 1.941252377233495565e+02 5.091064081745237502e+01 1.955726747496243689e+01
1.615803658576671964e+00 1.717709393567131144e+02 4.508131576786910699e+01 1.711638030217955375e+01
1.801664213246928048e+00 1.508417072725303285e+02 3.983473048871427125e+01 1.501995551453599731e+01
2.008903693258128342e+00 1.313843234028748554e+02 3.507191911176708743e+01 1.319960898118204362e+01
2.239981245735629400e+00 1.134714062133109564e+02 3.072417006274529427e+01 1.160183320108261817e+01
2.497638885371206374e+00 9.720090963956896246e+01 2.674899798141245455e+01 1.018407419617465770e+01
2.784934031744384253e+00 8.262310717837081597e+01 2.312130176976458884e+01 8.914873304555904099e+00
3.105275789304232426e+00 6.974735707406325957e+01 1.983311193366555614e+01 7.772490158715021913e+00
3.462465400517639402e+00 5.852018418556117751e+01 1.687845943696444095e+01 6.741531515459146640e+00
3.860741352209485999e+00 4.883388892981487572e+01 1.425311888836070828e+01 5.812130376773744445e+00
4.304829670336041580e+00 4.055339047025218235e+01 1.194695635349646778e+01 4.977186367367074205e+00
4.799999999999999822e+00 3.352744894312446178e+01 9.944935278117595701e+00 4.232272136658423278e+00
