1.000000000230258569e-04 3.921421811465301630e+02 1.769161097136707781e+02 1.035024077014154358e+02
1.122634227564673579e-04 4.379271347691332039e+02 1.973334340270703535e+02 1.153925779762337527e+02
1.260307608609534901e-04 4.893008517812377818e+02 2.201639139012762030e+02 1.286684023159938022e+02
1.414864458359461712e-04 5.470126344494077557e+02 2.457100079782870523e+02 1.434975807449367835e+02
1.588375267953347550e-04 6.119178140882536354e+02 2.743153975391432482e+02 1.600696016733725173e+02
1.783164441611049004e-04 6.849807394440622375e+02 3.063715190421324905e+02 1.785995331935173454e+02
2.001841435067871621e-04 7.673015517120124969e+02 3.423243215789753435e+02 1.993310278505832116e+02
2.247335712646909519e-04 8.600839330922302679e+02 3.826737210103447069e+02 2.225382767599386682e+02
2.522935991264941354e-04 9.645657381398683583e+02 4.279686547151801506e+02 2.485274161424731858e+02
2.832334297096662638e-04 1.082082891961011455e+03 4.788236966209418028e+02 2.776431088415026238e+02
3.179675425093897337e-04 1.213906339807465883e+03 5.358844394991834861e+02 3.102596592911391440e+02
3.569612463934728852e-04 1.361050433663117019e+03 5.997886396348407061e+02 3.467714420753708282e+02
4.007369130231864672e-04 1.524361579243237884e+03 6.711978742122366839e+02 3.876062049565082930e+02
4.498809747048478080e-04 1.704338646547440476e+03 7.507047362412297389e+02 4.331845979372980651e+02
5.050517804175268938e-04 1.900969113297195463e+03 8.387647070596881349e+02 4.838932807470549164e+02
5.669884152586394726e-04 2.113731339789933372e+03 9.357260145155847795e+02 5.401028492280856881e+02
6.365206014554368984e-04 2.342136325263833442e+03 1.041844594077716010e+03 6.021309353573846010e+02
7.145798135793877959e-04 2.585782138255958671e+03 1.157253563941308357e+03 6.702179210118955552e+02
8.022117568662883325e-04 2.844088382852932682e+03 1.281936480572676828e+03 7.445312306340950954e+02
9.005903758055168549e-04 3.117661221122949883e+03 1.416123714222203262e+03 8.252854558940268817e+02
1.011033580661806338e-03 3.408232443434633296e+03 1.560258881838687557e+03 9.127204680795031209e+02
1.135020902606864940e-03 3.718139249663257942e+03 1.714871033275542459e+03 1.007066205102448180e+03
1.274213313974418031e-03 4.050459948036113019e+03 1.880931092325804912e+03 1.108772971926090804e+03
1.430475479156914512e-03 4.409132219659286420e+03 2.059793793713919513e+03 1.218458596082414260e+03
1.605900734223756829e-03 4.798663164468295690e+03 2.253031381588713884e+03 1.336827694571130223e+03
1.802839129895710598e-03 5.222454167476305884e+03 2.462051775436067146e+03 1.464606776021437099e+03
2.023928913547812410e-03 5.683740829807335103e+03 2.688326689663363595e+03 1.602595539847115106e+03
2.272131871983379750e-03 6.185574142959521851e+03 2.933280217340700801e+03 1.751574430185870597e+03
2.550773008441800313e-03 6.729371440248783074e+03 3.197617490208569052e+03 1.911957343090303766e+03
2.863585085365514225e-03 7.315715276230223935e+03 3.481708559871156922e+03 2.083990195504486110e+03
3.214758629634808552e-03 7.944202819496029406e+03 3.785476661769766451e+03 2.267660729404747144e+03
3.608998070155939632e-03 8.612775199935240380e+03 4.107996819053713807e+03 2.462430460584990669e+03
4.051584759838999447e-03 9.317926479269919582e+03 4.447675375321513457e+03 2.667371870651677909e+03
4.548447726227339283e-03 1.005549186116835699e+04 4.802304054872185588e+03 2.881057888572454431e+03
5.106243098575769836e-03 1.081595206140723894e+04 5.168259808264713683e+03 3.101631249620965718e+03
5.732443275407110572e-03 1.159109401797808641e+04 5.540797990289480367e+03 3.326128996256951268e+03
6.435437027063155117e-03 1.236913498775909829e+04 5.914548494400941308e+03 3.551240436904703984e+03
7.224641874254610074e-03 1.313551008385638306e+04 6.282631692955676044e+03 3.772891419561314706e+03
8.110630248067678127e-03 1.387273724822152326e+04 6.636740409206453478e+03 3.986117332054554481e+03
9.105271121505569346e-03 1.456013400790967899e+04 6.967025602799594708e+03 4.185020004269438687e+03
1.022188900990466699e-02 1.517504589860835404e+04 7.262699763046548469e+03 4.363130457603543618e+03
1.147544247024383408e-02 1.568670327917171562e+04 7.509085079659831536e+03 4.511636530017250152e+03
1.288272449057868002e-02 1.606503074338089937e+04 7.691842898946209971e+03 4.621928900418932244e+03
1.446258745407916733e-02 1.627997522536921133e+04 7.796652011389161999e+03 4.685410244899158897e+03
1.623619569135818438e-02 1.630068684532624684e+04 7.808815880370284503e+03 4.693251142153638284e+03
1.822730900435978393e-02 1.609826997177516205e+04 7.714559832232056579e+03 4.637176802161704472e+03
2.046260095998037737e-02 1.565296884435310312e+04 7.504482079093107131e+03 4.511536788469369640e+03
2.297201621738221775e-02 1.496003992826465583e+04 7.176273389921797389e+03 4.314933442728605769e+03
2.578917167586586637e-02 1.403573891591675965e+04 6.737497611389032500e+03 4.051857103749443922e+03
2.895180681720203528e-02 1.292479614607841722e+04 6.209191617201614463e+03 3.734879954240534062e+03
3.250228927534733192e-02 1.170136735172617227e+04 5.626377085714610075e+03 3.384968815854658715e+03
3.648818240631140908e-02 1.046285807743251280e+04 5.035316695714491289e+03 3.029875780793546710e+03
4.096288246151627566e-02 9.312736565526080085e+03 4.485620812512268458e+03 2.699460310482162640e+03
4.598633390041809155e-02 8.333525521322566419e+03 4.017546380229342503e+03 2.418105698879212468e+03
5.162583242493973962e-02 7.554889424728655285e+03 3.646545241294629250e+03 2.195391527614665847e+03
5.795692649341043640e-02 6.931248466331419877e+03 3.351596248623410702e+03 2.018904154426465539e+03
6.506442939097074885e-02 6.331308125816496613e+03 3.067789742529354044e+03 1.849276947046766054e+03
7.304355541444980393e-02 5.613611103075840219e+03 2.721510463874735251e+03 1.641017577579843419e+03
8.200119539239680844e-02 4.751644978310469924e+03 2.294591574118645440e+03 1.381774783709610119e+03
9.205734862752627812e-02 3.902340097107227848e+03 1.866218012821201455e+03 1.119535791898156049e+03
1.033467304443183715e-01 3.273575464395695235e+03 1.550908335480001824e+03 9.262418972352830906e+02
1.160205768769771578e-01 2.885438961095378545e+03 1.367497529077488480e+03 8.157641604374682629e+02
1.302486706739022226e-01 2.533267652178641129e+03 1.203300517287292905e+03 7.175660957760233032e+02
1.462216157596530064e-01 2.094762956863445652e+03 9.799757713200592661e+02 5.797142913731615863e+02
1.641533906237988560e-01 1.730039060329197127e+03 7.926472827357125652e+02 4.639230458034264188e+02
1.842842148426375448e-01 1.495831909557243534e+03 6.847431297680016087e+02 4.008892104108685999e+02
2.068837671345900298e-01 1.257053896976939086e+03 5.654498648410932446e+02 3.284401175935560673e+02
2.322547980593316352e-01 1.053101181770493440e+03 4.617934999500597542e+02 2.648333510746593902e+02
2.607371857574901086e-01 8.969811896721130324e+02 3.879862391763986693e+02 2.213394616535618695e+02
2.927124890628471365e-01 7.569003006229231687e+02 3.176378839530365212e+02 1.782073983792867011e+02
3.286090589819373742e-01 6.450192104009935292e+02 2.643394290240482860e+02 1.466077116385304464e+02
3.689077770159973624e-01 5.507619201736184777e+02 2.188128505254467484e+02 1.192605833977841883e+02
4.141484971975938345e-01 4.727754479831890535e+02 1.818090534777197149e+02 9.727047105855881171e+01
4.649372781414354283e-01 4.083999402356037081e+02 1.517163313784798220e+02 7.955998973086887815e+01
5.219545019921476570e-01 3.548949101210993717e+02 1.270844037927696775e+02 6.516844582507377481e+01
5.859639890329354506e-01 3.103525736075079635e+02 1.069787276751937100e+02 5.353998012451907584e+01
6.578232300572349756e-01 2.731029876628933266e+02 9.056361104725353073e+01 4.416028940142260240e+01
7.384948735793578356e-01 2.417189841544548585e+02 7.713425771703290934e+01 3.659372143901175178e+01
8.290596217703356530e-01 2.150097324275018877e+02 6.611094559644746482e+01 3.048473180087285073e+01
9.307307078768926045e-01 1.920070393145266507e+02 5.702326146424223197e+01 2.554653475335076251e+01
1.044870149067508081e+00 1.718941223147757285e+02 4.948156181610534787e+01 2.154345014945104708e+01
1.173006992433692330e+00 1.540166870004183295e+02 4.316894586318380078e+01 1.828516884821769750e+01
1.316857798575541416e+00 1.378591827350246319e+02 3.782957361085778558e+01 1.561918811535046281e+01
1.478349637175967013e+00 1.230400358620156425e+02 3.325698606309222782e+01 1.342240783777848812e+01
1.659645902619409696e+00 1.092912254132749439e+02 2.928775654949977536e+01 1.159687939207530327e+01
1.863175295489004624e+00 9.645837090159851357e+01 2.579383329501425237e+01 1.006383057700817396e+01
2.091664358187257822e+00 8.446763921492090788e+01 2.267831084504628691e+01 8.761448595684406371e+00
2.348174000537423645e+00 7.332450734206695131e+01 1.987148331676670665e+01 7.640909771231375380e+00
2.636140504673786467e+00 6.306400765725537383e+01 1.732515047571008893e+01 6.664843811172964649e+00
2.959421558534973240e+00 5.374388180447635932e+01 1.501012351297150182e+01 5.804915321190492250e+00
3.322347934639153344e+00 4.540086623338103067e+01 1.290906192304664657e+01 5.040492315825283676e+00
3.729781506445900785e+00 3.804798743503122438e+01 1.101422059293278188e+01 4.357282589612206714e+00
4.187180379509764627e+00 3.165946187075963181e+01 9.320275265796082564e+00 3.745485792233063105e+00
4.700672009942531204e+00 2.617880115628389603e+01 7.822580030781598914e+00 3.198704491961480212e+00
5.277135289701610610e+00 2.152666936284922272e+01 6.513593568677255696e+00 2.712429360703330961e+00
5.924292698344328478e+00 1.761192032294257714e+01 5.382892009723240889e+00 2.283215726818565106e+00
6.650813755741415534e+00 1.434167870684553669e+01 4.416934005347727066e+00 1.907722001763659136e+00
7.466431161634059954e+00 1.162695100579440144e+01 3.600204546560997088e+00 1.582397734883844942e+00
8.382071177875818790e+00 9.386743508829853866e+00 2.916193221991622675e+00 1.303281799814985709e+00
9.410000000000001918e+00 7.548434831621344543e+00 2.348344593373866473e+00 1.066092867861615501e+00
