1.000000000230258569e-04 1.711180720025048458e+03 8.515124408024338436e+02 4.736587055613691177e+02
1.115486563971542785e-04 1.906634301880653084e+03 9.507628621727858445e+02 5.291332378813534660e+02
1.244310274114527074e-04 2.123491961833371079e+03 1.061430127163490624e+03 5.910678720716520047e+02
1.388011391866901154e-04 2.363959357359898149e+03 1.184791850151277004e+03 6.602034374061468043e+02
1.548308057910457113e-04 2.630536775423099698e+03 1.322269830621572737e+03 7.373632039672013434e+02
1.727116835090306587e-04 2.926208604098085289e+03 1.475458806333086841e+03 8.234611200545583642e+02
1.926575623508681512e-04 3.254384292599137552e+03 1.646134946112103080e+03 9.195118631173933181e+02
2.149069222004190347e-04 3.619068905428101971e+03 1.836291098990850060e+03 1.026641744288642258e+03
2.397257841638464457e-04 4.025245922215887731e+03 2.048199952282392587e+03 1.146100891668196709e+03
2.674108912107391479e-04 4.478837574646548092e+03 2.284423390084210496e+03 1.279275777057957612e+03
2.982932561365508645e-04 4.986743024353238070e+03 2.547837148213405271e+03 1.427700098980249322e+03
3.327421192670277522e-04 5.556785201242701987e+03 2.841652732655402815e+03 1.593061277531165842e+03
3.711693632243215748e-04 6.198071044659837753e+03 3.169474883403715012e+03 1.777220421534557318e+03
4.140344375392690035e-04 6.920800594456626641e+03 3.535277230424898789e+03 1.982212643048767404e+03
4.618498519902246974e-04 7.734901924400850476e+03 3.943190428632776275e+03 2.210205397321686178e+03
5.151873043487156757e-04 8.650872217229049056e+03 4.397651231789448502e+03 2.463535453991060876e+03
5.746845157973842983e-04 9.679733214806308752e+03 4.903379665044775720e+03 2.744698540055798730e+03
6.410528557468661917e-04 1.083156198035770649e+04 5.465040989376320795e+03 3.056241593153520171e+03
7.150858472165629249e-04 1.211579541848661574e+04 6.087344695974736169e+03 3.400797450426136493e+03
7.976686544726134401e-04 1.354132347605890391e+04 6.775036784764028198e+03 3.781067271842448463e+03
8.897886663605780169e-04 1.511693115000554099e+04 7.532761148807400787e+03 4.199696248332985306e+03
9.925473018708411317e-04 1.685052165405173946e+04 8.364963192679322674e+03 4.659262179967561678e+03
1.107173179088194286e-03 1.874872032105318431e+04 9.275783096729948738e+03 5.162224809041635126e+03
1.235036804978161722e-03 2.081811792132085611e+04 1.026900121258981198e+04 5.710773685009276051e+03
1.377666961646263968e-03 2.306429340410750956e+04 1.134783346008733133e+04 6.306765022609660264e+03
1.536768984990051967e-03 2.549100662377048138e+04 1.251471235416333002e+04 6.951637890080771285e+03
1.714245154289869167e-03 2.810049446536292089e+04 1.377107659010599309e+04 7.646273656941221816e+03
1.912217436523370962e-03 3.089286160812462913e+04 1.511714951566334457e+04 8.390879221985158438e+03
2.133052857342773462e-03 3.386513758497963863e+04 1.655159222957484235e+04 9.184788042016885811e+03
2.379391802059096454e-03 3.700863645942245785e+04 1.807038674468141835e+04 1.002574011884788524e+04
2.654179585009814029e-03 4.030889601141255844e+04 1.966673980311975902e+04 1.090984043704220130e+04
2.960701664764286197e-03 4.374558969967567828e+04 2.133093849175305877e+04 1.183170163228421006e+04
3.302622926212283368e-03 4.728992598520142201e+04 2.304895626737114799e+04 1.278390312092977365e+04
3.684031499205906151e-03 5.090172600120261632e+04 2.480118809637659069e+04 1.375545635845850120e+04
4.109487637665882979e-03 5.453985687324282480e+04 2.656753560036309136e+04 1.473519563371150070e+04
4.584078243567925488e-03 5.814701704181406240e+04 2.832027484510182694e+04 1.570783150516010937e+04
5.113477687716873853e-03 6.165027538798737078e+04 3.002402902649062162e+04 1.665375146338857667e+04
5.704015654503047893e-03 6.496720238412642357e+04 3.163874141454317942e+04 1.755065677381621936e+04
6.362752821816417166e-03 6.800114603282287135e+04 3.311751189508611424e+04 1.837254034835888888e+04
7.097565280973966440e-03 7.064039175015853834e+04 3.440622457572480926e+04 1.908938995454131145e+04
7.917238706014356406e-03 7.276005029219812423e+04 3.544421089478621434e+04 1.966757749079488349e+04
8.831573398280912271e-03 7.422610131318579079e+04 3.616609898856348445e+04 2.007069543710728976e+04
9.851501462242475554e-03 7.489886539048343548e+04 3.650429281467612600e+04 2.026112159160719966e+04
1.098921751354712747e-02 7.464098705530953885e+04 3.639235572105786559e+04 2.020224448059283532e+04
1.225832448210000328e-02 7.333455126583918172e+04 3.577272596059249190e+04 1.986184384658206909e+04
1.367399625343743499e-02 7.090483845449614455e+04 3.460917958985891164e+04 1.921969385123540633e+04
1.525315909299450497e-02 6.734579284802619077e+04 3.289845232610901439e+04 1.827407044288529141e+04
1.701469402243795462e-02 6.275180842794915952e+04 3.068507499881152398e+04 1.704928620735830918e+04
1.897966256774625410e-02 5.734255495136231912e+04 2.807365821307945225e+04 1.560304070216095897e+04
2.117155857815964867e-02 5.146793069162262691e+04 2.523174166615863214e+04 1.402784467128871984e+04
2.361658912683562567e-02 4.557851530358074524e+04 2.237669522922268879e+04 1.244408250310915537e+04
2.634398785175567220e-02 4.015397643011728360e+04 1.974261333231841127e+04 1.098194862450496112e+04
2.938636448329653983e-02 3.559407562945143582e+04 1.752864315026847908e+04 9.753061168184065536e+03
3.278009473753994152e-02 3.209459333944910395e+04 1.583845096548039328e+04 8.816883593002910857e+03
3.656575523702054742e-02 2.953695699972130387e+04 1.462252540818343368e+04 8.148018801393312970e+03
4.078860865897657173e-02 2.745489140237883839e+04 1.365233588099931330e+04 7.619963742238156556e+03
4.549914491170512637e-02 2.510549988605783437e+04 1.253966541644515928e+04 7.012158028004329935e+03
5.075368480951484434e-02 2.193955578530343701e+04 1.097153582462588565e+04 6.140388716172178647e+03
5.661505346402430361e-02 1.818134618992175092e+04 9.035711521483304750e+03 5.045902106257455671e+03
6.315333144310807112e-02 1.477940414005512503e+04 7.246548644157031958e+03 4.023214419738755169e+03
7.044669267860774464e-02 1.254078557343501416e+04 6.091936628015952010e+03 3.365887835072795042e+03
7.858233914112514040e-02 1.127696943184680276e+04 5.509470780083524005e+03 3.050469933346400921e+03
8.765754345719625751e-02 1.000070769230599399e+04 4.911071204349853360e+03 2.725222601844337078e+03
9.778081193473929511e-02 8.288265577456235405e+03 3.987257866595851738e+03 2.187425387079199027e+03
1.090731819023149224e-01 6.880418236411639555e+03 3.218801640185236920e+03 1.737229370242217328e+03
1.216696688736408766e-01 6.031817264311207509e+03 2.826769685502246830e+03 1.530170584356408199e+03
1.357208808401622890e-01 5.168202242013091563e+03 2.389581370699238505e+03 1.285858182917352906e+03
1.513948189927238619e-01 4.363745349222833283e+03 1.949817318939028155e+03 1.026856611558881013e+03
1.688788864024014236e-01 3.780028104006036301e+03 1.672710084119297562e+03 8.792431702513847540e+02
1.883821286769788717e-01 3.239383782884870016e+03 1.389008594612088245e+03 7.149293523974672553e+02
2.101377333831422056e-01 2.805608904501184043e+03 1.175566491034945329e+03 5.977299509876166894e+02
2.344058181183555356e-01 2.432079589017522267e+03 9.876510834510141876e+02 4.914910192047837540e+02
2.614765405675759102e-01 2.122786384649319189e+03 8.367470799924221865e+02 4.088397589772675360e+02
2.916735677297306317e-01 1.860796280613276167e+03 7.095648150100615794e+02 3.388285526017704115e+02
3.253579457932418983e-01 1.640287678517701579e+03 6.044386946486910119e+02 2.817135406282773147e+02
3.629324169301749725e-01 1.454171176286643913e+03 5.174276611099355705e+02 2.350456489250202310e+02
4.048462346221089470e-01 1.295853680647050169e+03 4.451175636252206687e+02 1.967785122860288993e+02
4.516005350914485406e-01 1.160308481244791665e+03 3.849413238235993049e+02 1.654384820587360991e+02
5.037543290608768043e-01 1.042884662857145258e+03 3.345993416292309917e+02 1.397181131294563272e+02
5.619311854805180140e-01 9.400378909208602636e+02 2.923075570527902300e+02 1.185964856213140024e+02
6.268266871357865977e-01 8.487447545434330323e+02 2.565511638662140967e+02 1.012154107596758195e+02
6.992167472777639503e-01 7.664151342615201656e+02 2.260476517308397888e+02 8.685628972513866586e+01
7.799668867126374749e-01 6.910448380831716122e+02 1.997538157606112179e+02 7.493457472002053521e+01
8.700425822703268253e-01 6.211275105192838737e+02 1.768286920398273310e+02 6.497790293371055270e+01
9.705208103821856280e-01 5.556404438091697102e+02 1.565986801138389524e+02 5.659919704144246566e+01
1.082602923786821769e+00 4.939519275222514239e+02 1.385318679921452372e+02 4.948438575154533936e+01
1.207629015322442267e+00 4.358336539247068231e+02 1.222320797892102178e+02 4.338080009734724030e+01
1.347093940544190405e+00 3.813229377183774318e+02 1.074107596356036822e+02 3.808671533292025657e+01
1.502665190738521561e+00 3.306648944948149165e+02 9.387938826152907268e+01 3.344428028825765153e+01
1.676202830030598223e+00 2.841675283326244994e+02 8.151995877058439532e+01 2.933106979004720927e+01
1.869781734959676811e+00 2.421030352062586530e+02 7.027183645431294678e+01 2.565669167904845693e+01
2.085716402426663674e+00 2.046318953769228415e+02 6.010449546416801780e+01 2.235508436079895134e+01
2.326588622626292402e+00 1.717325531913529630e+02 5.099944893509039900e+01 1.938116057618332633e+01
2.595278347831105226e+00 1.432302028849084934e+02 4.293473691601239040e+01 1.670405618384406665e+01
2.894998126105261083e+00 1.188068419374923508e+02 3.587304898575437306e+01 1.430314839840751517e+01
3.229331511649635278e+00 9.806692361339466402e+01 2.976082226061359037e+01 1.216321060963878864e+01
3.602275911025628830e+00 8.058682139372079689e+01 2.452762292908038688e+01 1.027088902013061045e+01
4.018290377542188097e+00 6.594709754881547781e+01 2.009222541629238634e+01 8.612632711863826174e+00
4.482348925252354732e+00 5.375834109303509223e+01 1.636718103928128443e+01 7.173031554386694708e+00
5.000000000000000888e+00 4.366578930548586612e+01 1.326436333941455281e+01 5.934985671465979884e+00
