1.000000000230258569e-04 3.744559187799277424e+02 1.650503529244573997e+02 9.445545445157127062e+01
1.122634227564673579e-04 4.187792999839515460e+02 1.844574406247688501e+02 1.055319831589013120e+02
1.260307608609534901e-04 4.684786829151921097e+02 2.061741149909156263e+02 1.179157520095095890e+02
1.414864458359461712e-04 5.242425165177058943e+02 2.304836160482044818e+02 1.317636424295483835e+02
1.588375267953347550e-04 5.868503192950342964e+02 2.577056747725575860e+02 1.472520536502322841e+02
1.783164441611049004e-04 6.571812699710833385e+02 2.882016952793669020e+02 1.645796530010407253e+02
2.001841435067871621e-04 7.362320901594030147e+02 3.223800951570693769e+02 1.839699936104448454e+02
2.247335712646909519e-04 8.250969607121437548e+02 3.606972864631953826e+02 2.056735384695529376e+02
2.522935991264941354e-04 9.249509216721664870e+02 4.036599028208987079e+02 2.299702219423943745e+02
2.832334297096662638e-04 1.037085772945418967e+03 4.518349325625308666e+02 2.571739105012755431e+02
3.179675425093897337e-04 1.162800274711135444e+03 5.058297621010135572e+02 2.876285555637010134e+02
3.569612463934728852e-04 1.303339567603627302e+03 5.662847471109654407e+02 3.217084001686075112e+02
4.007369130231864672e-04 1.459942134107265474e+03 6.338887420025432675e+02 3.598247260062004216e+02
4.498809747048478080e-04 1.633709567545336540e+03 7.093228912410556859e+02 4.024044221932587675e+02
5.050517804175268938e-04 1.825538814064428379e+03 7.932443918189578653e+02 4.498864991770175834e+02
5.669884152586394726e-04 2.036146757618257652e+03 8.863025920749140596e+02 5.027299679931680316e+02
6.365206014554368984e-04 2.266385441769357840e+03 9.891407579270387487e+02 5.613914381312789601e+02
7.145798135793877959e-04 2.517160358369847472e+03 1.102374189141613670e+03 6.263191320449481054e+02
8.022117568662883325e-04 2.789388231122845355e+03 1.226598957951580587e+03 6.979604537208796273e+02
9.005903758055168549e-04 3.084814642299665138e+03 1.362600498315810228e+03 7.768143583218854928e+02
1.011033580661806338e-03 3.405811591951991431e+03 1.511285794107218180e+03 8.634068431215222290e+02
1.135020902606864940e-03 3.755199799242851896e+03 1.673663016223126533e+03 9.582937859946569006e+02
1.274213313974418031e-03 4.136334821179726532e+03 1.851021196126221412e+03 1.062164284993847104e+03
1.430475479156914512e-03 4.553211103854329849e+03 2.044878268481513032e+03 1.175798086083564840e+03
1.605900734223756829e-03 5.010161113190694778e+03 2.256882817671264547e+03 1.300031739988303570e+03
1.802839129895710598e-03 5.510905204665295969e+03 2.488610237012288962e+03 1.435720344403624495e+03
2.023928913547812410e-03 6.059233046385191301e+03 2.741715456798325249e+03 1.583768352651683699e+03
2.272131871983379750e-03 6.658705847113265918e+03 3.017772977895767326e+03 1.745040491093376659e+03
2.550773008441800313e-03 7.311846370543952617e+03 3.317936140392010202e+03 1.920196663692906895e+03
2.863585085365514225e-03 8.020627582794048067e+03 3.643150777962763186e+03 2.109792126442353037e+03
3.214758629634808552e-03 8.786026449951037648e+03 3.993916963670877067e+03 2.314128040265607979e+03
3.608998070155939632e-03 9.607447542900490589e+03 4.369994315747492692e+03 2.533073655445384702e+03
4.051584759838999447e-03 1.048299475346411054e+04 4.770568068500287154e+03 2.766170765222049795e+03
4.548447726227339283e-03 1.140994983124661667e+04 5.194377345086048990e+03 3.012569598631467215e+03
5.106243098575769836e-03 1.238086310667454563e+04 5.638343486794693490e+03 3.270837829741564747e+03
5.732443275407110572e-03 1.338809652750258101e+04 6.098713315052515100e+03 3.538548869143216507e+03
6.435437027063155117e-03 1.442011341043182256e+04 6.570374468930463991e+03 3.812752759664367204e+03
7.224641874254610074e-03 1.546174815880477581e+04 7.046497062762782662e+03 4.089516820609180286e+03
8.110630248067678127e-03 1.649379626485537665e+04 7.518423598349258100e+03 4.363836216044380308e+03
9.105271121505569346e-03 1.749252902102480220e+04 7.975442078125425724e+03 4.629502526589580157e+03
1.022188900990466699e-02 1.842929829468185198e+04 8.404640475169950150e+03 4.879036855966396615e+03
1.147544247024383408e-02 1.927047745713111362e+04 8.790839656367606949e+03 5.103642319273631074e+03
1.288272449057868002e-02 1.997741354388238324e+04 9.116673011363760452e+03 5.293249579084634206e+03
1.446258745407916733e-02 2.050739430034430188e+04 9.362941145947641417e+03 5.436752614477129100e+03
1.623619569135818438e-02 2.081562522911649648e+04 9.509512691450227067e+03 5.522477035615044770e+03
1.822730900435978393e-02 2.085859511339003802e+04 9.536912760956176498e+03 5.539154116855968823e+03
2.046260095998037737e-02 2.059951955759376142e+04 9.428651514060577028e+03 5.477252930927149464e+03
2.297201621738221775e-02 2.001649413355832075e+04 9.174809152387768336e+03 5.331030664617383991e+03
2.578917167586586637e-02 1.911243432005661089e+04 8.776329868804748912e+03 5.101000155675987116e+03
2.895180681720203528e-02 1.792496288315924539e+04 8.249346203046310620e+03 4.796422208134790708e+03
3.250228927534733192e-02 1.653187139220200697e+04 7.627775414708480639e+03 4.436823888948295462e+03
3.648818240631140908e-02 1.504717131906358009e+04 6.961995128286939689e+03 4.051308978524310987e+03
4.096288246151627566e-02 1.360292378072057181e+04 6.311357740097463648e+03 3.674315379952265630e+03
4.598633390041809155e-02 1.231560303348077650e+04 5.729741213332522420e+03 3.337344406869916384e+03
5.162583242493973962e-02 1.124342359903830766e+04 5.246073360976806725e+03 3.057647208914063413e+03
5.795692649341043640e-02 1.035531854073843897e+04 4.848531202700640279e+03 2.828754325891340159e+03
6.506442939097074885e-02 9.503521491491701454e+03 4.466498140578098173e+03 2.608954537435068232e+03
7.304355541444980393e-02 8.528280103043949566e+03 4.016994121610161528e+03 2.347773374087470984e+03
8.200119539239680844e-02 7.379289602532833669e+03 3.466134181182520479e+03 2.022660474616599231e+03
9.205734862752627812e-02 6.219714049512490419e+03 2.894039999476426601e+03 1.680738913715647641e+03
1.033467304443183715e-01 5.297671023749609049e+03 2.440486142090760950e+03 1.409424024953850449e+03
1.160205768769771578e-01 4.670422883105781693e+03 2.150301495815122507e+03 1.240522560568388599e+03
1.302486706739022226e-01 4.128632637443506610e+03 1.905186599007163068e+03 1.100668835310539407e+03
1.462216157596530064e-01 3.513978403396577960e+03 1.595915410924131947e+03 9.157648310374828498e+02
1.641533906237988560e-01 2.971256749344063337e+03 1.315119410305176416e+03 7.455051380023101046e+02
1.842842148426375448e-01 2.584337316890703278e+03 1.136306371862264314e+03 6.432118848774340449e+02
2.068837671345900298e-01 2.223224186642707537e+03 9.607517633368116776e+02 5.396958873253155389e+02
2.322547980593316352e-01 1.903960109260195395e+03 7.989232195403816377e+02 4.414457229412408878e+02
2.607371857574901086e-01 1.649251579529166747e+03 6.802473947271498673e+02 3.731866340916021159e+02
2.927124890628471365e-01 1.424924048402517656e+03 5.697694770482316926e+02 3.067297390474243457e+02
3.286090589819373742e-01 1.239475012530425147e+03 4.826288763270429740e+02 2.562724126840794838e+02
3.689077770159973624e-01 1.081830083852694997e+03 4.079403817075814800e+02 2.123773204349431580e+02
4.141484971975938345e-01 9.495915063275577950e+02 3.465283760771663992e+02 1.768364593918699939e+02
4.649372781414354283e-01 8.382767457799005797e+02 2.956560819008927297e+02 1.476344726539821579e+02
5.219545019921476570e-01 7.438313626578340063e+02 2.534081176095171202e+02 1.236055118977347433e+02
5.859639890329354506e-01 6.632916352803227937e+02 2.183549072678871710e+02 1.039190972075170123e+02
6.578232300572349756e-01 5.939276715367776660e+02 1.891969087632149069e+02 8.779372639709004034e+01
7.384948735793578356e-01 5.334304480549094478e+02 1.648362308741774314e+02 7.457183931363708496e+01
8.290596217703356530e-01 4.798140939429695777e+02 1.443388773328835839e+02 6.370173673281624360e+01
9.307307078768926045e-01 4.315305426025767588e+02 1.269466692101473200e+02 5.473475303379503032e+01
1.044870149067508081e+00 3.873150348412244739e+02 1.120194711519302899e+02 4.729597683611301306e+01
1.173006992433692330e+00 3.462608713509772542e+02 9.903781480599995746e+01 4.107816014952159378e+01
1.316857798575541416e+00 3.077667624981599488e+02 8.758520251997295247e+01 3.583158623519148023e+01
1.478349637175967013e+00 2.715531426205522507e+02 7.734113106906069390e+01 3.135386193652862374e+01
1.659645902619409696e+00 2.375580607822059278e+02 6.806708508245384337e+01 2.748410234846818057e+01
1.863175295489004624e+00 2.059217642239291024e+02 5.960143476105003657e+01 2.409520471477945947e+01
2.091664358187257822e+00 1.768363389559670225e+02 5.184138681289810791e+01 2.109044256698483366e+01
2.348174000537423645e+00 1.505183330214208013e+02 4.474044342157869636e+01 1.839958563931965330e+01
2.636140504673786467e+00 1.270830937063430497e+02 3.827950237838747682e+01 1.597330509221685446e+01
2.959421558534973240e+00 1.065331841469216698e+02 3.246105677188849370e+01 1.378011558304610951e+01
3.322347934639153344e+00 8.875261804446864744e+01 2.728467635278581227e+01 1.180056019413360779e+01
3.729781506445900785e+00 7.353413812507116631e+01 2.274418721184579084e+01 1.002485355168248837e+01
4.187180379509764627e+00 6.062646510119319032e+01 1.881520338664709868e+01 8.445856235377547705e+00
4.700672009942531204e+00 4.975970262978767522e+01 1.545847621668505134e+01 7.057161824726653876e+00
5.277135289701610610e+00 4.066829262030531567e+01 1.262223998101792333e+01 5.849911277859868086e+00
5.924292698344328478e+00 3.310231234324803751e+01 1.024842988700765289e+01 4.812719869783230742e+00
6.650813755741415534e+00 2.683580832993199650e+01 8.277715523362555672e+00 3.931534626180736236e+00
7.466431161634059954e+00 2.166874389154813585e+01 6.653196636066978975e+00 3.190670890604509591e+00
8.382071177875818790e+00 1.742793537139787574e+01 5.322693019818062865e+00 2.573660924136162542e+00
9.410000000000001918e+00 1.396339048105475911e+01 4.239526263744208379e+00 2.064223023569592197e+00
