1.000000000230258569e-04 5.261202878986887299e+02 2.304020861474910760e+02 1.261836484745270326e+02
1.122634227564673579e-04 5.891410385155496670e+02 2.581852686855116303e+02 1.414093970923726999e+02
1.260307608609534901e-04 6.595901759878781832e+02 2.893085792886415106e+02 1.584692657710806998e+02
1.414864458359461712e-04 7.383093677425903252e+02 3.241702572128082238e+02 1.775831149746449569e+02
1.588375267953347550e-04 8.262321252529906133e+02 3.632150384249549688e+02 1.989967436171428687e+02
1.783164441611049004e-04 9.243988132927923971e+02 4.069388079979441386e+02 2.229845087683098939e+02
2.001841435067871621e-04 1.033963209045734175e+03 4.558948708973373982e+02 2.498529105281417344e+02
2.247335712646909519e-04 1.156226882546228353e+03 5.107004814690100147e+02 2.799438543046338168e+02
2.522935991264941354e-04 1.292686811680072424e+03 5.720439519051084289e+02 3.136380243202339670e+02
2.832334297096662638e-04 1.445033404483590402e+03 6.406926029399694471e+02 3.513597352350154779e+02
3.179675425093897337e-04 1.615224216018798643e+03 7.175021085024485501e+02 3.935804860650668502e+02
3.569612463934728852e-04 1.805561768069001801e+03 8.034267202897907509e+02 4.408230064296648720e+02
4.007369130231864672e-04 2.018698310265705231e+03 8.995293730105196346e+02 4.936676149916194163e+02
4.498809747048478080e-04 2.257636112255223907e+03 1.006987924129237285e+03 5.527542713270911463e+02
5.050517804175268938e-04 2.525767372103738126e+03 1.127105204595633722e+03 6.187867850265981815e+02
5.669884152586394726e-04 2.826953775363044770e+03 1.261323360718210779e+03 6.925404262992516351e+02
6.365206014554368984e-04 3.165250029919031931e+03 1.411204256835559818e+03 7.748565119967640840e+02
7.145798135793877959e-04 3.544897263060434852e+03 1.578435581845877778e+03 8.666457426297097300e+02
8.022117568662883325e-04 3.970479893937901579e+03 1.764849667254319684e+03 9.688955511431420291e+02
9.005903758055168549e-04 4.446592029488615481e+03 1.972372722418015201e+03 1.082651027854141148e+03
1.011033580661806338e-03 4.977822185279043879e+03 2.203029086023860145e+03 1.209017012342804264e+03
1.135020902606864940e-03 5.568821661880107058e+03 2.458945395118832948e+03 1.349158119144212833e+03
1.274213313974418031e-03 6.224302706668133396e+03 2.742270444251916160e+03 1.504256790628645376e+03
1.430475479156914512e-03 6.948898222974794407e+03 3.055169903948232331e+03 1.675512331492334397e+03
1.605900734223756829e-03 7.747043959109086245e+03 3.399786443499519009e+03 1.864117005061062855e+03
1.802839129895710598e-03 8.623001574267384058e+03 3.778092102526958570e+03 2.071160573242219925e+03
2.023928913547812410e-03 9.580618318502421971e+03 4.191871124819452234e+03 2.297629205443594856e+03
2.272131871983379750e-03 1.062301098805213587e+04 4.642599244480865309e+03 2.544341948744222009e+03
2.550773008441800313e-03 1.175211452080181516e+04 5.131180208419696100e+03 2.811802637311737726e+03
2.863585085365514225e-03 1.296856485300605709e+04 5.657931356500311267e+03 3.100194577876142375e+03
3.214758629634808552e-03 1.427117783596052868e+04 6.222368860991517067e+03 3.409259666875192124e+03
3.608998070155939632e-03 1.565619423467248453e+04 6.822883744391398068e+03 3.738114386481237943e+03
4.051584759838999447e-03 1.711726983577408828e+04 7.456728861799218066e+03 4.085244209290527579e+03
4.548447726227339283e-03 1.864427083391916312e+04 8.119642997792588176e+03 4.448322544072943856e+03
5.106243098575769836e-03 2.022351649551859737e+04 8.805603812563773317e+03 4.824091696868418694e+03
5.732443275407110572e-03 2.183660088616914800e+04 9.506680066347316824e+03 5.208204567867637707e+03
6.435437027063155117e-03 2.345999161490722327e+04 1.021272115026214669e+04 5.595108865504091227e+03
7.224641874254610074e-03 2.506434903355374990e+04 1.091108175570526873e+04 5.977890125693824302e+03
8.110630248067678127e-03 2.661378031687748808e+04 1.158631282115907379e+04 6.348106408027829275e+03
9.105271121505569346e-03 2.806633049074849259e+04 1.222037737395121258e+04 6.695900016640985996e+03
1.022188900990466699e-02 2.936889856666216292e+04 1.279045951571015212e+04 7.008793197126733503e+03
1.147544247024383408e-02 3.046052522171295641e+04 1.327036727197815162e+04 7.272459424895126176e+03
1.288272449057868002e-02 3.127812432349051960e+04 1.363306637664001028e+04 7.472117377779532035e+03
1.446258745407916733e-02 3.175626524748801967e+04 1.385057000621246152e+04 7.592472163397881559e+03
1.623619569135818438e-02 3.182417961664781615e+04 1.389259003144982125e+04 7.616958486601412005e+03
1.822730900435978393e-02 3.142063044559905757e+04 1.373294906527768580e+04 7.531274775453402071e+03
2.046260095998037737e-02 3.050371524984545249e+04 1.335362499679977009e+04 7.325581157676499970e+03
2.297201621738221775e-02 2.906358668605483763e+04 1.274984273806957754e+04 6.997199179536920383e+03
2.578917167586586637e-02 2.714138976155400451e+04 1.193800515362314763e+04 6.554944975189949218e+03
2.895180681720203528e-02 2.484173904397441584e+04 1.096088426411003456e+04 6.021966563013806081e+03
3.250228927534733192e-02 2.233434977720664392e+04 9.888959468668077534e+03 5.436517832924734648e+03
3.648818240631140908e-02 1.983549502073322583e+04 8.813743548135345918e+03 4.848528798294398257e+03
4.096288246151627566e-02 1.756522165870274330e+04 7.831095859200725499e+03 4.310706219913166024e+03
4.598633390041809155e-02 1.568463683686765580e+04 7.015092714293793506e+03 3.864348466925564026e+03
5.162583242493973962e-02 1.422973158281475298e+04 6.388038406618979934e+03 3.522777824621336549e+03
5.795692649341043640e-02 1.307641032247374460e+04 5.899866563456338554e+03 3.259207771401519949e+03
6.506442939097074885e-02 1.193892756531988016e+04 5.416327194827218591e+03 2.998188314029898265e+03
7.304355541444980393e-02 1.055663450607441155e+04 4.799821010680390827e+03 2.659155164450173288e+03
8.200119539239680844e-02 8.926977689618262957e+03 4.032262267915871689e+03 2.227512152983581018e+03
9.205734862752627812e-02 7.381846054587505023e+03 3.280679914414205996e+03 1.798501434091447891e+03
1.033467304443183715e-01 6.270031885829194835e+03 2.750538447804518000e+03 1.497500523336552305e+03
1.160205768769771578e-01 5.557458870196687712e+03 2.446950133285156880e+03 1.334445623149683570e+03
1.302486706739022226e-01 4.880009971314520953e+03 2.153324833139534348e+03 1.177148898198071720e+03
1.462216157596530064e-01 4.103379430499739101e+03 1.760240049259268744e+03 9.497656409105646844e+02
1.641533906237988560e-01 3.480187839057249221e+03 1.447955555665598467e+03 7.692284300583451113e+02
1.842842148426375448e-01 3.033745213857645012e+03 1.259126872279713552e+03 6.704729033046968425e+02
2.068837671345900298e-01 2.600126747230283399e+03 1.048891341924733524e+03 5.502289958231436913e+02
2.322547980593316352e-01 2.238096771336116490e+03 8.752706998836061985e+02 4.508640491517386408e+02
2.607371857574901086e-01 1.942332942069728460e+03 7.429694020103934236e+02 3.791507709582984944e+02
2.927124890628471365e-01 1.686218240018792812e+03 6.226537830510992535e+02 3.104894423250924547e+02
3.286090589819373742e-01 1.474066484243156310e+03 5.275105384855215789e+02 2.585704315797347590e+02
3.689077770159973624e-01 1.294380222239950172e+03 4.471125226813194331e+02 2.142535315657761146e+02
4.141484971975938345e-01 1.142320760374332849e+03 3.805385917611713467e+02 1.779934016596220374e+02
4.649372781414354283e-01 1.013805910248268674e+03 3.256379717267673186e+02 1.485246085545036010e+02
5.219545019921476570e-01 9.038951941006429252e+02 2.800878427991826243e+02 1.243815401374678231e+02
5.859639890329354506e-01 8.088338014454886888e+02 2.421880697779922116e+02 1.046310751424567940e+02
6.578232300572349756e-01 7.255747486434827351e+02 2.105335033538321170e+02 8.847709726051253654e+01
7.384948735793578356e-01 6.514834909122538420e+02 1.839071900729262268e+02 7.523229409292517289e+01
8.290596217703356530e-01 5.844501296620009043e+02 1.613133636850625976e+02 6.433848605153288247e+01
9.307307078768926045e-01 5.228956134535145566e+02 1.419368429659085962e+02 5.533750759132742303e+01
1.044870149067508081e+00 4.656245686488882143e+02 1.250990851673604567e+02 4.784892305617204045e+01
1.173006992433692330e+00 4.119420231582126917e+02 1.102640881028514599e+02 4.156350638405168496e+01
1.316857798575541416e+00 3.615228189411744211e+02 9.701999538094266029e+01 3.623402495531244227e+01
1.478349637175967013e+00 3.143997432894459507e+02 8.506365602514173929e+01 3.165994559922925333e+01
1.659645902619409696e+00 2.707631887684197523e+02 7.418340621937225876e+01 2.768424959325262336e+01
1.863175295489004624e+00 2.309360264880572515e+02 6.425451544758091416e+01 2.418538273065374966e+01
2.091664358187257822e+00 1.951559401244625747e+02 5.520712059579724951e+01 2.107294627751802807e+01
2.348174000537423645e+00 1.635493889715135651e+02 4.701936517463800413e+01 1.828274324681147789e+01
2.636140504673786467e+00 1.360552268643999412e+02 3.968164491513888947e+01 1.577087457796106129e+01
2.959421558534973240e+00 1.124520607593758541e+02 3.319046296404498975e+01 1.351036344478117002e+01
3.322347934639153344e+00 9.241446864709965325e+01 2.752538579896138771e+01 1.148420970562588295e+01
3.729781506445900785e+00 7.555768319046305237e+01 2.264969992940991261e+01 9.682390561100058690e+00
4.187180379509764627e+00 6.148635779151138792e+01 1.850618917481331849e+01 8.095704465610790379e+00
4.700672009942531204e+00 4.981700809032726340e+01 1.502441844262169823e+01 6.714209259664130514e+00
5.277135289701610610e+00 4.019279981598960205e+01 1.212693610321490034e+01 5.525150760058048505e+00
5.924292698344328478e+00 3.229278835835697237e+01 9.735724807239975576e+00 4.513330709344955949e+00
6.650813755741415534e+00 2.583966158559037751e+01 7.776761818412732730e+00 3.661483310616812314e+00
7.466431161634059954e+00 2.059418609851242365e+01 6.182491145997040860e+00 2.951409734598410051e+00
8.382071177875818790e+00 1.634957717311652203e+01 4.893061803403929488e+00 2.364851228572202313e+00
9.410000000000001918e+00 1.292972400427293955e+01 3.856235298735289696e+00 1.884328862797452375e+00
