1.000000000230258569e-04 2.732172394454156006e+02 1.146861886072710774e+02 6.269172626625575617e+01
1.122634227564673579e-04 3.061609356566809765e+02 1.285505397071212030e+02 7.027102079645152344e+01
1.260307608609534901e-04 3.430517634267353628e+02 1.440890283605159539e+02 7.876573948848177054e+01
1.414864458359461712e-04 3.843547831898316076e+02 1.615029926023267421e+02 8.828605589731868974e+01
1.588375267953347550e-04 4.305883058772763547e+02 1.810178143430236446e+02 9.895532158647313281e+01
1.783164441611049004e-04 4.823302422577591528e+02 2.028855664458688182e+02 1.109115282426889166e+02
2.001841435067871621e-04 5.402260441370950730e+02 2.273876127814836252e+02 1.243087586267302100e+02
2.247335712646909519e-04 6.049953437057993142e+02 2.548383234213717685e+02 1.393192241151426458e+02
2.522935991264941354e-04 6.774440849404359142e+02 2.855883799331796808e+02 1.561350898154199172e+02
2.832334297096662638e-04 7.584817049427123266e+02 3.200278513556631879e+02 1.749701827581979785e+02
3.179675425093897337e-04 8.491279624193152813e+02 3.585913127415455506e+02 1.960628178044672154e+02
3.569612463934728852e-04 9.505308115171684449e+02 4.017608675386223922e+02 2.196774505420644630e+02
4.007369130231864672e-04 1.063988397422975140e+03 4.500689847788210614e+02 2.461062264702538300e+02
4.498809747048478080e-04 1.190961991076274671e+03 5.041054445514432700e+02 2.756728451007836043e+02
5.050517804175268938e-04 1.333070578147601736e+03 5.645179680524167907e+02 3.087328036465916625e+02
5.669884152586394726e-04 1.492094588663311924e+03 6.320141075465331824e+02 3.456743619532795719e+02
6.365206014554368984e-04 1.670011853046997885e+03 7.073695750582439814e+02 3.869231900512080529e+02
7.145798135793877959e-04 1.868936675700070964e+03 7.914241800692503830e+02 4.329395646600314080e+02
8.022117568662883325e-04 2.091106297316779091e+03 8.850826974577704505e+02 4.842185815453015039e+02
9.005903758055168549e-04 2.338928957324651947e+03 9.893217343414672769e+02 5.412940949112828548e+02
1.011033580661806338e-03 2.614911314272556410e+03 1.105177021505807488e+03 6.047313644994837887e+02
1.135020902606864940e-03 2.921643620365963670e+03 1.233742003761540673e+03 6.751260116043498556e+02
1.274213313974418031e-03 3.261807877554880179e+03 1.376166200414352716e+03 7.531033978439128305e+02
1.430475479156914512e-03 3.638109786298270592e+03 1.533608191501039300e+03 8.392963942127007613e+02
1.605900734223756829e-03 4.053242966096574492e+03 1.707230325047410133e+03 9.343419087017866786e+02
1.802839129895710598e-03 4.509830707001660812e+03 1.898180732909904236e+03 1.038869655987185979e+03
2.023928913547812410e-03 5.010266972014322164e+03 2.107492496855472382e+03 1.153445783998379966e+03
2.272131871983379750e-03 5.556660598447515440e+03 2.336075960302805470e+03 1.278569295879210586e+03
2.550773008441800313e-03 6.150703938055154140e+03 2.584669524064894176e+03 1.414645660928117422e+03
2.863585085365514225e-03 6.793376866192518719e+03 2.853697293807618735e+03 1.561909171431549112e+03
3.214758629634808552e-03 7.484890156265395490e+03 3.143253726145849214e+03 1.720414639842169890e+03
3.608998070155939632e-03 8.224417277842885596e+03 3.453001742683934026e+03 1.889980665873245925e+03
4.051584759838999447e-03 9.009614365976141926e+03 3.781988204727010725e+03 2.070086375866446815e+03
4.548447726227339283e-03 9.836644081049458691e+03 4.128638722898967899e+03 2.259870641344765772e+03
5.106243098575769836e-03 1.069991191861756306e+04 4.490569387164641739e+03 2.458041531780248079e+03
5.732443275407110572e-03 1.159134578205145590e+04 4.864425690114885583e+03 2.662759502198119662e+03
6.435437027063155117e-03 1.250029541461860754e+04 5.245764965520112128e+03 2.871596463555981700e+03
7.224641874254610074e-03 1.341362996332463081e+04 5.629107025031686135e+03 3.081560135892681046e+03
8.110630248067678127e-03 1.431249891979024142e+04 6.006576581379123127e+03 3.288342886378933144e+03
9.105271121505569346e-03 1.517596862758419593e+04 6.369439032236620733e+03 3.487164926227636897e+03
1.022188900990466699e-02 1.597998908673070036e+04 6.707667391785261316e+03 3.672543903949776450e+03
1.147544247024383408e-02 1.669540451777457929e+04 7.009108111514484335e+03 3.837836836592677173e+03
1.288272449057868002e-02 1.728861445575228208e+04 7.259746413100370773e+03 3.975370762014914362e+03
1.446258745407916733e-02 1.772326861441565779e+04 7.444448234857625721e+03 4.076864264174677373e+03
1.623619569135818438e-02 1.796089525759576645e+04 7.547219375054417469e+03 4.133565847699186634e+03
1.822730900435978393e-02 1.796342508008375080e+04 7.552216811291174054e+03 4.136808242765072464e+03
2.046260095998037737e-02 1.769785244592605886e+04 7.445718452549588619e+03 4.079064137246184146e+03
2.297201621738221775e-02 1.714232607827517495e+04 7.218620819458130427e+03 3.955355317652843496e+03
2.578917167586586637e-02 1.629445812284322164e+04 6.869740517729379462e+03 3.765011823832002392e+03
2.895180681720203528e-02 1.518065996743934738e+04 6.409589864185471015e+03 3.513712311969464736e+03
3.250228927534733192e-02 1.386343005719811299e+04 5.863453126845195584e+03 3.215194469180822125e+03
3.648818240631140908e-02 1.244144059766959799e+04 5.271641050739376624e+03 2.891421355645020412e+03
4.096288246151627566e-02 1.103834626106358883e+04 4.685304433701841845e+03 2.570345971977229055e+03
4.598633390041809155e-02 9.777805437302164137e+03 4.156620973746040363e+03 2.280639904700954958e+03
5.162583242493973962e-02 8.747960203741660735e+03 3.724294768811719678e+03 2.043795285622468100e+03
5.795692649341043640e-02 7.963740287001241086e+03 3.397197747822246583e+03 1.865104311650968157e+03
6.506442939097074885e-02 7.344849920509432195e+03 3.143006623534895880e+03 1.727112529158038797e+03
7.304355541444980393e-02 6.718824349495173010e+03 2.885020824525894568e+03 1.587098545591636594e+03
8.200119539239680844e-02 5.925112535425144415e+03 2.545178633690791685e+03 1.400289657289980369e+03
9.205734862752627812e-02 4.973941960455332264e+03 2.120641516765113920e+03 1.163325244115114401e+03
1.033467304443183715e-01 4.080970464257707590e+03 1.712917496451884517e+03 9.333212642777588144e+02
1.160205768769771578e-01 3.461546669831889631e+03 1.436908333291419240e+03 7.782043802835958104e+02
1.302486706739022226e-01 3.079896213855803580e+03 1.285230049790011890e+03 6.965665435444055902e+02
1.462216157596530064e-01 2.694084042534868786e+03 1.126424902908200920e+03 6.107113833081642724e+02
1.641533906237988560e-01 2.231256283089354838e+03 9.074652466322577311e+02 4.857961334842841552e+02
1.842842148426375448e-01 1.877287234802687635e+03 7.435677424181515107e+02 3.931502787165590007e+02
2.068837671345900298e-01 1.632398405299746855e+03 6.472886074085882910e+02 3.433074724094013845e+02
2.322547980593316352e-01 1.380413740733072927e+03 5.310792935023073369e+02 2.776020448525592315e+02
2.607371857574901086e-01 1.177030955525958689e+03 4.403756356066973581e+02 2.269759636894828247e+02
2.927124890628471365e-01 1.010857910919178266e+03 3.702575676649314573e+02 1.891632604357367597e+02
3.286090589819373742e-01 8.670795856640683041e+02 3.066386874417992772e+02 1.535168432638815261e+02
3.689077770159973624e-01 7.488449625490899280e+02 2.567093404762328532e+02 1.264865509962490790e+02
4.141484971975938345e-01 6.496358245153946882e+02 2.148834331445987118e+02 1.037404114223218130e+02
4.649372781414354283e-01 5.662817332936880348e+02 1.803331571349394835e+02 8.506691380055531226e+01
5.219545019921476570e-01 4.965831724726414222e+02 1.521060347235089694e+02 7.003318282376788773e+01
5.859639890329354506e-01 4.378026050747971567e+02 1.288980236124491796e+02 5.780314930555488928e+01
6.578232300572349756e-01 3.878438366176463319e+02 1.098036807330626772e+02 4.787669604779256360e+01
7.384948735793578356e-01 3.449573454112637023e+02 9.405996892481286409e+01 3.982828336423744986e+01
8.290596217703356530e-01 3.076662853013798440e+02 8.102686419645942806e+01 3.329786126162497339e+01
9.307307078768926045e-01 2.747616480108015935e+02 7.017847084609761055e+01 2.799218952341421485e+01
1.044870149067508081e+00 2.452784340396434288e+02 6.108108056263846208e+01 2.367102604008587718e+01
1.173006992433692330e+00 2.184491518460398254e+02 5.337698604962930915e+01 2.013723740872231716e+01
1.316857798575541416e+00 1.937325074170443600e+02 4.677595269439519399e+01 1.723092818450701103e+01
1.478349637175967013e+00 1.707725390145004951e+02 4.104794170330279712e+01 1.482423044379227584e+01
1.659645902619409696e+00 1.493966390916061755e+02 3.601103167029358332e+01 1.281298419282242662e+01
1.863175295489004624e+00 1.295488800490961410e+02 3.152739493660871517e+01 1.111481738899989757e+01
2.091664358187257822e+00 1.112872965754975496e+02 2.749810120824750470e+01 9.664037609272300600e+00
2.348174000537423645e+00 9.468790894611794329e+01 2.385465859221410767e+01 8.409770931039446396e+00
2.636140504673786467e+00 7.983216262821228781e+01 2.055491795598491578e+01 7.312360220734769101e+00
2.959421558534973240e+00 6.674230515502992489e+01 1.757362817120009169e+01 6.342525280334154303e+00
3.322347934639153344e+00 5.538398571599336151e+01 1.489942844472079742e+01 5.479572110540581242e+00
3.729781506445900785e+00 4.565837026975580670e+01 1.252361688783022942e+01 4.709037749090487779e+00
4.187180379509764627e+00 3.742116947421608586e+01 1.043781362964661241e+01 4.021242714791463335e+00
4.700672009942531204e+00 3.050857369563800603e+01 8.628946677382435482e+00 3.409541413908567797e+00
5.277135289701610610e+00 2.475193139945168141e+01 7.079604297811078695e+00 2.869203053472396459e+00
5.924292698344328478e+00 1.999085774432962026e+01 5.767774493951629999e+00 2.396000927514929213e+00
6.650813755741415534e+00 1.607754886424127250e+01 4.668781010601698256e+00 1.985669650573580469e+00
7.466431161634059954e+00 1.287798834954575966e+01 3.756790752737749539e+00 1.633467485194118440e+00
8.382071177875818790e+00 1.027420786365106586e+01 3.006403862374932956e+00 1.334215270586346147e+00
9.410000000000001918e+00 8.165151313756986440e+00 2.393597341379136711e+00 1.082409921819173393e+00
