1.000000000230258569e-04 4.550872582342806822e+02 1.953970541003777441e+02 1.064414199516286885e+02
1.122634227564673579e-04 5.064780901340182595e+02 2.175798353799592917e+02 1.185352170886395697e+02
1.260307608609534901e-04 5.635858289880876555e+02 2.422712160375160408e+02 1.320002935955369594e+02
1.414864458359461712e-04 6.270217953716237389e+02 2.697516195367073237e+02 1.469911094504336404e+02
1.588375267953347550e-04 6.974584967880801969e+02 3.003321560737655886e+02 1.636792984744815556e+02
1.783164441611049004e-04 7.756405530254547784e+02 3.343572882468402554e+02 1.822551453164605277e+02
2.001841435067871621e-04 8.623919585059048813e+02 3.722082552955737356e+02 2.029295516107050616e+02
2.247335712646909519e-04 9.586240064341491234e+02 4.143072927140889874e+02 2.259363951393961258e+02
2.522935991264941354e-04 1.065378254126756246e+03 4.611225498291531721e+02 2.515342935593724576e+02
2.832334297096662638e-04 1.183837042248402895e+03 5.131727280948266525e+02 2.800092416247149458e+02
3.179675425093897337e-04 1.315334993024988989e+03 5.710324244818727948e+02 3.116774885800488732e+02
3.569612463934728852e-04 1.461436892811762391e+03 6.353407183147302248e+02 3.468873188521403677e+02
4.007369130231864672e-04 1.623952244332160490e+03 7.068070747767469584e+02 3.860225397136591141e+02
4.498809747048478080e-04 1.804938190602362056e+03 7.862166137109367128e+02 4.295053928202244151e+02
5.050517804175268938e-04 2.006674194387569287e+03 8.744328260159746833e+02 4.777965198439492269e+02
5.669884152586394726e-04 2.231730834770755791e+03 9.724080194732339351e+02 5.313998201269293986e+02
6.365206014554368984e-04 2.482922530497083699e+03 1.081180237856245412e+03 5.908626885546383392e+02
7.145798135793877959e-04 2.763051039666109773e+03 1.201845434954961320e+03 6.567681156899204780e+02
8.022117568662883325e-04 3.075076149343902671e+03 1.335581608880734166e+03 7.297426253109592835e+02
9.005903758055168549e-04 3.422046247037646026e+03 1.483630801339832715e+03 8.104492342505708393e+02
1.011033580661806338e-03 3.806869154787271327e+03 1.647250555526676635e+03 8.995692263724153008e+02
1.135020902606864940e-03 4.232402054566064180e+03 1.827739504846628506e+03 9.978116239776817338e+02
1.274213313974418031e-03 4.701459549301218431e+03 2.026401430658368099e+03 1.105892785293512361e+03
1.430475479156914512e-03 5.216789367081928503e+03 2.244493952297701526e+03 1.224508800657184111e+03
1.605900734223756829e-03 5.780928563582093375e+03 2.483231532953416718e+03 1.354340173398175921e+03
1.802839129895710598e-03 6.396174485510415252e+03 2.743710476167770139e+03 1.496000446544292117e+03
2.023928913547812410e-03 7.064522131053000521e+03 3.026839437320539218e+03 1.649991884714058187e+03
2.272131871983379750e-03 7.787468403413784472e+03 3.333320352926244141e+03 1.816705558733966882e+03
2.550773008441800313e-03 8.565701587664552790e+03 3.663491937468497781e+03 1.996334927866371572e+03
2.863585085365514225e-03 9.398901946075051455e+03 4.017235040819401547e+03 2.188823853626994605e+03
3.214758629634808552e-03 1.028564529286466495e+04 4.393946910786065018e+03 2.393852885786906882e+03
3.608998070155939632e-03 1.122284663479076335e+04 4.792325129850642952e+03 2.610710971636216982e+03
4.051584759838999447e-03 1.220558378542234641e+04 5.210287736932427833e+03 2.838251384934960697e+03
4.548447726227339283e-03 1.322690377404465471e+04 5.644913226266119636e+03 3.074870915636871814e+03
5.106243098575769836e-03 1.427730324644631219e+04 6.092128443697110015e+03 3.318399202970782881e+03
5.732443275407110572e-03 1.534451838448966373e+04 6.546723105153025244e+03 3.565992371365919098e+03
6.435437027063155117e-03 1.641323892567143776e+04 7.002196324370651382e+03 3.814108877796135857e+03
7.224641874254610074e-03 1.746472229880739542e+04 7.450593002325440466e+03 4.058419987209967530e+03
8.110630248067678127e-03 1.847649326697420838e+04 7.882385054928985483e+03 4.293745263850369156e+03
9.105271121505569346e-03 1.942260719022417834e+04 8.286586753590978333e+03 4.514105944230898785e+03
1.022188900990466699e-02 2.026933019584357680e+04 8.648894209955631595e+03 4.711717329102762960e+03
1.147544247024383408e-02 2.098205515756257591e+04 8.954663967390366452e+03 4.878606082335475548e+03
1.288272449057868002e-02 2.152531191406400103e+04 9.188915682611404918e+03 5.006624143962284506e+03
1.446258745407916733e-02 2.185915573122346905e+04 9.334762711688052150e+03 5.086577342198150291e+03
1.623619569135818438e-02 2.194265413864108268e+04 9.374937947271248049e+03 5.109064466685558727e+03
1.822730900435978393e-02 2.174073081327166074e+04 9.294678808817354366e+03 5.066057520495699464e+03
2.046260095998037737e-02 2.122684857263176309e+04 9.082790927699430540e+03 4.951468078710317059e+03
2.297201621738221775e-02 2.039162930010509444e+04 8.735224641202166822e+03 4.763043250480979623e+03
2.578917167586586637e-02 1.925153714731211221e+04 8.258628241352194891e+03 4.504360780702260854e+03
2.895180681720203528e-02 1.785647350402887605e+04 7.673449727408735271e+03 4.186457055913096156e+03
3.250228927534733192e-02 1.629299851895046231e+04 7.015437214316399150e+03 3.828671299321880269e+03
3.648818240631140908e-02 1.467826542043625523e+04 6.333480258676124322e+03 3.457545401913097976e+03
4.096288246151627566e-02 1.314071841581408444e+04 5.681965311849187856e+03 3.102743612941051197e+03
4.598633390041809155e-02 1.178761992750871650e+04 5.107467010035689782e+03 2.789849816204852232e+03
5.162583242493973962e-02 1.066584568127405873e+04 4.631904337704351747e+03 2.531181750984165319e+03
5.795692649341043640e-02 9.730782655437526046e+03 4.237603662278143020e+03 2.317370526642771893e+03
6.506442939097074885e-02 8.854614254039501247e+03 3.867838093766779821e+03 2.117112456180091158e+03
7.304355541444980393e-02 7.867213356041748739e+03 3.440788720476470644e+03 1.884006872174581531e+03
8.200119539239680844e-02 6.737536654390895819e+03 2.935106047927591590e+03 1.604393745684563328e+03
9.205734862752627812e-02 5.623820094720936140e+03 2.424139775526137328e+03 1.318698920289627267e+03
1.033467304443183715e-01 4.750645384601715705e+03 2.025781744120537951e+03 1.095534207750519499e+03
1.160205768769771578e-01 4.155652127093408126e+03 1.770405188050549214e+03 9.554499087925273670e+02
1.302486706739022226e-01 3.638882844733107959e+03 1.552831561429362409e+03 8.378983818105101591e+02
1.462216157596530064e-01 3.064903088836194911e+03 1.285786691752616662e+03 6.882120303020268466e+02
1.641533906237988560e-01 2.568369407024447355e+03 1.049485511450357080e+03 5.546920189717504854e+02
1.842842148426375448e-01 2.214927000011759446e+03 8.983273817677492161e+02 4.738905053832336876e+02
2.068837671345900298e-01 1.887858823502015639e+03 7.508739265055201031e+02 3.928013935519139750e+02
2.322547980593316352e-01 1.602932435523033064e+03 6.179659270289276947e+02 3.179818924907590372e+02
2.607371857574901086e-01 1.376510636145396802e+03 5.201474717939963739e+02 2.653989596173229870e+02
2.927124890628471365e-01 1.179295072625470084e+03 4.308088633693772067e+02 2.155292995290512579e+02
3.286090589819373742e-01 1.017401706893843993e+03 3.606592854310815142e+02 1.776368547737086487e+02
3.689077770159973624e-01 8.809392470143537821e+02 3.013152387802823000e+02 1.452510573235694835e+02
4.141484971975938345e-01 7.670649728201633479e+02 2.528583160793286595e+02 1.191974952318587384e+02
4.649372781414354283e-01 6.717164556825292721e+02 2.130542133322388736e+02 9.800578434733300526e+01
5.219545019921476570e-01 5.913977726788411928e+02 1.803219240217562174e+02 8.076641723783619398e+01
5.859639890329354506e-01 5.233330125313451617e+02 1.534147795842116011e+02 6.679328259495082420e+01
6.578232300572349756e-01 4.651129313553655038e+02 1.312530613536306703e+02 5.547556924299460945e+01
7.384948735793578356e-01 4.146905395937120602e+02 1.129289694644403710e+02 4.630311602132065474e+01
8.290596217703356530e-01 3.703954285434312510e+02 9.769889695746066138e+01 3.886148642796833030e+01
9.307307078768926045e-01 3.308484245233614160e+02 8.494483475089879221e+01 3.280771523722665250e+01
1.044870149067508081e+00 2.949721454732932671e+02 7.415799106365594184e+01 2.786290340872637117e+01
1.173006992433692330e+00 2.619810625123512295e+02 6.493309980539874005e+01 2.380350542519708412e+01
1.316857798575541416e+00 2.313553740473417406e+02 5.694017370931017297e+01 2.044695031202125790e+01
1.478349637175967013e+00 2.028006574617414515e+02 4.992369825884046008e+01 1.764800662081176341e+01
1.659645902619409696e+00 1.762295156661790259e+02 4.368623475800542622e+01 1.528898386521517416e+01
1.863175295489004624e+00 1.516790168592933696e+02 3.808570798891346953e+01 1.327791893286635450e+01
2.091664358187257822e+00 1.292742058847206863e+02 3.302501182852272876e+01 1.154241985451307961e+01
2.348174000537423645e+00 1.091281782529634938e+02 2.844286170079965004e+01 1.002720176212194936e+01
2.636140504673786467e+00 9.131145218259732133e+01 2.430389753629063065e+01 8.690319756512838723e+00
2.959421558534973240e+00 7.580057507956425411e+01 2.059025755371893851e+01 7.502235558748764355e+00
3.322347934639153344e+00 6.249136754804244731e+01 1.729122433845314433e+01 6.442430423332305978e+00
3.729781506445900785e+00 5.120522878463474825e+01 1.439517761561992693e+01 5.497280064924972898e+00
4.187180379509764627e+00 4.172783013187557088e+01 1.188488119364208728e+01 4.657240928503543209e+00
4.700672009942531204e+00 3.383384563246325882e+01 9.736120648663765920e+00 3.915688291995579107e+00
5.277135289701610610e+00 2.730537147388757191e+01 7.918579590440730342e+00 3.266681094269384911e+00
5.924292698344328478e+00 2.194067026181171443e+01 6.397707059139007058e+00 2.704337436870539957e+00
6.650813755741415534e+00 1.755752835141005264e+01 5.137471755469245061e+00 2.222070119183590986e+00
7.466431161634059954e+00 1.399334437351595284e+01 4.102230877751647853e+00 1.812705499731702252e+00
8.382071177875818790e+00 1.110837066697909492e+01 3.258430234857430108e+00 1.468615376407146345e+00
9.410000000000001918e+00 8.784226702700435041e+00 2.575380993842585120e+00 1.182049130663625824e+00
