1.000000000230258569e-04 3.473267967451534332e+03 1.666892022875068960e+03 9.568381173305705261e+02
1.115486563971542785e-04 3.816793795929749194e+03 1.831862583837542388e+03 1.051415056028512936e+03
1.244310274114527074e-04 4.194347885774168390e+03 2.013211434258297231e+03 1.155347374996673807e+03
1.388011391866901154e-04 4.609297705947713439e+03 2.212571668440254143e+03 1.269560378025646060e+03
1.548308057910457113e-04 5.065324705212072331e+03 2.431732590268051808e+03 1.395068396029197629e+03
1.727116835090306587e-04 5.566422410479209248e+03 2.672641931396102791e+03 1.532979243317937289e+03
1.926575623508681512e-04 6.116950812057360963e+03 2.937431777918166517e+03 1.684506590782881403e+03
2.149069222004190347e-04 6.721624971801846186e+03 3.228415187163524934e+03 1.850972796999120192e+03
2.397257841638464457e-04 7.385439349923020018e+03 3.548053427183514941e+03 2.033802058710151414e+03
2.674108912107391479e-04 8.113759669033117461e+03 3.899001488003991653e+03 2.234540965878647512e+03
2.982932561365508645e-04 8.912304944028061072e+03 4.284095769053205004e+03 2.454855309519734874e+03
3.327421192670277522e-04 9.787018240608329506e+03 4.706278000767803860e+03 2.696498023806195306e+03
3.711693632243215748e-04 1.074415031609059406e+04 5.168646862183373742e+03 2.961338586221285368e+03
4.140344375392690035e-04 1.179031580468383254e+04 5.674470978746085166e+03 3.251362094110602811e+03
4.618498519902246974e-04 1.293260961058955763e+04 6.227187015119000534e+03 3.568633741331151668e+03
5.151873043487156757e-04 1.417852718308563090e+04 6.830387100053060749e+03 3.915316041321354078e+03
5.746845157973842983e-04 1.553601361716919746e+04 7.487843595857416403e+03 4.293673978340988469e+03
6.410528557468661917e-04 1.701378296662723733e+04 8.203643611823388710e+03 4.706080049820010572e+03
7.150858472165629249e-04 1.862116572933000498e+04 8.982108821421947141e+03 5.154998357384143674e+03
7.976686544726134401e-04 2.036791373874040073e+04 9.827722293913466274e+03 5.642957346341451739e+03
8.897886663605780169e-04 2.226360410221278289e+04 1.074497317342845417e+04 6.172479032635615113e+03
9.925473018708411317e-04 2.431784966529974554e+04 1.173839096869000241e+04 6.746078427985560666e+03
1.107173179088194286e-03 2.654002670178032349e+04 1.281239230435236823e+04 7.366177184029544151e+03
1.235036804978161722e-03 2.893726850011357601e+04 1.397040524644450488e+04 8.034686128832649047e+03
1.377666961646263968e-03 3.151491428585058020e+04 1.521505882005001331e+04 8.753075162996383369e+03
1.536768984990051967e-03 3.427636663246192620e+04 1.654808758849590959e+04 9.522294875294914164e+03
1.714245154289869167e-03 3.722033210373544716e+04 1.796894878255616277e+04 1.034201855276192691e+04
1.912217436523370962e-03 4.034103316938756325e+04 1.947495317704067566e+04 1.121070669391235242e+04
2.133052857342773462e-03 4.362815107648869161e+04 2.106125617841348139e+04 1.212558984924504148e+04
2.379391802059096454e-03 4.706418017772206804e+04 2.271950954928913779e+04 1.308188308321993100e+04
2.654179585009814029e-03 5.062434671056233492e+04 2.443784571123346177e+04 1.407278235718449832e+04
2.960701664764286197e-03 5.427671425516671297e+04 2.620094737745428938e+04 1.508952461360171583e+04
3.302622926212283368e-03 5.798137675890162791e+04 2.798986792520458766e+04 1.612111054953815437e+04
3.684031499205906151e-03 6.168912924890702561e+04 2.978059452076208981e+04 1.715405176151368869e+04
4.109487637665882979e-03 6.534415517265367816e+04 3.154657586340502894e+04 1.817285818349526380e+04
4.584078243567925488e-03 6.888247612544063304e+04 3.325707747145105532e+04 1.915993411012834986e+04
5.113477687716873853e-03 7.223231925667154428e+04 3.487768291971700091e+04 2.009553311533170563e+04
5.704015654503047893e-03 7.531477348409168189e+04 3.637055661751089065e+04 2.095791184971115217e+04
6.362752821816417166e-03 7.804391780068486696e+04 3.769450543935838505e+04 2.172341064487030599e+04
7.097565280973966440e-03 8.032591880440477689e+04 3.880460556463818648e+04 2.236619199179238421e+04
7.917238706014356406e-03 8.205501642657280900e+04 3.965016052430945274e+04 2.285709511845073939e+04
8.831573398280912271e-03 8.315205774456505605e+04 4.019352663279102853e+04 2.317452405289830494e+04
9.851501462242475554e-03 8.342990740920984535e+04 4.034435327173234691e+04 2.326625168112059328e+04
1.098921751354712747e-02 8.279171654226227838e+04 4.005641221791976568e+04 2.310567135684565073e+04
1.225832448210000328e-02 8.120182360520784277e+04 3.931292364731623820e+04 2.268308464029269817e+04
1.367399625343743499e-02 7.859432844334092806e+04 3.808212207566347206e+04 2.198004250870952092e+04
1.525315909299450497e-02 7.494040099869144615e+04 3.634972257335983159e+04 2.098815680692331080e+04
1.701469402243795462e-02 7.031635513361508492e+04 3.415146241733273928e+04 1.972775493234370515e+04
1.897966256774625410e-02 6.487824151598682511e+04 3.156015078276052736e+04 1.824028197087927038e+04
2.117155857815964867e-02 5.888707848220879532e+04 2.869850309092643511e+04 1.659578662581913522e+04
2.361658912683562567e-02 5.269842630024615937e+04 2.573509680852642487e+04 1.489105482183825552e+04
2.634398785175567220e-02 4.671469686054128397e+04 2.286229953370742442e+04 1.323680321360148264e+04
2.938636448329653983e-02 4.131448787384337629e+04 2.026443248892443080e+04 1.173989087743579330e+04
3.278009473753994152e-02 3.675475803841798188e+04 1.807096246457291272e+04 1.047642522404649571e+04
3.656575523702054742e-02 3.307586122693461948e+04 1.630864711360994443e+04 9.463740008781804136e+03
4.078860865897657173e-02 3.006479047427366822e+04 1.487810940118044527e+04 8.645572430393016475e+03
4.549914491170512637e-02 2.721360997427645998e+04 1.351986439993717431e+04 7.869279815731460076e+03
5.075368480951484434e-02 2.406279913705354193e+04 1.198094241305198193e+04 6.981235338302170931e+03
5.661505346402430361e-02 2.049972426926670232e+04 1.017874617098874660e+04 5.925185939898402466e+03
6.315333144310807112e-02 1.698476683943602620e+04 8.352981336640723384e+03 4.840984829035394796e+03
7.044669267860774464e-02 1.419288816557657447e+04 6.901256283663861723e+03 3.975374520491393923e+03
7.858233914112514040e-02 1.232613920742471419e+04 5.979262030782214424e+03 3.436399848937105162e+03
8.765754345719625751e-02 1.087786090295148279e+04 5.302086448226033099e+03 3.052947649300923331e+03
9.778081193473929511e-02 9.278237764459901882e+03 4.484730743607920886e+03 2.571579278667259587e+03
1.090731819023149224e-01 7.713364355020800758e+03 3.630580659737249334e+03 2.052377484230243681e+03
1.216696688736408766e-01 6.598013341478304028e+03 3.062287580247006645e+03 1.719670981610676563e+03
1.357208808401622890e-01 5.705010171660447668e+03 2.634165053869340682e+03 1.479351128738343959e+03
1.513948189927238619e-01 4.837157289448246956e+03 2.167848845746033476e+03 1.196691621616154862e+03
1.688788864024014236e-01 4.153799423914638282e+03 1.822379288642229312e+03 9.948142937895105433e+02
1.883821286769788717e-01 3.578288518377984474e+03 1.534619167125742479e+03 8.279231124627494864e+02
2.101377333831422056e-01 3.088255629156412397e+03 1.285094202422185163e+03 6.801900545000363536e+02
2.344058181183555356e-01 2.682202968343993689e+03 1.084643177506961138e+03 5.647338391542094769e+02
2.614765405675759102e-01 2.340245944529443932e+03 9.162845402185779449e+02 4.673495213551012739e+02
2.916735677297306317e-01 2.052758579639032632e+03 7.770124873067618410e+02 3.876036939057236168e+02
3.253579457932418983e-01 1.811929086714659206e+03 6.623490626890303474e+02 3.227508007807118702e+02
3.629324169301749725e-01 1.607991682786020647e+03 5.672314736062201064e+02 2.695071158314335094e+02
4.048462346221089470e-01 1.434353527226726328e+03 4.883008652663074258e+02 2.259362474993283740e+02
4.516005350914485406e-01 1.285486851869158727e+03 4.227005179771886105e+02 1.903101596498003119e+02
5.037543290608768043e-01 1.156338630427947010e+03 3.679090051974703783e+02 1.611248466123579988e+02
5.619311854805180140e-01 1.042713472942606131e+03 3.218488179199342767e+02 1.371523585355612624e+02
6.268266871357865977e-01 9.413522109660914339e+02 2.828646726738438133e+02 1.174093231345590738e+02
6.992167472777639503e-01 8.494555599551339355e+02 2.495392234912837637e+02 1.010702918470685603e+02
7.799668867126374749e-01 7.648920752447460245e+02 2.207356620657002395e+02 8.746861544683173406e+01
8.700425822703268253e-01 6.861119853646687261e+02 1.955267616622710136e+02 7.605888344445442328e+01
9.705208103821856280e-01 6.121101607018044888e+02 1.731903055838479020e+02 6.640500408062027304e+01
1.082602923786821769e+00 5.423741866692312215e+02 1.531612958710328485e+02 5.815102585419376169e+01
1.207629015322442267e+00 4.767624771215351416e+02 1.350251288195275094e+02 5.101657631039829255e+01
1.347093940544190405e+00 4.154633279577177518e+02 1.184911104171203959e+02 4.477776165539611952e+01
1.502665190738521561e+00 3.587824782657248761e+02 1.033709928488294452e+02 3.926411201186844124e+01
1.676202830030598223e+00 3.071044716112003243e+02 8.956235068188279058e+01 3.434718441558334945e+01
1.869781734959676811e+00 2.606741165268495024e+02 7.700961814119696669e+01 2.993398955046876253e+01
2.085716402426663674e+00 2.195972929332933745e+02 6.569208008749566829e+01 2.596006196813922529e+01
2.326588622626292402e+00 1.837583274700371021e+02 5.558850990989827068e+01 2.238148780336960897e+01
2.595278347831105226e+00 1.528696213222953588e+02 4.667294949085757594e+01 1.917047979919667711e+01
2.894998126105261083e+00 1.265186245799620508e+02 3.889601147402793657e+01 1.630599686841147644e+01
3.229331511649635278e+00 1.042194325777239641e+02 3.218929290258111564e+01 1.377137706657016913e+01
3.602275911025628830e+00 8.548008952076060041e+01 2.646631032673999329e+01 1.154856352975803269e+01
4.018290377542188097e+00 6.982522171178614201e+01 2.162984623375777815e+01 9.617959624244651451e+00
4.482348925252354732e+00 5.681928895324458040e+01 1.757845322412378408e+01 7.956917344293198191e+00
5.000000000000000888e+00 4.607037845496903117e+01 1.421159505810375379e+01 6.540850922465481609e+00
