1.000000000230258569e-04 9.365275985723452550e+02 4.340172456087632895e+02 2.427921572443263472e+02
1.115026695290953366e-04 1.037316268521606162e+03 4.809359123712065411e+02 2.690551117707677236e+02
1.243284530925187648e-04 1.148819967342197288e+03 5.329090306859269504e+02 2.981528065481753629e+02
1.386295441504667143e-04 1.272143959930191386e+03 5.904757198152050250e+02 3.303891987953297189e+02
1.545756424481938766e-04 1.408503000772545647e+03 6.542314300600760362e+02 3.661003273961212585e+02
1.723559677317991945e-04 1.559239826490116229e+03 7.248323478623951814e+02 4.056567173343063928e+02
1.921815050694108094e-04 1.725834486491092321e+03 8.030019159394630606e+02 4.494671980128048290e+02
2.142875084442451923e-04 1.909919603752613511e+03 8.895379417141359681e+02 4.979828980429257967e+02
2.389362923277018713e-04 2.113336654249385901e+03 9.853196007862096621e+02 5.516998553145664346e+02
2.664203443578849946e-04 2.338149525580032787e+03 1.091315468782541757e+03 6.111637493913968910e+02
2.970657960592480913e-04 2.586658322592967579e+03 1.208592250741437056e+03 6.769749532791736328e+02
3.312362927876497001e-04 2.861476782554529564e+03 1.338323368383107891e+03 7.497900906849488365e+02
3.693373088223966556e-04 3.165566448322823817e+03 1.481799227765844080e+03 8.303274582645026385e+02
4.118209588090659132e-04 3.502251548814198486e+03 1.640437287278992471e+03 9.193732760576084502e+02
4.591913626466918256e-04 3.875160262447415789e+03 1.815776496095837274e+03 1.017778074290540303e+03
5.120106274801957584e-04 4.288265077652144100e+03 2.009487249689618920e+03 1.126461192920399526e+03
5.709055177816341068e-04 4.745962070041161496e+03 2.223387103414981539e+03 1.246418675807998852e+03
6.365748926688486646e-04 5.252771574224570941e+03 2.459392964479297916e+03 1.378704708192798535e+03
7.097979987143026312e-04 5.813288076282230577e+03 2.719514826095275112e+03 1.524429240086447862e+03
7.914437166483044659e-04 6.432357463240405195e+03 3.005885388218948265e+03 1.684769265061543592e+03
8.824808716799498404e-04 7.114774907569026254e+03 3.320671299737881327e+03 1.860927203200467602e+03
9.839897297802024153e-04 7.865128123897201476e+03 3.666030183213034434e+03 2.054110509996321980e+03
1.097174816344422205e-03 8.687891039431158788e+03 4.044140654897106742e+03 2.265544580528185634e+03
1.223379209343287413e-03 9.587272554094484803e+03 4.457069240308425833e+03 2.496396796638686737e+03
1.364100476567608111e-03 1.056705400373874909e+04 4.906671027630801291e+03 2.747721367327344524e+03
1.521008446081769522e-03 1.163045588164294895e+04 5.394604648476571128e+03 3.020471893475406432e+03
1.695965020753673102e-03 1.277987285322680691e+04 5.922134242574169548e+03 3.315378767025255456e+03
1.891046271984591709e-03 1.401660446935123764e+04 6.489947663035429287e+03 3.632838860368416135e+03
2.108567074807741158e-03 1.534068672817733750e+04 7.098162495036718610e+03 3.972931507639075789e+03
2.351108576680822643e-03 1.675049730074228864e+04 7.746120435989678299e+03 4.335304783949505691e+03
2.621548825923003187e-03 1.824235231253468010e+04 8.432171261826246337e+03 4.719054909378380216e+03
2.923096923239734257e-03 1.981038890309140697e+04 9.153644769935270233e+03 5.122710137254847723e+03
3.259331101584665453e-03 2.144620049971341359e+04 9.906704821081517366e+03 5.544141525118724530e+03
3.634241186222156913e-03 2.313846190622230279e+04 1.068620061507877108e+04 5.980470440195486844e+03
4.052275938830490927e-03 2.487289941808235744e+04 1.148561892040676867e+04 6.428050187783496767e+03
4.518395847440812539e-03 2.663174437894321818e+04 1.229683584658671498e+04 6.882392005193697514e+03
5.038131988628217865e-03 2.839371724518368865e+04 1.311001864910655422e+04 7.338014379866116542e+03
5.617651660426248826e-03 3.013341284083745268e+04 1.391350486456209001e+04 7.788398701467879619e+03
6.263831564778516575e-03 3.181981277354678241e+04 1.469308203789860272e+04 8.225610953984763910e+03
6.984339407925946493e-03 3.342492687590973946e+04 1.543595452776360253e+04 8.642539095203435863e+03
7.787724887016851671e-03 3.489064230158006831e+04 1.611529729703124030e+04 9.024122186998363759e+03
8.683521142606049834e-03 3.617141420314541756e+04 1.671019508120261526e+04 9.358661307541306087e+03
9.682357880899711625e-03 3.722783662254481897e+04 1.720260090145288996e+04 9.636087933376924411e+03
1.079608750807801998e-02 3.800474511780624744e+04 1.756710418312553884e+04 9.842165876677405322e+03
1.203792577343234388e-02 3.843902552492344694e+04 1.777460887012969397e+04 9.960549051359646910e+03
1.342260859021738965e-02 3.847476482920569833e+04 1.779942092470681018e+04 9.976844946288183564e+03
1.496656689508787767e-02 3.805757095084338653e+04 1.761660037094409563e+04 9.877073858395093339e+03
1.668812162103823840e-02 3.714075877016901359e+04 1.720454733480771756e+04 9.649056252538179251e+03
1.860770109743517184e-02 3.569793521795293782e+04 1.655100767505717158e+04 9.285735183852379123e+03
2.074808345685756270e-02 3.373152529472570313e+04 1.565688575636565656e+04 8.787572349119012870e+03
2.313466692519383291e-02 3.128561908713596858e+04 1.454159173553003711e+04 8.165256227474544175e+03
2.579577120231610690e-02 2.845706154769110435e+04 1.324828636029538393e+04 7.442650298384400230e+03
2.876297350957714855e-02 2.540115993433863696e+04 1.184676794907936164e+04 6.658559899470375058e+03
3.207148329174031032e-02 2.232098925396303457e+04 1.042919956168850149e+04 5.864477809850855920e+03
3.576056001963404812e-02 1.943963836050491591e+04 9.098163318530519973e+03 5.117913480749187329e+03
3.987397905126498221e-02 1.695503968291960337e+04 7.946827635589465899e+03 4.471556733288593023e+03
4.446055107939526907e-02 1.498780844250708287e+04 7.035038755023840167e+03 3.959835452261761020e+03
4.957470132945773766e-02 1.353321920706069795e+04 6.365919730976549545e+03 3.585623407053980372e+03
5.527711538069327024e-02 1.243408363333917623e+04 5.869322707279406131e+03 3.310213849515904258e+03
6.163545927395905344e-02 1.141293843138851662e+04 5.411132451652796590e+03 3.057320479081966369e+03
6.872518245115814828e-02 1.014512115771351273e+04 4.820724807736401999e+03 2.726779380447281710e+03
7.663041305413779980e-02 8.572011703808955644e+03 4.053647412570689994e+03 2.288986969470053282e+03
8.544495620686157200e-02 6.969405273010397650e+03 3.246637481993881920e+03 1.821405232953103450e+03
9.527340712667957401e-02 5.740794636607261964e+03 2.627456049714448454e+03 1.461022787015107269e+03
1.062323922731101822e-01 5.007405117355029688e+03 2.285657696772962481e+03 1.267646185407084658e+03
1.184519532618636822e-01 4.484265400877846332e+03 2.068145762561433912e+03 1.152147896207000031e+03
1.320770899659224340e-01 3.832954105094137503e+03 1.753471122978796075e+03 9.730979220956756990e+02
1.472694811144383831e-01 3.154073612760333162e+03 1.390596758029786088e+03 7.566389048089109792e+02
1.642094028064348954e-01 2.695575921619239125e+03 1.167771525287004124e+03 6.298466061372356535e+02
1.830978677048002712e-01 2.346850456978017064e+03 1.017645898151879578e+03 5.513011429442916551e+02
2.041590102946942431e-01 1.987004587138332909e+03 8.311592895811737662e+02 4.409308994175436851e+02
2.276427465103479653e-01 1.706555601173968626e+03 6.963242419765391560e+02 3.644665755283847375e+02
2.538277392899435103e-01 1.473518770712182913e+03 5.882797117175625772e+02 3.049540109912786079e+02
2.830247052484705095e-01 1.272128673347328686e+03 4.905173811987618251e+02 2.485189149292453408e+02
3.155801017062329072e-01 1.106884398535109085e+03 4.143853136792980649e+02 2.066990676936653131e+02
3.518802378240603601e-01 9.668153734420722003e+02 3.494795253490651135e+02 1.704001956230903829e+02
3.923558586288135031e-01 8.489725316201884198e+02 2.960980088181103156e+02 1.410620497764083154e+02
4.374872563241952172e-01 7.500872742253171737e+02 2.521525479443536994e+02 1.172067176683837602e+02
4.878099695387512202e-01 6.659879588582034557e+02 2.156604593843174769e+02 9.760302482516904377e+01
5.439211381395319123e-01 5.941860381650204772e+02 1.854018202982137495e+02 8.159309993684203732e+01
6.064865890189676811e-01 5.323553209279475595e+02 1.602491086969616276e+02 6.851528360804671536e+01
6.762487369363893164e-01 4.785230196309364032e+02 1.392564307694262027e+02 5.782002685046499835e+01
7.540353941672404137e-01 4.309359833148009216e+02 1.216092356215010000e+02 4.904506632902432983e+01
8.407695934971151086e-01 3.883247248520922881e+02 1.066874156734481005e+02 4.183352322606791773e+01
9.374805411223435803e-01 3.495897687845907740e+02 9.395041969162095086e+01 3.588128990994836442e+01
1.045315829426528564e+00 3.138893045053166588e+02 8.296287485983415877e+01 3.094237729378398782e+01
1.165555054552403824e+00 2.806387984860198230e+02 7.337088713283498009e+01 2.681604505088417767e+01
1.299625000357985227e+00 2.494622467614845789e+02 6.489808170847322799e+01 2.334222486035276845e+01
1.449116568932995452e+00 2.201932030315479665e+02 5.732752537976082863e+01 2.038939983323373539e+01
1.615803658576671964e+00 1.927896467509775107e+02 5.049701171274916334e+01 1.785372085671161813e+01
1.801664213246928048e+00 1.673453280098150628e+02 4.429336609297671146e+01 1.565208272344662532e+01
2.008903693258128342e+00 1.439728587064973055e+02 3.863884103426833860e+01 1.372016211777152250e+01
2.239981245735629400e+00 1.228036103087102617e+02 3.348908640155378436e+01 1.200864535617797380e+01
2.497638885371206374e+00 1.039037966591514959e+02 2.881620602042795198e+01 1.048063377616264980e+01
2.784934031744384253e+00 8.727392653551015655e+01 2.460759024050372901e+01 9.110218588307885668e+00
3.105275789304232426e+00 7.283578723148744416e+01 2.085121920377318361e+01 7.878740429055968164e+00
3.462465400517639402e+00 6.044121891036986938e+01 1.753437414483209977e+01 6.774008745672396969e+00
3.860741352209485999e+00 4.990395746679102018e+01 1.463756877452270722e+01 5.786840004738694532e+00
4.304829670336041580e+00 4.101434497252519407e+01 1.213500728881281887e+01 4.910528137516423364e+00
4.799999999999999822e+00 3.356442858180399469e+01 9.995264715685566514e+00 4.138623094213369491e+00
