1.000000000230258569e-04 9.209317794476581184e+03 4.086012545507650429e+03 2.219870471695211563e+03
1.115486563971542785e-04 1.017742027212968969e+04 4.518941770990952136e+03 2.456195360919386530e+03
1.244310274114527074e-04 1.124489895009539214e+04 4.997126492511001743e+03 2.717537857552844798e+03
1.388011391866901154e-04 1.242165536241890186e+04 5.525165320627482288e+03 3.006504326192454300e+03
1.548308057910457113e-04 1.371878538015404411e+04 6.108135303932538591e+03 3.325963780515884082e+03
1.727116835090306587e-04 1.514913820123790356e+04 6.751695202350952059e+03 3.679070663911120846e+03
1.926575623508681512e-04 1.672717270132184785e+04 7.462097589109086584e+03 4.069294237585344945e+03
2.149069222004190347e-04 1.846941455851682986e+04 8.246305364708361594e+03 4.500448492324468134e+03
2.397257841638464457e-04 2.039542030035356947e+04 9.112207872549677631e+03 4.976723855827492116e+03
2.674108912107391479e-04 2.252771955184187391e+04 1.006862813200291566e+04 5.502722751318950941e+03
2.982932561365508645e-04 2.489172844952721061e+04 1.112536863257500590e+04 6.083483265450360705e+03
3.327421192670277522e-04 2.751505403973926150e+04 1.229321258911083169e+04 6.724480030980384981e+03
3.711693632243215748e-04 3.042866371115885704e+04 1.358412448599008530e+04 7.431685358060709405e+03
4.140344375392690035e-04 3.366616342858162534e+04 1.501111352247575451e+04 8.211553537894355031e+03
4.618498519902246974e-04 3.725957606322877837e+04 1.658739815504365106e+04 9.070855656894062122e+03
5.151873043487156757e-04 4.124169963131679106e+04 1.832694613882384510e+04 1.001680059116559460e+04
5.746845157973842983e-04 4.564606228420570551e+04 2.024437824661196646e+04 1.105698304918606664e+04
6.410528557468661917e-04 5.050367799257456500e+04 2.235380101179511257e+04 1.219899378719292872e+04
7.150858472165629249e-04 5.584355090504992404e+04 2.466916076982602681e+04 1.345054615389042192e+04
7.976686544726134401e-04 6.169274118572759471e+04 2.720414031569582949e+04 1.481936818148549719e+04
8.897886663605780169e-04 6.807732229736090812e+04 2.997132290815937813e+04 1.631255968450677938e+04
9.925473018708411317e-04 7.502036874959823035e+04 3.298200703008424898e+04 1.793663981583096756e+04
1.107173179088194286e-03 8.254015116321954702e+04 3.624567013819039857e+04 1.969728452201262917e+04
1.235036804978161722e-03 9.064874971125465527e+04 3.976835688415874029e+04 2.159806086613003572e+04
1.377666961646263968e-03 9.935050513064934057e+04 4.355236111966139288e+04 2.364042314068787164e+04
1.536768984990051967e-03 1.086392323597523064e+05 4.759526318554030877e+04 2.582330835817820844e+04
1.714245154289869167e-03 1.184892106259151187e+05 5.188587182408772787e+04 2.814085208954631889e+04
1.912217436523370962e-03 1.288551791573570808e+05 5.640418268645506760e+04 3.058238804451707620e+04
2.133052857342773462e-03 1.396712836867306905e+05 6.112100976482041006e+04 3.313225213887988502e+04
2.379391802059096454e-03 1.508391174287681933e+05 6.599373165006909403e+04 3.576735027000245464e+04
2.654179585009814029e-03 1.622285738422548457e+05 7.096637771174203954e+04 3.845721745506527805e+04
2.960701664764286197e-03 1.736803049750124337e+05 7.596972227441596624e+04 4.116443158077333646e+04
3.302622926212283368e-03 1.850005836630389385e+05 8.091894744908437133e+04 4.384373274010678870e+04
3.684031499205906151e-03 1.959693979938065459e+05 8.571818370837495604e+04 4.644313580774474394e+04
4.109487637665882979e-03 2.063420697582695866e+05 9.026126050823768310e+04 4.890524866759503493e+04
4.584078243567925488e-03 2.158536426373378199e+05 9.443340428511153732e+04 5.116810632279608399e+04
5.113477687716873853e-03 2.242246078114911506e+05 9.811370106231569662e+04 5.316643260583219671e+04
5.704015654503047893e-03 2.311686443394474627e+05 1.011784814740749862e+05 5.483341195431470260e+04
6.362752821816417166e-03 2.363972194802580343e+05 1.035033049286636524e+05 5.610183881272932194e+04
7.097565280973966440e-03 2.396164589246784453e+05 1.049627361185231712e+05 5.690413025535127235e+04
7.917238706014356406e-03 2.405326101454620366e+05 1.054285208147543890e+05 5.717052436165140534e+04
8.831573398280912271e-03 2.390390479379442986e+05 1.048577345912842284e+05 5.687814806072666397e+04
9.851501462242475554e-03 2.343717551561034343e+05 1.029159028574401600e+05 5.584508116802816221e+04
1.098921751354712747e-02 2.265165422387155122e+05 9.959786732564617705e+04 5.406837928052736243e+04
1.225832448210000328e-02 2.155006900111848663e+05 9.491522028923098696e+04 5.155385281115755060e+04
1.367399625343743499e-02 2.014469282452957414e+05 8.891785047385258076e+04 4.832774650237577589e+04
1.525315909299450497e-02 1.846127653762679256e+05 8.170751756807217316e+04 4.444342413587282499e+04
1.701469402243795462e-02 1.656461109261395468e+05 7.355017998140709824e+04 4.004270401626321836e+04
1.897966256774625410e-02 1.455542148679334205e+05 6.486332956385422585e+04 3.534879516007557686e+04
2.117155857815964867e-02 1.255561379407571221e+05 5.615812751974037383e+04 3.063598478400138629e+04
2.361658912683562567e-02 1.069872973059281067e+05 4.800949799738271395e+04 2.621555805283496375e+04
2.634398785175567220e-02 9.101580915554135572e+04 4.094148815122187807e+04 2.237420574962133833e+04
2.938636448329653983e-02 7.835803555281829904e+04 3.530743129576550564e+04 1.931018485716743817e+04
3.278009473753994152e-02 6.904245373744281824e+04 3.117628898223284341e+04 1.707044424897908539e+04
3.656575523702054742e-02 6.230382959967777424e+04 2.825570317221443111e+04 1.550423093021370369e+04
4.078860865897657173e-02 5.674353439489486482e+04 2.591602721269898393e+04 1.426698037097560336e+04
4.549914491170512637e-02 5.060280188587713201e+04 2.325061685832436342e+04 1.283782662430840173e+04
5.075368480951484434e-02 4.314797821622834454e+04 1.977811589907239613e+04 1.091561073645856595e+04
5.661505346402430361e-02 3.520691213852014334e+04 1.585155098521624132e+04 8.681911145492875221e+03
6.315333144310807112e-02 2.860961569556158429e+04 1.251906084851462583e+04 6.762925703009828794e+03
7.044669267860774464e-02 2.430619236730002012e+04 1.048372063053463899e+04 5.622120057282235393e+03
7.858233914112514040e-02 2.149074354616850178e+04 9.376568033999516047e+03 5.068769569826854422e+03
8.765754345719625751e-02 1.866002360172781482e+04 8.158437023339912230e+03 4.431272039401963411e+03
9.778081193473929511e-02 1.562450409134194888e+04 6.555720800323414551e+03 3.485203936436788808e+03
1.090731819023149224e-01 1.325985905760511741e+04 5.349720432923543740e+03 2.778595738988477478e+03
1.216696688736408766e-01 1.152137329243450586e+04 4.641657658837620147e+03 2.427177557340090971e+03
1.357208808401622890e-01 9.922034334659965680e+03 3.883098224377308725e+03 2.000697523654777115e+03
1.513948189927238619e-01 8.566058490667843216e+03 3.220711366436769367e+03 1.612933520355659084e+03
1.688788864024014236e-01 7.475725490148151948e+03 2.745446294082154509e+03 1.366867109640028048e+03
1.883821286769788717e-01 6.525874218142407699e+03 2.305762190212293262e+03 1.115892108544912389e+03
2.101377333831422056e-01 5.746749572855598672e+03 1.962516007822700431e+03 9.331162416228938810e+02
2.344058181183555356e-01 5.076738370695257800e+03 1.669397093344890436e+03 7.728650998200898812e+02
2.614765405675759102e-01 4.516585908669160744e+03 1.430928452468242540e+03 6.462303974510407443e+02
2.916735677297306317e-01 4.033164013127608087e+03 1.231458679722898523e+03 5.411386944908142596e+02
3.253579457932418983e-01 3.615592601905857009e+03 1.065540679919229888e+03 4.551985965262191485e+02
3.629324169301749725e-01 3.250842871886572993e+03 9.270172006395150675e+02 3.848776457651159717e+02
4.048462346221089470e-01 2.927378866242285312e+03 8.105892572173003146e+02 3.271547155284754353e+02
4.516005350914485406e-01 2.636107222387944603e+03 7.119713651730235142e+02 2.796307087988080866e+02
5.037543290608768043e-01 2.369605073972615628e+03 6.275481811034350130e+02 2.403081346705733949e+02
5.619311854805180140e-01 2.122966209160044855e+03 5.545777805784578049e+02 2.076346682689647878e+02
6.268266871357865977e-01 1.892712743887720990e+03 4.907462026782975499e+02 1.803007553394899105e+02
6.992167472777639503e-01 1.676622765090335179e+03 4.342019664888524062e+02 1.572439510674838345e+02
7.799668867126374749e-01 1.474014942564866715e+03 3.835341252324603829e+02 1.376027307963636872e+02
8.700425822703268253e-01 1.285013435297833212e+03 3.376945433492856523e+02 1.206937372281272332e+02
9.705208103821856280e-01 1.110471817948946864e+03 2.959642664838160613e+02 1.059708786014519006e+02
1.082602923786821769e+00 9.512701095283360928e+02 2.578597486000937238e+02 9.300850154848671991e+01
1.207629015322442267e+00 8.081580250724479129e+02 2.231198421218622343e+02 8.148465154246146369e+01
1.347093940544190405e+00 6.813969894932280340e+02 1.915958146345928128e+02 7.115947806745225535e+01
1.502665190738521561e+00 5.706452185481971355e+02 1.632257638762176555e+02 6.186755339656868102e+01
1.676202830030598223e+00 4.750688170200580203e+02 1.379508197869068624e+02 5.349302170296175518e+01
1.869781734959676811e+00 3.934078552994743632e+02 1.156883776035250548e+02 4.596200508343690672e+01
2.085716402426663674e+00 3.242181462109060135e+02 9.630686496467848201e+01 3.922154737572748218e+01
2.326588622626292402e+00 2.660109799269649216e+02 7.962235117986062960e+01 3.323245682659221956e+01
2.595278347831105226e+00 2.173485813596262801e+02 6.541117896464713510e+01 2.795691267512636102e+01
2.894998126105261083e+00 1.768984275521025324e+02 5.342218724665941210e+01 2.335375003600093180e+01
3.229331511649635278e+00 1.434510799426169854e+02 4.339546952339277652e+01 1.937607533535130244e+01
3.602275911025628830e+00 1.159158259676917879e+02 3.507406315336711344e+01 1.597116858105071202e+01
4.018290377542188097e+00 9.333635025643114602e+01 2.821546725180257198e+01 1.308281170598961474e+01
4.482348925252354732e+00 7.489660975909235674e+01 2.259744605691501818e+01 1.065337666670134631e+01
5.000000000000000888e+00 5.989998771822488521e+01 1.802162294068565274e+01 8.626220127111233538e+00
