1.000000000230258569e-04 1.654384899781517788e+03 7.901470839784076361e+02 4.547713892071411692e+02
1.115486563971542785e-04 1.844530823871212988e+03 8.809512764987015316e+02 5.069231595013336573e+02
1.244310274114527074e-04 2.056664643092618917e+03 9.822607585918611903e+02 5.650749923835979871e+02
1.388011391866901154e-04 2.293348520978392116e+03 1.095305783317257919e+03 6.299216248649377121e+02
1.548308057910457113e-04 2.557427140376229545e+03 1.221456972574876545e+03 7.022373117661284141e+02
1.727116835090306587e-04 2.852025900083102442e+03 1.362230754083899456e+03 7.828820650949777473e+02
1.926575623508681512e-04 3.180606766385715218e+03 1.519314590212996563e+03 8.728138281112679806e+02
2.149069222004190347e-04 3.546956347291149086e+03 1.694567005529769631e+03 9.730932772916754629e+02
2.397257841638464457e-04 3.955100664612053606e+03 1.889989187921010625e+03 1.084880019863323014e+03
2.674108912107391479e-04 4.409393571740361949e+03 2.107767411130358141e+03 1.209452585775920625e+03
2.982932561365508645e-04 4.914499725978886090e+03 2.350263482447064689e+03 1.348207847480195369e+03
3.327421192670277522e-04 5.475267745855266185e+03 2.619942602503095259e+03 1.502632866326318435e+03
3.711693632243215748e-04 6.096786760418447557e+03 2.919416272711323018e+03 1.674331687609356322e+03
4.140344375392690035e-04 6.784462514357532200e+03 3.251460227089301497e+03 1.865028523582117259e+03
4.618498519902246974e-04 7.544252193258001171e+03 3.619040320055693428e+03 2.076545316901512251e+03
5.151873043487156757e-04 8.382523869239319538e+03 4.025283589568659863e+03 2.310811501125918312e+03
5.746845157973842983e-04 9.306160908403842768e+03 4.473523893014130408e+03 2.569880358607247217e+03
6.410528557468661917e-04 1.032320511429109138e+04 4.967551727726005993e+03 2.855988694030259467e+03
7.150858472165629249e-04 1.144263393886528502e+04 5.511507991833239430e+03 3.171525397517496913e+03
7.976686544726134401e-04 1.267422729505565803e+04 6.109845352092388566e+03 3.519022949417179007e+03
8.897886663605780169e-04 1.402830346694065884e+04 6.767361538083610867e+03 3.901194730813386286e+03
9.925473018708411317e-04 1.551591618664601810e+04 7.489209321451294272e+03 4.320915806502382111e+03
1.107173179088194286e-03 1.714866138535040591e+04 8.280778407066511136e+03 4.781155879544733580e+03
1.235036804978161722e-03 1.893687468770535270e+04 9.146988013668362328e+03 5.284683206342300764e+03
1.377666961646263968e-03 2.089008445269223375e+04 1.009245632611962355e+04 5.834114833567963615e+03
1.536768984990051967e-03 2.301698208512879137e+04 1.112144221591610949e+04 6.431852050405288537e+03
1.714245154289869167e-03 2.532307177443906767e+04 1.223666298994288081e+04 7.079444621492442820e+03
1.912217436523370962e-03 2.781072195481120798e+04 1.343935031767836517e+04 7.777612095296331972e+03
2.133052857342773462e-03 3.047903781188410721e+04 1.472920958168463767e+04 8.526205888475027677e+03
2.379391802059096454e-03 3.332173794800557516e+04 1.610330210379229902e+04 9.323543827946477904e+03
2.654179585009814029e-03 3.632671618123025837e+04 1.755586357567187952e+04 1.016631427739543687e+04
2.960701664764286197e-03 3.947572689829404408e+04 1.907818610145513230e+04 1.104953168191903933e+04
3.302622926212283368e-03 4.274390643596814334e+04 2.065862192269827574e+04 1.196629952566318207e+04
3.684031499205906151e-03 4.609681976674789621e+04 2.228017720259181078e+04 1.290727815094729340e+04
4.109487637665882979e-03 4.949406331710826635e+04 2.392378295097388036e+04 1.386107725331658912e+04
4.584078243567925488e-03 5.288640865743101313e+04 2.556580224388165880e+04 1.481414551148263308e+04
5.113477687716873853e-03 5.621564313295263128e+04 2.717838117854439770e+04 1.575042309793682762e+04
5.704015654503047893e-03 5.941461451134998788e+04 2.872934735646645640e+04 1.665134903147395016e+04
6.362752821816417166e-03 6.240676521154987131e+04 3.018208795589834699e+04 1.749577638056274373e+04
7.097565280973966440e-03 6.510427912793205178e+04 3.149460898909862954e+04 1.825945354134519948e+04
7.917238706014356406e-03 6.743404354477685411e+04 3.263212167600624161e+04 1.892231077155299135e+04
8.831573398280912271e-03 6.922313309203569952e+04 3.351165219143626746e+04 1.943629471294788891e+04
9.851501462242475554e-03 7.037990902417116740e+04 3.408932158722092572e+04 1.977597914730880439e+04
1.098921751354712747e-02 7.076162682521699753e+04 3.429687708437995752e+04 1.990185981181158422e+04
1.225832448210000328e-02 7.030577422067231964e+04 3.410480266606291116e+04 1.979682973817428501e+04
1.367399625343743499e-02 6.891831587630764989e+04 3.346805316789727658e+04 1.943473094531617608e+04
1.525315909299450497e-02 6.653535527831820946e+04 3.235559924030672482e+04 1.879746526939217802e+04
1.701469402243795462e-02 6.318982857772183343e+04 3.078242545039573815e+04 1.789350434543183655e+04
1.897966256774625410e-02 5.899078920494888007e+04 2.879863803381768230e+04 1.675137210806712028e+04
2.117155857815964867e-02 5.415458756541218463e+04 2.650526998745434685e+04 1.542899919098950704e+04
2.361658912683562567e-02 4.900013492954573303e+04 2.405262735910154515e+04 1.401307058349131512e+04
2.634398785175567220e-02 4.390826494112693035e+04 2.162223821786685221e+04 1.260860724149620910e+04
2.938636448329653983e-02 3.925407126450813666e+04 1.939640283960039233e+04 1.132190210426273552e+04
3.278009473753994152e-02 3.530893545500849723e+04 1.751175153017375487e+04 1.023373674642853257e+04
3.656575523702054742e-02 3.213801121342039551e+04 1.600751233995277653e+04 9.368911156757809295e+03
4.078860865897657173e-02 2.954733348941687291e+04 1.479330874456822858e+04 8.676083451718908691e+03
4.549914491170512637e-02 2.705028552828946340e+04 1.361748842849920584e+04 8.005764934441298465e+03
5.075368480951484434e-02 2.416615170605478852e+04 1.221102979655177296e+04 7.192610288377164579e+03
5.661505346402430361e-02 2.078013118973079690e+04 1.048528132837855264e+04 6.174714811211724736e+03
6.315333144310807112e-02 1.737009250206759316e+04 8.691290699411980313e+03 5.099511276182981419e+03
7.044669267860774464e-02 1.465620843343376873e+04 7.259011493730322400e+03 4.237064724811710221e+03
7.858233914112514040e-02 1.286952525929837611e+04 6.366641467951852064e+03 3.712446645055775662e+03
8.765754345719625751e-02 1.148761780930800342e+04 5.714991295553049895e+03 3.343205266876675523e+03
9.778081193473929511e-02 9.893934610937016259e+03 4.883464763937721727e+03 2.848004989278179892e+03
1.090731819023149224e-01 8.305895961480324331e+03 3.993523981144410300e+03 2.297910283256620914e+03
1.216696688736408766e-01 7.181515944799196404e+03 3.409150330474417842e+03 1.950613349169299454e+03
1.357208808401622890e-01 6.274062451347306705e+03 2.967411624368250159e+03 1.699168180309263107e+03
1.513948189927238619e-01 5.370455975462861716e+03 2.468670103422618922e+03 1.390235851328249055e+03
1.688788864024014236e-01 4.656496054423762871e+03 2.100433385154464304e+03 1.171141530637755977e+03
1.883821286769788717e-01 4.048054719156174087e+03 1.789024346276200959e+03 9.868986747315366301e+02
2.101377333831422056e-01 3.523916915937126305e+03 1.515321968459140180e+03 8.214593921015916749e+02
2.344058181183555356e-01 3.086366962272113597e+03 1.293553775081867798e+03 6.909969986100711594e+02
2.614765405675759102e-01 2.714488590782771553e+03 1.105129851927676782e+03 5.795404625293500658e+02
2.916735677297306317e-01 2.399083836602392239e+03 9.474955524003709115e+02 4.870734171930575940e+02
3.253579457932418983e-01 2.132711327670832361e+03 8.163771058451785620e+02 4.110181068840275884e+02
3.629324169301749725e-01 1.905494821750388837e+03 7.065272789466267795e+02 3.478366713184674950e+02
4.048462346221089470e-01 1.710649116259596894e+03 6.144845345039749418e+02 2.955362221369398412e+02
4.516005350914485406e-01 1.542235455814417264e+03 5.371930293107429861e+02 2.522615066854103247e+02
5.037543290608768043e-01 1.395079839545572440e+03 4.720084551026308759e+02 2.164069771123264445e+02
5.619311854805180140e-01 1.264582660066658491e+03 4.166402197872011470e+02 1.866087976324711803e+02
6.268266871357865977e-01 1.147224146593351406e+03 3.692745735916390117e+02 1.617767976782555479e+02
6.992167472777639503e-01 1.039953243612302458e+03 3.283236881793986868e+02 1.409721705265896787e+02
7.799668867126374749e-01 9.404434764975572989e+02 2.925034984502993893e+02 1.234277817202132468e+02
8.700425822703268253e-01 8.470216096984472642e+02 2.607570008709387253e+02 1.085057514032301214e+02
9.705208103821856280e-01 7.586348680681895758e+02 2.322621618566205370e+02 9.569178208946054554e+01
1.082602923786821769e+00 6.748181022357483698e+02 2.063806790335886490e+02 8.456028922929554881e+01
1.207629015322442267e+00 5.955346899208303739e+02 1.826571121243331675e+02 7.477647574606389469e+01
1.347093940544190405e+00 5.211528081702775808e+02 1.607938319647861931e+02 6.607467777843280032e+01
1.502665190738521561e+00 4.521409475231731108e+02 1.406162135877428057e+02 5.825553310478588998e+01
1.676202830030598223e+00 3.890356458776529962e+02 1.220560032443444385e+02 5.117345224169242357e+01
1.869781734959676811e+00 3.321687137633037423e+02 1.050958676653715997e+02 4.472846205539552500e+01
2.085716402426663674e+00 2.816770267557353122e+02 8.975709791121333581e+01 3.885874917059732070e+01
2.326588622626292402e+00 2.374244003150660944e+02 7.604462383486021793e+01 3.352674899409473142e+01
2.595278347831105226e+00 1.990599882173128208e+02 6.394462563551243051e+01 2.871401020977868868e+01
2.894998126105261083e+00 1.661055309845228294e+02 5.339869446671561093e+01 2.440583145632765039e+01
3.229331511649635278e+00 1.380084050040896102e+02 4.431347743179904342e+01 2.058887284914947813e+01
3.602275911025628830e+00 1.142086139973001337e+02 3.656656488019140028e+01 1.724290697820327978e+01
4.018290377542188097e+00 9.416218505478497036e+01 3.001865268189687086e+01 1.434178461783258207e+01
4.482348925252354732e+00 7.735850928173522334e+01 2.452643198873873231e+01 1.185218491669656515e+01
5.000000000000000888e+00 6.332796362252500444e+01 1.994957312278478057e+01 9.736219303279767701e+00
