1.000000000230258569e-04 7.023008351042029744e+02 3.279987309835993869e+02 1.872991107772023440e+02
1.122634227564673579e-04 7.816204974203373013e+02 3.649770100823920416e+02 2.083963691452194951e+02
1.260307608609534901e-04 8.699420707611193393e+02 4.061304246073097488e+02 2.318691497618173400e+02
1.414864458359461712e-04 9.682943167880721376e+02 4.519310926269086508e+02 2.579841766744946199e+02
1.588375267953347550e-04 1.077824626184788258e+03 5.029046001651227584e+02 2.870379620026461680e+02
1.783164441611049004e-04 1.199808109656641591e+03 5.596350334618758779e+02 3.193597237212484288e+02
2.001841435067871621e-04 1.335642731933701953e+03 6.227673060938784602e+02 3.553134084077527746e+02
2.247335712646909519e-04 1.486871583389037141e+03 6.930157764283119377e+02 3.953021626033646498e+02
2.522935991264941354e-04 1.655182471148527611e+03 7.711674197378195004e+02 4.397710864420957364e+02
2.832334297096662638e-04 1.842367568915083439e+03 8.580750771954137690e+02 4.892067726370027003e+02
3.179675425093897337e-04 2.050360998422852390e+03 9.546717007884993791e+02 5.441441135338720869e+02
3.569612463934728852e-04 2.281217735623664794e+03 1.061964170254646888e+03 6.051652158767701621e+02
4.007369130231864672e-04 2.537050271887242161e+03 1.181011743606744403e+03 6.728923062386996889e+02
4.498809747048478080e-04 2.820064165414323725e+03 1.312945711611935394e+03 7.479979411382487342e+02
5.050517804175268938e-04 3.132584369290204449e+03 1.458961342900757018e+03 8.311975159979585897e+02
5.669884152586394726e-04 3.477074549384355578e+03 1.620302756868601136e+03 9.232377505474593136e+02
6.365206014554368984e-04 3.856092550177043449e+03 1.798268682255058593e+03 1.024905862298226566e+03
7.145798135793877959e-04 4.272431688703220971e+03 1.994234267761625006e+03 1.137023778986950447e+03
8.022117568662883325e-04 4.729213072640605787e+03 2.209660751137187617e+03 1.260440897546648102e+03
9.005903758055168549e-04 5.229755466810321195e+03 2.446064719242812316e+03 1.396030428057601966e+03
1.011033580661806338e-03 5.777509560169804899e+03 2.705008253486713784e+03 1.544679195978897951e+03
1.135020902606864940e-03 6.376037776421062517e+03 2.988086820793683273e+03 1.707276373048316373e+03
1.274213313974418031e-03 7.028987778135357075e+03 3.296896055845942556e+03 1.884694769687760981e+03
1.430475479156914512e-03 7.739480218745818092e+03 3.632820891297410526e+03 2.077698175411849206e+03
1.605900734223756829e-03 8.510037088034803674e+03 3.996996112033032205e+03 2.286916067874646615e+03
1.802839129895710598e-03 9.342648076272322214e+03 4.390299110345708868e+03 2.512825036360104605e+03
2.023928913547812410e-03 1.023785157615427852e+04 4.812956581514450590e+03 2.755541058915122903e+03
2.272131871983379750e-03 1.119471296514195456e+04 5.264527243660385466e+03 3.014805425358080811e+03
2.550773008441800313e-03 1.221075553623941960e+04 5.743855775992226881e+03 3.289952104587868234e+03
2.863585085365514225e-03 1.328108039832359464e+04 6.248650361404726937e+03 3.579666359985093095e+03
3.214758629634808552e-03 1.439838270101759736e+04 6.775498890998005663e+03 3.881995040130771486e+03
3.608998070155939632e-03 1.555275677249126056e+04 7.319771254222024254e+03 4.194292310244401051e+03
4.051584759838999447e-03 1.673105363504287379e+04 7.875279384881819169e+03 4.513027748332419833e+03
4.548447726227339283e-03 1.791706870387879826e+04 8.434391341850361641e+03 4.833851132040936136e+03
5.106243098575769836e-03 1.909147307290232129e+04 8.988053807238267837e+03 5.151565854514143211e+03
5.732443275407110572e-03 2.023164063139583595e+04 9.525640010500215794e+03 5.460082297514107267e+03
6.435437027063155117e-03 2.131160086490639878e+04 1.003496250533513739e+04 5.752431810102279087e+03
7.224641874254610074e-03 2.230230597205260347e+04 1.050236701755382455e+04 6.020799919582944312e+03
8.110630248067678127e-03 2.317160200872777568e+04 1.091275121858834973e+04 6.256534076366975569e+03
9.105271121505569346e-03 2.388412962326984052e+04 1.124949008178808435e+04 6.450116746079414042e+03
1.022188900990466699e-02 2.440532665785194695e+04 1.149634012493417686e+04 6.592233746452889136e+03
1.147544247024383408e-02 2.468557790091997231e+04 1.162994724261335978e+04 6.669485314073691370e+03
1.288272449057868002e-02 2.468477443192381907e+04 1.163140072880869775e+04 6.671015200199139144e+03
1.446258745407916733e-02 2.436833937620119832e+04 1.148443111388966463e+04 6.587478663276251609e+03
1.623619569135818438e-02 2.370476981542144495e+04 1.117417058939596063e+04 6.410325182715112533e+03
1.822730900435978393e-02 2.267056376542316139e+04 1.068954793712013634e+04 6.133181102301624378e+03
2.046260095998037737e-02 2.126445026836737452e+04 1.002989878464667345e+04 5.755637375464784782e+03
2.297201621738221775e-02 1.951508833469320962e+04 9.208558921477779222e+03 5.285302388746829820e+03
2.578917167586586637e-02 1.748843144224258504e+04 8.256207276369070314e+03 4.739664082960260203e+03
2.895180681720203528e-02 1.529509544329992787e+04 7.224392313411307441e+03 4.148192249927673402e+03
3.250228927534733192e-02 1.308425440890183927e+04 6.182769737122982406e+03 3.550714499922466075e+03
3.648818240631140908e-02 1.102496240233727440e+04 5.210749583790621728e+03 2.992741745693625489e+03
4.096288246151627566e-02 9.272422430179451112e+03 4.381973725802950867e+03 2.516656178574454316e+03
4.598633390041809155e-02 7.927436764563536599e+03 3.745422441001337120e+03 2.150899342961739421e+03
5.162583242493973962e-02 7.000111657586122419e+03 3.308114118020365368e+03 1.900000212977935462e+03
5.795692649341043640e-02 6.385313936087834918e+03 3.022311229626016939e+03 1.736995721353019462e+03
6.506442939097074885e-02 5.868804569133650148e+03 2.785768123805485629e+03 1.603020935233980936e+03
7.304355541444980393e-02 5.184542480497575525e+03 2.465149036544698447e+03 1.419929855046890680e+03
8.200119539239680844e-02 4.240974615854009244e+03 2.007770324120235273e+03 1.155315028963669420e+03
9.205734862752627812e-02 3.258682408006397509e+03 1.519976503746269373e+03 8.703289172260497253e+02
1.033467304443183715e-01 2.567079990683535925e+03 1.175867972574729492e+03 6.687809682993519118e+02
1.160205768769771578e-01 2.236373562173246683e+03 1.023756155517545949e+03 5.820715529303159883e+02
1.302486706739022226e-01 1.999512619872280766e+03 9.248887263201239648e+02 5.280001739307566595e+02
1.462216157596530064e-01 1.615409287887672235e+03 7.347718592074033950e+02 4.160810607785675188e+02
1.641533906237988560e-01 1.260685195254869541e+03 5.516960092705413672e+02 3.063131295785645989e+02
1.842842148426375448e-01 1.078076003042191360e+03 4.729261705405883163e+02 2.629476027476078457e+02
2.068837671345900298e-01 8.995709033928771987e+02 3.910096768197757910e+02 2.166828885081698672e+02
2.322547980593316352e-01 7.269266599516240603e+02 3.028864925832499466e+02 1.640433570135795094e+02
2.607371857574901086e-01 6.120884694969355451e+02 2.532965490105010815e+02 1.372650801339426039e+02
2.927124890628471365e-01 5.046962030885520676e+02 2.007944198049751492e+02 1.064086016037177274e+02
3.286090589819373742e-01 4.230158682407820834e+02 1.642888364810278006e+02 8.624649412510538582e+01
3.689077770159973624e-01 3.542315484997692465e+02 1.324027351228616851e+02 6.799053103279118204e+01
4.141484971975938345e-01 2.989366958970820747e+02 1.077179681520593135e+02 5.426124379281094434e+01
4.649372781414354283e-01 2.538704737245286935e+02 8.785101646936799114e+01 4.326641117201323539e+01
5.219545019921476570e-01 2.169137859490325297e+02 7.187435450805884329e+01 3.450200038895549426e+01
5.859639890329354506e-01 1.866415424627856225e+02 5.909582451152234484e+01 2.758516390972831900e+01
6.578232300572349756e-01 1.617083531073487848e+02 4.885467366767137065e+01 2.212230592462772805e+01
7.384948735793578356e-01 1.410393833913702792e+02 4.063270045236848915e+01 1.780822285053080734e+01
8.290596217703356530e-01 1.237404804957300115e+02 3.400921093491584912e+01 1.439742519145093169e+01
9.307307078768926045e-01 1.091180253297901004e+02 2.865564576086446991e+01 1.169925497201834474e+01
1.044870149067508081e+00 9.659198214376449698e+01 2.430538085939553739e+01 9.560795747975188164e+00
1.173006992433692330e+00 8.570509315492165570e+01 2.074768675595052514e+01 7.861471107956448989e+00
1.316857798575541416e+00 7.609282051756136411e+01 1.781381920453117829e+01 6.506292752468394447e+00
1.478349637175967013e+00 6.747941415677665589e+01 1.537143241633882518e+01 5.420810156097510379e+00
1.659645902619409696e+00 5.965986755478842696e+01 1.331499585779287465e+01 4.546306870928438215e+00
1.863175295489004624e+00 5.249444263899927421e+01 1.156274062780007483e+01 3.836953825393508044e+00
2.091664358187257822e+00 4.589701404117911210e+01 1.005082128689570986e+01 3.256729045661085564e+00
2.348174000537423645e+00 3.982370679409176972e+01 8.731229233221441177e+00 2.777676400336328122e+00
2.636140504673786467e+00 3.426067352484918871e+01 7.568116373335014302e+00 2.377990687785095592e+00
2.959421558534973240e+00 2.920941424010562315e+01 6.535892431361293831e+00 2.040890572990050611e+00
3.322347934639153344e+00 2.467567235386022162e+01 5.616491402682377121e+00 1.753458871167200117e+00
3.729781506445900785e+00 2.065881758101585319e+01 4.797688521776753312e+00 1.505974268749854961e+00
4.187180379509764627e+00 1.714768853427322171e+01 4.070836894175924314e+00 1.291128710269352942e+00
4.700672009942531204e+00 1.411845021589830829e+01 3.429536328504283471e+00 1.103591087189495834e+00
5.277135289701610610e+00 1.153704271031191197e+01 2.868153400880987913e+00 9.394035310254168492e-01
5.924292698344328478e+00 9.361980264263920049e+00 2.381163776812187383e+00 7.956824730685954083e-01
6.650813755741415534e+00 7.548172645230778244e+00 1.962691217158100354e+00 6.701766120752760125e-01
7.466431161634059954e+00 6.049795886693381419e+00 1.606492408085040458e+00 5.610939567985117060e-01
8.382071177875818790e+00 4.822576618457355302e+00 1.306082301664019507e+00 4.668490353435112983e-01
9.410000000000001918e+00 3.825148770079467742e+00 1.054940043952231177e+00 3.859977936549335298e-01
