1.000000000230258569e-04 8.427136063798004670e+02 4.000924116241594106e+02 2.262483667015089281e+02
1.115026695290953366e-04 9.386863992607785576e+02 4.457316258443145784e+02 2.520758289051601366e+02
1.243284530925187648e-04 1.045514724647198364e+03 4.965569313990327487e+02 2.808445967678103443e+02
1.386295441504667143e-04 1.164406371604173046e+03 5.531517434797051465e+02 3.128874615154746834e+02
1.545756424481938766e-04 1.296700582390410091e+03 6.161631795018759021e+02 3.485738828883603446e+02
1.723559677317991945e-04 1.443882186168693806e+03 6.863083702856928312e+02 3.883136409824323891e+02
1.921815050694108094e-04 1.607596339985348777e+03 7.643825887892370474e+02 4.325616622881375406e+02
2.142875084442451923e-04 1.789675414725600376e+03 8.512679372431398406e+02 4.818221939537820049e+02
2.389362923277018713e-04 1.992167778192960441e+03 9.479428136963914540e+02 5.366534239870790088e+02
2.664203443578849946e-04 2.217351775039048334e+03 1.055491596143975130e+03 5.976737643296497708e+02
2.970657960592480913e-04 2.467778149746828149e+03 1.175117665426947724e+03 6.655670520594119353e+02
3.312362927876497001e-04 2.746321477213587514e+03 1.308158156385238499e+03 7.410879658624243120e+02
3.693373088223966556e-04 3.056199785532072838e+03 1.456095865716374419e+03 8.250701969318174633e+02
4.118209588090659132e-04 3.400992737395927179e+03 1.620569710153173673e+03 9.184310976980131045e+02
4.591913626466918256e-04 3.784653648705482283e+03 1.803384057865200930e+03 1.022174852355110261e+03
5.120106274801957584e-04 4.211581793730398203e+03 2.006531176806506210e+03 1.137404046193789554e+03
5.709055177816341068e-04 4.686564787584557962e+03 2.232180579419956757e+03 1.265317618136063857e+03
6.365748926688486646e-04 5.214606110942790110e+03 2.482638330163024420e+03 1.407197446957384727e+03
7.097979987143026312e-04 5.801090654955051832e+03 2.760395914002408972e+03 1.564427587559422363e+03
7.914437166483044659e-04 6.451703182560855566e+03 3.068100325048285413e+03 1.738481279334326246e+03
8.824808716799498404e-04 7.172123648505526035e+03 3.408444988726786505e+03 1.930873931229571099e+03
9.839897297802024153e-04 7.968157853332465493e+03 3.784223317179934838e+03 2.143186705054276899e+03
1.097174816344422205e-03 8.845680116693096352e+03 4.198289985443670957e+03 2.377043245524286704e+03
1.223379209343287413e-03 9.810435707668582836e+03 4.653423006255049586e+03 2.634029481415789178e+03
1.364100476567608111e-03 1.086797344127794167e+04 5.152330918755380480e+03 2.915703725076736191e+03
1.521008446081769522e-03 1.202351148231449406e+04 5.697587144006143717e+03 3.223556714784253018e+03
1.695965020753673102e-03 1.328174606262880661e+04 6.291467884702096853e+03 3.558896029383313817e+03
1.891046271984591709e-03 1.464665896780519870e+04 6.935899208193603954e+03 3.922830149022201567e+03
2.108567074807741158e-03 1.612126001544337305e+04 7.632350739154190705e+03 4.316212679764412314e+03
2.351108576680822643e-03 1.770717165719256082e+04 8.381634182721318211e+03 4.739518783317635098e+03
2.621548825923003187e-03 1.940441723635594462e+04 9.183802592704209019e+03 5.192791918373243789e+03
2.923096923239734257e-03 2.121105897607488441e+04 1.003797471898766889e+04 5.675549092080693299e+03
3.259331101584665453e-03 2.312228172423811702e+04 1.094188351265675010e+04 6.186540212197566689e+03
3.634241186222156913e-03 2.513027610401239872e+04 1.189182153013000971e+04 6.723711682531454244e+03
4.052275938830490927e-03 2.722384190139411294e+04 1.288259336536378396e+04 7.284049945021855820e+03
4.518395847440812539e-03 2.938940721672895961e+04 1.390795301502001894e+04 7.864101726366257935e+03
5.038131988628217865e-03 3.159907360294218597e+04 1.495465880274758820e+04 8.456411062898987439e+03
5.617651660426248826e-03 3.382728294429014932e+04 1.601070742488208452e+04 9.054205253188642018e+03
6.263831564778516575e-03 3.603524272059606301e+04 1.705782162560139113e+04 9.647145997941912356e+03
6.984339407925946493e-03 3.818660297488408833e+04 1.807896466871558005e+04 1.022564188294243468e+04
7.787724887016851671e-03 4.023027681197131460e+04 1.905016692779721416e+04 1.077619716315635196e+04
8.683521142606049834e-03 4.210352060331482789e+04 1.994188153493864957e+04 1.128207931470742915e+04
9.682357880899711625e-03 4.373833229275479971e+04 2.072219594825419699e+04 1.172522659764194213e+04
1.079608750807801998e-02 4.505617735790340521e+04 2.135419604864166104e+04 1.208475619686188656e+04
1.203792577343234388e-02 4.597007824844524293e+04 2.179709211177010729e+04 1.233763788246918011e+04
1.342260859021738965e-02 4.638809107956982189e+04 2.200751332043130242e+04 1.245926846917776857e+04
1.496656689508787767e-02 4.621905281464318978e+04 2.194255543736052277e+04 1.242529736250165661e+04
1.668812162103823840e-02 4.537970675389545067e+04 2.156324531947352079e+04 1.221374514364633615e+04
1.860770109743517184e-02 4.380796093112142262e+04 2.084012507762312816e+04 1.180791789992084523e+04
2.074808345685756270e-02 4.148301099240837357e+04 1.976279566354467170e+04 1.120174847327371026e+04
2.313466692519383291e-02 3.844815829907947045e+04 1.835038279149352820e+04 1.040590290792125415e+04
2.579577120231610690e-02 3.482969366042522597e+04 1.665973671205946812e+04 9.452147356239283909e+03
2.876297350957714855e-02 3.084701686425553271e+04 1.479067666473123063e+04 8.396357431999400433e+03
3.207148329174031032e-02 2.679829404035215703e+04 1.288064929442926041e+04 7.315814966860130880e+03
3.576056001963404812e-02 2.301804022024451479e+04 1.108670191746629098e+04 6.299301533547754843e+03
3.987397905126498221e-02 1.980791393132982193e+04 9.554786202990590027e+03 5.430075259881885358e+03
4.446055107939526907e-02 1.735774735106831213e+04 8.383102217363571981e+03 4.765309499499771846e+03
4.957470132945773766e-02 1.567730391754824450e+04 7.587787549465713710e+03 4.316422157837565464e+03
5.527711538069327024e-02 1.456271434695358403e+04 7.080450092348174621e+03 4.035219943860405692e+03
6.163545927395905344e-02 1.358952523031614146e+04 6.651402924640406127e+03 3.801513918267088229e+03
6.872518245115814828e-02 1.227542522506576461e+04 6.037220747765320993e+03 3.458360267989635304e+03
7.663041305413779980e-02 1.043393145678930341e+04 5.110410129931977281e+03 2.923076149188548243e+03
8.544495620686157200e-02 8.412820341385067877e+03 4.042937686887622021e+03 2.292344048394247693e+03
9.527340712667957401e-02 6.831041869194436913e+03 3.198870748611710496e+03 1.789439093397049646e+03
1.062323922731101822e-01 5.943904187515832746e+03 2.766986863511782303e+03 1.541691784321149726e+03
1.184519532618636822e-01 5.412273338096807493e+03 2.564531144380361184e+03 1.443358795274308250e+03
1.320770899659224340e-01 4.710144141290445077e+03 2.227450626060535342e+03 1.254677587594775787e+03
1.472694811144383831e-01 3.881710983922745982e+03 1.752832705586835573e+03 9.621229463772393729e+02
1.642094028064348954e-01 3.317587114162101898e+03 1.457367789782182626e+03 7.872804146717199956e+02
1.830978677048002712e-01 2.924415632331466895e+03 1.297780655839981137e+03 7.100094048228024803e+02
2.041590102946942431e-01 2.502041533105995313e+03 1.069931051978066762e+03 5.718910486316578954e+02
2.276427465103479653e-01 2.162457981957581978e+03 8.957455631514176275e+02 4.688056742045719716e+02
2.538277392899435103e-01 1.888954908031237210e+03 7.697251117707653520e+02 4.016350292228311218e+02
2.830247052484705095e-01 1.644655701549562309e+03 6.449633755645568272e+02 3.266119746000518376e+02
3.155801017062329072e-01 1.447526024944802884e+03 5.522178680782469655e+02 2.762145881612246967e+02
3.518802378240603601e-01 1.275384699686666863e+03 4.697878595126526307e+02 2.290161094041135641e+02
3.923558586288135031e-01 1.131708888245279923e+03 4.028900011235516558e+02 1.920261030829422566e+02
4.374872563241952172e-01 1.010012596287001543e+03 3.472743006856769625e+02 1.615044591883576857e+02
4.878099695387512202e-01 9.044931190089308757e+02 3.004003442450493253e+02 1.360759634768182593e+02
5.439211381395319123e-01 8.135539210747070911e+02 2.612862538470177469e+02 1.152222617056899026e+02
6.064865890189676811e-01 7.341506003368140227e+02 2.284404049306664319e+02 9.804757693671058405e+01
6.762487369363893164e-01 6.638413016320603219e+02 2.006914538428132744e+02 8.387006349459740306e+01
7.540353941672404137e-01 6.006276165174751895e+02 1.770601730886561427e+02 7.212749176476262392e+01
8.407695934971151086e-01 5.428953221752110494e+02 1.567324570928051060e+02 6.235413144150471254e+01
9.374805411223435803e-01 4.894528373439562188e+02 1.390644282318495186e+02 5.417927689391690649e+01
1.045315829426528564e+00 4.394473947350475100e+02 1.235257046175980804e+02 4.729382206669210831e+01
1.165555054552403824e+00 3.923106098058511293e+02 1.096863451895244026e+02 4.144347738569282313e+01
1.299625000357985227e+00 3.477948431661691302e+02 9.721915661079592041e+01 3.642249319457670964e+01
1.449116568932995452e+00 3.058759495566740156e+02 8.588016786846490902e+01 3.206553567840303032e+01
1.615803658576671964e+00 2.667118195072529261e+02 7.550419959470107756e+01 2.824230504396188124e+01
1.801664213246928048e+00 2.305380720449048226e+02 6.598473475227675067e+01 2.485086742780039515e+01
2.008903693258128342e+00 1.975847032387980846e+02 5.726554426574146106e+01 2.181525607561681923e+01
2.239981245735629400e+00 1.680176091517868429e+02 4.932131303517122234e+01 1.907962490799154764e+01
2.497638885371206374e+00 1.418671688736279179e+02 4.214293854743900170e+01 1.660585360815129619e+01
2.784934031744384253e+00 1.190463361181746791e+02 3.572482318408132329e+01 1.436847160385558375e+01
3.105275789304232426e+00 9.935172659938037043e+01 3.005197591822188485e+01 1.235120439382732904e+01
3.462465400517639402e+00 8.250968059191860959e+01 2.509776026610551725e+01 1.054323550927828634e+01
3.860741352209485999e+00 6.821780842736322370e+01 2.081999969987221633e+01 8.935506877445249074e+00
4.304829670336041580e+00 5.616841668626191364e+01 1.716546823779986752e+01 7.519114280390273741e+00
4.799999999999999822e+00 4.606957723359390400e+01 1.407297916051602371e+01 6.283309154050154000e+00
