1.000000000230258569e-04 1.519973065610475169e+04 6.651042867822639892e+03 3.844152719867983706e+03
1.115486563971542785e-04 1.698989499829335182e+04 7.413655475508191557e+03 4.278311268310621017e+03
1.244310274114527074e-04 1.901661218931901385e+04 8.272769163094137184e+03 4.765668986751207740e+03
1.388011391866901154e-04 2.131516541719837187e+04 9.242738610584392518e+03 5.313868984635719244e+03
1.548308057910457113e-04 2.392417407143550372e+04 1.033990935343167803e+04 5.931715791655597968e+03
1.727116835090306587e-04 2.688146407065086896e+04 1.158211016440877938e+04 6.629177176642873746e+03
1.926575623508681512e-04 3.022713520136500665e+04 1.298959502731222892e+04 7.417766948086283264e+03
2.149069222004190347e-04 3.399820980183744541e+04 1.458373522932771084e+04 8.310169131001292044e+03
2.397257841638464457e-04 3.821411788912921475e+04 1.638302615159119523e+04 9.318906096873199203e+03
2.674108912107391479e-04 4.288078459422393644e+04 1.840499280023259780e+04 1.045727317718994163e+04
2.982932561365508645e-04 4.798376497335387830e+04 2.066306107839401011e+04 1.173790247497498422e+04
3.327421192670277522e-04 5.347077109206455498e+04 2.315698546476786942e+04 1.316797314906267638e+04
3.711693632243215748e-04 5.925206494206943898e+04 2.587453680052631171e+04 1.475051365278158119e+04
4.140344375392690035e-04 6.520515753601224424e+04 2.878973094237404439e+04 1.648260486971437786e+04
4.618498519902246974e-04 7.119703290348798328e+04 3.185926499451452037e+04 1.834977192683756221e+04
5.151873043487156757e-04 7.707149934497028880e+04 3.502054585149193736e+04 2.032599943779970999e+04
5.746845157973842983e-04 8.266800417937766179e+04 3.819722652873785410e+04 2.237499314451971077e+04
6.410528557468661917e-04 8.790220507508411538e+04 4.132470318772836617e+04 2.445756283519027784e+04
7.150858472165629249e-04 9.272611298963757872e+04 4.433883781937345339e+04 2.652755726692813187e+04
7.976686544726134401e-04 9.712011570380070771e+04 4.718022575188019255e+04 2.853580228815996816e+04
8.897886663605780169e-04 1.011330996519005857e+05 4.983181958134660090e+04 3.045431140538132240e+04
9.925473018708411317e-04 1.048547510995564517e+05 5.230014101817535266e+04 3.226591302719650412e+04
1.107173179088194286e-03 1.083894243589460821e+05 5.460368326185939077e+04 3.396024194783186977e+04
1.235036804978161722e-03 1.118046097670190502e+05 5.676896935525943991e+04 3.554350079782566172e+04
1.377666961646263968e-03 1.151594794493878580e+05 5.883123501395389030e+04 3.703308698353011278e+04
1.536768984990051967e-03 1.185133099574078224e+05 6.082956370620392408e+04 3.845098623317485908e+04
1.714245154289869167e-03 1.218737516744348686e+05 6.277701547275569465e+04 3.980757021337639162e+04
1.912217436523370962e-03 1.252254875021218759e+05 6.467596690090996708e+04 4.110927594308870175e+04
2.133052857342773462e-03 1.285489845113374176e+05 6.652779312743520131e+04 4.236286243315150205e+04
2.379391802059096454e-03 1.318006830165275605e+05 6.831681810218252940e+04 4.356196042460345780e+04
2.654179585009814029e-03 1.349228648179101874e+05 7.001807221002814185e+04 4.469334650268384576e+04
2.960701664764286197e-03 1.378526365468276199e+05 7.160420280121613177e+04 4.574250547656232811e+04
3.302622926212283368e-03 1.405435029762283084e+05 7.304465392992862326e+04 4.669002572094831703e+04
3.684031499205906151e-03 1.428816799066586536e+05 7.430906463380884088e+04 4.751837968773231114e+04
4.109487637665882979e-03 1.448015345722097263e+05 7.534543681069657032e+04 4.820310516814737639e+04
4.584078243567925488e-03 1.462345739854080603e+05 7.612277278000487422e+04 4.871757218754853966e+04
5.113477687716873853e-03 1.471084380442649708e+05 7.660604020999006752e+04 4.904120785301846627e+04
5.704015654503047893e-03 1.473511781742491585e+05 7.675936318635217322e+04 4.915205375291410019e+04
6.362752821816417166e-03 1.468904015418366471e+05 7.654635996932015405e+04 4.902741999787282839e+04
7.097565280973966440e-03 1.456495216844263487e+05 7.592825556180963758e+04 4.864295516828131076e+04
7.917238706014356406e-03 1.435411794454154151e+05 7.485855544188822387e+04 4.796869006682125473e+04
8.831573398280912271e-03 1.405787844356014102e+05 7.334863222766392573e+04 4.701301835212744481e+04
9.851501462242475554e-03 1.363974701101675164e+05 7.120720528214193473e+04 4.565287099361071159e+04
1.098921751354712747e-02 1.309967562672170461e+05 6.843461887113536068e+04 4.388854033891537256e+04
1.225832448210000328e-02 1.244179980494641495e+05 6.505321533238234406e+04 4.173454989989961177e+04
1.367399625343743499e-02 1.166371055258138949e+05 6.105003935308328801e+04 3.918225268013975437e+04
1.525315909299450497e-02 1.076914601041283895e+05 5.644287261709445011e+04 3.624265157032167917e+04
1.701469402243795462e-02 9.777959866492933361e+04 5.133162387665809365e+04 3.297906264186618500e+04
1.897966256774625410e-02 8.723799321853248694e+04 4.588593091609853582e+04 2.949920198296195304e+04
2.117155857815964867e-02 7.652072004316406674e+04 4.033466885987605929e+04 2.594800603152502299e+04
2.361658912683562567e-02 6.620249842009543499e+04 3.497194593582452217e+04 2.251332261843318702e+04
2.634398785175567220e-02 5.687044955836834561e+04 3.010273348068485939e+04 1.939085660941940660e+04
2.938636448329653983e-02 4.901358630185193033e+04 2.598867400298165376e+04 1.675018509216209350e+04
3.278009473753994152e-02 4.288225213644956966e+04 2.277535673960910208e+04 1.468837385815221387e+04
3.656575523702054742e-02 3.837558917311656114e+04 2.042936019263126218e+04 1.318882548612242863e+04
4.078860865897657173e-02 3.501399921498670301e+04 1.871164575807115034e+04 1.210107951429073182e+04
4.549914491170512637e-02 3.189580002355376928e+04 1.712591063064634727e+04 1.110018014358319124e+04
5.075368480951484434e-02 2.822269160284350073e+04 1.519393044462908256e+04 9.861958312949120227e+03
5.661505346402430361e-02 2.379679943624008229e+04 1.275252334485669599e+04 8.262264891847373292e+03
6.315333144310807112e-02 1.935485049587010872e+04 1.021760879994634342e+04 6.573359266941789429e+03
7.044669267860774464e-02 1.594400083123925288e+04 8.269844876688885051e+03 5.271682491771615787e+03
7.858233914112514040e-02 1.385442173377682593e+04 7.167048995613284205e+03 4.560719175508562330e+03
8.765754345719625751e-02 1.234648596500923668e+04 6.454365155495766885e+03 4.132999116168716682e+03
9.778081193473929511e-02 1.058214814601912440e+04 5.490471929881045071e+03 3.507203526046717343e+03
1.090731819023149224e-01 8.785896202487032497e+03 4.401718569253333953e+03 2.759295546420066785e+03
1.216696688736408766e-01 7.527961554448603238e+03 3.706845896027579784e+03 2.303630491980369243e+03
1.357208808401622890e-01 6.553219898388730144e+03 3.224646266913085583e+03 2.011806928804659947e+03
1.513948189927238619e-01 5.592976304467432783e+03 2.666692899019813467e+03 1.632336456496773053e+03
1.688788864024014236e-01 4.832046392168226703e+03 2.251288307200728013e+03 1.360686612892981884e+03
1.883821286769788717e-01 4.199025615664552788e+03 1.915307577095142278e+03 1.146695117898076205e+03
2.101377333831422056e-01 3.654814126992332149e+03 1.617613048664646158e+03 9.498183780785100225e+02
2.344058181183555356e-01 3.206087571748631035e+03 1.380403926807096013e+03 7.987456174416438444e+02
2.614765405675759102e-01 2.825524236673977612e+03 1.179571376420860133e+03 6.695040861656900688e+02
2.916735677297306317e-01 2.505815711031207684e+03 1.013540268443731634e+03 5.639430288926336061e+02
3.253579457932418983e-01 2.236800388799247685e+03 8.760883022042189623e+02 4.773680024163610938e+02
3.629324169301749725e-01 2.007612202187958019e+03 7.614039335205666248e+02 4.058177569301864196e+02
4.048462346221089470e-01 1.811334259284124300e+03 6.656965039729734599e+02 3.468518080811059576e+02
4.516005350914485406e-01 1.641685085553306408e+03 5.855325027937100231e+02 2.981815988051505997e+02
5.037543290608768043e-01 1.493289555234787485e+03 5.180421177197945326e+02 2.579180305904065449e+02
5.619311854805180140e-01 1.361199270525358088e+03 4.606754509067489494e+02 2.244237190594900824e+02
6.268266871357865977e-01 1.241944192058605722e+03 4.115382255311110384e+02 1.964564280192814749e+02
6.992167472777639503e-01 1.132412569289138446e+03 3.689385775392964888e+02 1.729331364559439237e+02
7.799668867126374749e-01 1.030213867320432428e+03 3.315115288631827184e+02 1.529768105090660413e+02
8.700425822703268253e-01 9.336901875641724473e+02 2.981514250372632659e+02 1.358662952727712252e+02
9.705208103821856280e-01 8.417961459636676409e+02 2.679997465523243250e+02 1.210257213854257827e+02
1.082602923786821769e+00 7.540906351889487951e+02 2.403925615653334660e+02 1.079813539757916487e+02
1.207629015322442267e+00 6.705547858777168813e+02 2.148560615287223357e+02 9.636465848734296458e+01
1.347093940544190405e+00 5.916122634476588473e+02 1.910912002736198190e+02 8.589064415211741732e+01
1.502665190738521561e+00 5.177879893925680790e+02 1.689261901622719222e+02 7.634933046706605353e+01
1.676202830030598223e+00 4.496961358152457819e+02 1.483073513309336136e+02 6.759451353679247632e+01
1.869781734959676811e+00 3.877593912271651106e+02 1.292370037733122956e+02 5.953100368582926905e+01
2.085716402426663674e+00 3.322173258103992453e+02 1.117669226222942456e+02 5.210962042734686150e+01
2.326588622626292402e+00 2.830316495475390752e+02 9.593357650499156364e+01 4.530461561864762388e+01
2.595278347831105226e+00 2.399295992944409761e+02 8.175553268557978015e+01 3.910961116521195180e+01
2.894998126105261083e+00 2.024892261207766353e+02 6.920610907214049234e+01 3.351850736174698397e+01
3.229331511649635278e+00 1.701877838785572976e+02 5.822063369707166913e+01 2.852391738917659580e+01
3.602275911025628830e+00 1.424873666129152525e+02 4.870030237785206140e+01 2.410778000845714431e+01
4.018290377542188097e+00 1.188586941399422301e+02 4.052293531920715708e+01 2.024291129556160485e+01
4.482348925252354732e+00 9.880223271691843934e+01 3.355468518485418628e+01 1.689293219790085843e+01
5.000000000000000888e+00 8.185483920258106139e+01 2.765770286506502629e+01 1.401522063485825242e+01
