1.000000000230258569e-04 9.895480789834791722e+02 4.436606034481783922e+02 2.478470072795174133e+02
1.115026695290953366e-04 1.095830128761731885e+03 4.913946447471259376e+02 2.745084264992502767e+02
1.243284530925187648e-04 1.213479784292203476e+03 5.442612141431512782e+02 3.040350330637763818e+02
1.386295441504667143e-04 1.343698638532974201e+03 6.028103366495158753e+02 3.367334444816037831e+02
1.545756424481938766e-04 1.487812767895816705e+03 6.676506209332451363e+02 3.729428452049953080e+02
1.723559677317991945e-04 1.647285198150847918e+03 7.394550793102397392e+02 4.130382427505807073e+02
1.921815050694108094e-04 1.823729258369383615e+03 8.189651853291312591e+02 4.574329863745076636e+02
2.142875084442451923e-04 2.018923636745538261e+03 9.069985890989363497e+02 5.065830121382620064e+02
2.389362923277018713e-04 2.234829061610867029e+03 1.004457051878137918e+03 5.609912722394803950e+02
2.664203443578849946e-04 2.473607740495451708e+03 1.112327143868629491e+03 6.212090553003088189e+02
2.970657960592480913e-04 2.737643019567853571e+03 1.231689353443584196e+03 6.878411116762700885e+02
3.312362927876497001e-04 3.029558627755285215e+03 1.363728449391297545e+03 7.615513847275940407e+02
3.693373088223966556e-04 3.352220308590763580e+03 1.509724359230768869e+03 8.430596878815812261e+02
4.118209588090659132e-04 3.708758809403227588e+03 1.671059651104023487e+03 9.331463811881059200e+02
4.591913626466918256e-04 4.102599010907385491e+03 1.849233755695289119e+03 1.032660091999878205e+03
5.120106274801957584e-04 4.537404329007863453e+03 2.045845532318637879e+03 1.142506679998801701e+03
5.709055177816341068e-04 5.017083314528819756e+03 2.262593898261107825e+03 1.263649960155709323e+03
6.365748926688486646e-04 5.545841600503275913e+03 2.501292259940049462e+03 1.397121086329055970e+03
7.097979987143026312e-04 6.128081739965727138e+03 2.763850672993589342e+03 1.544000752786701469e+03
7.914437166483044659e-04 6.768368783065197931e+03 3.052267631805338624e+03 1.705412040387826210e+03
8.824808716799498404e-04 7.471480842380429749e+03 3.368633878334702786e+03 1.882527124048938049e+03
9.839897297802024153e-04 8.242230270586076585e+03 3.715076234974471845e+03 2.076533809985787684e+03
1.097174816344422205e-03 9.085346977579994928e+03 4.093719559676836980e+03 2.288612378088952937e+03
1.223379209343287413e-03 1.000551884117289410e+04 4.506692895119756031e+03 2.519938690034014144e+03
1.364100476567608111e-03 1.100704553940902588e+04 4.955962285204528598e+03 2.771600545123898883e+03
1.521008446081769522e-03 1.209354611910208405e+04 5.443194943562954904e+03 3.044528021132095091e+03
1.695965020753673102e-03 1.326801773183734258e+04 5.969806233720631099e+03 3.339509918189126438e+03
1.891046271984591709e-03 1.453235161810980753e+04 6.536718518485559798e+03 3.657061528058520253e+03
2.108567074807741158e-03 1.588684003847588065e+04 7.144117858040409374e+03 3.997291586845389247e+03
2.351108576680822643e-03 1.733022275000430091e+04 7.791507326927409849e+03 4.359929111964341246e+03
2.621548825923003187e-03 1.885932897944913930e+04 8.477532132549999005e+03 4.744225991477886055e+03
2.923096923239734257e-03 2.046867350153437656e+04 9.199778011800532113e+03 5.148844957869334394e+03
3.259331101584665453e-03 2.215031872498185476e+04 9.954729129814366388e+03 5.571836120803557606e+03
3.634241186222156913e-03 2.389349966723828766e+04 1.073761589177573660e+04 6.010552721134337844e+03
4.052275938830490927e-03 2.568421616846454344e+04 1.154225158935546460e+04 6.461560757519366234e+03
4.518395847440812539e-03 2.750529503839840254e+04 1.236103676011596508e+04 6.920640166635839705e+03
5.038131988628217865e-03 2.933641453818991067e+04 1.318482287050739615e+04 7.382669028393056578e+03
5.617651660426248826e-03 3.115290157060947604e+04 1.400265351032967374e+04 7.841527093759105810e+03
6.263831564778516575e-03 3.293225763947697851e+04 1.480457732860927354e+04 8.291704941071338908e+03
6.984339407925946493e-03 3.462358718667025096e+04 1.556783975484386610e+04 8.720446772550216338e+03
7.787724887016851671e-03 3.619590524502984772e+04 1.627863316904896601e+04 9.120029982148000272e+03
8.683521142606049834e-03 3.759823844913455832e+04 1.691422274950187420e+04 9.477728101862285257e+03
9.682357880899711625e-03 3.879587471428688877e+04 1.745928399637766415e+04 9.785013438286534438e+03
1.079608750807801998e-02 3.973375483740415075e+04 1.788923906564275239e+04 1.002812101185532629e+04
1.203792577343234388e-02 4.035506254596220242e+04 1.817878727925429484e+04 1.019284511482370181e+04
1.342260859021738965e-02 4.060723462541201297e+04 1.830464369143102886e+04 1.026615325327093160e+04
1.496656689508787767e-02 4.043690426897977886e+04 1.824324498856232822e+04 1.023486457932317899e+04
1.668812162103823840e-02 3.979715385528565093e+04 1.797364186908366537e+04 1.008714878895574475e+04
1.860770109743517184e-02 3.865503934010160447e+04 1.748114573292599380e+04 9.814626145161259046e+03
2.074808345685756270e-02 3.699860646338674997e+04 1.676032367568617337e+04 9.414262186999127152e+03
2.313466692519383291e-02 3.484763252180419659e+04 1.581903440238734038e+04 8.890311641719583349e+03
2.579577120231610690e-02 3.226527259860132835e+04 1.468370012451043840e+04 8.257245269797811488e+03
2.876297350957714855e-02 2.936723557512560728e+04 1.340359548209016612e+04 7.542367043185737202e+03
3.207148329174031032e-02 2.631882510548215942e+04 1.204985893764650245e+04 6.785252918575334661e+03
3.576056001963404812e-02 2.331852965470978233e+04 1.070933153376031260e+04 6.034367049644893996e+03
3.987397905126498221e-02 2.056449579832821837e+04 9.470974072453194822e+03 5.339771713338612244e+03
4.446055107939526907e-02 1.820902851415901750e+04 8.406439724894147730e+03 4.742284534173096290e+03
4.957470132945773766e-02 1.630963944885251294e+04 7.547577696938498775e+03 4.260807615058884039e+03
5.527711538069327024e-02 1.479518637191993730e+04 6.867748416224756511e+03 3.881271278936667386e+03
6.163545927395905344e-02 1.346965595304489943e+04 6.276988576903810099e+03 3.552698144582619079e+03
6.872518245115814828e-02 1.209571748339596707e+04 5.655007317528752537e+03 3.204585195321836181e+03
7.663041305413779980e-02 1.050612373521006157e+04 4.903222609256376927e+03 2.776014005668494519e+03
8.544495620686157200e-02 8.830549593293759244e+03 4.078401892423678419e+03 2.297478681980043348e+03
9.527340712667957401e-02 7.371390212235024592e+03 3.347618460428503113e+03 1.869651284249082209e+03
1.062323922731101822e-01 6.329059383830667684e+03 2.843180653574408552e+03 1.578276037825103685e+03
1.184519532618636822e-01 5.593049863905770508e+03 2.518271894791742852e+03 1.399836592999504774e+03
1.320770899659224340e-01 4.885216064617556185e+03 2.194640444954285613e+03 1.220371744476088907e+03
1.472694811144383831e-01 4.138936436019171197e+03 1.809984913633614951e+03 9.934723583255980657e+02
1.642094028064348954e-01 3.529051274597457450e+03 1.497552997598234469e+03 8.089568490073667135e+02
1.830978677048002712e-01 3.072739960381134551e+03 1.292651639297983593e+03 6.971065187792470397e+02
2.041590102946942431e-01 2.655995897835055075e+03 1.092504468930684425e+03 5.828049425826444576e+02
2.276427465103479653e-01 2.294559186096108533e+03 9.124856161822990543e+02 4.766109451246652498e+02
2.538277392899435103e-01 2.001372932463573534e+03 7.779391480673343722e+02 4.022478955676931491e+02
2.830247052484705095e-01 1.747157515555491045e+03 6.568413329038666006e+02 3.324388509849295019e+02
3.155801017062329072e-01 1.534958543306568345e+03 5.591480749049787846e+02 2.779293685858631875e+02
3.518802378240603601e-01 1.353965083920177449e+03 4.764018541044342214e+02 2.314818660229275622e+02
3.923558586288135031e-01 1.201445570149478726e+03 4.081576231999544575e+02 1.938495064919099775e+02
4.374872563241952172e-01 1.071062353287874430e+03 3.510964768632317714e+02 1.626297944788294103e+02
4.878099695387512202e-01 9.591452061360149628e+02 3.035030979609740029e+02 1.369662386366881890e+02
5.439211381395319123e-01 8.623281318983173378e+02 2.637347874330786794e+02 1.158670152003121956e+02
6.064865890189676811e-01 7.775069636038610952e+02 2.303410836113980054e+02 9.848784548051919785e+01
6.762487369363893164e-01 7.021776240663589306e+02 2.021405557686801160e+02 8.414724709836544037e+01
7.540353941672404137e-01 6.342763566871977901e+02 1.781501188480410178e+02 7.228088877483591546e+01
8.407695934971151086e-01 5.721511334652026335e+02 1.575450762674529699e+02 6.241886833135887969e+01
9.374805411223435803e-01 5.145460180322472752e+02 1.396585923665871860e+02 5.417970817025459951e+01
1.045315829426528564e+00 4.605998459286331013e+02 1.239400401965911556e+02 4.724585522877191579e+01
1.165555054552403824e+00 4.097747857422094739e+02 1.099553130529393457e+02 4.136152035092695201e+01
1.299625000357985227e+00 3.618873614873213569e+02 9.736891663774484584e+01 3.631668116517846556e+01
1.449116568932995452e+00 3.169505883089743179e+02 8.593164318264138046e+01 3.194451926029447719e+01
1.615803658576671964e+00 2.751863926846246500e+02 7.547533273327736936e+01 2.811187558110589535e+01
1.801664213246928048e+00 2.368356106695427172e+02 6.588923187624108380e+01 2.471567953376998972e+01
2.008903693258128342e+00 2.021360661202265305e+02 5.711822927570807451e+01 2.167863946659708319e+01
2.239981245735629400e+00 1.712071420433816513e+02 4.913330563424261754e+01 1.894383118132946819e+01
2.497638885371206374e+00 1.440259195011703071e+02 4.192765449688192803e+01 1.647296307229452239e+01
2.784934031744384253e+00 1.204412023436785688e+02 3.549281770376092027e+01 1.423962825374464636e+01
3.105275789304232426e+00 1.001862820196064803e+02 2.981438224154608818e+01 1.222806515191509469e+01
3.462465400517639402e+00 8.294115616277792924e+01 2.486331719788250183e+01 1.042678966984142441e+01
3.860741352209485999e+00 6.836409280764807761e+01 2.059556974129354145e+01 8.827001947447877583e+00
4.304829670336041580e+00 5.611964653979740092e+01 1.695572590798664336e+01 7.419223658245016395e+00
4.799999999999999822e+00 4.589218550406759789e+01 1.388053417439604509e+01 6.192569889214263767e+00
