1.000000000230258569e-04 4.683459080806405836e+02 2.073438772189973918e+02 1.158751329646315185e+02
1.115026695290953366e-04 5.220127289646039799e+02 2.310874341196897603e+02 1.291414587721457394e+02
1.243284530925187648e-04 5.818339716064775757e+02 2.575488095012949543e+02 1.439253307873657377e+02
1.386295441504667143e-04 6.485157382288524559e+02 2.870384587172897568e+02 1.603997971184512039e+02
1.545756424481938766e-04 7.228451530987040314e+02 3.199021680335452515e+02 1.787575306526615293e+02
1.723559677317991945e-04 8.056984874525776377e+02 3.565247614064641084e+02 1.992128984004928327e+02
1.921815050694108094e-04 8.980478539585520821e+02 3.973336338370840508e+02 2.220039812361515033e+02
2.142875084442451923e-04 1.000973944112206482e+03 4.428039964522513969e+02 2.473954416769320233e+02
2.389362923277018713e-04 1.115675432953011978e+03 4.934635286184943652e+02 2.756812043357494986e+02
2.664203443578849946e-04 1.243469690670407317e+03 5.498951512459939295e+02 3.071864452107227521e+02
2.970657960592480913e-04 1.385810879139530925e+03 6.127443456471249874e+02 3.422715172826688672e+02
3.312362927876497001e-04 1.544300730893345190e+03 6.827245783530593144e+02 3.813351634198886018e+02
3.693373088223966556e-04 1.720678119134934150e+03 7.606163263170083155e+02 4.248150777902632740e+02
4.118209588090659132e-04 1.916839963396630992e+03 8.472765287289151956e+02 4.731930718996600262e+02
4.591913626466918256e-04 2.134856445911805167e+03 9.436450658981567585e+02 5.269987514558976045e+02
5.120106274801957584e-04 2.376969182258430919e+03 1.050739044172988542e+03 5.868065051820128701e+02
5.709055177816341068e-04 2.645604778565868401e+03 1.169662137277007560e+03 6.532412627721940908e+02
6.365748926688486646e-04 2.943389791465646795e+03 1.301611835324201820e+03 7.269824544666752217e+02
7.097979987143026312e-04 3.273176402752510967e+03 1.447873021707058797e+03 8.087559572687252967e+02
7.914437166483044659e-04 3.638047588981275112e+03 1.609823469240426903e+03 8.993382842553979799e+02
8.824808716799498404e-04 4.041313166333243771e+03 1.788936700748816293e+03 9.995593377527152370e+02
9.839897297802024153e-04 4.486460354201582959e+03 1.986757108753035254e+03 1.110284661878589532e+03
1.097174816344422205e-03 4.977158431905648285e+03 2.204899346317687105e+03 1.232414803059518590e+03
1.223379209343287413e-03 5.517251088120488021e+03 2.445044011235569087e+03 1.366883920100819978e+03
1.364100476567608111e-03 6.110501976221267796e+03 2.708844071349499245e+03 1.514613127232887791e+03
1.521008446081769522e-03 6.760553536056765552e+03 2.997904151244637887e+03 1.676498162535078791e+03
1.695965020753673102e-03 7.470947001261423793e+03 3.313778682111488706e+03 1.853405125392147966e+03
1.891046271984591709e-03 8.244707367249711751e+03 3.657801616669726627e+03 2.046079037640338811e+03
2.108567074807741158e-03 9.084187053664410996e+03 4.031018443822376867e+03 2.255106097993763797e+03
2.351108576680822643e-03 9.991078594509503091e+03 4.434184584417098449e+03 2.480910610645248198e+03
2.621548825923003187e-03 1.096603899374263347e+04 4.867602637313522791e+03 2.723664755274128765e+03
2.923096923239734257e-03 1.200844510012871251e+04 5.331015742357119052e+03 2.983229258801705782e+03
3.259331101584665453e-03 1.311630205801880220e+04 5.823566104836129853e+03 3.259130147072228738e+03
3.634241186222156913e-03 1.428589142409157466e+04 6.343633604856821876e+03 3.550473833078762709e+03
4.052275938830490927e-03 1.551150617893589151e+04 6.888716729119100819e+03 3.855882805494588411e+03
4.518395847440812539e-03 1.678534375069684029e+04 7.455390776998765432e+03 4.173465628793869655e+03
5.038131988628217865e-03 1.809705463656724532e+04 8.039112312499390100e+03 4.500669519986061459e+03
5.617651660426248826e-03 1.943339532157568829e+04 8.634058500842831563e+03 4.834245377875971826e+03
6.263831564778516575e-03 2.077742008384763540e+04 9.232790575655631983e+03 5.170055644677662713e+03
6.984339407925946493e-03 2.211216231901301580e+04 9.827869162136743398e+03 5.503962144389884088e+03
7.787724887016851671e-03 2.340408948400464942e+04 1.040447801733602319e+04 5.827669431351145249e+03
8.683521142606049834e-03 2.462415716371843155e+04 1.094982122645243908e+04 6.134015767565211718e+03
9.682357880899711625e-03 2.574365190442083258e+04 1.145132299827291172e+04 6.415990948450606993e+03
1.079608750807801998e-02 2.672445904350163983e+04 1.189222303656720396e+04 6.664240102472004764e+03
1.203792577343234388e-02 2.752148295198023334e+04 1.225262904036953478e+04 6.867603946071313658e+03
1.342260859021738965e-02 2.808951425418811050e+04 1.251269803800330192e+04 7.014973961618255089e+03
1.496656689508787767e-02 2.838106187132113337e+04 1.265160707559802540e+04 7.094691564448555255e+03
1.668812162103823840e-02 2.834853391065176402e+04 1.264848452231220472e+04 7.095073196438378545e+03
1.860770109743517184e-02 2.795058203400022830e+04 1.248503055553575723e+04 7.005768907968172243e+03
2.074808345685756270e-02 2.715814013141037867e+04 1.214843696191839263e+04 6.819567111071240106e+03
2.313466692519383291e-02 2.596246284261397523e+04 1.163451064023131221e+04 6.534105285460739651e+03
2.579577120231610690e-02 2.438574509309553105e+04 1.095209999719279404e+04 6.154153398645576090e+03
2.876297350957714855e-02 2.249135505785097121e+04 1.012762644461672244e+04 5.694263020475829762e+03
3.207148329174031032e-02 2.038824807998923279e+04 9.207353172272329175e+03 5.180151451414526491e+03
3.576056001963404812e-02 1.822393851125215951e+04 8.254756786820231355e+03 4.647179196017252252e+03
3.987397905126498221e-02 1.616402505206298702e+04 7.342627216582178335e+03 4.136148745698520543e+03
4.446055107939526907e-02 1.435778707836862668e+04 6.538741201464176811e+03 3.685390939787619573e+03
4.957470132945773766e-02 1.289604790290570236e+04 5.887445176985906983e+03 3.320480504688257952e+03
5.527711538069327024e-02 1.177204921615179228e+04 5.390716350829738076e+03 3.043385039862983831e+03
6.163545927395905344e-02 1.086147523485407874e+04 4.994853741745410844e+03 2.824245325982669328e+03
6.872518245115814828e-02 9.961170503376311899e+03 4.602575553040510385e+03 2.607098513287664900e+03
7.663041305413779980e-02 8.856887183866729174e+03 4.099412471912054571e+03 2.323556734542878075e+03
8.544495620686157200e-02 7.551016840488917296e+03 3.474353773890336925e+03 1.964085646933335283e+03
9.527340712667957401e-02 6.279093948250053472e+03 2.846023422234770351e+03 1.597511819166555824e+03
1.062323922731101822e-01 5.318937396583865848e+03 2.375611484284415837e+03 1.323271183243391079e+03
1.184519532618636822e-01 4.706530411800640650e+03 2.101894931653414915e+03 1.170190790382625437e+03
1.320770899659224340e-01 4.202215780712755986e+03 1.889234651606638863e+03 1.056073133484334903e+03
1.472694811144383831e-01 3.604478674450962444e+03 1.596200286607596809e+03 8.867345808465116761e+02
1.642094028064348954e-01 3.038444708707412246e+03 1.299024373382654176e+03 7.088355545647386862e+02
1.830978677048002712e-01 2.643678073046788086e+03 1.116497983747972057e+03 6.062803488050034275e+02
2.041590102946942431e-01 2.307885117836121026e+03 9.680900788432144282e+02 5.254867555834815676e+02
2.276427465103479653e-01 1.983568763434404673e+03 8.026191191736568271e+02 4.263530210674036880e+02
2.538277392899435103e-01 1.728282027234495217e+03 6.851163870411987773e+02 3.604118577501602658e+02
2.830247052484705095e-01 1.507465616164673975e+03 5.818953478605168357e+02 3.017201188028261072e+02
3.155801017062329072e-01 1.319530157405474483e+03 4.938927819798819314e+02 2.513021898555187192e+02
3.518802378240603601e-01 1.160836042503711042e+03 4.213880077821239638e+02 2.106295227867520623e+02
3.923558586288135031e-01 1.026092298788913922e+03 3.604549171245837442e+02 1.765242316132539599e+02
4.374872563241952172e-01 9.111517283970750896e+02 3.093708632230385547e+02 1.481240008568751136e+02
4.878099695387512202e-01 8.132672288680553265e+02 2.668517983644173910e+02 1.248198887677907578e+02
5.439211381395319123e-01 7.290144209684877978e+02 2.312403731326354546e+02 1.055237584507569153e+02
6.064865890189676811e-01 6.558991649482899220e+02 2.013710094537755424e+02 8.958118787904211899e+01
6.762487369363893164e-01 5.917026594920458820e+02 1.762128229594453046e+02 7.639845717173601258e+01
7.540353941672404137e-01 5.346225444353171952e+02 1.549205562415229736e+02 6.548515880825365798e+01
8.407695934971151086e-01 4.830888733270444391e+02 1.367561862780036108e+02 5.642081892498048745e+01
9.374805411223435803e-01 4.359020489493181003e+02 1.211260484864718734e+02 4.886454184692260583e+01
1.045315829426528564e+00 3.921291847947067595e+02 1.075250231882514953e+02 4.252898933563123052e+01
1.165555054552403824e+00 3.511155655931602837e+02 9.554934611953845547e+01 3.718099323373826337e+01
1.299625000357985227e+00 3.124951544131333208e+02 8.487207352041838249e+01 3.262614450456595705e+01
1.449116568932995452e+00 2.761029254288639549e+02 7.524325805876222262e+01 2.870891808214958374e+01
1.615803658576671964e+00 2.419935149819702929e+02 6.647871155251962705e+01 2.530181023468630386e+01
1.801664213246928048e+00 2.102945982926613908e+02 5.844950355083193472e+01 2.230504190012799270e+01
2.008903693258128342e+00 1.812151106757086438e+02 5.107962288414676522e+01 1.964072056923816589e+01
2.239981245735629400e+00 1.549039001096633967e+02 4.432432070714596506e+01 1.725025557655317598e+01
2.497638885371206374e+00 1.314459225333628467e+02 3.816925309439201897e+01 1.509165884658272283e+01
2.784934031744384253e+00 1.108162780182222775e+02 3.260700241927309406e+01 1.313540072700168260e+01
3.105275789304232426e+00 9.288726232373677760e+01 2.763672986960578726e+01 1.136378933705380234e+01
3.462465400517639402e+00 7.746419426867697666e+01 2.324742053434750844e+01 9.764780725835043640e+00
3.860741352209485999e+00 6.430426074851199303e+01 1.941797231957174219e+01 8.331240667000063382e+00
4.304829670336041580e+00 5.315424470485296382e+01 1.611498039414674111e+01 7.056477442613019235e+00
4.799999999999999822e+00 4.376482208708779353e+01 1.329533123696227825e+01 5.933979320217341424e+00
