1.000000000230258569e-04 2.090987024650911280e+03 9.897115239821221166e+02 5.403223286582149285e+02
1.115486563971542785e-04 2.309871626667787496e+03 1.095870423826124352e+03 5.985572716738141708e+02
1.244310274114527074e-04 2.550501408878883922e+03 1.213257740396539248e+03 6.630319765897581874e+02
1.388011391866901154e-04 2.814873169130755286e+03 1.343024563584105181e+03 7.344037154276896899e+02
1.548308057910457113e-04 3.105255541203325720e+03 1.486440968312168252e+03 8.133963663399090365e+02
1.727116835090306587e-04 3.424411120832755842e+03 1.644919798546231732e+03 9.008058045132034977e+02
1.926575623508681512e-04 3.775497420525157395e+03 1.820020695243474847e+03 9.975076204417038070e+02
2.149069222004190347e-04 4.162255621019424325e+03 2.013479131800539562e+03 1.104464382489658419e+03
2.397257841638464457e-04 4.589448824794993925e+03 2.227260294163263552e+03 1.222732825326089824e+03
2.674108912107391479e-04 5.062763510237322407e+03 2.463560121243563117e+03 1.353473127373144052e+03
2.982932561365508645e-04 5.588807129669723508e+03 2.724820950635517875e+03 1.497955248767041212e+03
3.327421192670277522e-04 6.174992901176389751e+03 3.013744783586931135e+03 1.657560181128126032e+03
3.711693632243215748e-04 6.829924982619975708e+03 3.333336451133360697e+03 1.833794373874730582e+03
4.140344375392690035e-04 7.563130107525863423e+03 3.686873185890087825e+03 2.028287437981592120e+03
4.618498519902246974e-04 8.383470709433733646e+03 4.077712490925776819e+03 2.242757141185233650e+03
5.151873043487156757e-04 9.300113577960226394e+03 4.509422353148900584e+03 2.479036688140434762e+03
5.746845157973842983e-04 1.032250409803945149e+04 4.985762248881967935e+03 2.739066569501506365e+03
6.410528557468661917e-04 1.145888655035106422e+04 5.510410037608128732e+03 3.024819065436753590e+03
7.150858472165629249e-04 1.271664531134334356e+04 6.087050676419153206e+03 3.338323343706068954e+03
7.976686544726134401e-04 1.410246725451712337e+04 6.719373524694495245e+03 3.681650715103090079e+03
8.897886663605780169e-04 1.562301195170099345e+04 7.410956225442671894e+03 4.056817360580548211e+03
9.925473018708411317e-04 1.728409700707663796e+04 8.165203394470849162e+03 4.465783814503596659e+03
1.107173179088194286e-03 1.909033180438105046e+04 8.985264198619121089e+03 4.910412765740556097e+03
1.235036804978161722e-03 2.104645169359368447e+04 9.873930767424850274e+03 5.392300776986947312e+03
1.377666961646263968e-03 2.315639086157574275e+04 1.083350926800759407e+04 5.912756430267801079e+03
1.536768984990051967e-03 2.542246699029256706e+04 1.186563158894565640e+04 6.472732588218974342e+03
1.714245154289869167e-03 2.784515000450628941e+04 1.297080435462762762e+04 7.072559768950569378e+03
1.912217436523370962e-03 3.042268000475772715e+04 1.414831265583346067e+04 7.711899849232724591e+03
2.133052857342773462e-03 3.315046817673011537e+04 1.539605703123475905e+04 8.389652693090014509e+03
2.379391802059096454e-03 3.601916720719300065e+04 1.670984974695173150e+04 9.103491659454901310e+03
2.654179585009814029e-03 3.901463051976518909e+04 1.808332197097811877e+04 9.849825488704182135e+03
2.960701664764286197e-03 4.211749002613675839e+04 1.950761555304917420e+04 1.062380272354392218e+04
3.302622926212283368e-03 4.530039326397488912e+04 2.096998803359540034e+04 1.141874717574729766e+04
3.684031499205906151e-03 4.852920647850637033e+04 2.245456831979476556e+04 1.222591328282125869e+04
4.109487637665882979e-03 5.176147790908141178e+04 2.394150689986991347e+04 1.303446480052778861e+04
4.584078243567925488e-03 5.494441228012823558e+04 2.540650011721422561e+04 1.383116420916030984e+04
5.113477687716873853e-03 5.801494410121052351e+04 2.682043267292641394e+04 1.460016267075287760e+04
5.704015654503047893e-03 6.089891593322253175e+04 2.814905916714123305e+04 1.532282844675669730e+04
6.362752821816417166e-03 6.351064731433555426e+04 2.935289182119847101e+04 1.597765477373994690e+04
7.097565280973966440e-03 6.575314455486388761e+04 3.038720573522804989e+04 1.654032122985086244e+04
7.917238706014356406e-03 6.751915109624988690e+04 3.120258971951037165e+04 1.698393568012617106e+04
8.831573398280912271e-03 6.869402928604892804e+04 3.174616901854779644e+04 1.727971700072848762e+04
9.851501462242475554e-03 6.915926031855393376e+04 3.196354266102851398e+04 1.739809149600092496e+04
1.098921751354712747e-02 6.880182271269187913e+04 3.180273517885252659e+04 1.731080310285910673e+04
1.225832448210000328e-02 6.752575938277774549e+04 3.121975035037521593e+04 1.699394752684002742e+04
1.367399625343743499e-02 6.526999661943878891e+04 3.018661457736409284e+04 1.643234162881407974e+04
1.525315909299450497e-02 6.203104209188336972e+04 2.870163225743248404e+04 1.562506832910743469e+04
1.701469402243795462e-02 5.788817741647222283e+04 2.680068880732998514e+04 1.459154175061453134e+04
1.897966256774625410e-02 5.302395730341916351e+04 2.456653230277997500e+04 1.337656739973089498e+04
2.117155857815964867e-02 4.772952528385820187e+04 2.213159164900740871e+04 1.205189543207023780e+04
2.361658912683562567e-02 4.238276166056087823e+04 1.966869184961296560e+04 1.071134508956957325e+04
2.634398785175567220e-02 3.739205510309480451e+04 1.736631123591857613e+04 9.457544788373546908e+03
2.938636448329653983e-02 3.310819081173284940e+04 1.538901328627660041e+04 8.380579765322185267e+03
3.278009473753994152e-02 2.972032182072851356e+04 1.382950173161729981e+04 7.531993604159567440e+03
3.656575523702054742e-02 2.716134285700828696e+04 1.266272060590575893e+04 6.899449659473420979e+03
4.078860865897657173e-02 2.507478943053850890e+04 1.172442859182949360e+04 6.394004978542880053e+03
4.549914491170512637e-02 2.285788449051228235e+04 1.072068405817770326e+04 5.853126897196743812e+03
5.075368480951484434e-02 2.002688648507430480e+04 9.397014201047202732e+03 5.132133526918658390e+03
5.661505346402430361e-02 1.668882121832643315e+04 7.784722608727835905e+03 4.243090135816312795e+03
6.315333144310807112e-02 1.358473261648870357e+04 6.255359430515724853e+03 3.392148926365035550e+03
7.044669267860774464e-02 1.143314746881028077e+04 5.207979555167885337e+03 2.810008224833527947e+03
7.858233914112514040e-02 1.017318095645394715e+04 4.645465638115038018e+03 2.506850339899625851e+03
8.765754345719625751e-02 9.008848570291020224e+03 4.132948488345226906e+03 2.232819465469563966e+03
9.778081193473929511e-02 7.481248468888978095e+03 3.373280817759621641e+03 1.805112490244281616e+03
1.090731819023149224e-01 6.156214638283195200e+03 2.698060448696244293e+03 1.420920883131238952e+03
1.216696688736408766e-01 5.342915519965683416e+03 2.338206814877321904e+03 1.231183496202181914e+03
1.357208808401622890e-01 4.569203503571697183e+03 1.979469120532974102e+03 1.038208590973292075e+03
1.513948189927238619e-01 3.823469084986550570e+03 1.598580833622893806e+03 8.214164400385633371e+02
1.688788864024014236e-01 3.286358667025603154e+03 1.358500046630624411e+03 6.958255146898253543e+02
1.883821286769788717e-01 2.795347333177615383e+03 1.120249978540940447e+03 5.633828471486510807e+02
2.101377333831422056e-01 2.399091157148004640e+03 9.371885782974196673e+02 4.650872304798226082e+02
2.344058181183555356e-01 2.061938120627547960e+03 7.796595269176710872e+02 3.791583103315013545e+02
2.614765405675759102e-01 1.783805675798689435e+03 6.533243972021851960e+02 3.119370823172127984e+02
2.916735677297306317e-01 1.549101451186173563e+03 5.473287999092528935e+02 2.552913211090040306e+02
3.253579457932418983e-01 1.353187234252502776e+03 4.606290808054469608e+02 2.096368137622160077e+02
3.629324169301749725e-01 1.188910541791328114e+03 3.893980669725486337e+02 1.725837234106079734e+02
4.048462346221089470e-01 1.050176442797165009e+03 3.306907830281951419e+02 1.424430459912653362e+02
4.516005350914485406e-01 9.323713492391476620e+02 2.822808858889107455e+02 1.179763078886579564e+02
5.037543290608768043e-01 8.314113032298786266e+02 2.422340357740858110e+02 9.810190724976392573e+01
5.619311854805180140e-01 7.439697897889843716e+02 2.089866318637379834e+02 8.195003042111150648e+01
6.268266871357865977e-01 6.673228466929014076e+02 1.812540696652861527e+02 6.880975523434179308e+01
6.992167472777639503e-01 5.991425835239626849e+02 1.579569509405974372e+02 5.809037737430112003e+01
7.799668867126374749e-01 5.376057804893042658e+02 1.382209046069184524e+02 4.931525317151899657e+01
8.700425822703268253e-01 4.813049774808091001e+02 1.213372718093747267e+02 4.210096760520240622e+01
9.705208103821856280e-01 4.292314339588943994e+02 1.067363500693781475e+02 3.613687382686886451e+01
1.082602923786821769e+00 3.807025495896305074e+02 9.395992538618655487e+01 3.117164483346408588e+01
1.207629015322442267e+00 3.353576192004933318e+02 8.265477096880778163e+01 2.700407303924022173e+01
1.347093940544190405e+00 2.930750839186666212e+02 7.255074155437121419e+01 2.347290437919287598e+01
1.502665190738521561e+00 2.539089625934143442e+02 6.345331727208461814e+01 2.045065985880240689e+01
1.676202830030598223e+00 2.180048989525040213e+02 5.522574973529430764e+01 1.783645176999749538e+01
1.869781734959676811e+00 1.855096020891476485e+02 4.777905886037744665e+01 1.555262764177879298e+01
2.085716402426663674e+00 1.565225512459118988e+02 4.105709328909779998e+01 1.353959385386311531e+01
2.326588622626292402e+00 1.310332190359095534e+02 3.502382387871242742e+01 1.175355807940362851e+01
2.595278347831105226e+00 1.089301436375545507e+02 2.965309836160308521e+01 1.016255488973587973e+01
2.894998126105261083e+00 8.999657539176840260e+01 2.491742329047832882e+01 8.743779039160061828e+00
3.229331511649635278e+00 7.394949777653782519e+01 2.078504426683861084e+01 7.480774961250240551e+00
3.602275911025628830e+00 6.046821672311941853e+01 1.721619897879638472e+01 6.361078131673604474e+00
4.018290377542188097e+00 4.922398212156334552e+01 1.416510815243798582e+01 5.374551476666490579e+00
4.482348925252354732e+00 3.990426551404032551e+01 1.158127491369533324e+01 4.511667485301031455e+00
5.000000000000000888e+00 3.222189296925856183e+01 9.412431039662838117e+00 3.763039048465549818e+00
