1.000000000230258569e-04 2.982262956109600509e+02 1.219764666730494582e+02 6.616221420270235853e+01
1.115026695290953366e-04 3.313350198976128809e+02 1.355373162379436849e+02 7.352035302123705662e+01
1.243284530925187648e-04 3.681016770172740848e+02 1.506028824477650119e+02 8.169584258493487994e+01
1.386295441504667143e-04 4.089249343015328009e+02 1.673390816670292338e+02 9.077910126499475041e+01
1.545756424481938766e-04 4.542459056073386705e+02 1.859299274192334792e+02 1.008704785666774342e+02
1.723559677317991945e-04 5.045526055662427893e+02 2.065794105614502030e+02 1.120812979769427784e+02
1.921815050694108094e-04 5.603852711227690406e+02 2.295132826655235192e+02 1.245348392995406215e+02
2.142875084442451923e-04 6.223415291580473649e+02 2.549814843350331444e+02 1.383676947931674590e+02
2.389362923277018713e-04 6.910829924691414590e+02 2.832607715654607432e+02 1.537312007894283283e+02
2.664203443578849946e-04 7.673480029780773748e+02 3.146573595351777044e+02 1.707926500633079456e+02
2.970657960592480913e-04 8.519582000126283674e+02 3.495100179602888488e+02 1.897370471284617395e+02
3.312362927876497001e-04 9.458267523251444118e+02 3.881935066000281722e+02 2.107689792386889849e+02
3.693373088223966556e-04 1.049979999938818537e+03 4.311224764680366661e+02 2.341139214197285412e+02
4.118209588090659132e-04 1.165568760393778348e+03 4.787555214768988776e+02 2.600204318210509769e+02
4.591913626466918256e-04 1.293877259373738752e+03 5.315993560003787479e+02 2.887625341061016115e+02
5.120106274801957584e-04 1.436324635822274331e+03 5.902112544395301938e+02 3.206403896381582967e+02
5.709055177816341068e-04 1.594482121313224297e+03 6.552041592114429704e+02 3.559827709996946510e+02
6.365748926688486646e-04 1.770092323676103206e+03 7.272521765794904240e+02 3.951500198026888597e+02
7.097979987143026312e-04 1.965008982308700979e+03 8.070822941000601531e+02 4.385313671777944933e+02
7.914437166483044659e-04 2.181200716776183071e+03 8.954774196437807632e+02 4.865465469326906032e+02
8.824808716799498404e-04 2.420795563086798666e+03 9.932860498993040892e+02 5.396498450153873137e+02
9.839897297802024153e-04 2.685997061516133726e+03 1.101399256101331730e+03 5.983205340417737261e+02
1.097174816344422205e-03 2.979056583319399579e+03 1.220744513163077272e+03 6.630604437734359635e+02
1.223379209343287413e-03 3.302311651686984078e+03 1.352298159320541345e+03 7.343992481679263165e+02
1.364100476567608111e-03 3.658132003877114130e+03 1.497051032381233654e+03 8.128762226600881604e+02
1.521008446081769522e-03 4.048875322084420077e+03 1.655987300014679704e+03 8.990293632958853323e+02
1.695965020753673102e-03 4.476870618870602812e+03 1.830091330772948595e+03 9.933997372320378645e+02
1.891046271984591709e-03 4.944327287082841394e+03 2.020293718042377122e+03 1.096498805440133992e+03
2.108567074807741158e-03 5.453248678590693089e+03 2.227425636962424051e+03 1.208781751616054635e+03
2.351108576680822643e-03 6.005391554810289563e+03 2.452218453706843775e+03 1.330650802063042420e+03
2.621548825923003187e-03 6.602097195747410296e+03 2.695234027610966677e+03 1.462416170725424990e+03
2.923096923239734257e-03 7.244123016773585732e+03 2.956794278475573719e+03 1.604256616081358516e+03
3.259331101584665453e-03 7.931606759391983360e+03 3.236967338419226508e+03 1.756213411330120152e+03
3.634241186222156913e-03 8.663860294677155252e+03 3.535484327106382352e+03 1.918146246314772497e+03
4.052275938830490927e-03 9.439146008432446251e+03 3.851648889124864127e+03 2.089685118690210402e+03
4.518395847440812539e-03 1.025463980282871125e+04 4.184319656447789384e+03 2.270219251446480484e+03
5.038131988628217865e-03 1.110617225858829624e+04 4.531834175780889382e+03 2.458833159590209107e+03
5.617651660426248826e-03 1.198778986630484724e+04 4.891810266849828622e+03 2.654261411393675189e+03
6.263831564778516575e-03 1.289180154131399286e+04 5.261135374883368968e+03 2.854820667661027073e+03
6.984339407925946493e-03 1.380812572332038690e+04 5.635750384450658203e+03 3.058316834618577104e+03
7.787724887016851671e-03 1.472591192704102832e+04 6.011302099473722592e+03 3.262404898414059971e+03
8.683521142606049834e-03 1.562509408931755934e+04 6.379670367294549578e+03 3.462676268927035380e+03
9.682357880899711625e-03 1.648711597407139925e+04 6.733383966946208602e+03 3.655084958825303602e+03
1.079608750807801998e-02 1.729320442372514299e+04 7.064924609799213613e+03 3.835571063343819787e+03
1.203792577343234388e-02 1.801791360477848866e+04 7.364054658499292600e+03 3.998595687669303061e+03
1.342260859021738965e-02 1.863168468850170393e+04 7.618884473880048063e+03 4.137704860672146424e+03
1.496656689508787767e-02 1.910352274390690945e+04 7.816991076709475237e+03 4.246161705317155793e+03
1.668812162103823840e-02 1.940101005622414232e+04 7.945394161741440257e+03 4.316924675194453812e+03
1.860770109743517184e-02 1.949082056461156390e+04 7.990753286165202553e+03 4.342766777840181021e+03
2.074808345685756270e-02 1.934327158683824382e+04 7.941099065653109392e+03 4.317150456135078457e+03
2.313466692519383291e-02 1.893637921460302823e+04 7.787552061232811866e+03 4.235238310159922548e+03
2.579577120231610690e-02 1.826136236298753283e+04 7.526301541098908274e+03 4.094956297912480750e+03
2.876297350957714855e-02 1.732974735564440925e+04 7.161265778762265654e+03 3.898324042980519152e+03
3.207148329174031032e-02 1.617992646769158273e+04 6.706781286052904761e+03 3.652981018086772110e+03
3.576056001963404812e-02 1.488005482331529856e+04 6.189001448067071578e+03 3.373002002869106036e+03
3.987397905126498221e-02 1.352339490477283107e+04 5.644365515780777969e+03 3.078048639587003436e+03
4.446055107939526907e-02 1.221435668284192798e+04 5.114807034175807530e+03 2.790893832519486750e+03
4.957470132945773766e-02 1.104528704207549708e+04 4.638962492220017339e+03 2.532701904731659852e+03
5.527711538069327024e-02 1.006767651602812839e+04 4.240525396182350050e+03 2.316708942879945880e+03
6.163545927395905344e-02 9.266542500805306190e+03 3.916339746215244304e+03 2.141563128900852462e+03
6.872518245115814828e-02 8.559258153860368111e+03 3.632957653782606485e+03 1.989036660312415734e+03
7.663041305413779980e-02 7.802993742377556373e+03 3.324546063890843925e+03 1.821988115281331375e+03
8.544495620686157200e-02 6.911911985018961786e+03 2.945151140369327550e+03 1.613275680118400032e+03
9.527340712667957401e-02 5.931377621900940539e+03 2.509112775179893106e+03 1.369519168510335476e+03
1.062323922731101822e-01 5.034983893007311963e+03 2.101554787484994449e+03 1.139591487818712721e+03
1.184519532618636822e-01 4.369949426346240216e+03 1.806696816504104618e+03 9.747247525575596683e+02
1.320770899659224340e-01 3.900626843723965976e+03 1.616166292710842981e+03 8.726688875357958750e+02
1.472694811144383831e-01 3.451945739002798746e+03 1.430612898669253582e+03 7.733749361301498766e+02
1.642094028064348954e-01 2.957631364250781644e+03 1.198737345856694674e+03 6.420511653721875973e+02
1.830978677048002712e-01 2.537312767001380507e+03 9.994937973762786214e+02 5.282928021678133064e+02
2.041590102946942431e-01 2.226783575981564354e+03 8.715964827544821674e+02 4.602492227786706280e+02
2.276427465103479653e-01 1.937566066797785425e+03 7.451060846719725532e+02 3.905737162253253132e+02
2.538277392899435103e-01 1.678449023774636998e+03 6.244001569414277810e+02 3.211909805774334359e+02
2.830247052484705095e-01 1.469101512891979837e+03 5.368430770157300458e+02 2.742696436779568785e+02
3.155801017062329072e-01 1.283855317065537065e+03 4.546198814848106622e+02 2.279520702000783956e+02
3.518802378240603601e-01 1.128525603706162201e+03 3.885049313464592160e+02 1.919658780445489867e+02
3.923558586288135031e-01 9.948975992175867304e+02 3.314875250186395874e+02 1.605387562088153004e+02
4.374872563241952172e-01 8.817401261733057254e+02 2.843226263004339671e+02 1.350695984223158064e+02
4.878099695387512202e-01 7.843465250393735460e+02 2.444134031015942981e+02 1.135517760401022400e+02
5.439211381395319123e-01 7.007499194235410869e+02 2.110245616470213008e+02 9.577571458722238162e+01
6.064865890189676811e-01 6.284291628739362068e+02 1.830303404835381400e+02 8.106502615964485869e+01
6.762487369363893164e-01 5.651839286683787122e+02 1.594818733266058075e+02 6.887724567199040848e+01
7.540353941672404137e-01 5.092191809791024184e+02 1.396036006258336215e+02 5.878009730666330768e+01
8.407695934971151086e-01 4.590099733349808275e+02 1.227279518785589829e+02 5.040174461974919495e+01
9.374805411223435803e-01 4.133275510270997870e+02 1.082972501038125870e+02 4.343284826521774278e+01
1.045315829426528564e+00 3.712397170266329454e+02 9.584806245630160504e+01 3.761543836078565306e+01
1.165555054552403824e+00 3.320396699706826098e+02 8.498768333010360720e+01 3.273218828877821807e+01
1.299625000357985227e+00 2.952974951672978250e+02 7.540161925622079764e+01 2.860470687471892148e+01
1.449116568932995452e+00 2.608069407930567536e+02 6.683868796822348202e+01 2.508634568337363646e+01
1.615803658576671964e+00 2.285432632275222886e+02 5.910811299418605813e+01 2.205766185117247957e+01
1.801664213246928048e+00 1.986008321281092890e+02 5.206790948884238190e+01 1.942119475184397004e+01
2.008903693258128342e+00 1.711264513796207041e+02 4.562497046313706761e+01 1.710077839112433296e+01
2.239981245735629400e+00 1.462666061070768819e+02 3.972292991062602141e+01 1.503716308058238660e+01
2.497638885371206374e+00 1.240867423589356378e+02 3.433281647447419971e+01 1.318600189624663876e+01
2.784934031744384253e+00 1.045700203833592923e+02 2.944238330895239031e+01 1.151467139616517166e+01
3.105275789304232426e+00 8.760286270050937674e+01 2.504721293482935351e+01 1.000171509096019307e+01
3.462465400517639402e+00 7.300542602377240087e+01 2.114304609008726032e+01 8.633518545918670739e+00
3.860741352209485999e+00 6.055573642305365212e+01 1.771658058122752522e+01 7.401440826598058464e+00
4.304829670336041580e+00 5.001423260170834340e+01 1.474544771933029708e+01 6.299532993934485070e+00
4.799999999999999822e+00 4.114253006907971155e+01 1.219716383354465705e+01 5.322559425271139233e+00
