1.000000000230258569e-04 4.061128077544863118e+03 1.774956056218793947e+03 9.903011406434351329e+02
1.115486563971542785e-04 4.470252066513006866e+03 1.954402642201066328e+03 1.090003488377799840e+03
1.244310274114527074e-04 4.921261942790293688e+03 2.152447117953348879e+03 1.199927353144568997e+03
1.388011391866901154e-04 5.418553965494487784e+03 2.371117629859763383e+03 1.321167411625061732e+03
1.548308057910457113e-04 5.966919885655515827e+03 2.612650260626430281e+03 1.454936041834216439e+03
1.727116835090306587e-04 6.571445655686349710e+03 2.879463848219148986e+03 1.602565261139058521e+03
1.926575623508681512e-04 7.237651843574785744e+03 3.174221602519079170e+03 1.765530699628177899e+03
2.149069222004190347e-04 7.971309308746052920e+03 3.499761789179541211e+03 1.945434667614811815e+03
2.397257841638464457e-04 8.777924738613104637e+03 3.858889263454983393e+03 2.143943394624542179e+03
2.674108912107391479e-04 9.663038919652581171e+03 4.254517000250067213e+03 2.362845725481936370e+03
2.982932561365508645e-04 1.063196998895142679e+04 4.689527744378808165e+03 2.603991244681830267e+03
3.327421192670277522e-04 1.168898726949032243e+04 5.166314428697992298e+03 2.869074387219751316e+03
3.711693632243215748e-04 1.283754034223290910e+04 5.686943840886101498e+03 3.159734337906522796e+03
4.140344375392690035e-04 1.408045357261775098e+04 6.253148849375808823e+03 3.477504143409910284e+03
4.618498519902246974e-04 1.542065023650046533e+04 6.866289940924832081e+03 3.823596672819803189e+03
5.151873043487156757e-04 1.686042791232878881e+04 7.527180031043986673e+03 4.198921989359771032e+03
5.746845157973842983e-04 1.840195893962993432e+04 8.236310824738378869e+03 4.604157873440885851e+03
6.410528557468661917e-04 2.005048595252272935e+04 8.995174631432097158e+03 5.040123645674349973e+03
7.150858472165629249e-04 2.181267741900669353e+04 9.805511634214359219e+03 5.507500902647905605e+03
7.976686544726134401e-04 2.369604829149533180e+04 1.066922258664046240e+04 6.006871709281586845e+03
8.897886663605780169e-04 2.570951924607399633e+04 1.158954041961112671e+04 6.539550678015694757e+03
9.925473018708411317e-04 2.786338078173284521e+04 1.257056459919899498e+04 7.107201434837921624e+03
1.107173179088194286e-03 3.016853485771243504e+04 1.361675367331761845e+04 7.711577664560844823e+03
1.235036804978161722e-03 3.263227968558335488e+04 1.473150982469912560e+04 8.354294523306723931e+03
1.377666961646263968e-03 3.526003616741213045e+04 1.591780288268115510e+04 9.036936661771074796e+03
1.536768984990051967e-03 3.805591837131152715e+04 1.717823870019848619e+04 9.760925165066668342e+03
1.714245154289869167e-03 4.101853823298744101e+04 1.851261698661495757e+04 1.052617062742976850e+04
1.912217436523370962e-03 4.414201698913631844e+04 1.991863090232921240e+04 1.133147023714832176e+04
2.133052857342773462e-03 4.741660971485389746e+04 2.139235612781201780e+04 1.217477336571149681e+04
2.379391802059096454e-03 5.082573408062153612e+04 2.292670754408657376e+04 1.305219599017516157e+04
2.654179585009814029e-03 5.434621073762179731e+04 2.451162571660536560e+04 1.395817264548267303e+04
2.960701664764286197e-03 5.795249647936779365e+04 2.613525739794209949e+04 1.488566213789870926e+04
3.302622926212283368e-03 6.160626774906670471e+04 2.778150892572110752e+04 1.582617171394344223e+04
3.684031499205906151e-03 6.526432384465401992e+04 2.943039659290236523e+04 1.676854435895887582e+04
4.109487637665882979e-03 6.887839588229049696e+04 3.106026950620982825e+04 1.769995431255005678e+04
4.584078243567925488e-03 7.239081404615777137e+04 3.264548059565078802e+04 1.860597478102513196e+04
5.113477687716873853e-03 7.573556042637256905e+04 3.415652813091005373e+04 1.946991568891766292e+04
5.704015654503047893e-03 7.883687692597979913e+04 3.555960015537773870e+04 2.027260243466247266e+04
6.362752821816417166e-03 8.163244391222434933e+04 3.682692109355035063e+04 2.099827453653523844e+04
7.097565280973966440e-03 8.396399429224994674e+04 3.788752069849154213e+04 2.160651485916111778e+04
7.917238706014356406e-03 8.575235868172888877e+04 3.870603056548253517e+04 2.207716006458086849e+04
8.831573398280912271e-03 8.686020672440431372e+04 3.922096669284065138e+04 2.237518109619104871e+04
9.851501462242475554e-03 8.720903967884110170e+04 3.939750744369166205e+04 2.248076674530149830e+04
1.098921751354712747e-02 8.667121993957387167e+04 3.917842092620186304e+04 2.236120447225485623e+04
1.225832448210000328e-02 8.513752408638990892e+04 3.851486341680536862e+04 2.198859276786315240e+04
1.367399625343743499e-02 8.254270158781700593e+04 3.737771078313759790e+04 2.134628948332598884e+04
1.525315909299450497e-02 7.886356411557919637e+04 3.575617126114690473e+04 2.042802451023526737e+04
1.701469402243795462e-02 7.415434889293363085e+04 3.367288311643397174e+04 1.924619317186766057e+04
1.897966256774625410e-02 6.856949307006300660e+04 3.119482046843793796e+04 1.783856472277066860e+04
2.117155857815964867e-02 6.237431431335475645e+04 2.843725353355357220e+04 1.627029077629024141e+04
2.361658912683562567e-02 5.593588335322972853e+04 2.556108372718642568e+04 1.463253833362366640e+04
2.634398785175567220e-02 4.968202226466147840e+04 2.275636752441782664e+04 1.303351153354778580e+04
2.938636448329653983e-02 4.402430206847540103e+04 2.021000287682269118e+04 1.158049991467037944e+04
3.278009473753994152e-02 3.925194171493696922e+04 1.805874018400758723e+04 1.035292110540891008e+04
3.656575523702054742e-02 3.542393917017393687e+04 1.633874140325329063e+04 9.373350650197000505e+03
4.078860865897657173e-02 3.232191892999133779e+04 1.495771083584844382e+04 8.590360933964580909e+03
4.549914491170512637e-02 2.940294785971797319e+04 1.365716393700120170e+04 7.853686930796412526e+03
5.075368480951484434e-02 2.615379876615949615e+04 1.217190887842410302e+04 7.004439548048392680e+03
5.661505346402430361e-02 2.241904713821044425e+04 1.039805635624128263e+04 5.974436199893034427e+03
6.315333144310807112e-02 1.866977594334897003e+04 8.563408718082171617e+03 4.894788297551793221e+03
7.044669267860774464e-02 1.564750575150942859e+04 7.081390885037400039e+03 4.019111439317377062e+03
7.858233914112514040e-02 1.361604057088569425e+04 6.140468927501825419e+03 3.474674347522464359e+03
8.765754345719625751e-02 1.206764829523537810e+04 5.471408815002333540e+03 3.102274080917086849e+03
9.778081193473929511e-02 1.036264415838404238e+04 4.659595145936479639e+03 2.632505020355499710e+03
1.090731819023149224e-01 8.663013787586332910e+03 3.780560639787324817e+03 2.104591274294390132e+03
1.216696688736408766e-01 7.428195191220903325e+03 3.186115683895387065e+03 1.759714771942026573e+03
1.357208808401622890e-01 6.449931302549052816e+03 2.753615605686050003e+03 1.521769035139640664e+03
1.513948189927238619e-01 5.500276722115926532e+03 2.274501870541987046e+03 1.235324643696956855e+03
1.688788864024014236e-01 4.739085365937752613e+03 1.912567031227793223e+03 1.025708701300109396e+03
1.883821286769788717e-01 4.101179390714666624e+03 1.616913096934830037e+03 8.576276488159610381e+02
2.101377333831422056e-01 3.552963019489864564e+03 1.355457427931722123e+03 7.045297499153006129e+02
2.344058181183555356e-01 3.098183330079084499e+03 1.146985569151745949e+03 5.866317207103347755e+02
2.614765405675759102e-01 2.712876689996440746e+03 9.704474527137350606e+02 4.858930595554770093e+02
2.916735677297306317e-01 2.388057988069311250e+03 8.245772332654614729e+02 4.037240400786139389e+02
3.253579457932418983e-01 2.114147902818771399e+03 7.040476873905083721e+02 3.366448372117629333e+02
3.629324169301749725e-01 1.881105597726752194e+03 6.039498223137206878e+02 2.814988757319109709e+02
4.048462346221089470e-01 1.681256028883160752e+03 5.207189996243189398e+02 2.363053594780190281e+02
4.516005350914485406e-01 1.508440214644135949e+03 4.513911774445984975e+02 1.992911729413744979e+02
5.037543290608768043e-01 1.357234878809502106e+03 3.933992276990308596e+02 1.689375315621396396e+02
5.619311854805180140e-01 1.222902464063841308e+03 3.445518449810364814e+02 1.439740285018678492e+02
6.268266871357865977e-01 1.101896298420233506e+03 3.031242982053432229e+02 1.233907367402991895e+02
6.992167472777639503e-01 9.912399813299055040e+02 2.676359702550385009e+02 1.063376346421337502e+02
7.799668867126374749e-01 8.887456894534388994e+02 2.368978418323303288e+02 9.212669644811343517e+01
8.700425822703268253e-01 7.929356327492928358e+02 2.099389851477006346e+02 8.019353035506523497e+01
9.705208103821856280e-01 7.029521086961974561e+02 1.860037875408506807e+02 7.008608720215914900e+01
1.082602923786821769e+00 6.185014447198266225e+02 1.645025740529974598e+02 6.143458847105721077e+01
1.207629015322442267e+00 5.396485824141898320e+02 1.450058947922658774e+02 5.394791456458487744e+01
1.347093940544190405e+00 4.667668114575900518e+02 1.272176079203046726e+02 4.739400221274838998e+01
1.502665190738521561e+00 4.002314886095235806e+02 1.109473353533820017e+02 4.159588254306432020e+01
1.676202830030598223e+00 3.403878589535056562e+02 9.609288196582731700e+01 3.641985902513825124e+01
1.869781734959676811e+00 2.873332662367723742e+02 8.259898076798175737e+01 3.176925772977556406e+01
2.085716402426663674e+00 2.409484005205454764e+02 7.044508813625409971e+01 2.757733019391618967e+01
2.326588622626292402e+00 2.008793614585259206e+02 5.960739926411935130e+01 2.379886594615647510e+01
2.595278347831105226e+00 1.666063857934985322e+02 5.005509095499983374e+01 2.040561369385427426e+01
2.894998126105261083e+00 1.375339866180135857e+02 4.173099924513705616e+01 1.737602747976609763e+01
3.229331511649635278e+00 1.130376895039344021e+02 3.455703989394910280e+01 1.469285082363036921e+01
3.602275911025628830e+00 9.252300970735534236e+01 2.843714669344958068e+01 1.233738278112666542e+01
4.018290377542188097e+00 7.543933850513091954e+01 2.326503228813441382e+01 1.028934160686961619e+01
4.482348925252354732e+00 6.128466915864736819e+01 1.893084741239077218e+01 8.525170769685725958e+00
5.000000000000000888e+00 4.960861774764151733e+01 1.532641234517849327e+01 7.019210957554062880e+00
