1.000000000230258569e-04 5.010312733305485153e+02 2.251258091245369144e+02 1.249463333951930935e+02
1.122634227564673579e-04 5.618487884096344942e+02 2.525453511215390847e+02 1.401713190238316713e+02
1.260307608609534901e-04 6.299801354541123146e+02 2.832949087616493671e+02 1.572479317547939957e+02
1.414864458359461712e-04 7.062846370833992751e+02 3.177753295962816651e+02 1.763999282458734115e+02
1.588375267953347550e-04 7.917186615597580612e+02 3.564349756966249174e+02 1.978778033781264298e+02
1.783164441611049004e-04 8.873490597942418390e+02 3.997745979633946263e+02 2.219615156435993981e+02
2.001841435067871621e-04 9.943692985769953339e+02 4.483524816768951951e+02 2.489633439971316591e+02
2.247335712646909519e-04 1.114110037119668732e+03 5.027916627387028825e+02 2.792320524067756651e+02
2.522935991264941354e-04 1.248071185506935763e+03 5.637865834429852612e+02 3.131561137051598394e+02
2.832334297096662638e-04 1.397955844412775832e+03 6.321104145183579703e+02 3.511673169413130040e+02
3.179675425093897337e-04 1.565680305147662693e+03 7.086241477799267159e+02 3.937462245349956333e+02
3.569612463934728852e-04 1.753417779832448332e+03 7.942837993373866539e+02 4.414247040804176549e+02
4.007369130231864672e-04 1.963640101574861092e+03 8.901494241823173752e+02 4.947899793405138098e+02
4.498809747048478080e-04 2.199140379304649286e+03 9.973963703432053762e+02 5.544913431423697148e+02
5.050517804175268938e-04 2.462986088020661100e+03 1.117312209258825305e+03 6.212383731609600090e+02
5.669884152586394726e-04 2.758544962134238176e+03 1.251304923304589920e+03 6.958048103821876111e+02
6.365206014554368984e-04 3.089543154537229839e+03 1.400915756233150660e+03 7.790351684149428593e+02
7.145798135793877959e-04 3.459848165331049131e+03 1.567785769336591102e+03 8.718309768385698817e+02
8.022117568662883325e-04 3.873493913439550852e+03 1.753662948337381067e+03 9.751539023067267635e+02
9.005903758055168549e-04 4.334739031604227421e+03 1.960409508524016019e+03 1.090028334610341062e+03
1.011033580661806338e-03 4.847852332640487475e+03 2.189936908988028790e+03 1.217511177397349002e+03
1.135020902606864940e-03 5.417103475880672704e+03 2.444208652310451271e+03 1.358692637155430702e+03
1.274213313974418031e-03 6.046736087493301966e+03 2.725216849769492455e+03 1.514682339223771351e+03
1.430475479156914512e-03 6.740858381177054071e+03 3.034865743260339968e+03 1.686544940902295821e+03
1.605900734223756829e-03 7.503324027818326613e+03 3.374964101645902701e+03 1.875297879341913131e+03
1.802839129895710598e-03 8.337556255149516801e+03 3.747146452679913182e+03 2.081864469124985135e+03
2.023928913547812410e-03 9.246290824807445460e+03 4.152691009667747494e+03 2.306960810750655128e+03
2.272131871983379750e-03 1.023142566378118136e+04 4.592496259231446857e+03 2.551090672902118968e+03
2.550773008441800313e-03 1.129366789819192309e+04 5.066923966739318530e+03 2.814460772270328107e+03
2.863585085365514225e-03 1.243204191355478906e+04 5.575558638677071940e+03 3.096847513650438486e+03
3.214758629634808552e-03 1.364379295473503953e+04 6.117174859208206726e+03 3.397578459626518452e+03
3.608998070155939632e-03 1.492376521202517324e+04 6.689480500697253774e+03 3.715386610074016517e+03
4.051584759838999447e-03 1.626374751640314025e+04 7.288843817944671173e+03 4.048255579799524185e+03
4.548447726227339283e-03 1.765255101627603653e+04 7.910303533029797109e+03 4.393430474921923633e+03
5.106243098575769836e-03 1.907523707542373086e+04 8.547134267283045119e+03 4.747195815637296619e+03
5.732443275407110572e-03 2.051236229329117850e+04 9.190665818754587235e+03 5.104739731151357773e+03
6.435437027063155117e-03 2.194099614501441101e+04 9.830674553194769032e+03 5.460391344767210285e+03
7.224641874254610074e-03 2.332805216577594547e+04 1.045237757143198360e+04 5.805949377902268679e+03
8.110630248067678127e-03 2.463810507095823414e+04 1.103995013453173851e+04 6.132619725503337577e+03
9.105271121505569346e-03 2.583104145498520302e+04 1.157551096812209835e+04 6.430481016999616259e+03
1.022188900990466699e-02 2.685925898931727352e+04 1.203782340070816463e+04 6.687752978336884553e+03
1.147544247024383408e-02 2.766853001419716384e+04 1.240267531208202490e+04 6.890978258900573564e+03
1.288272449057868002e-02 2.820060459194039504e+04 1.264407829824492364e+04 7.025727337501392867e+03
1.446258745407916733e-02 2.839510477648449159e+04 1.273514510092531236e+04 7.077063930715182323e+03
1.623619569135818438e-02 2.819267299484489558e+04 1.264941994989599516e+04 7.030300175499393845e+03
1.822730900435978393e-02 2.754267886466061100e+04 1.236434186452564973e+04 6.872859917086811038e+03
2.046260095998037737e-02 2.641294734989430071e+04 1.186559500506329277e+04 6.596799952848949033e+03
2.297201621738221775e-02 2.480303715332682987e+04 1.115276807187954728e+04 6.201863708344887527e+03
2.578917167586586637e-02 2.275979055839342982e+04 1.024607468446990606e+04 5.699155422397869188e+03
2.895180681720203528e-02 2.039034769923130443e+04 9.192115720813861117e+03 5.114363958986720718e+03
3.250228927534733192e-02 1.786367222274133019e+04 8.064847648948099049e+03 4.488353815247503007e+03
3.648818240631140908e-02 1.539335378272257731e+04 6.958689395898253679e+03 3.873426766454441804e+03
4.096288246151627566e-02 1.319803483443952427e+04 5.971869649181369823e+03 3.324277918019970457e+03
4.598633390041809155e-02 1.144586825227408735e+04 5.182356129551378217e+03 2.884721582540432337e+03
5.162583242493973962e-02 1.019635858676828684e+04 4.621621723902427220e+03 2.573134144177138751e+03
5.795692649341043640e-02 9.356631501012179797e+03 4.252552013321297636e+03 2.369787349448372879e+03
6.506442939097074885e-02 8.680370232320077776e+03 3.963536355612622629e+03 2.212579938469559238e+03
7.304355541444980393e-02 7.809972624933113366e+03 3.578573986846739899e+03 2.000725012791708423e+03
8.200119539239680844e-02 6.590783215121525245e+03 3.008346720838831516e+03 1.680058435752303012e+03
9.205734862752627812e-02 5.247676045044241619e+03 2.354908741010754056e+03 1.306392912899304974e+03
1.033467304443183715e-01 4.218657779977069367e+03 1.851447872372578104e+03 1.016651781967084275e+03
1.160205768769771578e-01 3.666579894292036442e+03 1.605493915363567112e+03 8.794106361738633950e+02
1.302486706739022226e-01 3.298309166716443087e+03 1.465920263538418794e+03 8.079368768086043247e+02
1.462216157596530064e-01 2.767375077000343481e+03 1.213863246738014141e+03 6.648726347132237606e+02
1.641533906237988560e-01 2.234025841921037227e+03 9.361655146244448815e+02 5.007330387201761255e+02
1.842842148426375448e-01 1.919466783193186529e+03 7.993358000581023362e+02 4.268891118859635299e+02
2.068837671345900298e-01 1.645319097893839171e+03 6.817388474568152787e+02 3.644286377590825055e+02
2.322547980593316352e-01 1.372669399367194728e+03 5.421504907702794753e+02 2.816249632749809280e+02
2.607371857574901086e-01 1.177279862202711001e+03 4.593231850113138535e+02 2.382036528222880918e+02
2.927124890628471365e-01 1.001629822478148071e+03 3.759777413168717430e+02 1.903291682134998837e+02
3.286090589819373742e-01 8.613909194042128092e+02 3.141247775989028810e+02 1.568987727982636784e+02
3.689077770159973624e-01 7.419631019876001119e+02 2.603256499632014993e+02 1.268187209512046962e+02
4.141484971975938345e-01 6.441870879495584177e+02 2.178105445693974218e+02 1.038844458218487148e+02
4.649372781414354283e-01 5.625690760099887484e+02 1.827791643857459860e+02 8.497647510554317307e+01
5.219545019921476570e-01 4.939092697314823113e+02 1.540555765150809009e+02 6.966559461605405090e+01
5.859639890329354506e-01 4.361479289775928692e+02 1.306046945919690643e+02 5.735842452470918573e+01
6.578232300572349756e-01 3.870528198675542058e+02 1.113833423247771748e+02 4.744040256535586764e+01
7.384948735793578356e-01 3.448294306077008855e+02 9.556771794017652155e+01 3.944073836234821329e+01
8.290596217703356530e-01 3.079188576126181260e+02 8.246215700151931571e+01 3.296943091891621691e+01
9.307307078768926045e-01 2.752141114580547878e+02 7.154259026100784524e+01 2.772857769862330102e+01
1.044870149067508081e+00 2.457465896309683160e+02 6.235519430245857819e+01 2.346654531902527197e+01
1.173006992433692330e+00 2.187947545363963116e+02 5.453835485987941922e+01 1.998204888920442457e+01
1.316857798575541416e+00 1.938619846011187633e+02 4.780246935258752927e+01 1.711395334024613746e+01
1.478349637175967013e+00 1.706476424743638347e+02 4.192255034372918487e+01 1.473413870809953430e+01
1.659645902619409696e+00 1.490128725344576424e+02 3.672318300082618237e+01 1.273958050860886537e+01
1.863175295489004624e+00 1.289438357865136311e+02 3.207597717119352865e+01 1.104927556159013413e+01
2.091664358187257822e+00 1.105057648201617297e+02 2.788943636782722280e+01 9.599360935484719803e+00
2.348174000537423645e+00 9.378920801242003336e+01 2.410430920390227882e+01 8.340877881424294316e+00
2.636140504673786467e+00 7.886683801644035441e+01 2.068379738675829671e+01 7.236583168137501687e+00
2.959421558534973240e+00 6.575637256184883483e+01 1.760795480871609442e+01 6.259542381154306945e+00
3.322347934639153344e+00 5.441345179212257221e+01 1.486415043542449332e+01 5.390387878003603639e+00
3.729781506445900785e+00 4.472890055202037729e+01 1.244217228163786437e+01 4.616034280294296188e+00
4.187180379509764627e+00 3.655403180861778623e+01 1.032890576799904281e+01 3.927223935168095981e+00
4.700672009942531204e+00 2.971577989471363068e+01 8.506974634144391700e+00 3.317635264974017506e+00
5.277135289701610610e+00 2.403953311699317652e+01 6.954383356142110451e+00 2.781967898759665658e+00
5.924292698344328478e+00 1.935945012142112631e+01 5.645701037248837650e+00 2.315455922676006750e+00
6.650813755741415534e+00 1.552440112385188975e+01 4.553727588083991584e+00 1.913015325129675981e+00
7.466431161634059954e+00 1.239984513304692015e+01 3.650959863285335505e+00 1.569242324365744734e+00
8.382071177875818790e+00 9.867270984119040023e+00 2.910898858125677169e+00 1.278381262662533047e+00
9.410000000000001918e+00 7.823193961436812671e+00 2.308826070456951207e+00 1.034542283180885258e+00
