1.000000000230258569e-04 4.531966526858876932e+03 2.334097810450499310e+03 1.338296721335133725e+03
1.115486563971542785e-04 4.991760784294479890e+03 2.572526493818494600e+03 1.475635861565508549e+03
1.244310274114527074e-04 5.496986573877758019e+03 2.834923794147310218e+03 1.626961540084188300e+03
1.388011391866901154e-04 6.051927693206175718e+03 3.123610999523986266e+03 1.793667767147370114e+03
1.548308057910457113e-04 6.661339294387507834e+03 3.441137727758107758e+03 1.977282598358363657e+03
1.727116835090306587e-04 7.330661970744817154e+03 3.790333042106104585e+03 2.179480735816123342e+03
1.926575623508681512e-04 8.065953389039053945e+03 4.174305760863375326e+03 2.402096342093977455e+03
2.149069222004190347e-04 8.874108898786424106e+03 4.596512298135520723e+03 2.647141933515424171e+03
2.397257841638464457e-04 9.763343674206447758e+03 5.060891442192221803e+03 2.916834655926062624e+03
2.674108912107391479e-04 1.074308686593455423e+04 5.571845179464908142e+03 3.213607720822190458e+03
2.982932561365508645e-04 1.182403998076879907e+04 6.134282533415958824e+03 3.540128085893981279e+03
3.327421192670277522e-04 1.301821928009590920e+04 6.753694484425703195e+03 3.899316264500823308e+03
3.711693632243215748e-04 1.433928308596663919e+04 7.436221239717092431e+03 4.294371127845441151e+03
4.140344375392690035e-04 1.580219489197859002e+04 8.188566927022946402e+03 4.728755353295583518e+03
4.618498519902246974e-04 1.742145641914273801e+04 9.017544773226056350e+03 5.206090195177986971e+03
5.151873043487156757e-04 1.921224418376213725e+04 9.930399209897035689e+03 5.730237526186576360e+03
5.746845157973842983e-04 2.119021764033125874e+04 1.093470877967696106e+04 6.305256084819381613e+03
6.410528557468661917e-04 2.336913377859668253e+04 1.203751463105134280e+04 6.935100846898842065e+03
7.150858472165629249e-04 2.576160243054095554e+04 1.324564198936251341e+04 7.623736037270521592e+03
7.976686544726134401e-04 2.837921217502244690e+04 1.456568319255902315e+04 8.375086906282467680e+03
8.897886663605780169e-04 3.123228025733230970e+04 1.600346584602957773e+04 9.192656235717564414e+03
9.925473018708411317e-04 3.432914555149970693e+04 1.756397726112278542e+04 1.007955955886925221e+04
1.107173179088194286e-03 3.767561656815063907e+04 1.925113755985201351e+04 1.103840547791658355e+04
1.235036804978161722e-03 4.127522793332239962e+04 2.106721026870973947e+04 1.207071795556558209e+04
1.377666961646263968e-03 4.512819480335649860e+04 2.301255562639310301e+04 1.317690653391849628e+04
1.536768984990051967e-03 4.923013824727707834e+04 2.508522058753691090e+04 1.435608416041019518e+04
1.714245154289869167e-03 5.356961882237243117e+04 2.727980429953420753e+04 1.560520464747205551e+04
1.912217436523370962e-03 5.812783109550480731e+04 2.958725266370015743e+04 1.691900409973116257e+04
2.133052857342773462e-03 6.287814757977912814e+04 3.199441440384386078e+04 1.828987825231624811e+04
2.379391802059096454e-03 6.778365367424012220e+04 3.448162224367857561e+04 1.970701320876634782e+04
2.654179585009814029e-03 7.279703513853797631e+04 3.702287729276984464e+04 2.115635955050994380e+04
2.960701664764286197e-03 7.786029038572683930e+04 3.958988278920075390e+04 2.262097361453127451e+04
3.302622926212283368e-03 8.290215248693921603e+04 4.214964090473470424e+04 2.408160437309998088e+04
3.684031499205906151e-03 8.784346935378282797e+04 4.465989194431162468e+04 2.551480730584693083e+04
4.109487637665882979e-03 9.259524625178841234e+04 4.707542617097772018e+04 2.689473081602254388e+04
4.584078243567925488e-03 9.705889476938103326e+04 4.934637552681742090e+04 2.819292003200307954e+04
5.113477687716873853e-03 1.011272601596281311e+05 5.141850079283996456e+04 2.937844875887678427e+04
5.704015654503047893e-03 1.046840989224106743e+05 5.323302395107839402e+04 3.041780786988162799e+04
6.362752821816417166e-03 1.076022059165292012e+05 5.472561035988033836e+04 3.127432550796863870e+04
7.097565280973966440e-03 1.097876600185392745e+05 5.584883084507077729e+04 3.192091610452001623e+04
7.917238706014356406e-03 1.109725339157549315e+05 5.646667671018488909e+04 3.227978165152856309e+04
8.831573398280912271e-03 1.110373756754342758e+05 5.651869656553535606e+04 3.231633553779025533e+04
9.851501462242475554e-03 1.099055562065351842e+05 5.596586346724165924e+04 3.200810909250892655e+04
1.098921751354712747e-02 1.074481473983694741e+05 5.474276563766409527e+04 3.131752050763458828e+04
1.225832448210000328e-02 1.035717206730109610e+05 5.280171859593124827e+04 3.021707838900168281e+04
1.367399625343743499e-02 9.826430204807664268e+04 5.013619928533486382e+04 2.870279834762551400e+04
1.525315909299450497e-02 9.162125577420672926e+04 4.679342157393146772e+04 2.680131199617836319e+04
1.701469402243795462e-02 8.384606780305237044e+04 4.287395492308304529e+04 2.456917179602359465e+04
1.897966256774625410e-02 7.529672835303726606e+04 3.855632860054510820e+04 2.210763740521597356e+04
2.117155857815964867e-02 6.646241628978213703e+04 3.408535160785107291e+04 1.955583235023112866e+04
2.361658912683562567e-02 5.791786592514081713e+04 2.975089138698166062e+04 1.707899869029545152e+04
2.634398785175567220e-02 5.022764250809822261e+04 2.584137732394412888e+04 1.484266091457608672e+04
2.938636448329653983e-02 4.381970314507970761e+04 2.258143354585551060e+04 1.297738382449513301e+04
3.278009473753994152e-02 3.885298925847566716e+04 2.006309921259160183e+04 1.153889116170121451e+04
3.656575523702054742e-02 3.511784830186853651e+04 1.818958212771481340e+04 1.047470956877400022e+04
4.078860865897657173e-02 3.203261285344719727e+04 1.666146618940982080e+04 9.613315731587275877e+03
4.549914491170512637e-02 2.876624764334021893e+04 1.502204359534411742e+04 8.685253546557980371e+03
5.075368480951484434e-02 2.476691463383413065e+04 1.293785549324626481e+04 7.485085032962031619e+03
5.661505346402430361e-02 2.032343321992361598e+04 1.053795787876038048e+04 6.078588414808994457e+03
6.315333144310807112e-02 1.642039751028012688e+04 8.391008891845141989e+03 4.806148346794654572e+03
7.044669267860774464e-02 1.380943151158465662e+04 6.987580499701668487e+03 3.979428872655562827e+03
7.858233914112514040e-02 1.221788344283383958e+04 6.213339074953057207e+03 3.545221609921661184e+03
8.765754345719625751e-02 1.066386448978540102e+04 5.443576913896704355e+03 3.111889055331182135e+03
9.778081193473929511e-02 8.796912931453438432e+03 4.393792689157699897e+03 2.479949365568127632e+03
1.090731819023149224e-01 7.289143402782800877e+03 3.540300168399753147e+03 1.964052146846069945e+03
1.216696688736408766e-01 6.308833012003897238e+03 3.061973062888268487e+03 1.702598841141066714e+03
1.357208808401622890e-01 5.365189777173894981e+03 2.562629838367495267e+03 1.414148630595804434e+03
1.513948189927238619e-01 4.523684977967584018e+03 2.089787617116745423e+03 1.127687168957533231e+03
1.688788864024014236e-01 3.890723321883009703e+03 1.772556326835363052e+03 9.523246429507540824e+02
1.883821286769788717e-01 3.327658233820213809e+03 1.468673315681190388e+03 7.717449519052080404e+02
2.101377333831422056e-01 2.873185371229683824e+03 1.235516469062630222e+03 6.397730920670288697e+02
2.344058181183555356e-01 2.486635647149529177e+03 1.035322077050195276e+03 5.240424485342679191e+02
2.614765405675759102e-01 2.168373955729606223e+03 8.742808291859327028e+02 4.333947994279565137e+02
2.916735677297306317e-01 1.900544391860428959e+03 7.402487674331225662e+02 3.580055544657338373e+02
3.253579457932418983e-01 1.675896322856370261e+03 6.299715922961299839e+02 2.968351541717656801e+02
3.629324169301749725e-01 1.486873273361289876e+03 5.391394672389920970e+02 2.471608765239784304e+02
4.048462346221089470e-01 1.326224648339309852e+03 4.639360125979036980e+02 2.066813477611616747e+02
4.516005350914485406e-01 1.188570628336401342e+03 4.014925871120792067e+02 1.736918951353362104e+02
5.037543290608768043e-01 1.069114588367387569e+03 3.493242450491845830e+02 1.467346027406818507e+02
5.619311854805180140e-01 9.641031130575113366e+02 3.054751718142464370e+02 1.246597695442572018e+02
6.268266871357865977e-01 8.704154416905503240e+02 2.683165357586359505e+02 1.065183001005329544e+02
6.992167472777639503e-01 7.854650356927915027e+02 2.364991395015896103e+02 9.153176943065147952e+01
7.799668867126374749e-01 7.072943975726609551e+02 2.089389761981632887e+02 7.907154964814333198e+01
8.700425822703268253e-01 6.344731285787353272e+02 1.847726163243499116e+02 6.863332226871376918e+01
9.705208103821856280e-01 5.660843631746856772e+02 1.633241386166874349e+02 5.980908149847888211e+01
1.082602923786821769e+00 5.016145150117065441e+02 1.440722909234956433e+02 5.227152374807741353e+01
1.207629015322442267e+00 4.409504662918899953e+02 1.266435966160924380e+02 4.576204498083932748e+01
1.347093940544190405e+00 3.842255818235615266e+02 1.107770823341744801e+02 4.007765111032407646e+01
1.502665190738521561e+00 3.317390152430092485e+02 9.631102000323441814e+01 3.506338233286714257e+01
1.676202830030598223e+00 2.838134923870972557e+02 8.314894739619811048e+01 3.060192028157087663e+01
1.869781734959676811e+00 2.406953393961273093e+02 7.124144287926391428e+01 2.660938663853383801e+01
2.085716402426663674e+00 2.024946029836989965e+02 6.055894654582270675e+01 2.302607531841097810e+01
2.326588622626292402e+00 1.691330947051664566e+02 5.107213231850700197e+01 1.981163273169475758e+01
2.595278347831105226e+00 1.403799797575266552e+02 4.274092993068835256e+01 1.693773389887411085e+01
2.894998126105261083e+00 1.158719802473970759e+02 3.550586911788349198e+01 1.438320633938055870e+01
3.229331511649635278e+00 9.517575509605757134e+01 2.929104892526134307e+01 1.212982853425390140e+01
3.602275911025628830e+00 7.783054346541504742e+01 2.400670311167730020e+01 1.015913221515785914e+01
4.018290377542188097e+00 6.338412925783574536e+01 1.955585940633080355e+01 8.451419466174948880e+00
4.482348925252354732e+00 5.141966388302843427e+01 1.583946649254918349e+01 6.984934764567882759e+00
5.000000000000000888e+00 4.156160521672662611e+01 1.276099674792784811e+01 5.736672664070170846e+00
