1.000000000230258569e-04 8.516261152990840628e+02 4.094655601960644162e+02 2.347503546987406651e+02
1.115026695290953366e-04 9.472196777800331802e+02 4.553256500314375899e+02 2.610481233837892319e+02
1.243284530925187648e-04 1.053561436231224889e+03 5.063091451816695781e+02 2.902857915164842666e+02
1.386295441504667143e-04 1.171862821643613643e+03 5.629844922073673388e+02 3.227901180612630014e+02
1.545756424481938766e-04 1.303468602213796430e+03 6.259816973509681475e+02 3.589233461625184418e+02
1.723559677317991945e-04 1.449868740551801011e+03 6.959982538087137982e+02 3.990866178836187146e+02
1.921815050694108094e-04 1.612717782543378007e+03 7.738070485019953821e+02 4.437245804331557224e+02
2.142875084442451923e-04 1.793842596282069962e+03 8.602636358953495801e+02 4.933293695671500814e+02
2.389362923277018713e-04 1.995248501490097169e+03 9.563140255728325201e+02 5.484448207095043699e+02
2.664203443578849946e-04 2.219148516135787304e+03 1.063004797594104730e+03 6.096725159172522126e+02
2.970657960592480913e-04 2.467969555524584848e+03 1.181492574919806202e+03 6.776766073926404488e+02
3.312362927876497001e-04 2.744349303844482165e+03 1.313053823691482194e+03 7.531883929107227686e+02
3.693373088223966556e-04 3.051171599054758644e+03 1.459097885648649708e+03 8.370142751307239450e+02
4.118209588090659132e-04 3.391582552484177540e+03 1.621175598537940459e+03 9.300403699972210916e+02
4.591913626466918256e-04 3.768999197592617747e+03 1.800984139176153349e+03 1.033234617642229750e+03
5.120106274801957584e-04 4.187133040108472414e+03 2.000386760594220277e+03 1.147657759100851763e+03
5.709055177816341068e-04 4.650007752773054563e+03 2.221411309943278411e+03 1.274463434398132449e+03
6.365748926688486646e-04 5.161974443259439795e+03 2.466222143126613901e+03 1.414885215896134014e+03
7.097979987143026312e-04 5.727727119147319172e+03 2.737154308762709206e+03 1.570253731952003136e+03
7.914437166483044659e-04 6.352279661021885659e+03 3.036697418441260197e+03 1.741988319028365140e+03
8.824808716799498404e-04 7.040862992173269959e+03 3.367406802039854938e+03 1.931551173723304601e+03
9.839897297802024153e-04 7.798976442436606703e+03 3.731944044684396886e+03 2.140468479056446540e+03
1.097174816344422205e-03 8.632304785016911410e+03 4.133041566444094315e+03 2.370310073064642438e+03
1.223379209343287413e-03 9.546357519370987575e+03 4.573336433892815876e+03 2.622595548261870135e+03
1.364100476567608111e-03 1.054654749447418726e+04 5.055392464636475779e+03 2.898808021022060075e+03
1.521008446081769522e-03 1.163803838466349407e+04 5.581626993189373934e+03 3.200350830578679961e+03
1.695965020753673102e-03 1.282503190735755379e+04 6.154017827257509452e+03 3.528368558449189550e+03
1.891046271984591709e-03 1.411080578986534238e+04 6.774091776147825840e+03 3.883745775551905353e+03
2.108567074807741158e-03 1.549750489301706148e+04 7.442814722368663752e+03 4.267046364239999093e+03
2.351108576680822643e-03 1.698515600768584045e+04 8.160173838551039807e+03 4.678268695477800975e+03
2.621548825923003187e-03 1.857157864843023344e+04 8.925114277348393443e+03 5.116810648827567093e+03
2.923096923239734257e-03 2.025219139900224036e+04 9.735430019913372234e+03 5.581411683342687866e+03
3.259331101584665453e-03 2.201923460547481591e+04 1.058739818201593880e+04 6.069968145844117316e+03
3.634241186222156913e-03 2.386154107232084061e+04 1.147566897282433820e+04 6.579464013320933191e+03
4.052275938830490927e-03 2.576443063070785138e+04 1.239326096300557765e+04 7.105900116554445049e+03
4.518395847440812539e-03 2.770966648079185688e+04 1.333147433072407330e+04 7.644243673137372753e+03
5.038131988628217865e-03 2.967436176198927205e+04 1.427936874221644030e+04 8.188324337309376460e+03
5.617651660426248826e-03 3.163127036566534298e+04 1.522396289381278075e+04 8.730712403922660087e+03
6.263831564778516575e-03 3.354845837330169888e+04 1.615001956523942863e+04 9.262696824853215730e+03
6.984339407925946493e-03 3.538849848147861485e+04 1.703970403757311215e+04 9.774088669130111157e+03
7.787724887016851671e-03 3.710752420886416076e+04 1.787211711014610773e+04 1.025293986159699125e+04
8.683521142606049834e-03 3.866225370824583661e+04 1.862667612216857378e+04 1.068749587249902106e+04
9.682357880899711625e-03 3.997299328387242713e+04 1.926521698351736632e+04 1.105584482738747465e+04
1.079608750807801998e-02 4.097682868920155306e+04 1.975778605120500652e+04 1.134084416347901242e+04
1.203792577343234388e-02 4.162692801686113671e+04 2.008211855176607423e+04 1.152973788163831341e+04
1.342260859021738965e-02 4.185247761127541162e+04 2.020441188881595008e+04 1.160312129633585755e+04
1.496656689508787767e-02 4.158156924372039066e+04 2.009034869268468174e+04 1.154128877656747136e+04
1.668812162103823840e-02 4.076318223554338329e+04 1.971562685957670692e+04 1.133029915206059195e+04
1.860770109743517184e-02 3.936337115594591887e+04 1.906394169725469328e+04 1.096077013828906092e+04
2.074808345685756270e-02 3.737942289920305484e+04 1.813334901644944330e+04 1.043133841757038317e+04
2.313466692519383291e-02 3.486008990221218846e+04 1.694614370449614580e+04 9.754544723849050570e+03
2.579577120231610690e-02 3.191271959404124209e+04 1.555162710119879193e+04 8.958315839991473695e+03
2.876297350957714855e-02 2.870830455079834792e+04 1.402915262919218003e+04 8.087679041917591348e+03
3.207148329174031032e-02 2.546878369697252128e+04 1.248296705990286682e+04 7.202121967269864399e+03
3.576056001963404812e-02 2.243558262931196441e+04 1.102868233838996639e+04 6.368135883867517805e+03
3.987397905126498221e-02 1.981746747461943960e+04 9.769304236263877101e+03 5.645529169684326916e+03
4.446055107939526907e-02 1.773005681696672400e+04 8.766267365899802826e+03 5.070881984928086240e+03
4.957470132945773766e-02 1.614162174053750277e+04 8.010770529413941404e+03 4.640594113065211786e+03
5.527711538069327024e-02 1.485652243229566739e+04 7.409438340445532958e+03 4.301314617878024364e+03
6.163545927395905344e-02 1.355403525134176925e+04 6.794410047496563493e+03 3.953557294625426948e+03
6.872518245115814828e-02 1.195391425771097056e+04 6.003053869778934313e+03 3.496729245158801405e+03
7.663041305413779980e-02 1.008691289739974854e+04 5.035295670191286263e+03 2.925548433094681513e+03
8.544495620686157200e-02 8.318541506723755447e+03 4.092398206665552607e+03 2.360642217235097178e+03
9.527340712667957401e-02 7.030100971161910820e+03 3.414076463446041998e+03 1.955247973293317727e+03
1.062323922731101822e-01 6.227058602609266927e+03 3.029931857232340462e+03 1.736553538727394425e+03
1.184519532618636822e-01 5.540105915020809334e+03 2.712811885128181984e+03 1.561638555621225578e+03
1.320770899659224340e-01 4.710903587998216608e+03 2.268318463744364180e+03 1.295594004657477399e+03
1.472694811144383831e-01 3.956687589957956789e+03 1.842574332350470968e+03 1.033022252592227005e+03
1.642094028064348954e-01 3.444020022070729283e+03 1.590570337740101422e+03 8.894504066438383916e+02
1.830978677048002712e-01 2.994885796037513501e+03 1.371360277880820604e+03 7.655855900524455819e+02
2.041590102946942431e-01 2.566646089543762173e+03 1.134418374136910415e+03 6.188059927048581130e+02
2.276427465103479653e-01 2.234815582759359586e+03 9.707095412650999151e+02 5.254508727833385819e+02
2.538277392899435103e-01 1.944303408327886700e+03 8.218626099264707818e+02 4.375232068120036502e+02
2.830247052484705095e-01 1.700521071116774237e+03 6.987025449399069430e+02 3.654583674902355028e+02
3.155801017062329072e-01 1.494066452638883220e+03 5.957968963165391187e+02 3.057767541604932262e+02
3.518802378240603601e-01 1.320583328675483017e+03 5.104158520165944424e+02 2.567495754121174514e+02
3.923558586288135031e-01 1.172090246702591912e+03 4.384394599015712402e+02 2.155811457059250245e+02
4.374872563241952172e-01 1.046343942397086039e+03 3.786930749476595679e+02 1.819052199092005822e+02
4.878099695387512202e-01 9.386926294574083158e+02 3.287460687490212763e+02 1.540857790531332228e+02
5.439211381395319123e-01 8.455251652682766235e+02 2.868103316467971240e+02 1.310851510435431067e+02
6.064865890189676811e-01 7.641026533582032698e+02 2.514850270190165418e+02 1.120685083407075666e+02
6.762487369363893164e-01 6.920001024363904207e+02 2.215503202937867115e+02 9.631121519516663909e+01
7.540353941672404137e-01 6.271218770670418508e+02 1.959633889726683833e+02 8.320345114179139046e+01
8.407695934971151086e-01 5.679166955995907529e+02 1.739044450672863604e+02 7.225911921045333486e+01
9.374805411223435803e-01 5.130639093473243975e+02 1.546558777973195049e+02 6.305973443443199500e+01
1.045315829426528564e+00 4.616329213117412564e+02 1.376480324789586973e+02 5.526630110739841939e+01
1.165555054552403824e+00 4.130504699235581825e+02 1.224277629814409210e+02 4.860107685065985805e+01
1.299625000357985227e+00 3.670420671655536466e+02 1.086524745767057425e+02 4.284137204918806674e+01
1.449116568932995452e+00 3.235981720356325582e+02 9.606804126284502843e+01 3.780515798970031227e+01
1.615803658576671964e+00 2.828691426532108721e+02 8.450406765193571346e+01 3.335135763090573846e+01
1.801664213246928048e+00 2.451355741622803066e+02 7.386099078660343764e+01 2.937079756255637264e+01
2.008903693258128342e+00 2.106465805072544981e+02 6.408753679087895705e+01 2.578349179410692571e+01
2.239981245735629400e+00 1.796075487000036617e+02 5.517140637422257043e+01 2.253314917165918629e+01
2.497638885371206374e+00 1.520736623672954977e+02 4.711012567724061029e+01 1.958205554626328748e+01
2.784934031744384253e+00 1.279722025096026812e+02 3.990638810084389121e+01 1.690771486721591899e+01
3.105275789304232426e+00 1.071123086040928598e+02 3.354602967662192725e+01 1.449542285345019188e+01
3.462465400517639402e+00 8.921949121675083916e+01 2.799996764010745665e+01 1.233632191253868449e+01
3.860741352209485999e+00 7.399019005401817140e+01 2.321942165396951196e+01 1.042114663285676635e+01
4.304829670336041580e+00 6.111212484699066749e+01 1.914178959111310263e+01 8.739850944395264776e+00
4.799999999999999822e+00 5.028522967757912454e+01 1.569588195662874419e+01 7.278983149437860511e+00
