1.000000000230258569e-04 4.385907239140121305e+02 1.907414447752288709e+02 1.074464199069443424e+02
1.122634227564673579e-04 4.887856588733877743e+02 2.124833355595523585e+02 1.196783742263116181e+02
1.260307608609534901e-04 5.447952141103099848e+02 2.367136547836834666e+02 1.333046477736617987e+02
1.414864458359461712e-04 6.073121868432252768e+02 2.637202682406310714e+02 1.484847017541800085e+02
1.588375267953347550e-04 6.771151483467161825e+02 2.938248866499914698e+02 1.653963246951547603e+02
1.783164441611049004e-04 7.550728698345895964e+02 3.273865478237217417e+02 1.842375902346215071e+02
2.001841435067871621e-04 8.421518513369943548e+02 3.648057406902220237e+02 2.052291022068738187e+02
2.247335712646909519e-04 9.394319696070269856e+02 4.065295280119108270e+02 2.286166437616854523e+02
2.522935991264941354e-04 1.048081319795086984e+03 4.530513828909888616e+02 2.546725795740196645e+02
2.832334297096662638e-04 1.169354964425219123e+03 5.049149904941169780e+02 2.836984560295404094e+02
3.179675425093897337e-04 1.304618272477069468e+03 5.627214938203055681e+02 3.160286039337867123e+02
3.569612463934728852e-04 1.455263324896044878e+03 6.271149766458191834e+02 3.520274474349816956e+02
4.007369130231864672e-04 1.622700177826527124e+03 6.987856086059770178e+02 3.920923901630347927e+02
4.498809747048478080e-04 1.808383560975954197e+03 7.784779863871948464e+02 4.366578011671612103e+02
5.050517804175268938e-04 2.013786133932043413e+03 8.669651828077421669e+02 4.861842042364561962e+02
5.669884152586394726e-04 2.240375007452739283e+03 9.650513858241447451e+02 5.411618876298812211e+02
6.365206014554368984e-04 2.489645457777488900e+03 1.073582236171594559e+03 6.021147506886306928e+02
7.145798135793877959e-04 2.763400421607088447e+03 1.193465572994712375e+03 6.695935307105982019e+02
8.022117568662883325e-04 3.063637895411377031e+03 1.325657347987645835e+03 7.441763161166147711e+02
9.005903758055168549e-04 3.392561250155272319e+03 1.471173582228800115e+03 8.264730400488477926e+02
1.011033580661806338e-03 3.752887036729139709e+03 1.631167384365002590e+03 9.171407646956071176e+02
1.135020902606864940e-03 4.147734731901537998e+03 1.806890087197610001e+03 1.016872116485960987e+03
1.274213313974418031e-03 4.580474001045588011e+03 1.999665158868731851e+03 1.126389089778176640e+03
1.430475479156914512e-03 5.054461978324969095e+03 2.210861895276649648e+03 1.246439972009275834e+03
1.605900734223756829e-03 5.573266429810165391e+03 2.441911157084655315e+03 1.377793521065666937e+03
1.802839129895710598e-03 6.140318302022717944e+03 2.694190067951493802e+03 1.521186564380941036e+03
2.023928913547812410e-03 6.758344737246072327e+03 2.968851600379707634e+03 1.677250565576186091e+03
2.272131871983379750e-03 7.429747772030447777e+03 3.266917809294313884e+03 1.846541496650619365e+03
2.550773008441800313e-03 8.156142302536363786e+03 3.589082588751001822e+03 2.029439820613565644e+03
2.863585085365514225e-03 8.937878694963144881e+03 3.935516359600143915e+03 2.226052475295428394e+03
3.214758629634808552e-03 9.774235280289316506e+03 4.305941951314588550e+03 2.436242401767985029e+03
3.608998070155939632e-03 1.066320340291866160e+04 4.699478803132704343e+03 2.659499612312180943e+03
4.051584759838999447e-03 1.160126334392953504e+04 5.114523162775523815e+03 2.894857820146990889e+03
4.548447726227339283e-03 1.258262656959279411e+04 5.548600541095099288e+03 3.140896063919597509e+03
5.106243098575769836e-03 1.359807977977580231e+04 5.997770995125448280e+03 3.395626689651758625e+03
5.732443275407110572e-03 1.463744237148155116e+04 6.457450929506392640e+03 3.656269320599607454e+03
6.435437027063155117e-03 1.568680602918175100e+04 6.921583058982617331e+03 3.919424524203518558e+03
7.224641874254610074e-03 1.672882441360349912e+04 7.382574868418914775e+03 4.180814721026934421e+03
8.110630248067678127e-03 1.774214252414504517e+04 7.831071854489866382e+03 4.435153432929467272e+03
9.105271121505569346e-03 1.870281582552222972e+04 8.256585446331211642e+03 4.676513258374705401e+03
1.022188900990466699e-02 1.957742708128750746e+04 8.644458649569867703e+03 4.896596657732658059e+03
1.147544247024383408e-02 2.033197744412069733e+04 8.979804611381106952e+03 5.086981917601238820e+03
1.288272449057868002e-02 2.093015090786030123e+04 9.246731182553521649e+03 5.238681511536988182e+03
1.446258745407916733e-02 2.133049690199073666e+04 9.427102857453566685e+03 5.341426629709352710e+03
1.623619569135818438e-02 2.148912091174190573e+04 9.501720010409702809e+03 5.384353764637691711e+03
1.822730900435978393e-02 2.136588517631631476e+04 9.453069576186213453e+03 5.357553162121951573e+03
2.046260095998037737e-02 2.092712157022223255e+04 9.266453026364582911e+03 5.252713445780469556e+03
2.297201621738221775e-02 2.015394602878485239e+04 8.933524347151598704e+03 5.065084608780051894e+03
2.578917167586586637e-02 1.905206849876558772e+04 8.456514100962365774e+03 4.795885846613311514e+03
2.895180681720203528e-02 1.766125837919972764e+04 7.852139093984175815e+03 4.454488127087456633e+03
3.250228927534733192e-02 1.606179227306294888e+04 7.154513720500911404e+03 4.060044614786811508e+03
3.648818240631140908e-02 1.437235859850648740e+04 6.414602643620094568e+03 3.641267015795162479e+03
4.096288246151627566e-02 1.273456334982209955e+04 5.694097795845057590e+03 3.233062244724468201e+03
4.598633390041809155e-02 1.128215169976518155e+04 5.052627445311848533e+03 2.869368793271717095e+03
5.162583242493973962e-02 1.010001924531078294e+04 4.530021562137480032e+03 2.573186175805927633e+03
5.795692649341043640e-02 9.184333510465459767e+03 4.127737645003450780e+03 2.345878994997901373e+03
6.506442939097074885e-02 8.428422428437637791e+03 3.799621611816380664e+03 2.161448843523127834e+03
7.304355541444980393e-02 7.629022552905884368e+03 3.448869279065929277e+03 1.963659964060389484e+03
8.200119539239680844e-02 6.649478366689929317e+03 3.002937421456470474e+03 1.708727797998957385e+03
9.205734862752627812e-02 5.548154153322501770e+03 2.482617059224981404e+03 1.406804224140800216e+03
1.033467304443183715e-01 4.576258140775259562e+03 2.016266116610559493e+03 1.133895921289882608e+03
1.160205768769771578e-01 3.919460402968950348e+03 1.713024863232326652e+03 9.584174961949880753e+02
1.302486706739022226e-01 3.477540755875622835e+03 1.528616935474037291e+03 8.566449420083102950e+02
1.462216157596530064e-01 3.000075092832230894e+03 1.313457440154219512e+03 7.348413695216853512e+02
1.641533906237988560e-01 2.483499790586696690e+03 1.054244245923730887e+03 5.812446955578469669e+02
1.842842148426375448e-01 2.110845234513294145e+03 8.784142365405660939e+02 4.799111883214548016e+02
2.068837671345900298e-01 1.825881031411403228e+03 7.573566185585518724e+02 4.142804127934336407e+02
2.322547980593316352e-01 1.542717624104798915e+03 6.178540592667777673e+02 3.316758099985430022e+02
2.607371857574901086e-01 1.322095812033457605e+03 5.178178016925788825e+02 2.750585424591331503e+02
2.927124890628471365e-01 1.134372532995341317e+03 4.321517457033434653e+02 2.262878008503626859e+02
3.286090589819373742e-01 9.769743288536274122e+02 3.604758567954664841e+02 1.853958194519141216e+02
3.689077770159973624e-01 8.454444147336945434e+02 3.015767611248176081e+02 1.521088083048395561e+02
4.141484971975938345e-01 7.360493280342369644e+02 2.534499504555738554e+02 1.252647261709132778e+02
4.649372781414354283e-01 6.441331935772011548e+02 2.135671793283295301e+02 1.030505404405683549e+02
5.219545019921476570e-01 5.669039448903527045e+02 1.808681409322620937e+02 8.509897577372990440e+01
5.859639890329354506e-01 5.017170681016796721e+02 1.540168550986276728e+02 7.054724102672872732e+01
6.578232300572349756e-01 4.461104969523642580e+02 1.318943053397945562e+02 5.873822003826121119e+01
7.384948735793578356e-01 3.981384585775736582e+02 1.136091175035838603e+02 4.915527579475408970e+01
8.290596217703356530e-01 3.561140855473275337e+02 9.840243615829851365e+01 4.136182607934409106e+01
9.307307078768926045e-01 3.187536696147429325e+02 8.567684055691620415e+01 3.501238078190903735e+01
1.044870149067508081e+00 2.849939287625370525e+02 7.492530288073729139e+01 2.981811051065349716e+01
1.173006992433692330e+00 2.540243861775739447e+02 6.573814990249796608e+01 2.554535065895121804e+01
1.316857798575541416e+00 2.252935912560093925e+02 5.778296531341239017e+01 2.200398128771566419e+01
1.478349637175967013e+00 1.984670702404883400e+02 5.080159195225660795e+01 1.904304742402116801e+01
1.659645902619409696e+00 1.734178043567962106e+02 4.459363885590362742e+01 1.654001724365057413e+01
1.863175295489004624e+00 1.501472135270967669e+02 3.901332364767966254e+01 1.439919942853120105e+01
2.091664358187257822e+00 1.287639837173906017e+02 3.396035125720691639e+01 1.254517358640677394e+01
2.348174000537423645e+00 1.093819067787802766e+02 2.937041801447055889e+01 1.092052800156237602e+01
2.636140504673786467e+00 9.209552046078128740e+01 2.520712608474225647e+01 9.481813980774019157e+00
2.959421558534973240e+00 7.691948314117520624e+01 2.145271179775201986e+01 8.198660694126266080e+00
3.322347934639153344e+00 6.379478318416010296e+01 1.809932503526273351e+01 7.050488431405839584e+00
3.729781506445900785e+00 5.258399992466947026e+01 1.513854591659383608e+01 6.023717915996752659e+00
4.187180379509764627e+00 4.310517710433481398e+01 1.255718413859398375e+01 5.109076463723090100e+00
4.700672009942531204e+00 3.515764540204258992e+01 1.033477250496403066e+01 4.300089079286106397e+00
5.277135289701610610e+00 2.854163221549628204e+01 8.444346326669176506e+00 3.590965986082982120e+00
5.924292698344328478e+00 2.306975416154846314e+01 6.853880894761490872e+00 2.975721281448355349e+00
6.650813755741415534e+00 1.857070460351768659e+01 5.529047219910149025e+00 2.447505489689986824e+00
7.466431161634059954e+00 1.488965420414774421e+01 4.435116075740424435e+00 1.998662086265691640e+00
8.382071177875818790e+00 1.189163379245585794e+01 3.538940708258726087e+00 1.620997824504550877e+00
9.410000000000001918e+00 9.461021661815994577e+00 2.809857573587589918e+00 1.306150045348427824e+00
