1.000000000230258569e-04 9.658434366357696490e+03 4.362523601640484230e+03 2.484238922502004698e+03
1.115486563971542785e-04 1.063493591587548326e+04 4.801146722350435084e+03 2.731985661857462219e+03
1.244310274114527074e-04 1.171585267089580884e+04 5.286354728701135173e+03 3.005529834803902759e+03
1.388011391866901154e-04 1.291317860831904727e+04 5.823631862297564112e+03 3.307831560786587943e+03
1.548308057910457113e-04 1.423978862421585109e+04 6.419033226268160433e+03 3.642193179163896730e+03
1.727116835090306587e-04 1.570846971353858862e+04 7.078996052129534291e+03 4.012239371747180030e+03
1.926575623508681512e-04 1.733273479783531729e+04 7.810610295656988455e+03 4.422017864349957563e+03
2.149069222004190347e-04 1.912552442601093207e+04 8.621205749878330607e+03 4.875871415674561831e+03
2.397257841638464457e-04 2.109583686842265888e+04 9.517213873054028227e+03 5.378053188000785667e+03
2.674108912107391479e-04 2.325023934136177559e+04 1.050480937513925892e+04 5.933004473892347050e+03
2.982932561365508645e-04 2.559154354955443341e+04 1.158916159249089469e+04 6.544986918861921367e+03
3.327421192670277522e-04 2.811494995650185228e+04 1.277211658372689999e+04 7.216898482612770749e+03
3.711693632243215748e-04 3.080863133340450804e+04 1.405289213745853885e+04 7.950735158435688390e+03
4.140344375392690035e-04 3.365527090101537033e+04 1.542804255091403866e+04 8.747310847289496451e+03
4.618498519902246974e-04 3.663805318906120374e+04 1.689146302584431760e+04 9.605228967108023426e+03
5.151873043487156757e-04 3.973614186246386816e+04 1.843351703940118750e+04 1.052090716842804432e+04
5.746845157973842983e-04 4.292771122880844632e+04 2.004236555172937005e+04 1.148903387751179980e+04
6.410528557468661917e-04 4.620777068389659689e+04 2.171088079835859025e+04 1.250484088762411557e+04
7.150858472165629249e-04 4.957876105909293983e+04 2.343287456184501571e+04 1.356263265768622296e+04
7.976686544726134401e-04 5.304741983904446533e+04 2.520291553655903772e+04 1.465617694170823233e+04
8.897886663605780169e-04 5.662862564492646197e+04 2.702287687726139848e+04 1.578353517340043072e+04
9.925473018708411317e-04 6.034416166587165935e+04 2.889897230320058952e+04 1.694482816914366413e+04
1.107173179088194286e-03 6.421892652036946674e+04 3.083923501790558294e+04 1.814096345443303653e+04
1.235036804978161722e-03 6.826400239971510018e+04 3.284865814759027853e+04 1.937344428420860277e+04
1.377666961646263968e-03 7.248522368436973193e+04 3.493173583857985795e+04 2.064462099483540078e+04
1.536768984990051967e-03 7.688646563145361142e+04 3.709276098689933133e+04 2.195702196407178781e+04
1.714245154289869167e-03 8.145420756232613348e+04 3.932678560690605809e+04 2.330809544927439492e+04
1.912217436523370962e-03 8.616361079469302786e+04 4.162330092565670202e+04 2.469236321620823219e+04
2.133052857342773462e-03 9.098278689734981162e+04 4.396880692030947830e+04 2.610283194168476621e+04
2.379391802059096454e-03 9.586463677275295777e+04 4.634158356281707529e+04 2.752708592780843537e+04
2.654179585009814029e-03 1.007493690910073637e+05 4.871341629540587746e+04 2.894862161176633890e+04
2.960701664764286197e-03 1.055681137861318566e+05 5.105171770671050763e+04 3.034830224462164915e+04
3.302622926212283368e-03 1.102419791548334615e+05 5.331958782707827777e+04 3.170426175336068627e+04
3.684031499205906151e-03 1.146650121574572258e+05 5.546631887441332219e+04 3.298976637961821689e+04
4.109487637665882979e-03 1.187458107220314996e+05 5.744749475914515642e+04 3.417547247681333829e+04
4.584078243567925488e-03 1.223815711499069002e+05 5.921393819354892912e+04 3.523288357809324953e+04
5.113477687716873853e-03 1.254651759593705210e+05 6.071447510702775617e+04 3.613189614444329345e+04
5.704015654503047893e-03 1.278881360069995426e+05 6.189703546124492277e+04 3.684178045315394411e+04
6.362752821816417166e-03 1.295419726720906765e+05 6.270961429654102540e+04 3.733172837483768672e+04
7.097565280973966440e-03 1.303186965030925057e+05 6.310043005185526272e+04 3.757103577290006069e+04
7.917238706014356406e-03 1.301076324676290533e+05 6.301622861296440533e+04 3.752807876843847771e+04
8.831573398280912271e-03 1.288065631206466787e+05 6.240785260297461355e+04 3.717356633769402833e+04
9.851501462242475554e-03 1.263292901861951686e+05 6.123451355531547597e+04 3.648335039728487754e+04
1.098921751354712747e-02 1.224392313642573863e+05 5.938129652539066592e+04 3.538867369089736167e+04
1.225832448210000328e-02 1.171086040224511089e+05 5.683482285772768955e+04 3.388148108800529735e+04
1.367399625343743499e-02 1.104535610998169141e+05 5.365126275060106127e+04 3.199506817777926335e+04
1.525315909299450497e-02 1.025257374188440008e+05 4.985428499472151452e+04 2.974308296365665956e+04
1.701469402243795462e-02 9.349839756435609888e+04 4.552470684038478794e+04 2.717301571383906776e+04
1.897966256774625410e-02 8.373197549126854574e+04 4.083263640872042743e+04 2.438537854934337884e+04
2.117155857815964867e-02 7.369470840166305425e+04 3.599898741434667318e+04 2.151066289763624445e+04
2.361658912683562567e-02 6.395440429226631386e+04 3.129467904810320033e+04 1.870971067636328735e+04
2.634398785175567220e-02 5.509093688076922990e+04 2.700027227796502848e+04 1.615006890895617653e+04
2.938636448329653983e-02 4.757124217784028588e+04 2.334751841351610710e+04 1.397123414427901480e+04
3.278009473753994152e-02 4.162591546360416396e+04 2.045975530608798363e+04 1.224947785545051556e+04
3.656575523702054742e-02 3.713974875957021868e+04 1.829487768302705081e+04 1.096297370411620795e+04
4.078860865897657173e-02 3.363743402060815424e+04 1.662762770464750793e+04 9.978858928456580543e+03
4.549914491170512637e-02 3.030220626542106766e+04 1.503820826775788191e+04 9.041471366930585646e+03
5.075368480951484434e-02 2.645686036920314655e+04 1.314775912680005604e+04 7.912085693893626740e+03
5.661505346402430361e-02 2.204931409496681954e+04 1.089236940563388453e+04 6.540562027571380895e+03
6.315333144310807112e-02 1.783538565106246097e+04 8.676396244110615953e+03 5.174449337850680422e+03
7.044669267860774464e-02 1.470752044364361609e+04 7.043055109443669608e+03 4.166374658121984794e+03
7.858233914112514040e-02 1.277083699644221997e+04 6.113648424404886100e+03 3.612216271554309969e+03
8.765754345719625751e-02 1.124916489319426182e+04 5.431544750541371286e+03 3.222488123896283469e+03
9.778081193473929511e-02 9.468205996322700230e+03 4.513435889263579156e+03 2.661822652979592476e+03
1.090731819023149224e-01 7.789051970910693854e+03 3.584481499820706176e+03 2.074456882728193705e+03
1.216696688736408766e-01 6.654835073490691684e+03 3.025833096482955170e+03 1.742550328345914295e+03
1.357208808401622890e-01 5.721602097203494850e+03 2.588927224435483367e+03 1.492895020240048552e+03
1.513948189927238619e-01 4.826692488550632333e+03 2.104495226957203158e+03 1.186908115309174036e+03
1.688788864024014236e-01 4.137984329302583319e+03 1.767300807932857651e+03 9.875249317090018621e+02
1.883821286769788717e-01 3.553297811905762501e+03 1.477167878716978976e+03 8.138672097526535936e+02
2.101377333831422056e-01 3.063624210885003777e+03 1.233423174589735709e+03 6.666166290198518709e+02
2.344058181183555356e-01 2.658073004598976240e+03 1.036520709286917054e+03 5.502144830991021536e+02
2.614765405675759102e-01 2.320056508709703849e+03 8.738909821419073296e+02 4.542668390624721155e+02
2.916735677297306317e-01 2.035423263920842601e+03 7.393051779859613362e+02 3.754448071797501711e+02
3.253579457932418983e-01 1.797845807435430288e+03 6.292172883523122664e+02 3.118709125121043826e+02
3.629324169301749725e-01 1.597265810036970379e+03 5.384450772917110726e+02 2.600286798310598897e+02
4.048462346221089470e-01 1.426388220475914068e+03 4.633798307871306292e+02 2.177775998336959731e+02
4.516005350914485406e-01 1.279577576941342159e+03 4.011463624395324814e+02 1.833434227262248442e+02
5.037543290608768043e-01 1.151977868064222321e+03 3.493094703760682478e+02 1.552279252906381259e+02
5.619311854805180140e-01 1.039352592040002264e+03 3.058099064405235481e+02 1.321891386594478490e+02
6.268266871357865977e-01 9.385569054438095691e+02 2.690509592315240752e+02 1.132543493670745534e+02
6.992167472777639503e-01 8.468781582239830641e+02 2.376595627547910681e+02 9.760526163131527255e+01
7.799668867126374749e-01 7.622921551030508454e+02 2.105415020755359876e+02 8.458627915438943035e+01
8.700425822703268253e-01 6.833790974363073474e+02 1.868167296360304874e+02 7.366801432038738540e+01
9.705208103821856280e-01 6.092472285874160889e+02 1.657988770278268476e+02 6.442763565546162852e+01
1.082602923786821769e+00 5.394622011818195233e+02 1.469499925621778118e+02 5.652136515090135305e+01
1.207629015322442267e+00 4.739419193339951448e+02 1.298768033515376032e+02 4.967977105035255647e+01
1.347093940544190405e+00 4.128932490320070769e+02 1.143041443685718122e+02 4.368994131193200303e+01
1.502665190738521561e+00 3.566063683615102491e+02 1.000523499781579488e+02 3.838978008256542296e+01
1.676202830030598223e+00 3.054031201036704033e+02 8.701851907960940480e+01 3.365684878771471489e+01
1.869781734959676811e+00 2.594660227820872933e+02 7.514623068764227298e+01 2.940311038172139035e+01
2.085716402426663674e+00 2.188389456489545353e+02 6.441205267472527396e+01 2.556781248581786414e+01
2.326588622626292402e+00 1.833707382975834435e+02 5.479441576658174284e+01 2.210946825707551255e+01
2.595278347831105226e+00 1.527625771481695267e+02 4.626824539578868922e+01 1.900108200634225852e+01
2.894998126105261083e+00 1.266072049999566360e+02 3.878973953824185372e+01 1.622234001700585537e+01
3.229331511649635278e+00 1.044367253307243999e+02 3.229938547893219436e+01 1.375706115344032376e+01
3.602275911025628830e+00 8.577374988595531136e+01 2.672224508925272701e+01 1.158808838723180301e+01
4.018290377542188097e+00 7.015438560374363419e+01 2.197385289235467809e+01 9.696984245029527827e+00
4.482348925252354732e+00 5.715361021216999404e+01 1.796551696018577715e+01 8.062737890518391737e+00
5.000000000000000888e+00 4.638865809605677271e+01 1.460858652245430989e+01 6.662676515418804790e+00
