1.000000000230258569e-04 3.136775650978800627e+02 1.437415634268850226e+02 8.269613134645530295e+01
1.122634227564673579e-04 3.519250873792274774e+02 1.611815717869758089e+02 9.270811761519399852e+01
1.260307608609534901e-04 3.949132464233264841e+02 1.807539410104780870e+02 1.039364317639706172e+02
1.414864458359461712e-04 4.432500272855556318e+02 2.027243311610598937e+02 1.165301481229181917e+02
1.588375267953347550e-04 4.976249655084735650e+02 2.273924248734954006e+02 1.306568605919681261e+02
1.783164441611049004e-04 5.588115269283126736e+02 2.550953394562115477e+02 1.465047881101635312e+02
2.001841435067871621e-04 6.276708407362083335e+02 2.862116239135588103e+02 1.642851756484817258e+02
2.247335712646909519e-04 7.051698457222561274e+02 3.211673172892701587e+02 1.842353090282147434e+02
2.522935991264941354e-04 7.923498976669039848e+02 3.604330151030778779e+02 2.066193007366892687e+02
2.832334297096662638e-04 8.903126984997900308e+02 4.045250416870391632e+02 2.317302045570411906e+02
3.179675425093897337e-04 1.000247471873140057e+03 4.540148103364541612e+02 2.598944364563113254e+02
3.569612463934728852e-04 1.123341817364261942e+03 5.095052846911697202e+02 2.914653737664659161e+02
4.007369130231864672e-04 1.260750505207951846e+03 5.716270209087850844e+02 3.268241021370318435e+02
4.498809747048478080e-04 1.413620720104317797e+03 6.410489923691039849e+02 3.663846631772317437e+02
5.050517804175268938e-04 1.583098289093607946e+03 7.184495400020032321e+02 4.105775650117899431e+02
5.669884152586394726e-04 1.770290871186525919e+03 8.045092405949700378e+02 4.598493698790392727e+02
6.365206014554368984e-04 1.976277087266700391e+03 8.999203019558273127e+02 5.146675581425895416e+02
7.145798135793877959e-04 2.202468828442669292e+03 1.005444045997517719e+03 5.755217579159187835e+02
8.022117568662883325e-04 2.450509202382188960e+03 1.121884854273163910e+03 6.429173575692917666e+02
9.005903758055168549e-04 2.722231338036033321e+03 1.250091683257741806e+03 7.173792555558852655e+02
1.011033580661806338e-03 3.019974710280823274e+03 1.391082695261916570e+03 7.994943225063640284e+02
1.135020902606864940e-03 3.346510278736354849e+03 1.545997313752065565e+03 8.898890629459143611e+02
1.274213313974418031e-03 3.704869715638542857e+03 1.716053044998385531e+03 9.892174243604988533e+02
1.430475479156914512e-03 4.097954092786946603e+03 1.902492338362297460e+03 1.098160956212738711e+03
1.605900734223756829e-03 4.528814355616177636e+03 2.106618874209647402e+03 1.217423640225113104e+03
1.802839129895710598e-03 5.000367363145503077e+03 2.329679981126365874e+03 1.347675481076447113e+03
2.023928913547812410e-03 5.514724718861740257e+03 2.572631888420080031e+03 1.489452913683890529e+03
2.272131871983379750e-03 6.073585305515440268e+03 2.836264681315213693e+03 1.643202155585815262e+03
2.550773008441800313e-03 6.677951048757289755e+03 3.121051985890489050e+03 1.809187567017530000e+03
2.863585085365514225e-03 7.327708798355655745e+03 3.426948505151862719e+03 1.987375236307471823e+03
3.214758629634808552e-03 8.021716804071999832e+03 3.753449049927175565e+03 2.177469082902887294e+03
3.608998070155939632e-03 8.757411732404465511e+03 4.099385089236038766e+03 2.378798781667650928e+03
4.051584759838999447e-03 9.530480155430777813e+03 4.462760730376322499e+03 2.590229085327711346e+03
4.548447726227339283e-03 1.033481648889509415e+04 4.840735235443249621e+03 2.810182218997695600e+03
5.106243098575769836e-03 1.116208672251720600e+04 5.229415263048093038e+03 3.036352302759404211e+03
5.732443275407110572e-03 1.200139891679359062e+04 5.623692043396397821e+03 3.265729636591781400e+03
6.435437027063155117e-03 1.283841168941350224e+04 6.016882541606575614e+03 3.494462864558336150e+03
7.224641874254610074e-03 1.365634307028264266e+04 6.401146132415914508e+03 3.718007425159906688e+03
8.110630248067678127e-03 1.443568837525363961e+04 6.767367365148853423e+03 3.931082582436309622e+03
9.105271121505569346e-03 1.515229623223584713e+04 7.104246908909798549e+03 4.127130305012063218e+03
1.022188900990466699e-02 1.577882392384388186e+04 7.398982461313071326e+03 4.298709111824245156e+03
1.147544247024383408e-02 1.628475908025118952e+04 7.637290146364344764e+03 4.437516795455154352e+03
1.288272449057868002e-02 1.663653146178010502e+04 7.803482022105583383e+03 4.534441417838501366e+03
1.446258745407916733e-02 1.679910602304908753e+04 7.881136821448704723e+03 4.579939809422558028e+03
1.623619569135818438e-02 1.673832928793058454e+04 7.854261222267125049e+03 4.564699590929516489e+03
1.822730900435978393e-02 1.642449573058361057e+04 7.708985458255629965e+03 4.480669714176268826e+03
2.046260095998037737e-02 1.583775432519554488e+04 7.436015102796907740e+03 4.322451463618515845e+03
2.297201621738221775e-02 1.497581161934514967e+04 7.034206186119755330e+03 4.089348369137289410e+03
2.578917167586586637e-02 1.386250863496994134e+04 6.514560689479311804e+03 3.787728547243802495e+03
2.895180681720203528e-02 1.255456404850944273e+04 5.903291859069212478e+03 3.432756291986695487e+03
3.250228927534733192e-02 1.114312091998718279e+04 5.242672945070564310e+03 3.048922433384149826e+03
3.648818240631140908e-02 9.745324881321399516e+03 4.587322279639452063e+03 2.667926124330276707e+03
4.096288246151627566e-02 8.483707396904441339e+03 3.994850614908586067e+03 2.323295651496446681e+03
4.598633390041809155e-02 7.455078709114706726e+03 3.511545913532371287e+03 2.042117581891209966e+03
5.162583242493973962e-02 6.696010222802764474e+03 3.156098959787310378e+03 1.835577329186300631e+03
5.795692649341043640e-02 6.154059215045071142e+03 2.905254986777728391e+03 1.690465508376352318e+03
6.506442939097074885e-02 5.685703378366719335e+03 2.690842797483087907e+03 1.567074752120508265e+03
7.304355541444980393e-02 5.086657545458341701e+03 2.411083819033961845e+03 1.405131510390222047e+03
8.200119539239680844e-02 4.280278839184676144e+03 2.022558088161935302e+03 1.177761180608304585e+03
9.205734862752627812e-02 3.419489578928463288e+03 1.598059274895588487e+03 9.270897159733732451e+02
1.033467304443183715e-01 2.774143454891854162e+03 1.278742123485511684e+03 7.378876541314143651e+02
1.160205768769771578e-01 2.429628500070076825e+03 1.118265275234318551e+03 6.444695694577334280e+02
1.302486706739022226e-01 2.176549818869019873e+03 1.008827560160139910e+03 5.825443392729296193e+02
1.462216157596530064e-01 1.798588089392648953e+03 8.232548364877130780e+02 4.722691324286662962e+02
1.641533906237988560e-01 1.438886581918927504e+03 6.392267145278400449e+02 3.611639097749958296e+02
1.842842148426375448e-01 1.239369014927011449e+03 5.501736103697179487e+02 3.107265222785623564e+02
2.068837671345900298e-01 1.048485105700355916e+03 4.615410587882252003e+02 2.598433183697136428e+02
2.322547980593316352e-01 8.603713608730191709e+02 3.656694058760648431e+02 2.021519638707702029e+02
2.607371857574901086e-01 7.322296551117685794e+02 3.087936893802223040e+02 1.704893058984146705e+02
2.927124890628471365e-01 6.115960546243509270e+02 2.492935650130917793e+02 1.350864565322494570e+02
3.286090589819373742e-01 5.182458378816871800e+02 2.066933371426632391e+02 1.109575061864994439e+02
3.689077770159973624e-01 4.384505379961215681e+02 1.690383757647988716e+02 8.900082642023039625e+01
4.141484971975938345e-01 3.737273115967818740e+02 1.394852911523106798e+02 7.217731683247457397e+01
4.649372781414354283e-01 3.202764651872470836e+02 1.153161168418714766e+02 5.847123580165734325e+01
5.219545019921476570e-01 2.760729104381965158e+02 9.563477604314716984e+01 4.738753099107397304e+01
5.859639890329354506e-01 2.395026707339129644e+02 7.968434452888841690e+01 3.850698024538432662e+01
6.578232300572349756e-01 2.091218831666513154e+02 6.674402567783154439e+01 3.139114539221971256e+01
7.384948735793578356e-01 1.837356546387924823e+02 5.623266130165141874e+01 2.569180773307120447e+01
8.290596217703356530e-01 1.623186034882171214e+02 4.766572674448413238e+01 2.112176107777791145e+01
9.307307078768926045e-01 1.440722874459612513e+02 4.066309020483053160e+01 1.745702216317796385e+01
1.044870149067508081e+00 1.283124107893395944e+02 3.490771577712644813e+01 1.451234130508738041e+01
1.173006992433692330e+00 1.144938937351221853e+02 3.014518843025222949e+01 1.213943717017207113e+01
1.316857798575541416e+00 1.021795510578795074e+02 2.616955323158766689e+01 1.021998684059612650e+01
1.478349637175967013e+00 9.103736010564657022e+01 2.281652116108809736e+01 8.659585014378157197e+00
1.659645902619409696e+00 8.082050863165980559e+01 1.995376133980616729e+01 7.382678167001770042e+00
1.863175295489004624e+00 7.136781866831823606e+01 1.747791527473523843e+01 6.329402578335055374e+00
2.091664358187257822e+00 6.258568960820208815e+01 1.530851504071668145e+01 5.452329958994821091e+00
2.348174000537423645e+00 5.443921346199346090e+01 1.338526357948470036e+01 4.713986529932748581e+00
2.636140504673786467e+00 4.692874514503995442e+01 1.166379769831122104e+01 4.085009443422651820e+00
2.959421558534973240e+00 4.007878788708606521e+01 1.011438414894412574e+01 3.542900767428496689e+00
3.322347934639153344e+00 3.391311448041044230e+01 8.717194233111442259e+00 3.070579771496475097e+00
3.729781506445900785e+00 2.844458393839199317e+01 7.460415099152416296e+00 2.655378896151234347e+00
4.187180379509764627e+00 2.366492716589120349e+01 6.336039685464098348e+00 2.287988600431471120e+00
4.700672009942531204e+00 1.954478446701162397e+01 5.338724654584719786e+00 1.961994115887075729e+00
5.277135289701610610e+00 1.603726464027662857e+01 4.462796231811871905e+00 1.672756332030441273e+00
5.924292698344328478e+00 1.308287774563704176e+01 3.701807778578518615e+00 1.417061131452510114e+00
6.650813755741415534e+00 1.061718624715908099e+01 3.047771844962469334e+00 1.192277073606467619e+00
7.466431161634059954e+00 8.574821775854108097e+00 2.491528748949620287e+00 9.961799987829711434e-01
8.382071177875818790e+00 6.894371035511997370e+00 2.023118986749183446e+00 8.265348763846175340e-01
9.410000000000001918e+00 5.519835210821596228e+00 1.632307630611912641e+00 6.810826622001143749e-01
