1.000000000230258569e-04 1.628729747257755434e+03 6.827788820456296435e+02 3.631457772637842254e+02
1.115486563971542785e-04 1.808607424408002089e+03 7.597196489763089176e+02 4.041832572667074714e+02
1.244310274114527074e-04 2.007600017553978432e+03 8.452633539699882022e+02 4.498441941076902708e+02
1.388011391866901154e-04 2.227623169274625980e+03 9.403548461097727795e+02 5.006448788558669207e+02
1.548308057910457113e-04 2.470839858880949123e+03 1.046042157402378052e+03 5.571579644418798125e+02
1.727116835090306587e-04 2.739815276016396183e+03 1.163491599639832202e+03 6.200177293074175395e+02
1.926575623508681512e-04 3.037464955541876407e+03 1.293996888282234750e+03 6.899271921877199247e+02
2.149069222004190347e-04 3.367202753165847753e+03 1.438998849264369710e+03 7.676648280972755174e+02
2.397257841638464457e-04 3.733274038708133958e+03 1.600116466854954069e+03 8.540910464281288341e+02
2.674108912107391479e-04 4.140703852497651496e+03 1.779156891613388325e+03 9.501575169491802626e+02
2.982932561365508645e-04 4.595332241144855288e+03 1.978134298327433271e+03 1.056914775695529670e+03
3.327421192670277522e-04 5.103799362544064934e+03 2.199292151739558904e+03 1.175517096536785402e+03
3.711693632243215748e-04 5.673826360021366781e+03 2.445132151219349907e+03 1.307235431882008925e+03
4.140344375392690035e-04 6.314051202426256168e+03 2.718412951104750846e+03 1.453462415501539681e+03
4.618498519902246974e-04 7.032908642933027295e+03 3.022075178248222528e+03 1.615701470570391621e+03
5.151873043487156757e-04 7.839352034494261716e+03 3.359315934089812345e+03 1.795586707739314306e+03
5.746845157973842983e-04 8.742854299743701631e+03 3.733584070361660451e+03 1.994882902831745469e+03
6.410528557468661917e-04 9.752293631132599330e+03 4.148419904660554494e+03 2.215442674013436772e+03
7.150858472165629249e-04 1.087623914760444131e+04 4.607526603689501826e+03 2.459229636687624861e+03
7.976686544726134401e-04 1.212307435003215687e+04 5.114765861958967434e+03 2.728309702829767048e+03
8.897886663605780169e-04 1.350140651449756660e+04 5.674008424223057773e+03 3.024763507965815734e+03
9.925473018708411317e-04 1.501950303894788885e+04 6.289133785136894403e+03 3.350699913611548709e+03
1.107173179088194286e-03 1.668496004035008809e+04 6.963964354548150368e+03 3.708221630367432681e+03
1.235036804978161722e-03 1.850531366172286289e+04 7.702001465570537221e+03 4.099229521253771054e+03
1.377666961646263968e-03 2.048740307814612606e+04 8.506374131913296878e+03 4.525420213259301818e+03
1.536768984990051967e-03 2.263664170823532913e+04 9.379678664787830712e+03 4.988218398206078746e+03
1.714245154289869167e-03 2.495592902955308455e+04 1.032330864349671901e+04 5.488403202168416101e+03
1.912217436523370962e-03 2.744535523422534970e+04 1.133738027323029200e+04 6.026074703280773065e+03
2.133052857342773462e-03 3.010166906472357005e+04 1.242058322280354332e+04 6.600575842413942155e+03
2.379391802059096454e-03 3.291591665595353697e+04 1.356933884167204633e+04 7.210005612219168142e+03
2.654179585009814029e-03 3.587319474264702149e+04 1.477764730814834365e+04 7.851142721027426887e+03
2.960701664764286197e-03 3.895219848975443892e+04 1.603689091036294303e+04 8.519343666188413408e+03
3.302622926212283368e-03 4.212322545168374199e+04 1.733494210467822995e+04 9.208375166086210811e+03
3.684031499205906151e-03 4.534999572729914507e+04 1.865670556081165341e+04 9.910226110011100900e+03
4.109487637665882979e-03 4.858767143522031256e+04 1.998391429081093520e+04 1.061520045758956621e+04
4.584078243567925488e-03 5.178348397215814475e+04 2.129499213089904879e+04 1.131187125405224469e+04
5.113477687716873853e-03 5.487658324500005983e+04 2.256508559527279067e+04 1.198708435423026458e+04
5.704015654503047893e-03 5.779835217351813480e+04 2.376618019773865308e+04 1.262599621652790120e+04
6.362752821816417166e-03 6.047265888289918075e+04 2.486720621725283854e+04 1.321215334044636984e+04
7.097565280973966440e-03 6.281553695256960054e+04 2.583391082098223706e+04 1.372740023560601003e+04
7.917238706014356406e-03 6.473321388633568858e+04 2.662815025710253758e+04 1.415153216320779757e+04
8.831573398280912271e-03 6.615304370702462620e+04 2.722026551599370578e+04 1.446879335197439286e+04
9.851501462242475554e-03 6.689374445578885206e+04 2.753602142502434072e+04 1.463972529586835299e+04
1.098921751354712747e-02 6.686624167957129248e+04 2.753906859833824274e+04 1.464496756992954943e+04
1.225832448210000328e-02 6.600664516146729875e+04 2.720340982240283483e+04 1.447066879779714873e+04
1.367399625343743499e-02 6.425797812128291844e+04 2.650566991680156934e+04 1.410427725987400117e+04
1.525315909299450497e-02 6.158118554632964515e+04 2.542939495808599895e+04 1.353689851974241174e+04
1.701469402243795462e-02 5.802149938003896386e+04 2.399210701793800035e+04 1.277760253127641954e+04
1.897966256774625410e-02 5.371873621981877659e+04 2.224937846049551445e+04 1.185559841324028457e+04
2.117155857815964867e-02 4.889801633883695467e+04 2.029099978821938203e+04 1.081815077150633988e+04
2.361658912683562567e-02 4.387802771896721970e+04 1.824568499381185757e+04 9.733478891355167434e+03
2.634398785175567220e-02 3.902410769276614883e+04 1.626260663537834989e+04 8.680854954396565518e+03
2.938636448329653983e-02 3.468132729650627880e+04 1.448518229579742911e+04 7.736937135212666362e+03
3.278009473753994152e-02 3.108097814879516227e+04 1.301341547681598058e+04 6.955862680514969725e+03
3.656575523702054742e-02 2.824971130851712587e+04 1.186456003635417619e+04 6.348071360295460181e+03
4.078860865897657173e-02 2.596699825668201083e+04 1.095057731773879095e+04 5.867377727942991442e+03
4.549914491170512637e-02 2.374069633509355845e+04 1.005666548217856325e+04 5.397548738866675194e+03
5.075368480951484434e-02 2.110761797715243301e+04 8.964665347186535655e+03 4.817369642208593177e+03
5.661505346402430361e-02 1.798534172971936641e+04 7.616114439527057584e+03 4.090080701241226052e+03
6.315333144310807112e-02 1.487484306704777737e+04 6.233730061243661112e+03 3.335465635394903529e+03
7.044669267860774464e-02 1.247272100143544230e+04 5.167508349481826372e+03 2.751345796066120784e+03
7.858233914112514040e-02 1.095691063927686264e+04 4.539390057453691952e+03 2.414214517726616123e+03
8.765754345719625751e-02 9.768270117766134717e+03 4.077438599811143831e+03 2.173428321630478877e+03
9.778081193473929511e-02 8.321153447291169869e+03 3.441183105316621095e+03 1.826172959016447066e+03
1.090731819023149224e-01 6.894582057067228561e+03 2.768737805057506648e+03 1.449251426071212109e+03
1.216696688736408766e-01 5.937826766607938225e+03 2.360597167139533667e+03 1.230689249111941081e+03
1.357208808401622890e-01 5.154335224736383680e+03 2.044863997827862249e+03 1.067505353251112183e+03
1.513948189927238619e-01 4.355006106638024903e+03 1.669708684066920796e+03 8.568936328466782015e+02
1.688788864024014236e-01 3.746936732857435345e+03 1.411882737072946156e+03 7.194682920658881358e+02
1.883821286769788717e-01 3.221954099466056505e+03 1.185949776719376132e+03 5.977672437460902302e+02
2.101377333831422056e-01 2.775637587127334427e+03 9.913565524422236876e+02 4.915510650204121248e+02
2.344058181183555356e-01 2.403360426393550824e+03 8.340241753963135807e+02 4.074618978053690057e+02
2.614765405675759102e-01 2.090029425906772303e+03 7.020615588573236892e+02 3.368474937870276449e+02
2.916735677297306317e-01 1.825120517382853450e+03 5.919182757055917818e+02 2.781077439865022143e+02
3.253579457932418983e-01 1.602835418426202978e+03 5.013697905983963778e+02 2.305065523417012230e+02
3.629324169301749725e-01 1.414764270696186259e+03 4.262584062911289493e+02 1.913162061518476378e+02
4.048462346221089470e-01 1.254593839711647206e+03 3.639575839079155344e+02 1.591798517325806870e+02
4.516005350914485406e-01 1.117380028757622767e+03 3.122887874897727443e+02 1.328973130455202920e+02
5.037543290608768043e-01 9.987320324651811916e+02 2.693354441544777842e+02 1.114018924664927539e+02
5.619311854805180140e-01 8.948180216937860223e+02 2.334697917814723951e+02 9.380037268138239881e+01
6.268266871357865977e-01 8.026865393535747444e+02 2.033910675073158814e+02 7.937779997173014124e+01
6.992167472777639503e-01 7.197962614311942389e+02 1.779824008846275376e+02 6.752941671548470026e+01
7.799668867126374749e-01 6.442083736771529630e+02 1.563364630698881683e+02 5.776223415021335938e+01
8.700425822703268253e-01 5.744909613838121913e+02 1.377060977817257879e+02 4.967357570290396040e+01
9.705208103821856280e-01 5.096898593118168606e+02 1.214942694076706005e+02 4.293683163735772723e+01
1.082602923786821769e+00 4.492577344013678839e+02 1.072166991131777962e+02 3.728375842771266235e+01
1.207629015322442267e+00 3.929773023309319342e+02 9.450269331152911434e+01 3.249955130992147190e+01
1.347093940544190405e+00 3.409002219629254569e+02 8.307138169308986164e+01 2.840992402991393462e+01
1.502665190738521561e+00 2.931770626743248727e+02 7.272241470786184436e+01 2.487717783192514176e+01
1.676202830030598223e+00 2.500082655566430390e+02 6.332008066067066210e+01 2.179138800145386057e+01
1.869781734959676811e+00 2.114891254877721565e+02 5.477894480916219067e+01 1.906904242689410012e+01
2.085716402426663674e+00 1.776081373116451800e+02 4.705203616878959849e+01 1.664731067426681932e+01
2.326588622626292402e+00 1.481876064230175984e+02 4.010888818389117461e+01 1.448048296981609440e+01
2.595278347831105226e+00 1.229270321254940512e+02 3.392836496190440698e+01 1.253620551723201970e+01
2.894998126105261083e+00 1.014446498774927932e+02 2.848322412398480807e+01 1.079192646546188605e+01
3.229331511649635278e+00 8.331770068090632719e+01 2.373930936942812053e+01 9.232362882155515038e+00
3.602275911025628830e+00 6.812838223313687536e+01 1.965065134693489313e+01 7.845632186704223798e+00
4.018290377542188097e+00 5.547940551874292936e+01 1.616300665642269152e+01 6.621920678136258509e+00
4.482348925252354732e+00 4.500485965898158724e+01 1.321618146856813247e+01 5.551102783578692801e+00
5.000000000000000888e+00 3.637441406896532214e+01 1.074782896761102968e+01 4.622576478754187868e+00
