1.000000000230258569e-04 3.712017775155061372e+02 1.542638431814493742e+02 8.417165290080495765e+01
1.122634227564673579e-04 4.142234593066094703e+02 1.721581401764557597e+02 9.393796910224689611e+01
1.260307608609534901e-04 4.622131670034081594e+02 1.921243352088514200e+02 1.048360649655287347e+02
1.414864458359461712e-04 5.157389024345116013e+02 2.144010184273448090e+02 1.169966057098801855e+02
1.588375267953347550e-04 5.754324121093231952e+02 2.392538997881088960e+02 1.305651900365084543e+02
1.783164441611049004e-04 6.419956672124588977e+02 2.669784017765554722e+02 1.457037954354635474e+02
2.001841435067871621e-04 7.162087213207190644e+02 2.979031632513323871e+02 1.625927282469596662e+02
2.247335712646909519e-04 7.989392615364580479e+02 3.323936593738633860e+02 1.814325939156411778e+02
2.522935991264941354e-04 8.911549397873315002e+02 3.708557686573163892e+02 2.024461426286261485e+02
2.832334297096662638e-04 9.939326784799184225e+02 4.137404308589969446e+02 2.258809242631790823e+02
3.179675425093897337e-04 1.108473960473578245e+03 4.615484368190834630e+02 2.520116327831885314e+02
3.569612463934728852e-04 1.236125790470542370e+03 5.148354775530149254e+02 2.811422281547989428e+02
4.007369130231864672e-04 1.378392232501625813e+03 5.742181473659710491e+02 3.136095422456529604e+02
4.498809747048478080e-04 1.536948432489712332e+03 6.403790804704526636e+02 3.497855716605408247e+02
5.050517804175268938e-04 1.713656758532187951e+03 7.140722668439333347e+02 3.900795992673992032e+02
5.669884152586394726e-04 1.910590987199638676e+03 7.961314003419098526e+02 4.349429064133956331e+02
6.365206014554368984e-04 2.130013265737658912e+03 8.874683444894020568e+02 4.848686884748128136e+02
7.145798135793877959e-04 2.374361996148440539e+03 9.890738442451881838e+02 5.403928354966454890e+02
8.022117568662883325e-04 2.646302477751235529e+03 1.102030612436501087e+03 6.020999835881405033e+02
9.005903758055168549e-04 2.948655371003888831e+03 1.227495651011618975e+03 6.706164203745641998e+02
1.011033580661806338e-03 3.284371776940976360e+03 1.366695670429157644e+03 7.466085163889820251e+02
1.135020902606864940e-03 3.656580242911498772e+03 1.520940841391312006e+03 8.307887080118521226e+02
1.274213313974418031e-03 4.068515304310028569e+03 1.691589517961703223e+03 9.238983682457034092e+02
1.430475479156914512e-03 4.523490919975305587e+03 1.880040038963181587e+03 1.026704028556782532e+03
1.605900734223756829e-03 5.024890756728963424e+03 2.087730876311366501e+03 1.139996769226029983e+03
1.802839129895710598e-03 5.576070909220125031e+03 2.316075300346404674e+03 1.264552866094699539e+03
2.023928913547812410e-03 6.180308972766548322e+03 2.566445965374141906e+03 1.401126681505834540e+03
2.272131871983379750e-03 6.840718817875949753e+03 2.840149421528122275e+03 1.550437968255921987e+03
2.550773008441800313e-03 7.559991988838303769e+03 3.138313925159503924e+03 1.713106006192443374e+03
2.863585085365514225e-03 8.340338286569920456e+03 3.461866077087486701e+03 1.889638604370882376e+03
3.214758629634808552e-03 9.183295649674088054e+03 3.811452930960932008e+03 2.080391007316767173e+03
3.608998070155939632e-03 1.008921910605454468e+04 4.187230175472105657e+03 2.285450568830914108e+03
4.051584759838999447e-03 1.105726579887781190e+04 4.588854934835926542e+03 2.504632502816004489e+03
4.548447726227339283e-03 1.208488491245580553e+04 5.015303305186021134e+03 2.737392127094943135e+03
5.106243098575769836e-03 1.316745068370791705e+04 5.464680772647296180e+03 2.982667142939363657e+03
5.732443275407110572e-03 1.429784427850796783e+04 5.934097442629707984e+03 3.238916368106729806e+03
6.435437027063155117e-03 1.546492675993733428e+04 6.418984979725770245e+03 3.503643237722678350e+03
7.224641874254610074e-03 1.665445263071771478e+04 6.913525200248036526e+03 3.773681097466208485e+03
8.110630248067678127e-03 1.784842532158331596e+04 7.410381446368650359e+03 4.045032576998375134e+03
9.105271121505569346e-03 1.902341000877236365e+04 7.900021386304647422e+03 4.312512470994915020e+03
1.022188900990466699e-02 2.015011593630635980e+04 8.370531450319800570e+03 4.569633990470814751e+03
1.147544247024383408e-02 2.119363820922290688e+04 8.807748513899483441e+03 4.808682017317032660e+03
1.288272449057868002e-02 2.211268478894655345e+04 9.194952937281223058e+03 5.020558329840582701e+03
1.446258745407916733e-02 2.286003983580615022e+04 9.513066868500245619e+03 5.194886273849421741e+03
1.623619569135818438e-02 2.338387890798810258e+04 9.741150560198568201e+03 5.320272217908618586e+03
1.822730900435978393e-02 2.363054899214256511e+04 9.857566262550530155e+03 5.384946064657273382e+03
2.046260095998037737e-02 2.354929348870545073e+04 9.841825491022829738e+03 5.377790044293264145e+03
2.297201621738221775e-02 2.310016410832295151e+04 9.677553418018929733e+03 5.289903018857742609e+03
2.578917167586586637e-02 2.226544095985256354e+04 9.356867868877590809e+03 5.116960419711006580e+03
2.895180681720203528e-02 2.106272209409901188e+04 8.885346303715896283e+03 4.861906870649015218e+03
3.250228927534733192e-02 1.955590431119349523e+04 8.286385730588866863e+03 4.537270226518195159e+03
3.648818240631140908e-02 1.785812374884361634e+04 7.603093986888295149e+03 4.166274519291860088e+03
4.096288246151627566e-02 1.611997953389765462e+04 6.894848983038649749e+03 3.781089404692734661e+03
4.598633390041809155e-02 1.449850742119932329e+04 6.226582902465104780e+03 3.417176156423275643e+03
5.162583242493973962e-02 1.311093424540636988e+04 5.650882751933223517e+03 3.103674374925149550e+03
5.795692649341043640e-02 1.198705644185102574e+04 5.186745966218214562e+03 2.851691861307223462e+03
6.506442939097074885e-02 1.104112960558072700e+04 4.802026013899134341e+03 2.644017208672499237e+03
7.304355541444980393e-02 1.008610833398233990e+04 4.410296160181445885e+03 2.431928001892394605e+03
8.200119539239680844e-02 8.963771270455066770e+03 3.926431260743351231e+03 2.165262378672349769e+03
9.205734862752627812e-02 7.692211087387961015e+03 3.345794377717809311e+03 1.838583352767213682e+03
1.033467304443183715e-01 6.502554475455467582e+03 2.784460027546007495e+03 1.518961494613199193e+03
1.160205768769771578e-01 5.618608374473188633e+03 2.377242433462157351e+03 1.289702577959466225e+03
1.302486706739022226e-01 4.996637283573447348e+03 2.118127082899852212e+03 1.151563571648097195e+03
1.462216157596530064e-01 4.392398345776095994e+03 1.857735497174013972e+03 1.011190225492168452e+03
1.641533906237988560e-01 3.746537129425628791e+03 1.538831538332430910e+03 8.267378035600220301e+02
1.842842148426375448e-01 3.226748843907003447e+03 1.289772760055012213e+03 6.837354629392852985e+02
2.068837671345900298e-01 2.822745085941951402e+03 1.122165039670949000e+03 5.952040182561422625e+02
2.322547980593316352e-01 2.441110891256328159e+03 9.414302884428196876e+02 4.910965489407134328e+02
2.607371857574901086e-01 2.122441361257487188e+03 7.958810051716825456e+02 4.086717135906848739e+02
2.927124890628471365e-01 1.853981474144472941e+03 6.781094096177271240e+02 3.441598577806786921e+02
3.286090589819373742e-01 1.622891948164863379e+03 5.740971682933767397e+02 2.852782209096281463e+02
3.689077770159973624e-01 1.428539843888446740e+03 4.894707798386936588e+02 2.388743310903205668e+02
4.141484971975938345e-01 1.263123878427144291e+03 4.182382113464784652e+02 1.997819010485566480e+02
4.649372781414354283e-01 1.121625951811010509e+03 3.586283000757397303e+02 1.673220207827805268e+02
5.219545019921476570e-01 1.000554654661816130e+03 3.090833422357320615e+02 1.407534272918865383e+02
5.859639890329354506e-01 8.957267381313164378e+02 2.677045824104135932e+02 1.188710919495890721e+02
6.578232300572349756e-01 8.037809437659856258e+02 2.330173119183023402e+02 1.008565173017982204e+02
7.384948735793578356e-01 7.218896171669694013e+02 2.037665957209660803e+02 8.600800630318873630e+01
8.290596217703356530e-01 6.478378061799268153e+02 1.789214297514007797e+02 7.374886473665635833e+01
9.307307078768926045e-01 5.798041411715462345e+02 1.575911997559163069e+02 6.357820794915230778e+01
1.044870149067508081e+00 5.165258871549431205e+02 1.390458914644018478e+02 5.508607393126278851e+01
1.173006992433692330e+00 4.572179690676019845e+02 1.227089553309395598e+02 4.794046960124090617e+01
1.316857798575541416e+00 4.015368123860318406e+02 1.081176159293822678e+02 4.186388618289755215e+01
1.478349637175967013e+00 3.494686362982745322e+02 9.493284678464611659e+01 3.663559445628484212e+01
1.659645902619409696e+00 3.012686041021543701e+02 8.291936313928879088e+01 3.207858006912130122e+01
1.863175295489004624e+00 2.572511475421745786e+02 7.193413929099057214e+01 2.805773736609178926e+01
2.091664358187257822e+00 2.177025554681050608e+02 6.190357065441473594e+01 2.447116533973883534e+01
2.348174000537423645e+00 1.827378205315479818e+02 5.280218626008826277e+01 2.124644964203054087e+01
2.636140504673786467e+00 1.522973085089346625e+02 4.462617406545150089e+01 1.833396200228233752e+01
2.959421558534973240e+00 1.261398115488402567e+02 3.737824672578488361e+01 1.570588671086422039e+01
3.322347934639153344e+00 1.039103946224734045e+02 3.104522405745525404e+01 1.334602584458724728e+01
3.729781506445900785e+00 8.518090992978923737e+01 2.558858449259417966e+01 1.124516907032160873e+01
4.187180379509764627e+00 6.951171457583954805e+01 2.094701819993694514e+01 9.394352959991504548e+00
4.700672009942531204e+00 5.647654924407936505e+01 1.704169542696306650e+01 7.783700998091450884e+00
5.277135289701610610e+00 4.568838113765476550e+01 1.378682998957872208e+01 6.399121985362005383e+00
5.924292698344328478e+00 3.680458985575613440e+01 1.109532806494520685e+01 5.222892365977138240e+00
6.650813755741415534e+00 2.952457625310406897e+01 8.885468013309525404e+00 4.234505516821348792e+00
7.466431161634059954e+00 2.358682108696338275e+01 7.082910509338049110e+00 3.412136491411004169e+00
8.382071177875818790e+00 1.876632702618145032e+01 5.621362696871718967e+00 2.733913297265272213e+00
9.410000000000001918e+00 1.487090416549033556e+01 4.442725690457221432e+00 2.178910518056951240e+00
