1.000000000230258569e-04 6.746206627144089225e+02 3.167281138070890734e+02 1.766088149274966668e+02
1.122634227564673579e-04 7.556841320611943047e+02 3.549943203932562596e+02 1.979774653955864778e+02
1.260307608609534901e-04 8.463306284349877160e+02 3.978550709168854951e+02 2.219231505393871373e+02
1.414864458359461712e-04 9.476494604658767003e+02 4.458529194348279248e+02 2.487537441882564337e+02
1.588375267953347550e-04 1.060848884186589430e+03 4.995924730951495576e+02 2.788130479577973233e+02
1.783164441611049004e-04 1.187280265694078707e+03 5.597463919504389196e+02 3.124839104519550688e+02
2.001841435067871621e-04 1.328446395111658148e+03 6.270631409300898440e+02 3.501930926264941490e+02
2.247335712646909519e-04 1.486037608765582945e+03 7.023769100765649682e+02 3.924159191473439705e+02
2.522935991264941354e-04 1.662007969289977154e+03 7.866207244974265222e+02 4.396805662935849455e+02
2.832334297096662638e-04 1.858573458657639321e+03 8.808348010782917754e+02 4.925743528046260167e+02
3.179675425093897337e-04 2.078279093156821091e+03 9.861828211700998281e+02 5.517493278150103606e+02
3.569612463934728852e-04 2.324107422523794412e+03 1.103973567923533665e+03 6.179277309022372719e+02
4.007369130231864672e-04 2.599495144988066386e+03 1.235671445508947272e+03 6.919099393062533636e+02
4.498809747048478080e-04 2.908300415964175500e+03 1.382901312261756630e+03 7.745770867773591135e+02
5.050517804175268938e-04 3.254782701057812119e+03 1.547455396411206038e+03 8.668936989972143010e+02
5.669884152586394726e-04 3.643751316312490417e+03 1.731321033477956689e+03 9.699188267664490013e+02
6.365206014554368984e-04 4.080233574296335519e+03 1.936621390525242305e+03 1.084790357667149920e+03
7.145798135793877959e-04 4.569285836348391967e+03 2.165584586683862199e+03 1.212717184017737736e+03
8.022117568662883325e-04 5.116254198437704872e+03 2.420596692224731669e+03 1.354994829378508712e+03
9.005903758055168549e-04 5.726439695905445660e+03 2.704097969748805099e+03 1.512965244047339638e+03
1.011033580661806338e-03 6.404939259671436957e+03 3.018542909052617233e+03 1.688001566701754655e+03
1.135020902606864940e-03 7.156704376289687389e+03 3.366421379506537505e+03 1.881513609516901397e+03
1.274213313974418031e-03 7.986632015638364464e+03 3.750168430446171442e+03 2.094884333977037841e+03
1.430475479156914512e-03 8.899382938760474644e+03 4.172109722813066583e+03 2.329445518127930882e+03
1.605900734223756829e-03 9.899125203199742828e+03 4.634407171343917071e+03 2.586454001482812146e+03
1.802839129895710598e-03 1.098960234157207378e+04 5.138937083596775665e+03 2.866983682786071313e+03
2.023928913547812410e-03 1.217384964901692001e+04 5.687202374969303492e+03 3.171888807863021157e+03
2.272131871983379750e-03 1.345376221459710359e+04 6.280174338821818310e+03 3.501729479355973581e+03
2.550773008441800313e-03 1.482936180502878597e+04 6.917900474580841546e+03 3.856548857789394788e+03
2.863585085365514225e-03 1.629868418662148179e+04 7.599463444736593374e+03 4.235851313289629616e+03
3.214758629634808552e-03 1.785730574450640779e+04 8.322792109948617508e+03 4.638490689348194792e+03
3.608998070155939632e-03 1.949726232494353098e+04 9.084234544965454916e+03 5.062412900039741544e+03
4.051584759838999447e-03 2.120714548526582439e+04 9.878546888656799638e+03 5.504658638624438936e+03
4.548447726227339283e-03 2.297051214049424379e+04 1.069810366025860822e+04 5.961035382413765547e+03
5.106243098575769836e-03 2.476585211587167578e+04 1.153281685085360732e+04 6.425939546419078397e+03
5.732443275407110572e-03 2.656571296344980146e+04 1.236992594278331671e+04 6.892237886398627779e+03
6.435437027063155117e-03 2.833599521903926870e+04 1.319360060408875870e+04 7.351106084122093307e+03
7.224641874254610074e-03 3.003533899764369198e+04 1.398463509892397997e+04 7.791846134191130659e+03
8.110630248067678127e-03 3.161450772947247970e+04 1.472018506637952487e+04 8.201730629856725500e+03
9.105271121505569346e-03 3.301623893795665936e+04 1.537370639417148232e+04 8.565984548706679561e+03
1.022188900990466699e-02 3.417537281610855280e+04 1.591495776652990207e+04 8.867751101268571801e+03
1.147544247024383408e-02 3.501970964771345461e+04 1.631052344649305633e+04 9.088434041297736258e+03
1.288272449057868002e-02 3.547192677474146330e+04 1.652456771616640253e+04 9.208085422189515157e+03
1.446258745407916733e-02 3.545465645038172079e+04 1.652127961012059677e+04 9.206727560168947093e+03
1.623619569135818438e-02 3.489685797691850894e+04 1.626788387694966514e+04 9.066169485396805612e+03
1.822730900435978393e-02 3.374544613394251792e+04 1.573987061234826797e+04 8.772780365452283149e+03
2.046260095998037737e-02 3.198097643841811805e+04 1.492821916233599950e+04 8.321548129121169040e+03
2.297201621738221775e-02 2.963709949864058945e+04 1.384802597635802340e+04 7.720832857732099001e+03
2.578917167586586637e-02 2.681887904895600514e+04 1.254679158410304990e+04 6.996897716185985701e+03
2.895180681720203528e-02 2.371136096623962294e+04 1.110851865256790006e+04 6.196226635372040619e+03
3.250228927534733192e-02 2.056727120394482699e+04 9.648837246636761847e+03 5.382962340341901836e+03
3.648818240631140908e-02 1.766718867047848107e+04 8.297781462575507248e+03 4.629507424531332617e+03
4.096288246151627566e-02 1.525468917491795764e+04 7.170838480318248003e+03 4.000634993433648560e+03
4.598633390041809155e-02 1.346107370633189203e+04 6.334348592565508625e+03 3.534312592472569122e+03
5.162583242493973962e-02 1.224100111316237962e+04 5.773567002230801336e+03 3.223635132106928722e+03
5.795692649341043640e-02 1.134838368258262744e+04 5.375795694059168454e+03 3.006402946763319960e+03
6.506442939097074885e-02 1.035603917856098451e+04 4.928386366162078957e+03 2.761593400254806056e+03
7.304355541444980393e-02 8.946405038678605706e+03 4.256531597288344528e+03 2.385788978991542990e+03
8.200119539239680844e-02 7.234468862999586236e+03 3.401862403526326489e+03 1.898130660214068030e+03
9.205734862752627812e-02 5.745542214432165565e+03 2.643240297902139901e+03 1.460258167307777057e+03
1.033467304443183715e-01 4.855839945091295704e+03 2.209834397522637573e+03 1.213154285656579532e+03
1.160205768769771578e-01 4.368106599566640398e+03 2.012684288003482834e+03 1.110537133042725827e+03
1.302486706739022226e-01 3.773660275815425848e+03 1.739922744642978614e+03 9.604346611829640779e+02
1.462216157596530064e-01 3.045391080182456790e+03 1.349733251023528965e+03 7.295020438865884671e+02
1.641533906237988560e-01 2.559679414026806626e+03 1.107927983193520959e+03 5.912551834623084233e+02
1.842842148426375448e-01 2.222623072189507639e+03 9.682225496293348215e+02 5.208497157795301291e+02
2.068837671345900298e-01 1.855457907085875149e+03 7.756849699133250624e+02 4.071908119641461212e+02
2.322547980593316352e-01 1.581565447911925958e+03 6.464678647762414130e+02 3.356146243633936024e+02
2.607371857574901086e-01 1.350634585533580321e+03 5.376629577093559647e+02 2.753611886837047109e+02
2.927124890628471365e-01 1.157141456804846257e+03 4.452954047316746369e+02 2.233410474551304219e+02
3.286090589819373742e-01 9.971733172966256689e+02 3.709195719551273669e+02 1.822677438960755296e+02
3.689077770159973624e-01 8.649431851390899055e+02 3.104268168568748933e+02 1.493020902656746216e+02
4.141484971975938345e-01 7.538222257989403943e+02 2.602762263508950582e+02 1.219448823513281752e+02
4.649372781414354283e-01 6.613803701228091541e+02 2.195376008541483088e+02 1.001122039965885193e+02
5.219545019921476570e-01 5.837297649781553446e+02 1.862152743936825061e+02 8.250445556377741241e+01
5.859639890329354506e-01 5.179230124599866940e+02 1.588742102681062249e+02 6.828591747354992947e+01
6.578232300572349756e-01 4.615777301552544714e+02 1.363736492771284077e+02 5.680909542527505351e+01
7.384948735793578356e-01 4.125307082928939053e+02 1.177178453509249749e+02 4.751573853450545215e+01
8.290596217703356530e-01 3.692821623371490887e+02 1.021720063357358583e+02 3.998392595521095672e+01
9.307307078768926045e-01 3.305058759432981788e+02 8.909659226503120522e+01 3.385630501129052305e+01
1.044870149067508081e+00 2.951592299301382809e+02 7.797418912427139048e+01 2.884446358219121720e+01
1.173006992433692330e+00 2.625112726806891033e+02 6.839120142220708942e+01 2.471726533194578579e+01
1.316857798575541416e+00 2.320866960241158949e+02 6.002681343723307350e+01 2.129192040920107942e+01
1.478349637175967013e+00 2.036441232184831733e+02 5.262925164666211231e+01 1.842000164433576970e+01
1.659645902619409696e+00 1.771094970668881956e+02 4.601295767753963162e+01 1.598541068779371876e+01
1.863175295489004624e+00 1.525600687825505020e+02 4.004744605962336124e+01 1.389615457270744692e+01
2.091664358187257822e+00 1.301147994883025945e+02 3.464615543155948529e+01 1.208188917788149652e+01
2.348174000537423645e+00 1.099080400505321506e+02 2.975776547106391945e+01 1.048885143729221348e+01
2.636140504673786467e+00 9.200593015130023389e+01 2.535304365565467677e+01 9.077989220188882769e+00
2.959421558534973240e+00 7.640303070828844056e+01 2.141688439897492557e+01 7.821621657906220548e+00
3.322347934639153344e+00 6.299888959301560476e+01 1.793600390594789218e+01 6.700829669678963540e+00
3.729781506445900785e+00 5.162675771524646251e+01 1.489456405588243548e+01 5.702761856684747777e+00
4.187180379509764627e+00 4.207590812888371090e+01 1.226939809835449502e+01 4.818430487114879313e+00
4.700672009942531204e+00 3.412066794784696100e+01 1.003067788923513248e+01 4.040692235121476905e+00
5.277135289701610610e+00 2.754145704618440860e+01 8.142806351424216160e+00 3.362852025916650778e+00
5.924292698344328478e+00 2.213451593272426265e+01 6.567222752696111776e+00 2.777853986088442362e+00
6.650813755741415534e+00 1.771727075658376904e+01 5.264595802314256723e+00 2.278008822202381989e+00
7.466431161634059954e+00 1.412821142249148210e+01 4.196842262479863805e+00 1.855091289151379774e+00
8.382071177875818790e+00 1.122500272004251798e+01 3.328283016554283602e+00 1.500593278895016036e+00
9.410000000000001918e+00 8.886192284794784513e+00 2.626658540901000372e+00 1.206072385046692119e+00
