1.000000000230258569e-04 5.764622014355967622e+03 2.315231263864294760e+03 1.283563156805107383e+03
1.115486563971542785e-04 6.336748588509129149e+03 2.542318627443466085e+03 1.408980701782999859e+03
1.244310274114527074e-04 6.967324361679770846e+03 2.791969912985275641e+03 1.546726833930036264e+03
1.388011391866901154e-04 7.662490761029373971e+03 3.066482193320648548e+03 1.698029211895618573e+03
1.548308057910457113e-04 8.428845025204196645e+03 3.368369513272597942e+03 1.864234468427780712e+03
1.727116835090306587e-04 9.273117935094562199e+03 3.700342270488902614e+03 2.046810496977779167e+03
1.926575623508681512e-04 1.020246563432596122e+04 4.065362243861162824e+03 2.247366631052852426e+03
2.149069222004190347e-04 1.122415665635943333e+04 4.466597125855702870e+03 2.467647062769678541e+03
2.397257841638464457e-04 1.234471625972524271e+04 4.907274031946431933e+03 2.709496217804490243e+03
2.674108912107391479e-04 1.357034052460059320e+04 5.390791479815573439e+03 2.974899983124163100e+03
2.982932561365508645e-04 1.490684173484663370e+04 5.920652464898917970e+03 3.265960102502916925e+03
3.327421192670277522e-04 1.635940798026008088e+04 6.500212356939789061e+03 3.584788621009208327e+03
3.711693632243215748e-04 1.793238801713059729e+04 7.132779587177972644e+03 3.933568268954298674e+03
4.140344375392690035e-04 1.962992670905748673e+04 7.821665730302484917e+03 4.314543771193383691e+03
4.618498519902246974e-04 2.145855994126766745e+04 8.570326020261372832e+03 4.729951548084456590e+03
5.151873043487156757e-04 2.342559037893448112e+04 9.382191518410783829e+03 5.182023587982916069e+03
5.746845157973842983e-04 2.553928402694547913e+04 1.026078241768127737e+04 5.673021078473365378e+03
6.410528557468661917e-04 2.781185955139544240e+04 1.121046792061404085e+04 6.205407070430272142e+03
7.150858472165629249e-04 3.025822336835672832e+04 1.223605740093464556e+04 6.781721445918297832e+03
7.976686544726134401e-04 3.289498199340993597e+04 1.334262752357474710e+04 7.404543003445882277e+03
8.897886663605780169e-04 3.573801547079298325e+04 1.453555660054287000e+04 8.076611777598383014e+03
9.925473018708411317e-04 3.880394636986867408e+04 1.582052906701447500e+04 8.800746324230749451e+03
1.107173179088194286e-03 4.210983868946408620e+04 1.720324677569299820e+04 9.579683721514966237e+03
1.235036804978161722e-03 4.566687658025311976e+04 1.868784626488491631e+04 1.041550449033467339e+04
1.377666961646263968e-03 4.948264887857182475e+04 2.027741048017415233e+04 1.130977855612929488e+04
1.536768984990051967e-03 5.356209764237918716e+04 2.197401542118184443e+04 1.226351498766700570e+04
1.714245154289869167e-03 5.790336621685962746e+04 2.377675492020674574e+04 1.327622640235182371e+04
1.912217436523370962e-03 6.249828695544800576e+04 2.568206190336907821e+04 1.434606215478065678e+04
2.133052857342773462e-03 6.733256003756349673e+04 2.768400541731114936e+04 1.546987838778919104e+04
2.379391802059096454e-03 7.238289317373053927e+04 2.977384493622750597e+04 1.664261704115857356e+04
2.654179585009814029e-03 7.761674531581821793e+04 3.193978826655169905e+04 1.785727343190428292e+04
2.960701664764286197e-03 8.299293860208867409e+04 3.416567651658352406e+04 1.910488805416275136e+04
3.302622926212283368e-03 8.846331408707218361e+04 3.642884332188113331e+04 2.037455893063321491e+04
3.684031499205906151e-03 9.396778673477156553e+04 3.870557561746361898e+04 2.165169449137179254e+04
4.109487637665882979e-03 9.943365773325916962e+04 4.096644295657023031e+04 2.291997080098088190e+04
4.584078243567925488e-03 1.047754144181420270e+05 4.317650125265066890e+04 2.415999150267752702e+04
5.113477687716873853e-03 1.099073794918166386e+05 4.530069115988954582e+04 2.535227060732400059e+04
5.704015654503047893e-03 1.146688626982825372e+05 4.727288180936790741e+04 2.645980890380079290e+04
6.362752821816417166e-03 1.189386941129416227e+05 4.904311989933230507e+04 2.745465108876074009e+04
7.097565280973966440e-03 1.225647043775195343e+05 5.054874698686025658e+04 2.830175785112635640e+04
7.917238706014356406e-03 1.254102372031720879e+05 5.173344566035728349e+04 2.896967070062944185e+04
8.831573398280912271e-03 1.272882719022121310e+05 5.251984366183860402e+04 2.941495412732898694e+04
9.851501462242475554e-03 1.280209337975025701e+05 5.283439617298714438e+04 2.959634171450667054e+04
1.098921751354712747e-02 1.274435722999155259e+05 5.260909144752772409e+04 2.947563983609683419e+04
1.225832448210000328e-02 1.254065163948086847e+05 5.178179425636587985e+04 2.901796676473957268e+04
1.367399625343743499e-02 1.218067189392130822e+05 5.030921925997280778e+04 2.819861234468869225e+04
1.525315909299450497e-02 1.166176495461716258e+05 4.818001636227698327e+04 2.701091950896609706e+04
1.701469402243795462e-02 1.099191350193393591e+05 4.542666655666800216e+04 2.547301860412324095e+04
1.897966256774625410e-02 1.019291307155963150e+05 4.213829499606729223e+04 2.363448228229980305e+04
2.117155857815964867e-02 9.302459097665848094e+04 3.846986055422252684e+04 2.158185066735139480e+04
2.361658912683562567e-02 8.373355140394438058e+04 3.463943631514853769e+04 1.943742159622783947e+04
2.634398785175567220e-02 7.467611630170108401e+04 3.090318444962529247e+04 1.734484673296637629e+04
2.938636448329653983e-02 6.645500982924587152e+04 2.751060325189168725e+04 1.544419783505403757e+04
3.278009473753994152e-02 5.950417971797016799e+04 2.464165956308420573e+04 1.383663873028259695e+04
3.656575523702054742e-02 5.392516360233214073e+04 2.233890585831864155e+04 1.254627337683817132e+04
4.078860865897657173e-02 4.939757229980789998e+04 2.047011768356736866e+04 1.149903789603508812e+04
4.549914491170512637e-02 4.503389952721561713e+04 1.866784211760046674e+04 1.048863678903597065e+04
5.075368480951484434e-02 3.994628276229524636e+04 1.656398932871478246e+04 9.308260070609818285e+03
5.661505346402430361e-02 3.382259921385061170e+04 1.402887578601863970e+04 7.884965617051976551e+03
6.315333144310807112e-02 2.751732360716380572e+04 1.141674047516363680e+04 6.417809299124048266e+03
7.044669267860774464e-02 2.252462729061430582e+04 9.347719475512605641e+03 5.255480132243173102e+03
7.858233914112514040e-02 1.949307147327973871e+04 8.091559683569459594e+03 4.549833174715163295e+03
8.765754345719625751e-02 1.732723079699533264e+04 7.194104338269072286e+03 4.045674047654381411e+03
9.778081193473929511e-02 1.441193582938338113e+04 5.984904726349910561e+03 3.366023109993483104e+03
1.090731819023149224e-01 1.123014923471408838e+04 4.664439230750775096e+03 2.623615305403640377e+03
1.216696688736408766e-01 9.330033734183072738e+03 3.875863357054372955e+03 2.180244483943450177e+03
1.357208808401622890e-01 7.982081277946787850e+03 3.316386383960259536e+03 1.865665365642263623e+03
1.513948189927238619e-01 6.225738262646130352e+03 2.587001718822033581e+03 1.455436215594060968e+03
1.688788864024014236e-01 5.090682422910306741e+03 2.115592339656826880e+03 1.190289899596750729e+03
1.883821286769788717e-01 4.126033850986187645e+03 1.714876827284816500e+03 9.648833968486729873e+02
2.101377333831422056e-01 3.266353838327271660e+03 1.357694296363301419e+03 7.639448766573088960e+02
2.344058181183555356e-01 2.620267275612157846e+03 1.089226171998853260e+03 6.129059037994862820e+02
2.614765405675759102e-01 2.077363004930205989e+03 8.636027890189334357e+02 4.859629642109305223e+02
2.916735677297306317e-01 1.635701660021278713e+03 6.800344333326542028e+02 3.826761887281853092e+02
3.253579457932418983e-01 1.290133133730919326e+03 5.363929937989173595e+02 3.018514142999219985e+02
3.629324169301749725e-01 1.011592106254000782e+03 4.206030666150608113e+02 2.366959309873402901e+02
4.048462346221089470e-01 7.899723042863523688e+02 3.284692330038122350e+02 1.848501725205065895e+02
4.516005350914485406e-01 6.149658259382397318e+02 2.557096035000312213e+02 1.439057187792224681e+02
5.037543290608768043e-01 4.772731701464710454e+02 1.984606077268295223e+02 1.116889355710617053e+02
5.619311854805180140e-01 3.691822594340747514e+02 1.535174539844879860e+02 8.639676067761195100e+01
6.268266871357865977e-01 2.847983514636172231e+02 1.184301870408229433e+02 6.665080693560560121e+01
6.992167472777639503e-01 2.191164021227848195e+02 9.111847759022550974e+01 5.128049933913325731e+01
7.799668867126374749e-01 1.681361175430812409e+02 6.991946252456760647e+01 3.935013161579286844e+01
8.700425822703268253e-01 1.286958598684428523e+02 5.351878246964864871e+01 3.012008651875177989e+01
9.705208103821856280e-01 9.827727656260506706e+01 4.086943104748623767e+01 2.300117836783732628e+01
1.082602923786821769e+00 7.488117977416837334e+01 3.114019481158049629e+01 1.752564594476707427e+01
1.207629015322442267e+00 5.693337678213671893e+01 2.367653705432467959e+01 1.332514355833001041e+01
1.347093940544190405e+00 4.319968851407767119e+01 1.796527917984889555e+01 1.011087014172367837e+01
1.502665190738521561e+00 3.271571458150275191e+01 1.360540563161368333e+01 7.657143320722092028e+00
1.676202830030598223e+00 2.473048918059768297e+01 1.028464251038488797e+01 5.788220452850887376e+00
1.869781734959676811e+00 1.866148773471499567e+01 7.760753934480113969e+00 4.367774614270197198e+00
2.085716402426663674e+00 1.405826398955146317e+01 5.846424072005550698e+00 3.290386775830232313e+00
2.326588622626292402e+00 1.057358365736588723e+01 4.397254933966272539e+00 2.474791068266088967e+00
2.595278347831105226e+00 7.940517588372047797e+00 3.302242063844659459e+00 1.858514866228140994e+00
2.894998126105261083e+00 5.954436754871569981e+00 2.476288679117013558e+00 1.393665810162872054e+00
3.229331511649635278e+00 4.458862864015891603e+00 1.854321708199200947e+00 1.043620612327277097e+00
3.602275911025628830e+00 3.334454680903086832e+00 1.386711474085037477e+00 7.804476930655729339e-01
4.018290377542188097e+00 2.490393889942783545e+00 1.035689660147678159e+00 5.828911215771835908e-01
4.482348925252354732e+00 1.857707513963440027e+00 7.725724963042887028e-01 4.348076366836923223e-01
5.000000000000000888e+00 1.384119278204946735e+00 5.756197549844022099e-01 3.239617515247416590e-01
