1.000000000230258569e-04 3.105270396726228910e+02 1.285996514401967659e+02 6.913124733097370722e+01
1.122634227564673579e-04 3.478720609417269998e+02 1.441376891953566712e+02 7.749236945783567876e+01
1.260307608609534901e-04 3.896489865790472322e+02 1.615459547881137610e+02 8.686306088272313275e+01
1.414864458359461712e-04 4.363659168591977959e+02 1.810471784937246298e+02 9.736462715091249720e+01
1.588375267953347550e-04 4.885861465893653417e+02 2.028900542991760290e+02 1.091327816745818353e+02
1.783164441611049004e-04 5.469358207141145840e+02 2.273517299374668426e+02 1.223190912394380234e+02
2.001841435067871621e-04 6.121093114681981433e+02 2.547411656173390497e+02 1.370929107575437342e+02
2.247335712646909519e-04 6.848817591716315292e+02 2.854030095461673682e+02 1.536434078316222269e+02
2.522935991264941354e-04 7.661394913008022058e+02 3.197222830456352654e+02 1.721814951531337385e+02
2.832334297096662638e-04 8.568816751003029140e+02 3.581284940192916224e+02 1.929424632776661497e+02
3.179675425093897337e-04 9.582509979776631326e+02 4.011019984074550280e+02 2.161886052048285194e+02
3.569612463934728852e-04 1.071599689329486182e+03 4.491832076494661692e+02 2.422118184739915989e+02
4.007369130231864672e-04 1.198489325256354277e+03 5.029773243544406682e+02 2.713370928009420027e+02
4.498809747048478080e-04 1.340714093733059372e+03 5.631625326030787164e+02 3.039255086507929491e+02
5.050517804175268938e-04 1.500335181068244992e+03 6.305002215174550884e+02 3.403771651709533899e+02
5.669884152586394726e-04 1.679728608686888037e+03 7.058436515625247694e+02 3.811358584609645277e+02
6.365206014554368984e-04 1.881486066017198027e+03 7.901327661355696819e+02 4.266895497437189420e+02
7.145798135793877959e-04 2.108322715810381851e+03 8.843904333612533719e+02 4.775710672922215849e+02
8.022117568662883325e-04 2.363226612581350764e+03 9.897440581054976292e+02 5.343650278684145860e+02
9.005903758055168549e-04 2.649274702409027668e+03 1.107394704159331695e+03 5.977002878056413238e+02
1.011033580661806338e-03 2.969520936263331805e+03 1.238601953721162772e+03 6.682468860319587520e+02
1.135020902606864940e-03 3.327108251519684472e+03 1.384709319653733928e+03 7.467239347341479743e+02
1.274213313974418031e-03 3.725281954670131654e+03 1.547112959343714238e+03 8.338840280200631696e+02
1.430475479156914512e-03 4.167338874834372291e+03 1.727247702366133581e+03 9.305079142288877847e+02
1.605900734223756829e-03 4.656548332817181290e+03 1.926586284582798498e+03 1.037405246233036223e+03
1.802839129895710598e-03 5.196296101266381811e+03 2.146602372276588085e+03 1.155382650595655605e+03
2.023928913547812410e-03 5.789992206306013941e+03 2.388746062187632106e+03 1.285233451808492191e+03
2.272131871983379750e-03 6.440889993171099377e+03 2.654412964061398270e+03 1.427725381225312958e+03
2.550773008441800313e-03 7.151948952657277005e+03 2.944866723998582529e+03 1.583540683536699362e+03
2.863585085365514225e-03 7.925731077798723163e+03 3.261200827665573343e+03 1.753260188693486498e+03
3.214758629634808552e-03 8.764176127353030097e+03 3.604234855117544157e+03 1.937321191696054484e+03
3.608998070155939632e-03 9.668010565169050096e+03 3.974204013851471245e+03 2.135886319764792916e+03
4.051584759838999447e-03 1.063674184889814205e+04 4.370774279661987748e+03 2.348837656552681437e+03
4.548447726227339283e-03 1.166823535402339621e+04 4.793258663496459121e+03 2.575684894768503000e+03
5.106243098575769836e-03 1.275812917066940463e+04 5.239887213282693665e+03 2.815497414763733559e+03
5.732443275407110572e-03 1.389944302468681781e+04 5.707733784852405734e+03 3.066748303851254605e+03
6.435437027063155117e-03 1.508204288642274878e+04 6.192628877919211845e+03 3.327186962716809376e+03
7.224641874254610074e-03 1.629211738845778018e+04 6.688893623472519721e+03 3.593757446493957559e+03
8.110630248067678127e-03 1.751150324767479833e+04 7.189062991300665090e+03 3.862445089745937821e+03
9.105271121505569346e-03 1.871708979772695602e+04 7.683650383428233908e+03 4.128154099266748744e+03
1.022188900990466699e-02 1.988026985203128424e+04 8.160915939035793599e+03 4.384572248949212735e+03
1.147544247024383408e-02 2.096655160903483920e+04 8.606690149991633007e+03 4.624092205155357078e+03
1.288272449057868002e-02 2.193551253703932525e+04 9.004359178423750564e+03 4.837780202434358216e+03
1.446258745407916733e-02 2.274113767323550928e+04 9.335061162198466263e+03 5.015496825741976863e+03
1.623619569135818438e-02 2.333322589158509436e+04 9.578154253668697493e+03 5.146163752960315833e+03
1.822730900435978393e-02 2.366048096769333642e+04 9.712558103006153033e+03 5.218429642703150421e+03
2.046260095998037737e-02 2.367521937137783243e+04 9.718709655941027449e+03 5.221790763923961094e+03
2.297201621738221775e-02 2.334076833114937472e+04 9.581529989869910423e+03 5.148139285818414464e+03
2.578917167586586637e-02 2.264135211162896303e+04 9.294532226607527264e+03 4.993985816620483092e+03
2.895180681720203528e-02 2.159320065226799488e+04 8.864368609361526978e+03 4.762902504743796271e+03
3.250228927534733192e-02 2.025418203578855901e+04 8.314783393565347069e+03 4.467645466146744184e+03
3.648818240631140908e-02 1.872673254183302561e+04 7.687826406535795286e+03 4.130805652875791566e+03
4.096288246151627566e-02 1.714835166966311590e+04 7.039939932022158246e+03 3.782712251665823715e+03
4.598633390041809155e-02 1.566463861020167133e+04 6.430897237695074182e+03 3.455483753018520019e+03
5.162583242493973962e-02 1.438531357933622712e+04 5.905747161824332579e+03 3.173325052077075270e+03
5.795692649341043640e-02 1.333181967960693328e+04 5.473294301197563982e+03 2.940970848265554196e+03
6.506442939097074885e-02 1.240040956082582852e+04 5.090949528051009111e+03 2.735537237846210701e+03
7.304355541444980393e-02 1.135641660131024764e+04 4.662375099287000921e+03 2.505259357818680201e+03
8.200119539239680844e-02 1.001684238673181972e+04 4.112438602050313420e+03 2.209766240313645540e+03
9.205734862752627812e-02 8.449176347009995879e+03 3.468848171577323228e+03 1.863946740504236459e+03
1.033467304443183715e-01 7.022611280525503389e+03 2.883178602834588219e+03 1.549247693732078460e+03
1.160205768769771578e-01 6.064026947991194902e+03 2.489635856213973511e+03 1.337784058895337921e+03
1.302486706739022226e-01 5.429760377110215813e+03 2.229240987451089040e+03 1.197864781440978504e+03
1.462216157596530064e-01 4.638471420040279554e+03 1.904374839133225578e+03 1.023302322368119690e+03
1.641533906237988560e-01 3.701538734917317015e+03 1.519711222425860569e+03 8.166068960373996788e+02
1.842842148426375448e-01 3.097621710755311142e+03 1.271768111597126108e+03 6.833770791799173594e+02
2.068837671345900298e-01 2.657168338855997263e+03 1.090936392777273568e+03 5.862086175838971940e+02
2.322547980593316352e-01 2.104075069913491461e+03 8.638578607959148030e+02 4.641896387792725704e+02
2.607371857574901086e-01 1.748729765899865015e+03 7.179667627299279502e+02 3.857959095220559789e+02
2.927124890628471365e-01 1.408632681641074441e+03 5.783354268671271257e+02 3.107659015607437709e+02
3.286090589819373742e-01 1.140824008084037359e+03 4.683829621745476857e+02 2.516834842917597541e+02
3.689077770159973624e-01 9.094993408422715220e+02 3.734092805128036048e+02 2.006498756344965670e+02
4.141484971975938345e-01 7.297359317464067772e+02 2.996047928177426343e+02 1.609913899394045131e+02
4.649372781414354283e-01 5.782782215454424204e+02 2.374214581079150150e+02 1.275774817812166191e+02
5.219545019921476570e-01 4.566646146851882122e+02 1.874911080858504988e+02 1.007476159900321449e+02
5.859639890329354506e-01 3.594048916673401095e+02 1.475596101987088673e+02 7.929058701854209801e+01
6.578232300572349756e-01 2.816710105243105318e+02 1.156446940111996611e+02 6.214122834507016080e+01
7.384948735793578356e-01 2.199261302933152251e+02 9.029433836593922535e+01 4.851933374345053096e+01
8.290596217703356530e-01 1.710112927710404449e+02 7.021154902616021332e+01 3.772791952395803605e+01
9.307307078768926045e-01 1.325284477387076549e+02 5.441178321186952616e+01 2.923796789503808213e+01
1.044870149067508081e+00 1.023782223082757810e+02 4.203310822109585132e+01 2.258633200648421990e+01
1.173006992433692330e+00 7.883824864461224990e+01 3.236837738812720033e+01 1.739302899410535375e+01
1.316857798575541416e+00 6.053093555062608289e+01 2.485200136233576274e+01 1.335413428558638138e+01
1.478349637175967013e+00 4.634596621276372730e+01 1.902812251284982281e+01 1.022469329955254480e+01
1.659645902619409696e+00 3.539171024172392777e+01 1.453066664481114678e+01 7.808000982251852129e+00
1.863175295489004624e+00 2.695897071455049243e+01 1.106846169963356452e+01 5.947597847560387230e+00
2.091664358187257822e+00 2.048674137814780494e+01 8.411178170417777267e+00 4.519716312185297902e+00
2.348174000537423645e+00 1.553326853849976352e+01 6.377446543347061514e+00 3.426898079693160071e+00
2.636140504673786467e+00 1.175228698461235766e+01 4.825101273761462473e+00 2.592751220789360378e+00
2.959421558534973240e+00 8.873552361931521304e+00 3.643188260476718288e+00 1.957654698139889460e+00
3.322347934639153344e+00 6.687005566560339176e+00 2.745463923676871865e+00 1.475265646083687709e+00
3.729781506445900785e+00 5.029969105349477054e+00 2.065139072189936087e+00 1.109695354083753971e+00
4.187180379509764627e+00 3.776910311886793714e+00 1.550674584416873669e+00 8.332496166655768421e-01
4.700672009942531204e+00 2.831264001297318700e+00 1.162423632940954299e+00 6.246243021530100137e-01
5.277135289701610610e+00 2.118993118775331475e+00 8.699888243805197208e-01 4.674854534302188003e-01
5.924292698344328478e+00 1.583494356524228763e+00 6.501307308041283095e-01 3.493454861111031096e-01
6.650813755741415534e+00 1.181603642369642548e+00 4.851276514944422025e-01 2.606816982284412831e-01
7.466431161634059954e+00 8.804852698645740938e-01 3.614983599757167210e-01 1.942499541952093789e-01
8.382071177875818790e+00 6.552287651438574168e-01 2.690154519584626591e-01 1.445545856988009747e-01
9.410000000000001918e+00 4.869778596999387865e-01 1.999371700851285127e-01 1.074355989513840898e-01
