1.000000000230258569e-04 2.965113329685957524e+03 1.283625591335199260e+03 7.103127669862986977e+02
1.115486563971542785e-04 3.319206707727501907e+03 1.437302143670950045e+03 7.953178290328739877e+02
1.244310274114527074e-04 3.715399423397852388e+03 1.609357883309225144e+03 8.904799576198570321e+02
1.388011391866901154e-04 4.158650276552079958e+03 1.801979042856301703e+03 9.970057577270229103e+02
1.548308057910457113e-04 4.654493538024336885e+03 2.017603622941607682e+03 1.116241457049221026e+03
1.727116835090306587e-04 5.209104136991454652e+03 2.258939661300315493e+03 1.249684766013301896e+03
1.926575623508681512e-04 5.829370410564695703e+03 2.529003011524034264e+03 1.399004947901852802e+03
2.149069222004190347e-04 6.522958955087869072e+03 2.831139038106121461e+03 1.566056569784013845e+03
2.397257841638464457e-04 7.298365889823447105e+03 3.169027162714701262e+03 1.752886340074092232e+03
2.674108912107391479e-04 8.165029772333340588e+03 3.546733288370546688e+03 1.961761389072204338e+03
2.982932561365508645e-04 9.133386124280143122e+03 3.968733227417185844e+03 2.195182630275671727e+03
3.327421192670277522e-04 1.021483123118913136e+04 4.439901525427343586e+03 2.455878290405683856e+03
3.711693632243215748e-04 1.142188925487996676e+04 4.965568551086304979e+03 2.746838971928402771e+03
4.140344375392690035e-04 1.276827186251006788e+04 5.551551784942089398e+03 3.071330908225941130e+03
4.618498519902246974e-04 1.426877807803343603e+04 6.204160290415416966e+03 3.432877497824815691e+03
5.151873043487156757e-04 1.593945440165402943e+04 6.930232248065445674e+03 3.835290668055421520e+03
5.746845157973842983e-04 1.779760644370389491e+04 7.737142836290918240e+03 4.282674744125593861e+03
6.410528557468661917e-04 1.986151283165053974e+04 8.632745473694956672e+03 4.779377739213833593e+03
7.150858472165629249e-04 2.215055378012556685e+04 9.625406336496622316e+03 5.330011989055462436e+03
7.976686544726134401e-04 2.468503142440653755e+04 1.072391975359066601e+04 5.939412937581135338e+03
8.897886663605780169e-04 2.748511094536429664e+04 1.193704762662820031e+04 6.612416904596369022e+03
9.925473018708411317e-04 3.057093548290574108e+04 1.327358953911231401e+04 7.353882692889001191e+03
1.107173179088194286e-03 3.396216070669089822e+04 1.474218341098159908e+04 8.168573815776119773e+03
1.235036804978161722e-03 3.767547179391778627e+04 1.635014766115697785e+04 9.060538621931176749e+03
1.377666961646263968e-03 4.172450900010868645e+04 1.810349173800719655e+04 1.003310877427695777e+04
1.536768984990051967e-03 4.611903164817126526e+04 2.000657644116944357e+04 1.108870511747427554e+04
1.714245154289869167e-03 5.086042811696047283e+04 2.206008274018536031e+04 1.222771131714396324e+04
1.912217436523370962e-03 5.594125146676206350e+04 2.426083637551817810e+04 1.344837821239660843e+04
2.133052857342773462e-03 6.134429144170546351e+04 2.660144213704321737e+04 1.474662602315502227e+04
2.379391802059096454e-03 6.703684986099567323e+04 2.906786424169841848e+04 1.611472739904280024e+04
2.654179585009814029e-03 7.297002899630799948e+04 3.163910428320479332e+04 1.754112644141661076e+04
2.960701664764286197e-03 7.907894065909268102e+04 3.428711498191281134e+04 1.901035426214210747e+04
3.302622926212283368e-03 8.528045515845302725e+04 3.697580118015045446e+04 2.050235507356452945e+04
3.684031499205906151e-03 9.147303219900085242e+04 3.966138841719670017e+04 2.199295807724420592e+04
4.109487637665882979e-03 9.753862968643958448e+04 4.229286373301284038e+04 2.345397495508793872e+04
4.584078243567925488e-03 1.033438050656888518e+05 4.481258161590518284e+04 2.485353271185130507e+04
5.113477687716873853e-03 1.087417638686324499e+05 4.715709629490344378e+04 2.615654383152840455e+04
5.704015654503047893e-03 1.135755738031587971e+05 4.925851180744083831e+04 2.732544622516951495e+04
6.362752821816417166e-03 1.176804982867687504e+05 5.104561518331493426e+04 2.832078145422834132e+04
7.097565280973966440e-03 1.208858288333240926e+05 5.244447928968921769e+04 2.910162293018554556e+04
7.917238706014356406e-03 1.230109061220376752e+05 5.337684216714865761e+04 2.962457180794199303e+04
8.831573398280912271e-03 1.238782890209842444e+05 5.376569801817910047e+04 2.984683891699676678e+04
9.851501462242475554e-03 1.233301041109653161e+05 5.354239193146100297e+04 2.973022993051624144e+04
1.098921751354712747e-02 1.210531899449442426e+05 5.257048787035442365e+04 2.919868194275070346e+04
1.225832448210000328e-02 1.169647098036095413e+05 5.081337099991647847e+04 2.823159699981094673e+04
1.367399625343743499e-02 1.111782339098509110e+05 4.831947156928930053e+04 2.685536965337314905e+04
1.525315909299450497e-02 1.037492598084755155e+05 4.511158629080264654e+04 2.508209250658823657e+04
1.701469402243795462e-02 9.489823683609781438e+04 4.128427853042139759e+04 2.296381309634286299e+04
1.897966256774625410e-02 8.508893462164714583e+04 3.703783298610258498e+04 2.061133576102309962e+04
2.117155857815964867e-02 7.493166488094360102e+04 3.263652482452768163e+04 1.817109803310101051e+04
2.361658912683562567e-02 6.514200342100190028e+04 2.839153836165075700e+04 1.581625118362696230e+04
2.634398785175567220e-02 5.643722133005410433e+04 2.461527569936845975e+04 1.372077556345331504e+04
2.938636448329653983e-02 4.936368028421584313e+04 2.154669717618254435e+04 1.201808778276297744e+04
3.278009473753994152e-02 4.413714967703409638e+04 1.928125367050764544e+04 1.076190202405028140e+04
3.656575523702054742e-02 4.048975221983950905e+04 1.770365881420456208e+04 9.888569047210312419e+03
4.078860865897657173e-02 3.761578996086925326e+04 1.646267406845610822e+04 9.202373806220790357e+03
4.549914491170512637e-02 3.425640134727692202e+04 1.500754680248461773e+04 8.395534844869214794e+03
5.075368480951484434e-02 2.946659792983708394e+04 1.292281356027817674e+04 7.235052773461375182e+03
5.661505346402430361e-02 2.362135389911744642e+04 1.037068001778260987e+04 5.810871526259499660e+03
6.315333144310807112e-02 1.841120007765768241e+04 8.092267345957287944e+03 4.537886315307625409e+03
7.044669267860774464e-02 1.531937790467055129e+04 6.740922070708407773e+03 3.783106959436029229e+03
7.858233914112514040e-02 1.400395256272367442e+04 6.169050420161935108e+03 3.464869222325884948e+03
8.765754345719625751e-02 1.240698461966296054e+04 5.471648875202467025e+03 3.075501054509782534e+03
9.778081193473929511e-02 9.585523177396817118e+03 4.231967465024345074e+03 2.380434532395483075e+03
1.090731819023149224e-01 7.435252614606540192e+03 3.286115113258837937e+03 1.849685269727923696e+03
1.216696688736408766e-01 6.636668797955599075e+03 2.936161972568374040e+03 1.653784112186966922e+03
1.357208808401622890e-01 5.409813479479622401e+03 2.395709042996125390e+03 1.350200211148952121e+03
1.513948189927238619e-01 4.166110511651395427e+03 1.846635351494267752e+03 1.041335994723495560e+03
1.688788864024014236e-01 3.578253355738780556e+03 1.587430403560234026e+03 8.956332335572105876e+02
1.883821286769788717e-01 2.770209200446568957e+03 1.229937617031050650e+03 6.942633383061057657e+02
2.101377333831422056e-01 2.290829766539584398e+03 1.017848283419533573e+03 5.747914701226370653e+02
2.344058181183555356e-01 1.799073278772433241e+03 7.998923218596695506e+02 4.518832517047778765e+02
2.614765405675759102e-01 1.452722000088620916e+03 6.462953854486898990e+02 3.652373461564807258e+02
2.916735677297306317e-01 1.153936807103694264e+03 5.136540306602989858e+02 2.903670384303554215e+02
3.253579457932418983e-01 9.133544425236370898e+02 4.067649979482300751e+02 2.300048767853056120e+02
3.629324169301749725e-01 7.226913561930140304e+02 3.219950888576927923e+02 1.821148387151914676e+02
4.048462346221089470e-01 5.701738781774006384e+02 2.541407489203625119e+02 1.437672571140593618e+02
4.516005350914485406e-01 4.487446718265608752e+02 2.000861868421031318e+02 1.132088863827874405e+02
5.037543290608768043e-01 3.519725557934835365e+02 1.569851471993283951e+02 8.883608602472919813e+01
5.619311854805180140e-01 2.754004070472062153e+02 1.228654167885891155e+02 6.953740836725617669e+01
6.268266871357865977e-01 2.150391614103789379e+02 9.595841398434862413e+01 5.431520866736104125e+01
6.992167472777639503e-01 1.675289206281512406e+02 7.477255507763591424e+01 4.232752195957127839e+01
7.799668867126374749e-01 1.302254971945835393e+02 5.813307372369497728e+01 3.291090344334685369e+01
8.700425822703268253e-01 1.010210185609411013e+02 4.510276202512928734e+01 2.553583648740645273e+01
9.705208103821856280e-01 7.821371176886346177e+01 3.492440797092496751e+01 1.977432551130853255e+01
1.082602923786821769e+00 6.044153638348245039e+01 2.699157960239255516e+01 1.528348659795380904e+01
1.207629015322442267e+00 4.662326840586423771e+01 2.082260660548781317e+01 1.179090583127569225e+01
1.347093940544190405e+00 3.590231775054302688e+01 1.603571172847355442e+01 9.080614788286817785e+00
1.502665190738521561e+00 2.760115694120853647e+01 1.232880743660776091e+01 6.981688828928367840e+00
1.676202830030598223e+00 2.118583910560582240e+01 9.463743419091397158e+00 5.359356566367793562e+00
1.869781734959676811e+00 1.623699955169542974e+01 7.253418044194938297e+00 4.107720593575414192e+00
2.085716402426663674e+00 1.242611633400133719e+01 5.551222959585331296e+00 3.143792487329308383e+00
2.326588622626292402e+00 9.496442141148285998e+00 4.242557375176049916e+00 2.402695302427099833e+00
2.595278347831105226e+00 7.247820564390908160e+00 3.238064562420779335e+00 1.833838977284949712e+00
2.894998126105261083e+00 5.524560091177979970e+00 2.468227243624598000e+00 1.397863236513498419e+00
3.229331511649635278e+00 4.205840260417777365e+00 1.879091513640487543e+00 1.064218040838619483e+00
3.602275911025628830e+00 3.198114741051630627e+00 1.428879189494281832e+00 8.092464247395456667e-01
4.018290377542188097e+00 2.429086756973722228e+00 1.085299613491257809e+00 6.146630359639456698e-01
4.482348925252354732e+00 1.842971332988151412e+00 8.234351954258711803e-01 4.663571998102129523e-01
5.000000000000000888e+00 1.396810330733779137e+00 6.240965718715749677e-01 3.534618341330618696e-01
