1.000000000230258569e-04 7.092460616013472645e+02 3.276342670720907222e+02 1.881794551673501132e+02
1.115026695290953366e-04 7.855918260761364991e+02 3.627416250928221189e+02 2.083115691770713340e+02
1.243284530925187648e-04 8.702696782227360472e+02 4.016303586282093079e+02 2.306013367971002026e+02
1.386295441504667143e-04 9.642169595572855769e+02 4.447129675623643834e+02 2.552810175160836081e+02
1.545756424481938766e-04 1.068479262217840414e+03 4.924476501625226774e+02 2.826079949727496228e+02
1.723559677317991945e-04 1.184210993779583987e+03 5.453422071209148498e+02 3.128671778592828900e+02
1.921815050694108094e-04 1.312691878318886893e+03 6.039600130647023661e+02 3.463740918832850753e+02
2.142875084442451923e-04 1.455339077704295278e+03 6.689255557636213325e+02 3.834780134872301574e+02
2.389362923277018713e-04 1.613662086208056962e+03 7.409210201542962295e+02 4.245629030426585473e+02
2.664203443578849946e-04 1.789280701989582667e+03 8.206940821522825900e+02 4.700515062680789242e+02
2.970657960592480913e-04 1.983945946059785911e+03 9.090657720554650041e+02 5.204095379762012499e+02
3.312362927876497001e-04 2.199427321329761526e+03 1.006906748867920896e+03 5.761402693835004811e+02
3.693373088223966556e-04 2.437507066034058880e+03 1.115141864742725147e+03 6.377883327709595278e+02
4.118209588090659132e-04 2.700016480181566749e+03 1.234763884759641087e+03 7.059461506474857515e+02
4.591913626466918256e-04 2.988806439988145030e+03 1.366801284133657873e+03 7.812393957569984195e+02
5.120106274801957584e-04 3.305717609039772469e+03 1.512311784177749360e+03 8.643265396765195874e+02
5.709055177816341068e-04 3.652567648869137429e+03 1.672395573844706860e+03 9.559077999620135415e+02
6.365748926688486646e-04 4.031443654439788588e+03 1.848224068031438946e+03 1.056718607291502167e+03
7.097979987143026312e-04 4.444763796791317873e+03 2.041041398285658715e+03 1.167525974173208624e+03
7.914437166483044659e-04 4.895088471135094551e+03 2.252138816736382978e+03 1.289129243308549803e+03
8.824808716799498404e-04 5.385408061446439206e+03 2.482930467977637818e+03 1.422374255026453056e+03
9.839897297802024153e-04 5.919281434271098078e+03 2.734983840440622316e+03 1.568156348737591088e+03
1.097174816344422205e-03 6.500666846938380331e+03 3.009960784450514439e+03 1.727402506450047667e+03
1.223379209343287413e-03 7.133584875867572919e+03 3.309552613192674926e+03 1.901049625458222636e+03
1.364100476567608111e-03 7.821934915672503848e+03 3.635439555094014850e+03 2.090027372984512112e+03
1.521008446081769522e-03 8.569789018079009111e+03 3.989325312243166081e+03 2.295257070285145346e+03
1.695965020753673102e-03 9.380663549659726414e+03 4.372688031548573235e+03 2.517536163722021229e+03
1.891046271984591709e-03 1.025688402136085097e+04 4.786560581445345633e+03 2.757434649572417129e+03
2.108567074807741158e-03 1.120013312790383316e+04 5.231685673602602037e+03 3.015352235396484502e+03
2.351108576680822643e-03 1.221085643728609284e+04 5.708240352625133710e+03 3.291374470230859060e+03
2.621548825923003187e-03 1.328756010618186519e+04 6.215519289837287033e+03 3.585109190267363374e+03
2.923096923239734257e-03 1.442709945383650665e+04 6.752067371230249591e+03 3.895745985102113082e+03
3.259331101584665453e-03 1.562449625059694881e+04 7.315591731128372885e+03 4.221969971227280439e+03
3.634241186222156913e-03 1.687271197189786108e+04 7.902851346845773151e+03 4.561852474519486350e+03
4.052275938830490927e-03 1.816243086817236326e+04 8.509574403893335329e+03 4.912847660117926353e+03
4.518395847440812539e-03 1.948086868365139162e+04 9.129772242968128921e+03 5.271785942919901572e+03
5.038131988628217865e-03 2.081342001634379994e+04 9.756540073470803691e+03 5.634610674104013015e+03
5.617651660426248826e-03 2.214283717321921358e+04 1.038189640285761016e+04 5.996648690306241406e+03
6.263831564778516575e-03 2.344854895899765324e+04 1.099626022815150100e+04 6.352409999674722712e+03
6.984339407925946493e-03 2.470663191938866294e+04 1.158845294227818704e+04 6.695465315189012472e+03
7.787724887016851671e-03 2.589064816910889931e+04 1.214612866323081653e+04 7.018703703466739171e+03
8.683521142606049834e-03 2.696911896511709710e+04 1.265456367950237109e+04 7.313637304607518672e+03
9.682357880899711625e-03 2.789523373434230234e+04 1.309176884366385821e+04 7.567531539120109301e+03
1.079608750807801998e-02 2.862962178327752918e+04 1.343927648765172853e+04 7.769719714591785305e+03
1.203792577343234388e-02 2.913994672666285260e+04 1.368191329861829399e+04 7.911440135079682477e+03
1.342260859021738965e-02 2.938260976046761789e+04 1.379912778100633113e+04 7.980768067642409733e+03
1.496656689508787767e-02 2.931002623403166945e+04 1.376849408749596114e+04 7.964702278709007260e+03
1.668812162103823840e-02 2.888647482944174772e+04 1.357316158333116800e+04 7.853461518876829359e+03
1.860770109743517184e-02 2.808494707252281296e+04 1.320035180507203404e+04 7.639618445851883735e+03
2.074808345685756270e-02 2.689391326160207245e+04 1.264438326211732965e+04 7.319747984869439279e+03
2.313466692519383291e-02 2.532973210212057529e+04 1.191284646792809508e+04 6.898123597280637114e+03
2.579577120231610690e-02 2.344185107559561220e+04 1.102880269827732081e+04 6.388047777653780940e+03
2.876297350957714855e-02 2.131904032555240701e+04 1.003378297301407292e+04 5.813442328323829315e+03
3.207148329174031032e-02 1.908816652205702485e+04 8.987276649855406504e+03 5.208674936999467718e+03
3.576056001963404812e-02 1.690324829096209942e+04 7.961740051157415110e+03 4.615724906057303997e+03
3.987397905126498221e-02 1.492020589798495712e+04 7.030582887818830386e+03 4.077156534820023353e+03
4.446055107939526907e-02 1.326113093015809682e+04 6.251415472894085724e+03 3.626417706958207873e+03
4.957470132945773766e-02 1.197341599384811525e+04 5.646742739874047402e+03 3.276643364490339536e+03
5.527711538069327024e-02 1.099462475033251576e+04 5.187305638454631662e+03 3.010938809461101300e+03
6.163545927395905344e-02 1.014906773146647174e+04 4.790343584396153346e+03 2.781324820548365096e+03
6.872518245115814828e-02 9.156119560539591475e+03 4.323418870751946088e+03 2.510915997011431955e+03
7.663041305413779980e-02 7.862727971777783750e+03 3.714146519549722598e+03 2.157634470232904732e+03
8.544495620686157200e-02 6.391410464245269395e+03 3.020271359089085308e+03 1.754980563831499921e+03
9.527340712667957401e-02 5.122485616724075044e+03 2.421506235481857857e+03 1.407382684877992006e+03
1.062323922731101822e-01 4.344652541656796529e+03 2.054504207063275317e+03 1.194336513884089754e+03
1.184519532618636822e-01 3.922661845924197223e+03 1.855541868763243656e+03 1.078886965086323244e+03
1.320770899659224340e-01 3.395182977941656191e+03 1.606502186157479173e+03 9.342531250121422772e+02
1.472694811144383831e-01 2.647074497670017536e+03 1.252860740733171951e+03 7.287132825871366322e+02
1.642094028064348954e-01 2.115393108476815996e+03 1.001466465776352607e+03 5.825778896279414312e+02
1.830978677048002712e-01 1.858426097622305178e+03 8.800141946121689216e+02 5.119930063455198592e+02
2.041590102946942431e-01 1.492692616413594124e+03 7.069756182478558912e+02 4.113669126682085562e+02
2.276427465103479653e-01 1.177287843574529916e+03 5.576956849136047367e+02 3.245390510739551928e+02
2.538277392899435103e-01 9.917077726139181095e+02 4.698620342664813734e+02 2.734508634832941425e+02
2.830247052484705095e-01 7.731881411307067538e+02 3.663835991934191725e+02 2.132452172486021595e+02
3.155801017062329072e-01 6.339772178877590250e+02 3.004562661268346346e+02 1.748857058789006373e+02
3.518802378240603601e-01 4.989623123655764516e+02 2.364967582779346458e+02 1.376651862234556347e+02
3.923558586288135031e-01 3.993483133670280836e+02 1.893010576524087298e+02 1.101981261609157769e+02
4.374872563241952172e-01 3.165325037155696464e+02 1.500574699241670658e+02 8.735705245187259038e+01
4.878099695387512202e-01 2.494714551160963367e+02 1.182750570721905490e+02 6.885727732317896255e+01
5.439211381395319123e-01 1.963005514343539630e+02 9.307271937212695434e+01 5.418673636583299924e+01
6.064865890189676811e-01 1.539943392531683060e+02 7.301803070459388323e+01 4.251209739299847712e+01
6.762487369363893164e-01 1.204680583754009575e+02 5.712399326405795108e+01 3.325912213383176663e+01
7.540353941672404137e-01 9.391386265639049213e+01 4.453423982343307586e+01 2.592953544699881263e+01
8.407695934971151086e-01 7.301735257351191422e+01 3.462625499380961713e+01 2.016105591701907684e+01
9.374805411223435803e-01 5.663230203021050357e+01 2.685694318041165474e+01 1.563760159697468488e+01
1.045315829426528564e+00 4.381449519943197402e+01 2.077882771911960447e+01 1.209872079754726037e+01
1.165555054552403824e+00 3.381638835351102301e+01 1.603760610002428066e+01 9.338174640185599173e+00
1.299625000357985227e+00 2.604144856343476633e+01 1.235051676172894730e+01 7.191357749353632478e+00
1.449116568932995452e+00 2.001155160070625882e+01 9.490895757037613123e+00 5.526315731064598502e+00
1.615803658576671964e+00 1.534656393466829272e+01 7.278517641735701815e+00 4.238124469280766249e+00
1.801664213246928048e+00 1.174618487859058114e+01 5.570998143388729673e+00 3.243886613714740630e+00
2.008903693258128342e+00 8.973868380540748646e+00 4.256175166458113779e+00 2.478298681463104725e+00
2.239981245735629400e+00 6.843786569183095025e+00 3.245930699039294876e+00 1.890055690028337620e+00
2.497638885371206374e+00 5.210517219177392967e+00 2.471303672234788529e+00 1.439005654831681413e+00
2.784934031744384253e+00 3.960637644447131400e+00 1.878505389673968073e+00 1.093829701777343510e+00
3.105275789304232426e+00 3.005941900173769721e+00 1.425704625168089379e+00 8.301709629322525652e-01
3.462465400517639402e+00 2.278015175481779675e+00 1.080455578620633128e+00 6.291373527910616437e-01
3.860741352209485999e+00 1.723936321116249282e+00 8.176598376258805700e-01 4.761148228114986947e-01
4.304829670336041580e+00 1.302866375327633941e+00 6.179485412693767055e-01 3.598253266779029569e-01
4.799999999999999822e+00 9.833689997728983778e-01 4.664120453408250322e-01 2.715872781062773078e-01
