1.000000000230258569e-04 4.909750329315453428e+02 2.166411881060590758e+02 1.223001840800667424e+02
1.115026695290953366e-04 5.454615125058978720e+02 2.406054370666318221e+02 1.358128636400638527e+02
1.243284530925187648e-04 6.060522470829728263e+02 2.672294071212516542e+02 1.508198514016302454e+02
1.386295441504667143e-04 6.734451658984501137e+02 2.968106940319070191e+02 1.674866860955999357e+02
1.545756424481938766e-04 7.484203816070375979e+02 3.296806124682877339e+02 1.859972925979197953e+02
1.723559677317991945e-04 8.318488641926686569e+02 3.662079039361762511e+02 2.065559774055133744e+02
1.921815050694108094e-04 9.246914760976371781e+02 4.068014868980442884e+02 2.293892223824822452e+02
2.142875084442451923e-04 1.028011341534884195e+03 4.519152661940332223e+02 2.547482065575568413e+02
2.389362923277018713e-04 1.142986288988018487e+03 5.020531025610382017e+02 2.829115001683412061e+02
2.664203443578849946e-04 1.270875549484958583e+03 5.577660819349393932e+02 3.141856750191956280e+02
2.970657960592480913e-04 1.413027777463493976e+03 6.196576915161095940e+02 3.489083275846762149e+02
3.312362927876497001e-04 1.570902458067866291e+03 6.883912802167097880e+02 3.874518318902686360e+02
3.693373088223966556e-04 1.745999595033475543e+03 7.646738932830800195e+02 4.302193918981731713e+02
4.118209588090659132e-04 1.939845024078465940e+03 8.492567482214070651e+02 4.776469627913890008e+02
4.591913626466918256e-04 2.154018632966115092e+03 9.429471873617700339e+02 5.302089653137944651e+02
5.120106274801957584e-04 2.390163118055480936e+03 1.046590970922968836e+03 5.884087208426008146e+02
5.709055177816341068e-04 2.649971951161326160e+03 1.161065328960404031e+03 6.527762588384611036e+02
6.365748926688486646e-04 2.935162474619376553e+03 1.287286965220890124e+03 7.238752518738657500e+02
7.097979987143026312e-04 3.247673307804004708e+03 1.426233892880072517e+03 8.022992887018376678e+02
7.914437166483044659e-04 3.589750272589947144e+03 1.578951981105315326e+03 8.886686224199680737e+02
8.824808716799498404e-04 3.963801490706769073e+03 1.746532638823498246e+03 9.836296128757297765e+02
9.839897297802024153e-04 4.372510642670611560e+03 1.930151219035150007e+03 1.087862630047860421e+03
1.097174816344422205e-03 4.818923511511675315e+03 2.131091333614473569e+03 1.202085195364722722e+03
1.223379209343287413e-03 5.306381765387523956e+03 2.350707785279679229e+03 1.327038269296407179e+03
1.364100476567608111e-03 5.838278612513895496e+03 2.590381889799002693e+03 1.463474245287080976e+03
1.521008446081769522e-03 6.417851489345952359e+03 2.851482157062102942e+03 1.612144899542335452e+03
1.695965020753673102e-03 7.048413615482608293e+03 3.135389341927668283e+03 1.773797335342258293e+03
1.891046271984591709e-03 7.732993863865021012e+03 3.443372293000754780e+03 1.949119223633680349e+03
2.108567074807741158e-03 8.473897139325454191e+03 3.776440866348403688e+03 2.138675024297726850e+03
2.351108576680822643e-03 9.272985220893055157e+03 4.135423056777916827e+03 2.342929076311012068e+03
2.621548825923003187e-03 1.013137400010609053e+04 4.520822077397839166e+03 2.562161239714899693e+03
2.923096923239734257e-03 1.104897636159867761e+04 4.932608008349018746e+03 2.796347177623054449e+03
3.259331101584665453e-03 1.202461052482879859e+04 5.370277492722187162e+03 3.045194602699502411e+03
3.634241186222156913e-03 1.305558323894593013e+04 5.832657705010195059e+03 3.308043916490080846e+03
4.052275938830490927e-03 1.413702054489492912e+04 6.317584497722571541e+03 3.583705517168956248e+03
4.518395847440812539e-03 1.526205638425999496e+04 6.822010578486728264e+03 3.870508078564887001e+03
5.038131988628217865e-03 1.642169380313212605e+04 7.341929869997679816e+03 4.166148383184100567e+03
5.617651660426248826e-03 1.760511963259361073e+04 7.872498427533692848e+03 4.467808459274468078e+03
6.263831564778516575e-03 1.879723932921692904e+04 8.407028580919624801e+03 4.771748089495080421e+03
6.984339407925946493e-03 1.998040081321747130e+04 8.937606041547011046e+03 5.073466364422833067e+03
7.787724887016851671e-03 2.113324686146388194e+04 9.454682523132702045e+03 5.367533326258714624e+03
8.683521142606049834e-03 2.223075483404702391e+04 9.947060069065728385e+03 5.647605055756602269e+03
9.682357880899711625e-03 2.324393976989749353e+04 1.040177434473328140e+04 5.906302298564966804e+03
1.079608750807801998e-02 2.413998268928584730e+04 1.080412888526882307e+04 6.135284004705024927e+03
1.203792577343234388e-02 2.488264632198776599e+04 1.113781206639947050e+04 6.325287911299084044e+03
1.342260859021738965e-02 2.543273937539523831e+04 1.138534584605515374e+04 6.466324358766693877e+03
1.496656689508787767e-02 2.574890689214075246e+04 1.152818433154739068e+04 6.547951378178897357e+03
1.668812162103823840e-02 2.579111354016743280e+04 1.154824728090275676e+04 6.559792853222755184e+03
1.860770109743517184e-02 2.552381091218782967e+04 1.142966011963439814e+04 6.492811755933120367e+03
2.074808345685756270e-02 2.492046791261317048e+04 1.116048595006118740e+04 6.340265432193824381e+03
2.313466692519383291e-02 2.397094221983623356e+04 1.073615178152472436e+04 6.099514349151653732e+03
2.579577120231610690e-02 2.268895788359460130e+04 1.016276619924683655e+04 5.774028524188548545e+03
2.876297350957714855e-02 2.111959923078586144e+04 9.460502967453228848e+03 5.375262361015362330e+03
3.207148329174031032e-02 1.934370032603198706e+04 8.665559893669922531e+03 4.923778122938138949e+03
3.576056001963404812e-02 1.747547910739058716e+04 7.829105040333864054e+03 4.448655876062729476e+03
3.987397905126498221e-02 1.565005435835855678e+04 7.011683304822872742e+03 3.984301565179740464e+03
4.446055107939526907e-02 1.399907315397424463e+04 6.272301329858585632e+03 3.564251850203819231e+03
4.957470132945773766e-02 1.261706008394192577e+04 5.653334412725755101e+03 3.212597750230160273e+03
5.527711538069327024e-02 1.152432998121774108e+04 5.163913661814563966e+03 2.934537006961091720e+03
6.163545927395905344e-02 1.063795704726833173e+04 4.766903609339560717e+03 2.708973038904547138e+03
6.872518245115814828e-02 9.782930000671030939e+03 4.383895729290913550e+03 2.491353469593507270e+03
7.663041305413779980e-02 8.725318927560860175e+03 3.910065944127121838e+03 2.222107614210550310e+03
8.544495620686157200e-02 7.413160659291038428e+03 3.322126815518987769e+03 1.888000210425389469e+03
9.527340712667957401e-02 6.049962556664547265e+03 2.711278789077363399e+03 1.540864223210171986e+03
1.062323922731101822e-01 4.980618785870164174e+03 2.232092744670699176e+03 1.268545959236283352e+03
1.184519532618636822e-01 4.348809701473069254e+03 1.948973380229242821e+03 1.107650948752411068e+03
1.320770899659224340e-01 3.898376003270904675e+03 1.747128164283983779e+03 9.929430364954992001e+02
1.472694811144383831e-01 3.261337100678684237e+03 1.461643305971859945e+03 8.306980819737643742e+02
1.642094028064348954e-01 2.555835498917724635e+03 1.145467220273401153e+03 6.510080286998746715e+02
1.830978677048002712e-01 2.137610188892548194e+03 9.580358426345668477e+02 5.444862693319037135e+02
2.041590102946942431e-01 1.842491104518968996e+03 8.257744549057315453e+02 4.693187330344332509e+02
2.276427465103479653e-01 1.451294571683941740e+03 6.504502590692062540e+02 3.696763760449891834e+02
2.538277392899435103e-01 1.192811286059121130e+03 5.346042073063015323e+02 3.038370804447810656e+02
2.830247052484705095e-01 9.761009885229294696e+02 4.374788018252471602e+02 2.486372288884723218e+02
3.155801017062329072e-01 7.788650487189278238e+02 3.490807048543246083e+02 1.983972256991259258e+02
3.518802378240603601e-01 6.304938871154355411e+02 2.825828036483508185e+02 1.606038760427870216e+02
3.923558586288135031e-01 5.037056887784462447e+02 2.257577253359219469e+02 1.283078669153968292e+02
4.374872563241952172e-01 4.007603527253427274e+02 1.796186519043241105e+02 1.020850970269861477e+02
4.878099695387512202e-01 3.188536969853437313e+02 1.429087387433019387e+02 8.122132720408650641e+01
5.439211381395319123e-01 2.523273071657019955e+02 1.130920568110288258e+02 6.427521831396359175e+01
6.064865890189676811e-01 1.989774955102966487e+02 8.918097518938243695e+01 5.068552000120676837e+01
6.762487369363893164e-01 1.564280714389127240e+02 7.011054095544821507e+01 3.984695525094134894e+01
7.540353941672404137e-01 1.226042606046193981e+02 5.495085421843445772e+01 3.123103890330279597e+01
8.407695934971151086e-01 9.583279190454697982e+01 4.295198360443132657e+01 2.441154822243548850e+01
9.374805411223435803e-01 7.470128283379307277e+01 3.348091846953933270e+01 1.902871803468841350e+01
1.045315829426528564e+00 5.807535729880725484e+01 2.602923573478060604e+01 1.479359147086783821e+01
1.165555054552403824e+00 4.503929988298214226e+01 2.018651353250523073e+01 1.147290888421074406e+01
1.299625000357985227e+00 3.484862652717361442e+01 1.561908015732002042e+01 8.877030474865486909e+00
1.449116568932995452e+00 2.690389119880527247e+01 1.205826913099695652e+01 6.853261263114057478e+00
1.615803658576671964e+00 2.072639778102523422e+01 9.289530726223153678e+00 5.279662461395712825e+00
1.801664213246928048e+00 1.593519511696430691e+01 7.142123615330456587e+00 4.059193720756582024e+00
2.008903693258128342e+00 1.222806218882555207e+01 5.480593953061242196e+00 3.114870942750301186e+00
2.239981245735629400e+00 9.366209416804547772e+00 4.197917440412393120e+00 2.385867759039808522e+00
2.497638885371206374e+00 7.161643970428796635e+00 3.209835789103456793e+00 1.824296163423493322e+00
2.784934031744384253e+00 5.466873230704866415e+00 2.450242796127414024e+00 1.392584811335209949e+00
3.105275789304232426e+00 4.166534511081907866e+00 1.867433358298258517e+00 1.061347535910027284e+00
3.462465400517639402e+00 3.170670969112761917e+00 1.421089215718457588e+00 8.076698126249989285e-01
3.860741352209485999e+00 2.409330409764963044e+00 1.079857830981877820e+00 6.137325073358301797e-01
4.304829670336041580e+00 1.828260201129848994e+00 8.194231759020864647e-01 4.657156334600822678e-01
4.799999999999999822e+00 1.385484063481611683e+00 6.209716543298076097e-01 3.529265750637357590e-01
