1.000000000230258569e-04 1.118650640278142782e+04 4.480443795866557593e+03 2.488096719522682633e+03
1.115486563971542785e-04 1.247706813272006548e+04 4.987560947652051254e+03 2.766773726388907562e+03
1.244310274114527074e-04 1.392773758881311551e+04 5.555804999238969685e+03 3.078305202736545198e+03
1.388011391866901154e-04 1.555947972461909922e+04 6.193336433871278132e+03 3.426983290330989348e+03
1.548308057910457113e-04 1.739464043921059783e+04 6.909256288072121606e+03 3.817658933710702513e+03
1.727116835090306587e-04 1.945434484121976129e+04 7.713253573339110517e+03 4.255702252469539417e+03
1.926575623508681512e-04 2.176013532025001405e+04 8.616061438154441930e+03 4.747181637923565177e+03
2.149069222004190347e-04 2.433124514249892673e+04 9.628778329972796200e+03 5.298658769124190258e+03
2.397257841638464457e-04 2.717751056068975231e+04 1.076091234032949615e+04 5.916525704615077302e+03
2.674108912107391479e-04 3.030131577368507715e+04 1.202126564914666233e+04 6.607423209209918241e+03
2.982932561365508645e-04 3.369576002286384755e+04 1.341671982005729660e+04 7.377638215413275248e+03
3.327421192670277522e-04 3.734056976599764312e+04 1.494860082317324850e+04 8.231150698521132654e+03
3.711693632243215748e-04 4.120061258293323772e+04 1.661327137618095367e+04 9.170175585714090630e+03
4.140344375392690035e-04 4.523018420517773484e+04 1.840208675401244182e+04 1.019467218861900619e+04
4.618498519902246974e-04 4.939129888497821958e+04 2.030225352309581649e+04 1.130087695778015041e+04
5.151873043487156757e-04 5.364283806853953865e+04 2.229491795802643537e+04 1.248102551027674053e+04
5.746845157973842983e-04 5.794495699271251215e+04 2.435731536311354648e+04 1.372407065059627894e+04
6.410528557468661917e-04 6.228988569618605834e+04 2.647467621582815264e+04 1.501987783530563320e+04
7.150858472165629249e-04 6.668639675049667130e+04 2.863428433716730797e+04 1.635678786473849686e+04
7.976686544726134401e-04 7.115222946196240082e+04 3.082496652490192355e+04 1.772225631859970599e+04
8.897886663605780169e-04 7.571046440849058854e+04 3.304650948595999216e+04 1.911080374513078277e+04
9.925473018708411317e-04 8.039247368915706465e+04 3.530554476473649265e+04 2.052056348846487163e+04
1.107173179088194286e-03 8.523389895402349066e+04 3.761171536773777189e+04 2.195120467787794769e+04
1.235036804978161722e-03 9.024499604570792872e+04 3.996954248688430380e+04 2.340331636401706419e+04
1.377666961646263968e-03 9.542581745633122046e+04 4.238259993994141405e+04 2.487893235549435485e+04
1.536768984990051967e-03 1.007734562030105735e+05 4.485440832429460716e+04 2.638072057637878970e+04
1.714245154289869167e-03 1.062644716577207582e+05 4.737624769810638827e+04 2.790474449071805429e+04
1.912217436523370962e-03 1.118622425418389466e+05 4.993237674320650694e+04 2.944356657056455515e+04
2.133052857342773462e-03 1.175223555933714961e+05 5.250447469812126656e+04 3.098851293961338888e+04
2.379391802059096454e-03 1.231852957106755930e+05 5.507039150366507238e+04 3.252596512216224073e+04
2.654179585009814029e-03 1.287791851940022752e+05 5.760470065738741687e+04 3.403881465197429497e+04
2.960701664764286197e-03 1.342230210552586941e+05 6.007407906757163437e+04 3.550809252936470875e+04
3.302622926212283368e-03 1.394317017865559319e+05 6.243149467913449917e+04 3.691576783415501268e+04
3.684031499205906151e-03 1.443169888730883249e+05 6.464059221505484311e+04 3.823406663849792676e+04
4.109487637665882979e-03 1.487835131231282430e+05 6.666033602749349666e+04 3.943896100082570774e+04
4.584078243567925488e-03 1.527308883587139717e+05 6.844663503683837189e+04 4.050501953114174103e+04
5.113477687716873853e-03 1.560532874684907729e+05 6.995265128828267916e+04 4.140489622206425702e+04
5.704015654503047893e-03 1.586359631768532563e+05 7.112742679431762372e+04 4.210870896516779612e+04
6.362752821816417166e-03 1.604362437368999817e+05 7.195217315932286147e+04 4.260554765117604256e+04
7.097565280973966440e-03 1.611150716281233763e+05 7.227482378341861477e+04 4.280535586276085087e+04
7.917238706014356406e-03 1.606245000673214090e+05 7.207368278617195028e+04 4.269512755484204536e+04
8.831573398280912271e-03 1.587611310507874878e+05 7.125750671934547427e+04 4.222087362789898907e+04
9.851501462242475554e-03 1.554883729226782743e+05 6.980944131370652758e+04 4.137251412611551496e+04
1.098921751354712747e-02 1.506493815600481175e+05 6.765834497928907513e+04 4.010747096913104906e+04
1.225832448210000328e-02 1.441453094860263227e+05 6.475919531562311022e+04 3.839885700019168871e+04
1.367399625343743499e-02 1.359905446148597985e+05 6.111777676477049681e+04 3.624984876959445683e+04
1.525315909299450497e-02 1.262833994383852259e+05 5.677719821804580715e+04 3.368562185371481610e+04
1.701469402243795462e-02 1.152719439636304887e+05 5.184770941048585519e+04 3.077068722403011634e+04
1.897966256774625410e-02 1.033781533509847504e+05 4.651851681111200742e+04 2.761716210293737822e+04
2.117155857815964867e-02 9.118786044030588528e+04 4.105237044757240074e+04 2.438059723905783903e+04
2.361658912683562567e-02 7.940983615412081417e+04 3.576773149660194758e+04 2.124981410480503837e+04
2.634398785175567220e-02 6.877568503460334614e+04 3.099401430565618284e+04 1.842048079037569551e+04
2.938636448329653983e-02 5.989142702417748660e+04 2.700495130878905184e+04 1.605571206030466965e+04
3.278009473753994152e-02 5.306468756191281864e+04 2.394011252458499439e+04 1.423886276007225752e+04
3.656575523702054742e-02 4.813844508862868679e+04 2.172994672219258791e+04 1.292916799551582335e+04
4.078860865897657173e-02 4.442190581658498559e+04 2.006371477913447234e+04 1.194218665178322590e+04
4.549914491170512637e-02 4.060843562208434014e+04 1.835173722398923928e+04 1.092714789645811288e+04
5.075368480951484434e-02 3.554231531004831777e+04 1.607130234950361228e+04 9.572674873658057550e+03
5.661505346402430361e-02 2.912912444264352962e+04 1.317868087644665684e+04 7.852362093533038205e+03
6.315333144310807112e-02 2.282164755604468519e+04 1.033051797592190087e+04 6.157277508210338056e+03
7.044669267860774464e-02 1.846678628770871364e+04 8.363489510604722454e+03 4.986366307228157893e+03
7.858233914112514040e-02 1.639418904396642029e+04 7.428427503388357763e+03 4.430113618981903528e+03
8.765754345719625751e-02 1.481009615042114092e+04 6.713723561530428924e+03 4.004921310482762237e+03
9.778081193473929511e-02 1.193066666141367023e+04 5.410722021675062024e+03 3.228407179723484205e+03
1.090731819023149224e-01 9.027156237219722243e+03 4.095552709488536493e+03 2.444210836567885053e+03
1.216696688736408766e-01 7.736407146619671948e+03 3.511223766347885430e+03 2.095891454853621781e+03
1.357208808401622890e-01 6.611146593993230454e+03 3.001508937905100538e+03 1.791947630720321740e+03
1.513948189927238619e-01 5.009495329410665363e+03 2.275023305525720843e+03 1.358432439965042249e+03
1.688788864024014236e-01 4.211173784826002702e+03 1.912986290578530770e+03 1.142413152006691007e+03
1.883821286769788717e-01 3.345210650217581588e+03 1.519972681317059369e+03 9.078177005949072509e+02
2.101377333831422056e-01 2.685683536487059882e+03 1.220559220550926739e+03 7.290658087960673583e+02
2.344058181183555356e-01 2.133446821179227754e+03 9.697641072648095815e+02 5.793119884494777807e+02
2.614765405675759102e-01 1.708395183603769283e+03 7.766820073699808518e+02 4.640054242367210122e+02
2.916735677297306317e-01 1.343468440635454044e+03 6.108616272418382778e+02 3.649646262386492026e+02
3.253579457932418983e-01 1.061438057976307164e+03 4.826834085245481560e+02 2.883992941976709972e+02
3.629324169301749725e-01 8.356007920405326104e+02 3.800240829800854385e+02 2.270716200081675140e+02
4.048462346221089470e-01 6.550339289085989094e+02 2.979292293752514524e+02 1.780249904224837678e+02
4.516005350914485406e-01 5.120365039100024660e+02 2.329061146529005271e+02 1.391751040589759043e+02
5.037543290608768043e-01 3.990957063501502944e+02 1.815441593903511546e+02 1.084859274367115773e+02
5.619311854805180140e-01 3.101294408881546474e+02 1.410810418352617148e+02 8.430788247726310658e+01
6.268266871357865977e-01 2.404534382021027454e+02 1.093886421108916522e+02 6.536985306165215093e+01
6.992167472777639503e-01 1.859953195978851568e+02 8.461646971159082398e+01 5.056662302527040254e+01
7.799668867126374749e-01 1.435253995786529515e+02 6.529653247395096116e+01 3.902128199808021236e+01
8.700425822703268253e-01 1.105057598809917891e+02 5.027496544023887992e+01 3.004445314406808265e+01
9.705208103821856280e-01 8.490621304080083576e+01 3.862859801058227305e+01 2.308454376148877785e+01
1.082602923786821769e+00 6.510776693436076812e+01 2.962114523838062041e+01 1.770159858942157527e+01
1.207629015322442267e+00 4.983126976215751114e+01 2.267084057482746928e+01 1.354799381762421362e+01
1.347093940544190405e+00 3.807004982139616089e+01 1.731981811597745491e+01 1.035014031145222546e+01
1.502665190738521561e+00 2.903432788232278838e+01 1.320881981824640050e+01 7.893355213691545913e+00
1.676202830030598223e+00 2.210640629380984379e+01 1.005683661315085686e+01 6.009704970828482651e+00
1.869781734959676811e+00 1.680492994029134834e+01 7.644859230189751997e+00 4.568300638724626772e+00
2.085716402426663674e+00 1.275577715593336414e+01 5.802653637022143762e+00 3.467399861137233419e+00
2.326588622626292402e+00 9.668541365704406587e+00 4.398096164491868798e+00 2.628043666105010168e+00
2.595278347831105226e+00 7.318438787292300240e+00 3.328928971936198966e+00 1.989124855989652163e+00
2.894998126105261083e+00 5.532253365465219730e+00 2.516339717364922013e+00 1.503542695676812979e+00
3.229331511649635278e+00 4.176773972791859357e+00 1.899710319927525592e+00 1.135067593425322041e+00
3.602275911025628830e+00 3.149637328460342278e+00 1.432464563780408096e+00 8.558640880124633865e-01
4.018290377542188097e+00 2.372355055257641787e+00 1.078892301843347834e+00 6.445916629667365338e-01
4.482348925252354732e+00 1.784946626545700132e+00 8.117009459133216476e-01 4.849388414507931899e-01
5.000000000000000888e+00 1.341640045050454200e+00 6.100620296687708777e-01 3.644569392793681195e-01
