1.000000000230258569e-04 4.807865780754523257e+02 2.108649393908421246e+02 1.189348152245575818e+02
1.115026695290953366e-04 5.332681453207511595e+02 2.337876669936068765e+02 1.318510182559710131e+02
1.243284530925187648e-04 5.915414949909824145e+02 2.592091587408229998e+02 1.461707078765632843e+02
1.386295441504667143e-04 6.562622025253501761e+02 2.874036947462777789e+02 1.620465775911029027e+02
1.545756424481938766e-04 7.281624398668003550e+02 3.186759605781765003e+02 1.796479524383708508e+02
1.723559677317991945e-04 8.080550477416607009e+02 3.533640626622404852e+02 1.991624394011508343e+02
1.921815050694108094e-04 8.968430384240933790e+02 3.918432602284169661e+02 2.207979103065901541e+02
2.142875084442451923e-04 9.955315000656692064e+02 4.345301375682331582e+02 2.447847377139042067e+02
2.389362923277018713e-04 1.105210781234819024e+03 4.818837077393635582e+02 2.713773155730857525e+02
2.664203443578849946e-04 1.227059855490751715e+03 5.344093493080932831e+02 3.008564465488487372e+02
2.970657960592480913e-04 1.362369034225533369e+03 5.926653272045593894e+02 3.335325277075947952e+02
3.312362927876497001e-04 1.512488103558939656e+03 6.572570561116252748e+02 3.697453547550643975e+02
3.693373088223966556e-04 1.678804421578487336e+03 7.288374126720382264e+02 4.098658573090590949e+02
4.118209588090659132e-04 1.862778097072239461e+03 8.081175986821430115e+02 4.543010150171617738e+02
4.591913626466918256e-04 2.065919402738373265e+03 8.958558520072847386e+02 5.034903071480676999e+02
5.120106274801957584e-04 2.289766615609210021e+03 9.928508070235187688e+02 5.579044507158578199e+02
5.709055177816341068e-04 2.535884035132893587e+03 1.099953608411902678e+03 6.180523629965625787e+02
6.365748926688486646e-04 2.805985494006351018e+03 1.218073351752402004e+03 6.844778655999438115e+02
7.097979987143026312e-04 3.102034291213281449e+03 1.348180178819713547e+03 7.577565017746539979e+02
7.914437166483044659e-04 3.426119307822839346e+03 1.491299494780324039e+03 8.385002598637287292e+02
8.824808716799498404e-04 3.780592796502890906e+03 1.648535180129355240e+03 9.273590474313746199e+02
9.839897297802024153e-04 4.168234496781868074e+03 1.821095216619063422e+03 1.025021340142445069e+03
1.097174816344422205e-03 4.592134651306700107e+03 2.010266863430952071e+03 1.132210979452097718e+03
1.223379209343287413e-03 5.055574885118950078e+03 2.217397133475743431e+03 1.249678726182349465e+03
1.364100476567608111e-03 5.561873654088596595e+03 2.443868141670923251e+03 1.378190588780500093e+03
1.521008446081769522e-03 6.114557929133711696e+03 2.691111330899082986e+03 1.518528533783262446e+03
1.695965020753673102e-03 6.717088161792887149e+03 2.960523698086689819e+03 1.671452466943150739e+03
1.891046271984591709e-03 7.372328270510072798e+03 3.253318942332846291e+03 1.837635580785074126e+03
2.108567074807741158e-03 8.082875925214547351e+03 3.570597832039301920e+03 2.017686183537969328e+03
2.351108576680822643e-03 8.850872640239056636e+03 3.913263698336417747e+03 2.212101184490481046e+03
2.621548825923003187e-03 9.677524830465545165e+03 4.281838260218051801e+03 2.421172060757991858e+03
2.923096923239734257e-03 1.056321492967723862e+04 4.676495559629862328e+03 2.644997325914205248e+03
3.259331101584665453e-03 1.150730976602853298e+04 5.096973144489301376e+03 2.883432771103854520e+03
3.634241186222156913e-03 1.250775537449419789e+04 5.542385909785170043e+03 3.135990571327105044e+03
4.052275938830490927e-03 1.356103759400801391e+04 6.011220507931387147e+03 3.401835114725139647e+03
4.518395847440812539e-03 1.466241873569954078e+04 6.501401857687814299e+03 3.679720025984860513e+03
5.038131988628217865e-03 1.580417653328039341e+04 7.009505759086046055e+03 3.967890979306639565e+03
5.617651660426248826e-03 1.697710600888073168e+04 7.531447145967350480e+03 4.263898788263049028e+03
6.263831564778516575e-03 1.817089842326479265e+04 8.062715640355478172e+03 4.565236304117116561e+03
6.984339407925946493e-03 1.936470236915518399e+04 8.594091749070323203e+03 4.866692822804976458e+03
7.787724887016851671e-03 2.054164622760376369e+04 9.118098908904503332e+03 5.164046429320916104e+03
8.683521142606049834e-03 2.167561963141014348e+04 9.623159727572741758e+03 5.450744370734792028e+03
9.682357880899711625e-03 2.274419848052687666e+04 1.009935948524884770e+04 5.721190504930795214e+03
1.079608750807801998e-02 2.371534589103042890e+04 1.053247180692997608e+04 5.967335512791702058e+03
1.203792577343234388e-02 2.455206624820654542e+04 1.090605738412066603e+04 6.179844338335035900e+03
1.342260859021738965e-02 2.521648553497397006e+04 1.120327224520496929e+04 6.349159829503660148e+03
1.496656689508787767e-02 2.566699966462536759e+04 1.140565507803887886e+04 6.464814421469363879e+03
1.668812162103823840e-02 2.586151815412463839e+04 1.149444987620107349e+04 6.516161571691909558e+03
1.860770109743517184e-02 2.576126759184305774e+04 1.145228630616530245e+04 6.493276587213552375e+03
2.074808345685756270e-02 2.533539747739759696e+04 1.126541680418468968e+04 6.388336291330031600e+03
2.313466692519383291e-02 2.456696150317043794e+04 1.092620996674763410e+04 6.197005323748018782e+03
2.579577120231610690e-02 2.346122285091000231e+04 1.043681783826280844e+04 5.920413491391615025e+03
2.876297350957714855e-02 2.205448519428928921e+04 9.813270614302251488e+03 5.567591252828874531e+03
3.207148329174031032e-02 2.041913429038071263e+04 9.087713244282273081e+03 5.156772515008044138e+03
3.576056001963404812e-02 1.866229977479130685e+04 8.307718787131234421e+03 4.714899168303357328e+03
3.987397905126498221e-02 1.691462248935053503e+04 7.531418692567455764e+03 4.274967909793247600e+03
4.446055107939526907e-02 1.530679889055334024e+04 6.817017901522975080e+03 3.870020509246121037e+03
4.957470132945773766e-02 1.393504375654762953e+04 6.207415219598315161e+03 3.524432031541486140e+03
5.527711538069327024e-02 1.282215057710157635e+04 5.712839057113149465e+03 3.244041206788602722e+03
6.163545927395905344e-02 1.189403097449619963e+04 5.300349781649318174e+03 3.010171671062684709e+03
6.872518245115814828e-02 1.094707463685101902e+04 4.879251243217349838e+03 2.771330072828292032e+03
7.663041305413779980e-02 9.789075927170491923e+03 4.363865806539918594e+03 2.478853829013162795e+03
8.544495620686157200e-02 8.372013390999969488e+03 3.732749094975820299e+03 2.120551323533664345e+03
9.527340712667957401e-02 6.921146789709505356e+03 3.086318725723736861e+03 1.753466158366790523e+03
1.062323922731101822e-01 5.789599060554252901e+03 2.582079958804021771e+03 1.467098207085723743e+03
1.184519532618636822e-01 5.102269271852813290e+03 2.275818665487416638e+03 1.293173008772830826e+03
1.320770899659224340e-01 4.564644359632722626e+03 2.036241254186342758e+03 1.157109050983792258e+03
1.472694811144383831e-01 3.812423257572637795e+03 1.700851890420237169e+03 9.665728727870581451e+02
1.642094028064348954e-01 3.027522333602542858e+03 1.350800601759362962e+03 7.676790553258505270e+02
1.830978677048002712e-01 2.570062885152934541e+03 1.146784446850156655e+03 6.517601887061166508e+02
2.041590102946942431e-01 2.205309639135035468e+03 9.840968574273400691e+02 5.593185186775825741e+02
2.276427465103479653e-01 1.743341523873436245e+03 7.779958106923770629e+02 4.421930898875361322e+02
2.538277392899435103e-01 1.452724495810359031e+03 6.483377265434431820e+02 3.685084374808089365e+02
2.830247052484705095e-01 1.183670846946675056e+03 5.282860515412003224e+02 3.002791171422840080e+02
3.155801017062329072e-01 9.547284054031225651e+02 4.261235009736121242e+02 2.422142999131875740e+02
3.518802378240603601e-01 7.722349703365293863e+02 3.446832944452905281e+02 1.959258184791963515e+02
3.923558586288135031e-01 6.214445781168715257e+02 2.773869061734411616e+02 1.576752411997992454e+02
4.374872563241952172e-01 4.952548985259829237e+02 2.210667791470742713e+02 1.256625924785320620e+02
4.878099695387512202e-01 3.952724017531446066e+02 1.764414479643692744e+02 1.002968853718215314e+02
5.439211381395319123e-01 3.138646855348427493e+02 1.401052841608755557e+02 7.964250848346050304e+01
6.064865890189676811e-01 2.481768073271762205e+02 1.107847347387529453e+02 6.297575312009193027e+01
6.762487369363893164e-01 1.955982283049058879e+02 8.731507731984305565e+01 4.963466846909733476e+01
7.540353941672404137e-01 1.536779295397015517e+02 6.860258880679829474e+01 3.899765492861713057e+01
8.407695934971151086e-01 1.203403845488922741e+02 5.372105937612862192e+01 3.053825396493596145e+01
9.374805411223435803e-01 9.397686636865829257e+01 4.195246836698364490e+01 2.384836050322607548e+01
1.045315829426528564e+00 7.319132491192124235e+01 3.267374359440553633e+01 1.857381328430183487e+01
1.165555054552403824e+00 5.685079797810459468e+01 2.537920958401936744e+01 1.442717371900660872e+01
1.299625000357985227e+00 4.404746416690198885e+01 1.966365791763898940e+01 1.117810717543527232e+01
1.449116568932995452e+00 3.404717574313558259e+01 1.519938707729809479e+01 8.640335955707652005e+00
1.615803658576671964e+00 2.625816747556896757e+01 1.172224206707384120e+01 6.663704350052824132e+00
1.801664213246928048e+00 2.020762632556621696e+01 9.021164096612732664e+00 5.128236483670487900e+00
2.008903693258128342e+00 1.551952024684508658e+01 6.928295237565200715e+00 3.938512314971286621e+00
2.239981245735629400e+00 1.189587014513159779e+01 5.310617204689686233e+00 3.018916520158144934e+00
2.497638885371206374e+00 9.101400951782228077e+00 4.063100953641464841e+00 2.309744485219486609e+00
2.784934031744384253e+00 6.951072687689428875e+00 3.103142256425228673e+00 1.764039008050583668e+00
3.105275789304232426e+00 5.299828223969634600e+00 2.365985396017219689e+00 1.344988931877155292e+00
3.462465400517639402e+00 4.034331680828423750e+00 1.801035215984922333e+00 1.023832707549917176e+00
3.860741352209485999e+00 3.066285729333980914e+00 1.368874015574119252e+00 7.781626850563757580e-01
4.304829670336041580e+00 2.327096765855673155e+00 1.038880220251979569e+00 5.905715214193444362e-01
4.799999999999999822e+00 1.763614636708580541e+00 7.873265167118965735e-01 4.475710354673382296e-01
