1.000000000230258569e-04 1.023198379198197358e+03 4.499441592704095569e+02 2.478276110942517221e+02
1.115026695290953366e-04 1.132249660328328673e+03 4.980646304107948481e+02 2.743485789132503783e+02
1.243284530925187648e-04 1.252804132611640171e+03 5.513146072553565773e+02 3.037022015162363573e+02
1.386295441504667143e-04 1.386042795511758641e+03 6.102353778790037495e+02 3.361891052245042033e+02
1.545756424481938766e-04 1.533262286266718320e+03 6.754243570271208910e+02 3.721414687899513751e+02
1.723559677317991945e-04 1.695889495650322033e+03 7.475401659645813197e+02 4.119258446069156889e+02
1.921815050694108094e-04 1.875500522368206020e+03 8.273077614864572524e+02 4.559459360911191652e+02
2.142875084442451923e-04 2.073829011441318016e+03 9.155258058018483780e+02 5.046469481794591729e+02
2.389362923277018713e-04 2.292798501182077416e+03 1.013074262638083496e+03 5.585192654763525297e+02
2.664203443578849946e-04 2.534581067867538877e+03 1.120922825824406573e+03 6.181016681671619608e+02
2.970657960592480913e-04 2.801595727971690849e+03 1.240139279938832715e+03 6.839868967774253861e+02
3.312362927876497001e-04 3.096551048565768269e+03 1.371899631595048731e+03 7.568259725467133876e+02
3.693373088223966556e-04 3.422535930364760134e+03 1.517500514455811071e+03 8.373308548510869969e+02
4.118209588090659132e-04 3.783032060257730791e+03 1.678369689512629293e+03 9.262816722068453146e+02
4.591913626466918256e-04 4.181920494968916501e+03 1.856073695073150475e+03 1.024530693172243673e+03
5.120106274801957584e-04 4.623414679043604337e+03 2.052314935396755573e+03 1.132999772775726115e+03
5.709055177816341068e-04 5.112173412066406854e+03 2.268952611412590159e+03 1.252690272317843437e+03
6.365748926688486646e-04 5.653275788110642679e+03 2.508001638040475882e+03 1.384684038671840653e+03
7.097979987143026312e-04 6.251818583602846047e+03 2.771568667634454414e+03 1.530120915059025492e+03
7.914437166483044659e-04 6.913112953111502975e+03 3.061889248232131195e+03 1.690212607704306038e+03
8.824808716799498404e-04 7.642708758536564346e+03 3.381324534359675454e+03 1.866239768501455274e+03
9.839897297802024153e-04 8.445975626936216941e+03 3.732234161499570746e+03 2.059495557374272266e+03
1.097174816344422205e-03 9.328160291322692501e+03 4.117002540342401517e+03 2.271297117770812292e+03
1.223379209343287413e-03 1.029438309588754964e+04 4.538026116395364625e+03 2.502976072664108870e+03
1.364100476567608111e-03 1.134946088537369178e+04 4.997531154748022345e+03 2.755774127154665166e+03
1.521008446081769522e-03 1.249776411067784466e+04 5.497560138550324154e+03 3.030839930047036432e+03
1.695965020753673102e-03 1.374302824367968788e+04 6.039928239598880282e+03 3.329206808011029352e+03
1.891046271984591709e-03 1.508795401090035921e+04 6.625930274106280194e+03 3.651608477264123849e+03
2.108567074807741158e-03 1.653399989141474362e+04 7.256277212760350267e+03 3.998449701416895095e+03
2.351108576680822643e-03 1.808113987986723805e+04 7.931037214377317468e+03 4.369783929664682546e+03
2.621548825923003187e-03 1.972707306099124253e+04 8.649257615286986038e+03 4.765105341170521569e+03
2.923096923239734257e-03 2.146695154893383733e+04 9.408844920504325273e+03 5.183282733968803768e+03
3.259331101584665453e-03 2.329326468948380352e+04 1.020652623659173150e+04 5.622536721595813106e+03
3.634241186222156913e-03 2.519524706378523115e+04 1.103762935499221749e+04 6.080301809405868880e+03
4.052275938830490927e-03 2.715861232459469466e+04 1.189596175218491044e+04 6.553158532751054736e+03
4.518395847440812539e-03 2.916541242572943156e+04 1.277374407359940778e+04 7.036823192736635974e+03
5.038131988628217865e-03 3.119368188550082778e+04 1.366136246314223354e+04 7.526092520878480173e+03
5.617651660426248826e-03 3.321724481526343152e+04 1.454739007346348444e+04 8.014674355431732693e+03
6.263831564778516575e-03 3.520551240844903077e+04 1.541846803054066731e+04 8.495224884396808193e+03
6.984339407925946493e-03 3.712289276530878124e+04 1.625907149429203309e+04 8.959204214184450393e+03
7.787724887016851671e-03 3.892713660946513119e+04 1.705074904829925435e+04 9.396468847876007203e+03
8.683521142606049834e-03 4.058098309747685562e+04 1.777723394266350078e+04 9.798093356256747938e+03
9.682357880899711625e-03 4.200482150707983237e+04 1.840362185057618262e+04 1.014480285804285813e+04
1.079608750807801998e-02 4.314163756385901797e+04 1.890491892235260093e+04 1.042280515344194828e+04
1.203792577343234388e-02 4.394176874691987177e+04 1.925935967415500272e+04 1.062011974141983046e+04
1.342260859021738965e-02 4.433835270011982357e+04 1.943750716980006837e+04 1.072046134055035691e+04
1.496656689508787767e-02 4.425758524544613465e+04 1.940686525915871243e+04 1.070584523767933570e+04
1.668812162103823840e-02 4.364030842507202760e+04 1.914134152147427085e+04 1.056183036892068230e+04
1.860770109743517184e-02 4.243869976092924480e+04 1.861981018779399892e+04 1.027671439125448705e+04
2.074808345685756270e-02 4.062545398845584714e+04 1.782990963218288744e+04 9.843494788442341815e+03
2.313466692519383291e-02 3.821238076795385859e+04 1.677656130025447055e+04 9.264672005988784804e+03
2.579577120231610690e-02 3.526051017605500965e+04 1.548638045018502271e+04 8.554853943785881711e+03
2.876297350957714855e-02 3.189236375196162044e+04 1.401268688610831487e+04 7.743288564073039197e+03
3.207148329174031032e-02 2.829456665499058727e+04 1.243712510914484301e+04 6.874923054448005132e+03
3.576056001963404812e-02 2.470723799220695582e+04 1.086506245816484443e+04 6.007947444635096872e+03
3.987397905126498221e-02 2.139123881673010692e+04 9.411119116885907715e+03 5.205749389483144114e+03
4.446055107939526907e-02 1.857715976004210461e+04 8.176835767772933650e+03 4.524540729488925535e+03
4.957470132945773766e-02 1.640457671328525248e+04 7.223919904073644830e+03 3.998598605847993895e+03
5.527711538069327024e-02 1.486566764367208634e+04 6.549280283664667877e+03 3.626360023127233490e+03
6.163545927395905344e-02 1.376214961547837447e+04 6.065885328393413147e+03 3.359768515256727369e+03
6.872518245115814828e-02 1.272255312350801069e+04 5.610176658814186339e+03 3.108307380203284993e+03
7.663041305413779980e-02 1.128932118224945225e+04 4.980330671350397097e+03 2.760140209455216336e+03
8.544495620686157200e-02 9.342516492746259246e+03 4.123204374695884326e+03 2.285737359104519783e+03
9.527340712667957401e-02 7.287251558288062370e+03 3.217410663355940869e+03 1.784054563976634881e+03
1.062323922731101822e-01 5.777600262958974781e+03 2.551832471246986643e+03 1.415324123520099420e+03
1.184519532618636822e-01 5.060263043762433881e+03 2.235780366230424534e+03 1.240299085590605955e+03
1.320770899659224340e-01 4.651168901721443035e+03 2.055694826695788379e+03 1.140620380458905402e+03
1.472694811144383831e-01 3.843896324342887510e+03 1.699407326511971632e+03 9.430985319714625348e+02
1.642094028064348954e-01 2.861698971805979454e+03 1.265517093833273520e+03 7.024199142829871789e+02
1.830978677048002712e-01 2.386482316031524988e+03 1.055625032025670862e+03 5.860033987320781534e+02
2.041590102946942431e-01 2.104872867211016001e+03 9.312671639559155210e+02 5.170344353857238957e+02
2.276427465103479653e-01 1.590483362030915032e+03 7.038247158637079792e+02 3.908030492320135636e+02
2.538277392899435103e-01 1.307910564173360854e+03 5.788833510245931393e+02 3.214599512925719296e+02
2.830247052484705095e-01 1.068079583226960267e+03 4.728085249517051807e+02 2.625778234333329806e+02
3.155801017062329072e-01 8.361303712911715138e+02 3.701829847966984062e+02 2.055991781201332742e+02
3.518802378240603601e-01 6.765273528415990540e+02 2.995582411987359137e+02 1.663848847729947522e+02
3.923558586288135031e-01 5.357491268519361256e+02 2.372487389781304614e+02 1.317833060061165895e+02
4.374872563241952172e-01 4.215385433933894888e+02 1.866896405885661636e+02 1.037043999387963567e+02
4.878099695387512202e-01 3.341254417134416030e+02 1.479883799487026010e+02 8.220950089328384536e+01
5.439211381395319123e-01 2.626684304873547831e+02 1.163472851667523429e+02 6.463465568527485061e+01
6.064865890189676811e-01 2.056901892229005000e+02 9.111458006791951902e+01 5.061853283936809333e+01
6.762487369363893164e-01 1.605696623679340291e+02 7.113118636315847709e+01 3.951775593919317942e+01
7.540353941672404137e-01 1.251200255343558609e+02 5.542966652217769052e+01 3.079522077434502947e+01
8.407695934971151086e-01 9.725603993516259038e+01 4.308717440381788322e+01 2.393847165435141022e+01
9.374805411223435803e-01 7.537466597029890636e+01 3.339414512778590449e+01 1.855346022843204423e+01
1.045315829426528564e+00 5.826930515156189472e+01 2.581642505959110423e+01 1.434352424638420409e+01
1.165555054552403824e+00 4.494692908805365050e+01 1.991433407688721857e+01 1.106445080609728748e+01
1.299625000357985227e+00 3.459539144480459782e+01 1.532823014244755377e+01 8.516469473832106729e+00
1.449116568932995452e+00 2.657137561674721127e+01 1.177320038864429819e+01 6.541313381174621355e+00
1.615803658576671964e+00 2.036752496076908159e+01 9.024523729281453299e+00 5.014147332977775484e+00
1.801664213246928048e+00 1.558254604857855874e+01 6.904447580601503986e+00 3.836222369557725109e+00
2.008903693258128342e+00 1.190010866250528032e+01 5.272847129848428516e+00 2.929689832010874184e+00
2.239981245735629400e+00 9.072154225756465351e+00 4.019831632699760959e+00 2.233497897373403429e+00
2.497638885371206374e+00 6.904788408939739774e+00 3.059499749208785868e+00 1.699922387660267376e+00
2.784934031744384253e+00 5.246901132562216574e+00 2.324903805052795480e+00 1.291768025078836368e+00
3.105275789304232426e+00 3.981050403917294478e+00 1.764011752489363927e+00 9.801256428068323423e-01
3.462465400517639402e+00 3.016220278526626331e+00 1.336497961277543389e+00 7.425901281646096752e-01
3.860741352209485999e+00 2.282049008354573694e+00 1.011186822522394779e+00 5.618401490575700707e-01
4.304829670336041580e+00 1.724284269277799986e+00 7.640402604954721344e-01 4.245198898249037400e-01
4.799999999999999822e+00 1.301187114439174675e+00 5.765645427250701838e-01 3.203539333337690476e-01
