1.000000000230258569e-04 5.253510961989649104e+02 2.243156193237239791e+02 1.217659902944268850e+02
1.122634227564673579e-04 5.867605343871344985e+02 2.507060590437139638e+02 1.361035724259597259e+02
1.260307608609534901e-04 6.552288162602429793e+02 2.801900569741276854e+02 1.521263055984007053e+02
1.414864458359461712e-04 7.315332628785447469e+02 3.131265975170987872e+02 1.700311863551087868e+02
1.588375267953347550e-04 8.165321931107151840e+02 3.499154126196838206e+02 1.900379055753426769e+02
1.783164441611049004e-04 9.111788517471181876e+02 3.910007794940685812e+02 2.123909880596228561e+02
2.001841435067871621e-04 1.016526938161671410e+03 4.368767649065114824e+02 2.373628175779316223e+02
2.247335712646909519e-04 1.133756294579485939e+03 4.880930731964445499e+02 2.652565821276228348e+02
2.522935991264941354e-04 1.264226516397538262e+03 5.452617362295164867e+02 2.964090750510670773e+02
2.832334297096662638e-04 1.409471770389516223e+03 6.090634213783157520e+02 3.311947459293677412e+02
3.179675425093897337e-04 1.571261368371940762e+03 6.802566603900708060e+02 3.700292117615896927e+02
3.569612463934728852e-04 1.751697339066154427e+03 7.596891571602947124e+02 4.133726790025222613e+02
4.007369130231864672e-04 1.953209700729263659e+03 8.483053327616856905e+02 4.617352895321123469e+02
4.498809747048478080e-04 2.178569599129264589e+03 9.471549878827466955e+02 5.156802268480169005e+02
5.050517804175268938e-04 2.430919528297733905e+03 1.057403437807305863e+03 5.758270725401937398e+02
5.669884152586394726e-04 2.713860104693932954e+03 1.180344843327626222e+03 6.428586996669106384e+02
6.365206014554368984e-04 3.031214109858840402e+03 1.317385561695700062e+03 7.175180623019565473e+02
7.145798135793877959e-04 3.386918205786566887e+03 1.470040367191340010e+03 8.006085894919749535e+02
8.022117568662883325e-04 3.785242106289708317e+03 1.639959057956566539e+03 8.930032441943063759e+02
9.005903758055168549e-04 4.230468540895653859e+03 1.828873882693748101e+03 9.956271658136270162e+02
1.011033580661806338e-03 4.726789748044506268e+03 2.038588336843678007e+03 1.109454542515538606e+03
1.135020902606864940e-03 5.278427516533570270e+03 2.270998915905785907e+03 1.235515378565382889e+03
1.274213313974418031e-03 5.889657304446999660e+03 2.528027172051255093e+03 1.374859303558523152e+03
1.430475479156914512e-03 6.564694056158171406e+03 2.811602026939719963e+03 1.528548605651481239e+03
1.605900734223756829e-03 7.307556842945003154e+03 3.123643211282213542e+03 1.697649416310835477e+03
1.802839129895710598e-03 8.122180666289250439e+03 3.465947763957924963e+03 1.883151650316990754e+03
2.023928913547812410e-03 9.012210432318615858e+03 3.840157026879560817e+03 2.085957869460065922e+03
2.272131871983379750e-03 9.980710567073072525e+03 4.247680217821858605e+03 2.306847502581696517e+03
2.550773008441800313e-03 1.102975938262790260e+04 4.689458459124120054e+03 2.546341133394532790e+03
2.863585085365514225e-03 1.216032469452539772e+04 5.165935507063029036e+03 2.804688124313800472e+03
3.214758629634808552e-03 1.337188384172786573e+04 5.676907336140417101e+03 3.081784867935715738e+03
3.608998070155939632e-03 1.466162245653187529e+04 6.221180026965279467e+03 3.376983630412172715e+03
4.051584759838999447e-03 1.602445037257931472e+04 6.796567476748952686e+03 3.689092902625334318e+03
4.548447726227339283e-03 1.745203541690036946e+04 7.399671530816379345e+03 4.016238929493768865e+03
5.106243098575769836e-03 1.893265323298146905e+04 8.025449951146259991e+03 4.355749984893919645e+03
5.732443275407110572e-03 2.045057623864756169e+04 8.667232838899361013e+03 4.703995976828893617e+03
6.435437027063155117e-03 2.198548196331846339e+04 9.316419909867694514e+03 5.056312240347444458e+03
7.224641874254610074e-03 2.351194539961156624e+04 9.962242167445509040e+03 5.406854751399218003e+03
8.110630248067678127e-03 2.499880586813663831e+04 1.059150972084879140e+04 5.748474128774732890e+03
9.105271121505569346e-03 2.640853842178705236e+04 1.118833767109230030e+04 6.072554021662385821e+03
1.022188900990466699e-02 2.769971143528437460e+04 1.173518885764347760e+04 6.369584566259974054e+03
1.147544247024383408e-02 2.881310107733249242e+04 1.220697310060219388e+04 6.625946432841929891e+03
1.288272449057868002e-02 2.969387143656713670e+04 1.258045804790369402e+04 6.829028269133546019e+03
1.446258745407916733e-02 3.027933867615470808e+04 1.282908091076779419e+04 6.964410121098548188e+03
1.623619569135818438e-02 3.050983441266911905e+04 1.292753205921441622e+04 7.018337743747960303e+03
1.822730900435978393e-02 3.032359052318058821e+04 1.284959118386562477e+04 6.976561992485482733e+03
2.046260095998037737e-02 2.967428069067629986e+04 1.257558226971203294e+04 6.828381925858116119e+03
2.297201621738221775e-02 2.854133265964878956e+04 1.209671686363685694e+04 6.569002444543993988e+03
2.578917167586586637e-02 2.694136344738334083e+04 1.141992295357126022e+04 6.202131701936559693e+03
2.895180681720203528e-02 2.494407808338844552e+04 1.057468929086179924e+04 5.743749757504139779e+03
3.250228927534733192e-02 2.267822890982033641e+04 9.615498676379902463e+03 5.223405367538700375e+03
3.648818240631140908e-02 2.032531159600104002e+04 8.619224917856834509e+03 4.682815310336370203e+03
4.096288246151627566e-02 1.809286268765844943e+04 7.673822619649425178e+03 4.169744855730773452e+03
4.598633390041809155e-02 1.616643910041028539e+04 6.857998767226042219e+03 3.726970572545203595e+03
5.162583242493973962e-02 1.464657005759500316e+04 6.214427112714521172e+03 3.377704094017329680e+03
5.795692649341043640e-02 1.348901026251780604e+04 5.724396947856914267e+03 3.111809269672990013e+03
6.506442939097074885e-02 1.246460765304146480e+04 5.290718359904863064e+03 2.876472381164825947e+03
7.304355541444980393e-02 1.122290913034349978e+04 4.764617768544638238e+03 2.590807719645745237e+03
8.200119539239680844e-02 9.573977139040918701e+03 4.065381748085160780e+03 2.210895515123202131e+03
9.205734862752627812e-02 7.747408785333740525e+03 3.290411724914083607e+03 1.789677368505595041e+03
1.033467304443183715e-01 6.288036705380217427e+03 2.671107489590380737e+03 1.453017507818882905e+03
1.160205768769771578e-01 5.475297248460818082e+03 2.326288194603739612e+03 1.265595105237881171e+03
1.302486706739022226e-01 4.913972725186014941e+03 2.088162287711475074e+03 1.136171397662252502e+03
1.462216157596530064e-01 4.027637202609001179e+03 1.711800196737713350e+03 9.314882541462519612e+02
1.641533906237988560e-01 3.109539893124092487e+03 1.321799331258924667e+03 7.193342741481876601e+02
1.842842148426375448e-01 2.657017719091076742e+03 1.129601986356186899e+03 6.147912631906574461e+02
2.068837671345900298e-01 2.220300758713996402e+03 9.440594884724886242e+02 5.138482878189911389e+02
2.322547980593316352e-01 1.710929297175822512e+03 7.275635932814967646e+02 3.960375747022435462e+02
2.607371857574901086e-01 1.438449740859449321e+03 6.117585645794958964e+02 3.330211322635274200e+02
2.927124890628471365e-01 1.119236296740321222e+03 4.760457600931122784e+02 2.591574302918128865e+02
3.286090589819373742e-01 9.112521090458777735e+02 3.876166767470493824e+02 2.110268714271419128e+02
3.689077770159973624e-01 7.125192823025039388e+02 3.031051846006180313e+02 1.650237186601894166e+02
4.141484971975938345e-01 5.654456725149979093e+02 2.405561432993935398e+02 1.309738725080680979e+02
4.649372781414354283e-01 4.452640763782055160e+02 1.894385308543826909e+02 1.031453730675984417e+02
5.219545019921476570e-01 3.481235954524910881e+02 1.481173546036600044e+02 8.064892170804830585e+01
5.859639890329354506e-01 2.713180679899895722e+02 1.154436523988074867e+02 6.285969690385894637e+01
6.578232300572349756e-01 2.106802608059827833e+02 8.964610754600835207e+01 4.881369313170162627e+01
7.384948735793578356e-01 1.630856335080483746e+02 6.939644602596091261e+01 3.778802861077037534e+01
8.290596217703356530e-01 1.258272550398274632e+02 5.354367800740942585e+01 2.915619940880900529e+01
9.307307078768926045e-01 9.675773348118573836e+01 4.117457743233807577e+01 2.242108714284729487e+01
1.044870149067508081e+00 7.417965089785791122e+01 3.156724144629372120e+01 1.718969382463451012e+01
1.173006992433692330e+00 5.671099101442809598e+01 2.413382456790083452e+01 1.314198461319081090e+01
1.316857798575541416e+00 4.323928438339846991e+01 1.840108176178661381e+01 1.002030368201313948e+01
1.478349637175967013e+00 3.288316565331481911e+01 1.399405078849756912e+01 7.620495268076190598e+00
1.659645902619409696e+00 2.494680965621499880e+01 1.061668569045400723e+01 5.781365980817127159e+00
1.863175295489004624e+00 1.888237759385247472e+01 8.035890860773834632e+00 4.375996316214095572e+00
2.091664358187257822e+00 1.426092641823120744e+01 6.069150453586139804e+00 3.305004576431576968e+00
2.348174000537423645e+00 1.074817142325635544e+01 4.574219984198202305e+00 2.490934223804220693e+00
2.636140504673786467e+00 8.084659607641549783e+00 3.440694009692629951e+00 1.873665506476975384e+00
2.959421558534973240e+00 6.069740791803655000e+00 2.583187640192334378e+00 1.406703455220893906e+00
3.322347934639153344e+00 4.548819045608038181e+00 1.935912417500354366e+00 1.054223664849854858e+00
3.729781506445900785e+00 3.403163460752678837e+00 1.448341197365013766e+00 7.887117897730387961e-01
4.187180379509764627e+00 2.541891270746804654e+00 1.081797308238373390e+00 5.891063668508115247e-01
4.700672009942531204e+00 1.895633393463759253e+00 8.067592249500528112e-01 4.393312375394793912e-01
5.277135289701610610e+00 1.411580492157241240e+00 6.007527156684961955e-01 3.271479134032054814e-01
5.924292698344328478e+00 1.049634409170702165e+00 4.467130133072040876e-01 2.432636719733169139e-01
6.650813755741415534e+00 7.794318121920648101e-01 3.317180458833837720e-01 1.806416817388745155e-01
7.466431161634059954e+00 5.780319520809483747e-01 2.460045688614509174e-01 1.339652632321646497e-01
8.382071177875818790e+00 4.281372250591333750e-01 1.822110094571951222e-01 9.922560634885468911e-02
9.410000000000001918e+00 3.167331356672434817e-01 1.347986100234093709e-01 7.340652877004472110e-02
