1.000000000230258569e-04 3.289238947735777288e+02 1.454420734435146585e+02 8.076784232796471485e+01
1.115026695290953366e-04 3.662311558210621456e+02 1.619416018761707790e+02 8.993361952886644417e+01
1.243284530925187648e-04 4.077599133397139894e+02 1.803091367354151942e+02 1.001382125484167460e+02
1.386295441504667143e-04 4.539849574033345334e+02 2.007550316441225107e+02 1.114989343014754581e+02
1.545756424481938766e-04 5.054333796372649203e+02 2.235128031595180289e+02 1.241461006580221635e+02
1.723559677317991945e-04 5.626904057627754128e+02 2.488417339496891145e+02 1.382245045930213223e+02
1.921815050694108094e-04 6.264059565754931782e+02 2.770297649682324845e+02 1.538950405869663598e+02
2.142875084442451923e-04 6.973021319854714193e+02 3.083964145487511814e+02 1.713362258908901481e+02
2.389362923277018713e-04 7.761809691476688613e+02 3.432962033283087635e+02 1.907461455392648588e+02
2.664203443578849946e-04 8.639331242915267239e+02 3.821225160666928673e+02 2.123446333244413040e+02
2.970657960592480913e-04 9.615501733502568413e+02 4.253121065694527942e+02 2.363752076007941128e+02
3.312362927876497001e-04 1.070135632893961429e+03 4.733497266050744088e+02 2.631075817350693455e+02
3.693373088223966556e-04 1.190915948667277462e+03 5.267730643618065187e+02 2.928405441495526134e+02
4.118209588090659132e-04 1.325253644999766721e+03 5.861782139318631835e+02 3.259041124811421355e+02
4.591913626466918256e-04 1.474662349566487137e+03 6.522258562830686515e+02 3.626626016651730424e+02
5.120106274801957584e-04 1.640822383645226182e+03 7.256477761797256107e+02 4.035183649376000972e+02
5.709055177816341068e-04 1.825572207634477536e+03 8.072464456302343478e+02 4.489123288075183495e+02
6.365748926688486646e-04 2.030917354765212622e+03 8.978999021446422830e+02 4.993266846359662168e+02
7.097979987143026312e-04 2.259061057864813847e+03 9.985729814773320641e+02 5.552901714883271325e+02
7.914437166483044659e-04 2.512362358287821735e+03 1.110303050223297987e+03 6.173729453022069720e+02
8.824808716799498404e-04 2.793318996884771877e+03 1.234195102304240891e+03 6.861852848879373141e+02
9.839897297802024153e-04 3.104612430719247641e+03 1.371439769599716101e+03 7.623855846559957854e+02
1.097174816344422205e-03 3.449055689668680770e+03 1.523288257730654550e+03 8.466677338514233497e+02
1.223379209343287413e-03 3.829549049432726406e+03 1.691031974215620949e+03 9.397510704498589575e+02
1.364100476567608111e-03 4.249107360761673590e+03 1.876018450237144634e+03 1.042389038346825600e+03
1.521008446081769522e-03 4.710777975708179838e+03 2.079607658845563037e+03 1.155342691349758070e+03
1.695965020753673102e-03 5.217548874648036872e+03 2.303124090823484494e+03 1.279352099673939165e+03
1.891046271984591709e-03 5.772351119672370260e+03 2.547865937850336650e+03 1.415144747074949009e+03
2.108567074807741158e-03 6.377874483213327039e+03 2.815024091239639347e+03 1.563388317187100256e+03
2.351108576680822643e-03 7.036335850682026830e+03 3.105579412757405862e+03 1.724630465953683142e+03
2.621548825923003187e-03 7.749496123554683436e+03 3.420309549484711624e+03 1.899305729537279603e+03
2.923096923239734257e-03 8.518401240941455399e+03 3.759676953393504846e+03 2.087674261697498423e+03
3.259331101584665453e-03 9.343016865487054019e+03 4.123671533918438399e+03 2.289735315568041187e+03
3.634241186222156913e-03 1.022222761027882552e+04 4.511806268206081768e+03 2.505223878231632625e+03
4.052275938830490927e-03 1.115354292238017479e+04 4.922985064201959176e+03 2.733541603642445807e+03
4.518395847440812539e-03 1.213288138855387842e+04 5.355420424168080899e+03 2.973685718054920471e+03
5.038131988628217865e-03 1.315430469307424937e+04 5.806515624410388227e+03 3.224229084845227590e+03
5.617651660426248826e-03 1.420968899813370263e+04 6.272701236816929850e+03 3.483207779689532344e+03
6.263831564778516575e-03 1.528853795880431062e+04 6.749358888783930524e+03 3.748062708177744753e+03
6.984339407925946493e-03 1.637761185984473559e+04 7.230664979585207220e+03 4.015568554345790290e+03
7.787724887016851671e-03 1.746046510097634018e+04 7.709382519915020566e+03 4.281714798251428874e+03
8.683521142606049834e-03 1.851632718454158021e+04 8.176369031115481448e+03 4.541437284314451063e+03
9.682357880899711625e-03 1.952522867555457924e+04 8.622829022357658687e+03 4.789862822739608418e+03
1.079608750807801998e-02 2.044755450273570750e+04 9.031281419985421962e+03 5.017283187556354278e+03
1.203792577343234388e-02 2.125065055998288881e+04 9.387317005492977842e+03 5.215694517079126854e+03
1.342260859021738965e-02 2.190410252213167041e+04 9.677504952722254529e+03 5.377645514412939519e+03
1.496656689508787767e-02 2.236686688995147415e+04 9.883689654225478080e+03 5.493034955500431352e+03
1.668812162103823840e-02 2.259643662878324903e+04 9.987058804404869079e+03 5.551391480215397678e+03
1.860770109743517184e-02 2.255536118073604666e+04 9.971019117393219858e+03 5.543477110782934687e+03
2.074808345685756270e-02 2.221548638740914248e+04 9.823061359442997855e+03 5.462313771653419280e+03
2.313466692519383291e-02 2.156150361871455243e+04 9.536295607888729137e+03 5.304000879412429640e+03
2.579577120231610690e-02 2.060269876489152011e+04 9.114721828779152929e+03 5.070683818567677918e+03
2.876297350957714855e-02 1.937861169416257690e+04 8.575737868240774333e+03 4.772007643332712178e+03
3.207148329174031032e-02 1.796322739626543262e+04 7.951921141273408466e+03 4.426025010308878336e+03
3.576056001963404812e-02 1.646169096840409838e+04 7.289684620737269142e+03 4.058505014674295126e+03
3.987397905126498221e-02 1.499708503614723486e+04 6.643474037767703521e+03 3.699741006139087403e+03
4.446055107939526907e-02 1.368433504949168309e+04 6.064178818698602299e+03 3.378077316553889432e+03
4.957470132945773766e-02 1.259437393452669858e+04 5.583276858471037485e+03 3.111063488583473827e+03
5.527711538069327024e-02 1.172068979135128211e+04 5.197956975278691971e+03 2.897174653428576676e+03
6.163545927395905344e-02 1.093645573989171680e+04 4.852038251076857705e+03 2.705124086491019625e+03
6.872518245115814828e-02 1.004567463579793002e+04 4.458558138416723523e+03 2.486427446266026891e+03
7.663041305413779980e-02 8.889654722622612098e+03 3.946990835302863616e+03 2.201721163709401026e+03
8.544495620686157200e-02 7.522482292565074204e+03 3.341216533652842827e+03 1.864279906939850662e+03
9.527340712667957401e-02 6.249250964084750194e+03 2.776699094181304645e+03 1.549673687732163899e+03
1.062323922731101822e-01 5.374635943754705295e+03 2.388916734216145414e+03 1.333556822026000646e+03
1.184519532618636822e-01 4.856786500658861769e+03 2.159460560217563398e+03 1.205724340503169287e+03
1.320770899659224340e-01 4.290506694232051814e+03 1.908274932093384450e+03 1.065686267782131608e+03
1.472694811144383831e-01 3.486293777055778264e+03 1.551042588915372789e+03 8.663449967529998048e+02
1.642094028064348954e-01 2.836975860484385521e+03 1.262506924959371872e+03 7.052979598220783828e+02
1.830978677048002712e-01 2.497235505245452259e+03 1.111595877436986029e+03 6.210844167184724256e+02
2.041590102946942431e-01 2.071808119914913277e+03 9.224375275625533277e+02 5.154648634867340888e+02
2.276427465103479653e-01 1.659475396144621072e+03 7.390084337615057848e+02 4.130129445845489045e+02
2.538277392899435103e-01 1.417038822193207807e+03 6.311644515455030842e+02 3.527792880559144351e+02
2.830247052484705095e-01 1.129195612272673543e+03 5.030416624330530908e+02 2.811936015467230163e+02
3.155801017062329072e-01 9.380985987852467360e+02 4.179739903832136747e+02 2.336612193024885187e+02
3.518802378240603601e-01 7.503576852750194348e+02 3.343703951396799994e+02 1.869375193059214837e+02
3.923558586288135031e-01 6.109485624430996040e+02 2.722801366238825835e+02 1.522341120669418331e+02
4.374872563241952172e-01 4.906900957563828456e+02 2.187078191838779446e+02 1.222880049504515370e+02
4.878099695387512202e-01 3.923031342781382023e+02 1.748713343605149646e+02 9.778191728516846126e+01
5.439211381395319123e-01 3.131250648894313713e+02 1.395884200052475137e+02 7.805609260994457088e+01
6.064865890189676811e-01 2.490147625329244363e+02 1.110163104783709542e+02 6.208105992683171337e+01
6.762487369363893164e-01 1.972343350851891159e+02 8.793672277606567889e+01 4.917623972255493925e+01
7.540353941672404137e-01 1.558567185662951715e+02 6.949210968152509338e+01 3.886252858909944052e+01
8.407695934971151086e-01 1.227248324790853786e+02 5.472193487751617624e+01 3.060314084376823729e+01
9.374805411223435803e-01 9.632655066048151582e+01 4.295277722450931890e+01 2.402168435610418129e+01
1.045315829426528564e+00 7.540513916061080124e+01 3.362482059777438081e+01 1.880522659652036310e+01
1.165555054552403824e+00 5.887554165444176135e+01 2.625461120756029842e+01 1.468349671375966459e+01
1.299625000357985227e+00 4.585217700068405833e+01 2.044751034304696446e+01 1.143585755053428699e+01
1.449116568932995452e+00 3.562351514147690779e+01 1.588639954110535868e+01 8.884999688638030690e+00
1.615803658576671964e+00 2.761397423771168391e+01 1.231471991661862297e+01 6.887466030818430340e+00
1.801664213246928048e+00 2.135901331512162216e+01 9.525385848304535941e+00 5.327457323293452340e+00
2.008903693258128342e+00 1.648676073716356427e+01 7.352609603021431184e+00 4.112263689742969852e+00
2.239981245735629400e+00 1.270088329122899928e+01 5.664271476663903293e+00 3.168000025579460033e+00
2.497638885371206374e+00 9.766029772750865590e+00 4.355434317097586217e+00 2.435981193374359144e+00
2.784934031744384253e+00 7.495917575854304182e+00 3.343035090948558885e+00 1.869754158369050456e+00
3.105275789304232426e+00 5.743674541275190393e+00 2.561581448476586420e+00 1.432691497641346068e+00
3.462465400517639402e+00 4.393864790067526727e+00 1.959597382914082697e+00 1.096004030014664954e+00
3.860741352209485999e+00 3.356040348880983348e+00 1.496748538704663289e+00 8.371335997961514286e-01
4.304829670336041580e+00 2.559527555415004318e+00 1.141517940547894350e+00 6.384533004168968517e-01
4.799999999999999822e+00 1.949271451922821141e+00 8.693533061564954201e-01 4.862314421916784091e-01
