1.000000000230258569e-04 2.518744461557923387e+03 1.199849021892103110e+03 6.529133646076397781e+02
1.115486563971542785e-04 2.775667497975408878e+03 1.324980768469886925e+03 7.213876550165163053e+02
1.244310274114527074e-04 3.057436237939017246e+03 1.462964036171050111e+03 7.970064557717735170e+02
1.388011391866901154e-04 3.366231412288317642e+03 1.615073173275561203e+03 8.805041150113066806e+02
1.548308057910457113e-04 3.704510972994347867e+03 1.782710734339483224e+03 9.726879795849259835e+02
1.727116835090306587e-04 4.075242123626591365e+03 1.967435464011889962e+03 1.074444423178728584e+03
1.926575623508681512e-04 4.481787094508276823e+03 2.170963864021157406e+03 1.186747088663284558e+03
2.149069222004190347e-04 4.928136306876825984e+03 2.395207767333811262e+03 1.310665227733965594e+03
2.397257841638464457e-04 5.419454460921767350e+03 2.642348215948956295e+03 1.447372636550928974e+03
2.674108912107391479e-04 5.961910904695871977e+03 2.914827379185595419e+03 1.598157260840369872e+03
2.982932561365508645e-04 6.562732546291847939e+03 3.215374699800813232e+03 1.764429204269002184e+03
3.327421192670277522e-04 7.230280138296668156e+03 3.547050794854500509e+03 1.947725298623142180e+03
3.711693632243215748e-04 7.974374953553569867e+03 3.913286144431753200e+03 2.149724182914810626e+03
4.140344375392690035e-04 8.805967685154349965e+03 4.317840817992461780e+03 2.372244265377829834e+03
4.618498519902246974e-04 9.735339135379237632e+03 4.764569651409555263e+03 2.617206557122909089e+03
5.151873043487156757e-04 1.077329115441155955e+04 5.257594561212517874e+03 2.886666964044985889e+03
5.746845157973842983e-04 1.193103966672476781e+04 5.801265000500606220e+03 3.182802554073152805e+03
6.410528557468661917e-04 1.321801392529483019e+04 6.399729495707638307e+03 3.507803738387395242e+03
7.150858472165629249e-04 1.464253091807909732e+04 7.057096404392613294e+03 3.863915268325214583e+03
7.976686544726134401e-04 1.621202986604120633e+04 7.777437660512672664e+03 4.253416311371595839e+03
8.897886663605780169e-04 1.793346666091569568e+04 8.564571175403360030e+03 4.678469291229030205e+03
9.925473018708411317e-04 1.981246242313011680e+04 9.422007987684839463e+03 5.141132669989135138e+03
1.107173179088194286e-03 2.185295059838112866e+04 1.035286448975894382e+04 5.643314465644386473e+03
1.235036804978161722e-03 2.405887340477669568e+04 1.135975247364149800e+04 6.186554236551128270e+03
1.377666961646263968e-03 2.643297651012881761e+04 1.244460447613324322e+04 6.771999753242193947e+03
1.536768984990051967e-03 2.897584878672847117e+04 1.360846468928430295e+04 7.400344038807375910e+03
1.714245154289869167e-03 3.168621596671364750e+04 1.485115882511271775e+04 8.071610551079073048e+03
1.912217436523370962e-03 3.456033183528475638e+04 1.617112774500550404e+04 8.785075697317530285e+03
2.133052857342773462e-03 3.759128427163601009e+04 1.756525401128492013e+04 9.539164984126768104e+03
2.379391802059096454e-03 4.076811052123822446e+04 1.902860318114308029e+04 1.033114303780817500e+04
2.654179585009814029e-03 4.407556115605118248e+04 2.055423705380294268e+04 1.115704267659527432e+04
2.960701664764286197e-03 4.749293546022306691e+04 2.213270440856913410e+04 1.201160793496010228e+04
3.302622926212283368e-03 5.099088639575419074e+04 2.375046726887063778e+04 1.288812245927451295e+04
3.684031499205906151e-03 5.453507774525992136e+04 2.539134574049372532e+04 1.377763863894983842e+04
4.109487637665882979e-03 5.809025543930874846e+04 2.703881733404077386e+04 1.467118200692675964e+04
4.584078243567925488e-03 6.158378520709971781e+04 2.865903591568366028e+04 1.555037073895661706e+04
5.113477687716873853e-03 6.496067346422077389e+04 3.022642534092096321e+04 1.640133140922210805e+04
5.704015654503047893e-03 6.813566700979607413e+04 3.170129602621657614e+04 1.720252431053124383e+04
6.362752821816417166e-03 7.103919446498235629e+04 3.305132922823489207e+04 1.793648010465910920e+04
7.097565280973966440e-03 7.357010626595038048e+04 3.422938724532381457e+04 1.857762258319615648e+04
7.917238706014356406e-03 7.561659794190211687e+04 3.518331640845217771e+04 1.909756782470727558e+04
8.831573398280912271e-03 7.706581267428986030e+04 3.586061865998912981e+04 1.946777613875864699e+04
9.851501462242475554e-03 7.779748182788600388e+04 3.620527832965198468e+04 1.965778334030109181e+04
1.098921751354712747e-02 7.769404069368838100e+04 3.616231801158029702e+04 1.963764925764260988e+04
1.225832448210000328e-02 7.665325379175659327e+04 3.568368576274023508e+04 1.938098213614401175e+04
1.367399625343743499e-02 7.460277297626984364e+04 3.473555028297337412e+04 1.886931804672350336e+04
1.525315909299450497e-02 7.151870428848342272e+04 3.330631346375490830e+04 1.809628164109308636e+04
1.701469402243795462e-02 6.745068687390006380e+04 3.141846060513290286e+04 1.707374347202532590e+04
1.897966256774625410e-02 6.254670609951306687e+04 2.914051948797059595e+04 1.583875960719020077e+04
2.117155857815964867e-02 5.706382585211239348e+04 2.659199498910289185e+04 1.445624355872454544e+04
2.361658912683562567e-02 5.135791160032751941e+04 2.393837157223993927e+04 1.301600269077662415e+04
2.634398785175567220e-02 4.584138597467789077e+04 2.137183996295178804e+04 1.162254804211133160e+04
2.938636448329653983e-02 4.090664291830292495e+04 1.907537983075835291e+04 1.037542825558608092e+04
3.278009473753994152e-02 3.682111659271638928e+04 1.717389236279827310e+04 9.342675034866080750e+03
3.656575523702054742e-02 3.361581546709588292e+04 1.568210825544839099e+04 8.532427379133470822e+03
4.078860865897657173e-02 3.102340215193690528e+04 1.447553794100010418e+04 7.877059071114645121e+03
4.549914491170512637e-02 2.841511518544967112e+04 1.326094371832431534e+04 7.217062628856996525e+03
5.075368480951484434e-02 2.518271375266621180e+04 1.175443860421840691e+04 6.397935917512481865e+03
5.661505346402430361e-02 2.120986138411377397e+04 9.901621849492543333e+03 5.390032339667209271e+03
6.315333144310807112e-02 1.719988939797657440e+04 8.030779543184882641e+03 4.372053000845955467e+03
7.044669267860774464e-02 1.418546465018796880e+04 6.624201921166201828e+03 3.606613194231134457e+03
7.858233914112514040e-02 1.246802736110568731e+04 5.822914540362958178e+03 3.170591603431154454e+03
8.765754345719625751e-02 1.113729798976270649e+04 5.201995392240221008e+03 2.832696116773348876e+03
9.778081193473929511e-02 9.164945332936391424e+03 4.281172115836043304e+03 2.331413335197217748e+03
1.090731819023149224e-01 7.146437311188359672e+03 3.338568853537994528e+03 1.818193776137879240e+03
1.216696688736408766e-01 6.058381257013271352e+03 2.830486200445547183e+03 1.541562630802906824e+03
1.357208808401622890e-01 5.164521879613209421e+03 2.413039019686384563e+03 1.314262194079318533e+03
1.513948189927238619e-01 4.013517125490204307e+03 1.875363292564999938e+03 1.021452767255993535e+03
1.688788864024014236e-01 3.340792049758855228e+03 1.561107328597949390e+03 8.503126191915089294e+02
1.883821286769788717e-01 2.685562746453846557e+03 1.254984881776427983e+03 6.835898080403792392e+02
2.101377333831422056e-01 2.155742306518165151e+03 1.007435772695131732e+03 5.487617805234316393e+02
2.344058181183555356e-01 1.724438203149623632e+03 8.059033149638592022e+02 4.389929254114854871e+02
2.614765405675759102e-01 1.380189598693373910e+03 6.450402873293365928e+02 3.513728569248018516e+02
2.916735677297306317e-01 1.090239896177159608e+03 5.095433890947356304e+02 2.775672702765866688e+02
3.253579457932418983e-01 8.632578783012843360e+02 4.034678968794971752e+02 2.197863639100317528e+02
3.629324169301749725e-01 6.805554524393631937e+02 3.180825196845802338e+02 1.732749049736910365e+02
4.048462346221089470e-01 5.342383040942779644e+02 2.496996361832141247e+02 1.360244978140066223e+02
4.516005350914485406e-01 4.180599828882794782e+02 1.954011930513432844e+02 1.064459691981955700e+02
5.037543290608768043e-01 3.261323205723039678e+02 1.524358789218386505e+02 8.304079611019177776e+01
5.619311854805180140e-01 2.536060881381914669e+02 1.185378231066766404e+02 6.457479935197379461e+01
6.268266871357865977e-01 1.966990378224676306e+02 9.193964333403152978e+01 5.008532092904086142e+01
6.992167472777639503e-01 1.521661927447717915e+02 7.112487640301910119e+01 3.874631833300332318e+01
7.799668867126374749e-01 1.174114641770381553e+02 5.488025906136562782e+01 2.989689632161496746e+01
8.700425822703268253e-01 9.037566201762346907e+01 4.224341783131333727e+01 2.301282018864970169e+01
9.705208103821856280e-01 6.940774208807275159e+01 3.244270503338034928e+01 1.767374354275005643e+01
1.082602923786821769e+00 5.318911760720191495e+01 2.486183730364335887e+01 1.354394877551749587e+01
1.207629015322442267e+00 4.067595453421196083e+01 1.901293770866024602e+01 1.035766383921246891e+01
1.347093940544190405e+00 3.104534488193965558e+01 1.451138248157363009e+01 7.905361991825945900e+00
1.502665190738521561e+00 2.365050114625850597e+01 1.105486190474170805e+01 6.022357903515384692e+00
1.676202830030598223e+00 1.798483088906773730e+01 8.406591016292953356e+00 4.579661388110621623e+00
1.869781734959676811e+00 1.365305845933646189e+01 6.381812513403113840e+00 3.476623599698004163e+00
2.085716402426663674e+00 1.034771784673863948e+01 4.836810945478852375e+00 2.634953067204356625e+00
2.326588622626292402e+00 7.830370412979816841e+00 3.660135650320347267e+00 1.993935253185777023e+00
2.595278347831105226e+00 5.916613794963378581e+00 2.765593556538511688e+00 1.506615172936992764e+00
2.894998126105261083e+00 4.464219182052478807e+00 2.086703967196155585e+00 1.136776191398307878e+00
3.229331511649635278e+00 3.363757293249183711e+00 1.572317135410624456e+00 8.565533530660670580e-01
3.602275911025628830e+00 2.531252812660902851e+00 1.183180922645255206e+00 6.445632795003978233e-01
4.018290377542188097e+00 1.902402423365418649e+00 8.892382772661090451e-01 4.844318489401006622e-01
4.482348925252354732e+00 1.428064618669312891e+00 6.675191547412016035e-01 3.636456533742029040e-01
5.000000000000000888e+00 1.070760010095956449e+00 5.005046797938901282e-01 2.726608932424988696e-01
