1.000000000230258569e-04 4.036173977808577092e+03 1.931469153665744670e+03 1.141578151125803515e+03
1.115486563971542785e-04 4.549324517987903164e+03 2.173353777449879999e+03 1.282838749619104192e+03
1.244310274114527074e-04 5.133009910904794197e+03 2.447757910448370239e+03 1.442631638243530915e+03
1.388011391866901154e-04 5.797765320493360377e+03 2.759577526835941171e+03 1.623674034085538779e+03
1.548308057910457113e-04 6.555258384952813685e+03 3.114390475095398415e+03 1.829091075169492115e+03
1.727116835090306587e-04 7.417380896641847357e+03 3.518304071920432762e+03 2.062411235572706119e+03
1.926575623508681512e-04 8.396953882829971917e+03 3.978235353001420663e+03 2.327693490648911393e+03
2.149069222004190347e-04 9.506533403525980248e+03 4.501556599484979415e+03 2.629421423107012288e+03
2.397257841638464457e-04 1.075506069695832957e+04 5.094959497841928169e+03 2.972095839968555083e+03
2.674108912107391479e-04 1.214868471146530828e+04 5.764935013087686457e+03 3.360496842992251459e+03
2.982932561365508645e-04 1.368912809871330683e+04 6.516948481752096995e+03 3.799284827623096135e+03
3.327421192670277522e-04 1.536960293095541238e+04 7.352938671948504634e+03 4.291655191664586710e+03
3.711693632243215748e-04 1.717442554829580695e+04 8.271544372062649927e+03 4.839610737907282783e+03
4.140344375392690035e-04 1.907991669241058844e+04 9.267727451689026566e+03 5.443514775079034735e+03
4.618498519902246974e-04 2.106018091548867233e+04 1.033254439400663250e+04 6.100865928977997100e+03
5.151873043487156757e-04 2.308310523895520237e+04 1.145203436564102776e+04 6.806016065248023551e+03
5.746845157973842983e-04 2.511420117547425252e+04 1.260860350341761477e+04 7.550553015046460132e+03
6.410528557468661917e-04 2.713674702559888829e+04 1.378889513651450216e+04 8.326116893216567405e+03
7.150858472165629249e-04 2.914240225696580819e+04 1.498015624849627238e+04 9.122810952326479310e+03
7.976686544726134401e-04 3.112884314651794557e+04 1.617063726778802084e+04 9.929898567806516439e+03
8.897886663605780169e-04 3.310783398650101299e+04 1.735859827341341224e+04 1.074232526366051206e+04
9.925473018708411317e-04 3.510137887583484553e+04 1.854841933357949529e+04 1.155807598148920988e+04
1.107173179088194286e-03 3.713649597404578526e+04 1.974762896475939851e+04 1.237678576775038891e+04
1.235036804978161722e-03 3.922923085220091889e+04 2.096312488262412080e+04 1.320060045002370316e+04
1.377666961646263968e-03 4.139307588202915940e+04 2.220317173890831691e+04 1.403397508744658080e+04
1.536768984990051967e-03 4.364234378964432108e+04 2.347738378950548577e+04 1.488267252366887078e+04
1.714245154289869167e-03 4.597831246858929080e+04 2.478805782243580325e+04 1.574853801251781260e+04
1.912217436523370962e-03 4.839545736782180757e+04 2.613401815009972051e+04 1.663177196759033905e+04
2.133052857342773462e-03 5.088612537219666410e+04 2.751342961474776166e+04 1.753249289604467413e+04
2.379391802059096454e-03 5.343602994592526375e+04 2.891990185694676984e+04 1.844736513834820653e+04
2.654179585009814029e-03 5.602573838224881911e+04 3.034389048503908271e+04 1.937083511539394749e+04
2.960701664764286197e-03 5.863218048363111302e+04 3.177408858787778809e+04 2.029634921432179544e+04
3.302622926212283368e-03 6.123351375641937193e+04 3.319927541572853806e+04 2.121479425795231873e+04
3.684031499205906151e-03 6.378762558950990933e+04 3.459685463038977468e+04 2.211827245730112554e+04
4.109487637665882979e-03 6.625006310969038168e+04 3.594431219080126175e+04 2.298808579953206208e+04
4.584078243567925488e-03 6.859794754732010188e+04 3.722866875381994032e+04 2.381659942615680120e+04
5.113477687716873853e-03 7.073251887727392022e+04 3.839679189448513353e+04 2.457019787367187382e+04
5.704015654503047893e-03 7.259298974686725705e+04 3.941582042102676496e+04 2.522802239407766319e+04
6.362752821816417166e-03 7.412503280995022214e+04 4.025647595266325516e+04 2.577146397422510927e+04
7.097565280973966440e-03 7.524430003145067894e+04 4.087317130496464961e+04 2.617156559752957401e+04
7.917238706014356406e-03 7.585318315623926173e+04 4.121273540690320806e+04 2.639422409779328882e+04
8.831573398280912271e-03 7.585333197222590388e+04 4.122160949632815755e+04 2.640500614341506662e+04
9.851501462242475554e-03 7.515019687536836136e+04 4.084839714645675122e+04 2.617097512109981835e+04
1.098921751354712747e-02 7.364911617720023787e+04 4.004163353393912257e+04 2.565914219808447888e+04
1.225832448210000328e-02 7.127376829095363792e+04 3.875923918731779122e+04 2.484227482525163214e+04
1.367399625343743499e-02 6.798613793526549125e+04 3.698015567069479584e+04 2.370658745798845848e+04
1.525315909299450497e-02 6.380371462316349061e+04 3.471378808765012946e+04 2.225806934722195001e+04
1.701469402243795462e-02 5.882310184990481503e+04 3.201214484832855305e+04 2.052993098772915619e+04
1.897966256774625410e-02 5.324189847027155338e+04 2.898213964810397738e+04 1.859032927097101492e+04
2.117155857815964867e-02 4.736715842031175271e+04 2.579080463836572744e+04 1.654641883856488857e+04
2.361658912683562567e-02 4.158977439478915767e+04 2.265088016827820684e+04 1.453468795132797095e+04
2.634398785175567220e-02 3.632935962462602038e+04 1.979091436497444738e+04 1.270180007988815669e+04
2.938636448329653983e-02 3.194694864865557611e+04 1.740784126027737875e+04 1.117429062846675333e+04
3.278009473753994152e-02 2.864166272639139061e+04 1.561055707293061459e+04 1.002226026427265424e+04
3.656575523702054742e-02 2.634710347602464026e+04 1.436329863251982533e+04 9.222952549683996040e+03
4.078860865897657173e-02 2.467570183078691116e+04 1.345512883385493296e+04 8.641076332503940648e+03
4.549914491170512637e-02 2.285558023908956238e+04 1.246531136019231781e+04 8.006513258935529848e+03
5.075368480951484434e-02 2.018657909650163492e+04 1.101188670419110167e+04 7.073888460836134072e+03
5.661505346402430361e-02 1.661913456348748514e+04 9.067537523259983573e+03 5.825553442362301212e+03
6.315333144310807112e-02 1.306761870075927618e+04 7.131033781090917728e+03 4.581909401884646286e+03
7.044669267860774464e-02 1.068209042787536964e+04 5.830173039683274510e+03 3.746426203896867264e+03
7.858233914112514040e-02 9.652648110229472877e+03 5.269085473209640440e+03 3.386167466584162412e+03
8.765754345719625751e-02 8.832391043146166339e+03 4.821972508202322388e+03 3.099068824319455871e+03
9.778081193473929511e-02 7.123040802387118674e+03 3.889225974233595934e+03 2.499762769501898674e+03
1.090731819023149224e-01 5.416751615993165615e+03 2.957891992576844586e+03 1.901267413515986391e+03
1.216696688736408766e-01 4.732332400016736756e+03 2.584397855984139824e+03 1.661279542652966711e+03
1.357208808401622890e-01 4.068707088517527609e+03 2.222166059492099066e+03 1.428496066184828578e+03
1.513948189927238619e-01 3.092832748000044376e+03 1.689301902036721913e+03 1.085989985795069515e+03
1.688788864024014236e-01 2.645265909806218133e+03 1.444933388403838308e+03 9.289245657433280030e+02
1.883821286769788717e-01 2.104660093404879262e+03 1.149696353600676275e+03 7.391408453047446301e+02
2.101377333831422056e-01 1.713891080297981034e+03 9.362770471564307400e+02 6.019466972290880449e+02
2.344058181183555356e-01 1.367924811767839174e+03 7.473087026049452106e+02 4.804648058215500441e+02
2.614765405675759102e-01 1.107946848464442837e+03 6.053000733697936084e+02 3.891693613929812159e+02
2.916735677297306317e-01 8.782708217123177974e+02 4.798343426591461025e+02 3.085063214597351475e+02
3.253579457932418983e-01 6.995844144253096601e+02 3.822190740401383664e+02 2.457474963530676177e+02
3.629324169301749725e-01 5.556998056084598829e+02 3.036124945875021695e+02 1.952086151077155876e+02
4.048462346221089470e-01 4.394950362097996504e+02 2.401257731041172860e+02 1.543903008363128322e+02
4.516005350914485406e-01 3.465940624423978988e+02 1.893700241440757566e+02 1.217570806060876691e+02
5.037543290608768043e-01 2.724998080869048067e+02 1.488875379446047589e+02 9.572852597130776076e+01
5.619311854805180140e-01 2.136143272622131803e+02 1.167140168676910008e+02 7.504214965030780604e+01
6.268266871357865977e-01 1.670857467452554772e+02 9.129201879184505231e+01 5.869681775768508913e+01
6.992167472777639503e-01 1.303862094143654247e+02 7.124017887683410777e+01 4.580425256802585210e+01
7.799668867126374749e-01 1.015047212499341214e+02 5.545978134011941307e+01 3.565802130863850294e+01
8.700425822703268253e-01 7.884629566119527055e+01 4.307953438837466820e+01 2.769797479280851960e+01
9.705208103821856280e-01 6.111985846488487084e+01 3.339406382600787992e+01 2.147058951121102410e+01
1.082602923786821769e+00 4.728539689066172969e+01 2.583510185919923430e+01 1.661047091682246091e+01
1.207629015322442267e+00 3.651335191605183894e+01 1.994940519669969348e+01 1.282620212415843852e+01
1.347093940544190405e+00 2.814450251461559560e+01 1.537681280582098964e+01 9.886223204226078920e+00
1.502665190738521561e+00 2.165651441846889824e+01 1.183192533977445926e+01 7.607031697576481122e+00
1.676202830030598223e+00 1.663683184998864206e+01 9.089311715056135554e+00 5.843677482100265053e+00
1.869781734959676811e+00 1.276064908091506744e+01 6.971494179214458242e+00 4.482044366660679735e+00
2.085716402426663674e+00 9.772973478468333752e+00 5.339144820768592758e+00 3.432546815699224485e+00
2.326588622626292402e+00 7.474121981551641980e+00 4.083159768378261667e+00 2.625035376939353071e+00
2.595278347831105226e+00 5.708155128269020828e+00 3.118336784067431644e+00 2.004729390726372351e+00
2.894998126105261083e+00 4.353716551315926608e+00 2.378362726670137484e+00 1.528989798168668868e+00
3.229331511649635278e+00 3.316541448349860755e+00 1.811726070204767503e+00 1.164693836138966043e+00
3.602275911025628830e+00 2.523453788916245166e+00 1.378446754482127501e+00 8.861370009694777838e-01
4.018290377542188097e+00 1.917798237139849427e+00 1.047574006145579828e+00 6.734214508458520321e-01
4.482348925252354732e+00 1.455893713868889439e+00 7.952397781729122483e-01 5.112005760015567724e-01
5.000000000000000888e+00 1.104099538629459198e+00 6.030603621420433935e-01 3.876532564205310560e-01
