1.000000000230258569e-04 2.771924479271785913e+03 1.218348202678577309e+03 6.668615992310836873e+02
1.115486563971542785e-04 3.053145838297768023e+03 1.342973075214322989e+03 7.352141309911760345e+02
1.244310274114527074e-04 3.362276845039798445e+03 1.480240319786570808e+03 8.105418980283218389e+02
1.388011391866901154e-04 3.701974213683040034e+03 1.631404503412901022e+03 8.935469736817923376e+02
1.548308057910457113e-04 4.075175213643408824e+03 1.797841817060726953e+03 9.849995790046181128e+02
1.727116835090306587e-04 4.485201418481932706e+03 1.981064283806641015e+03 1.085743013531760880e+03
1.926575623508681512e-04 4.935733322633685930e+03 2.182729628505508117e+03 1.196701600944791380e+03
2.149069222004190347e-04 5.430922058202145308e+03 2.404661692583435524e+03 1.318887460175309798e+03
2.397257841638464457e-04 5.975626914681873131e+03 2.648882305844870643e+03 1.453406568823886573e+03
2.674108912107391479e-04 6.575369491794088390e+03 2.917618664756660110e+03 1.601468370351813292e+03
2.982932561365508645e-04 7.236376924627430526e+03 3.213322500299548210e+03 1.764392870392359555e+03
3.327421192670277522e-04 7.965634685980088761e+03 3.538696325959886963e+03 1.943614264448734275e+03
3.711693632243215748e-04 8.771036854204903648e+03 3.896716807687135315e+03 2.140693935712870825e+03
4.140344375392690035e-04 9.661246947681571328e+03 4.290624459761755134e+03 2.357321482781654595e+03
4.618498519902246974e-04 1.064491897839629382e+04 4.723830453110702365e+03 2.595292416971277362e+03
5.151873043487156757e-04 1.173123595348126764e+04 5.199999367619862824e+03 2.856532128415137777e+03
5.746845157973842983e-04 1.292984681908217863e+04 5.723027893375112399e+03 3.143088989293968098e+03
6.410528557468661917e-04 1.424980628878646166e+04 6.296820700283482438e+03 3.457064642563665529e+03
7.150858472165629249e-04 1.569995888872139949e+04 6.925388076297396765e+03 3.800644974546251433e+03
7.976686544726134401e-04 1.728904585874026088e+04 7.612841385667139548e+03 4.176089905298719714e+03
8.897886663605780169e-04 1.902567773741236306e+04 8.363209287855996081e+03 4.585635301022937711e+03
9.925473018708411317e-04 2.091803431907051345e+04 9.180443396398217374e+03 5.031505418582633865e+03
1.107173179088194286e-03 2.297369233355818869e+04 1.006836534615387791e+04 5.515881005317429299e+03
1.235036804978161722e-03 2.520005971080613381e+04 1.103047253565611936e+04 6.040734144911438307e+03
1.377666961646263968e-03 2.760385045275737866e+04 1.206987180578441621e+04 6.607820832405615874e+03
1.536768984990051967e-03 3.019054071486231624e+04 1.318915695726468766e+04 7.218625521051885698e+03
1.714245154289869167e-03 3.296374894201941788e+04 1.439006125196913490e+04 7.874099917488195388e+03
1.912217436523370962e-03 3.592496620665637602e+04 1.567335808703411749e+04 8.574628666555303425e+03
2.133052857342773462e-03 3.907304732878718642e+04 1.703863047034634656e+04 9.319944927264887156e+03
2.379391802059096454e-03 4.240211469352251879e+04 1.848314907498672619e+04 1.010867046955764454e+04
2.654179585009814029e-03 4.590146934576672356e+04 2.000185954317175128e+04 1.093827540885081180e+04
2.960701664764286197e-03 4.955585873614709271e+04 2.158817141097144486e+04 1.180501156061261099e+04
3.302622926212283368e-03 5.334195425030928891e+04 2.323276907587407550e+04 1.270332337598787308e+04
3.684031499205906151e-03 5.722857740292794915e+04 2.492145088478498292e+04 1.362590115240273735e+04
4.109487637665882979e-03 6.117546260486636311e+04 2.663667645873181755e+04 1.456307026577778743e+04
4.584078243567925488e-03 6.513209586364985444e+04 2.835643369508395699e+04 1.550276970165807143e+04
5.113477687716873853e-03 6.903641598603951570e+04 3.005367790069498369e+04 1.643020644392835311e+04
5.704015654503047893e-03 7.281375462844238791e+04 3.169588621711107771e+04 1.732760006933747718e+04
6.362752821816417166e-03 7.637602590339863673e+04 3.324469574417455442e+04 1.817397453462949125e+04
7.097565280973966440e-03 7.962121159585016721e+04 3.465570284869445459e+04 1.894505529968908741e+04
7.917238706014356406e-03 8.243370446123417059e+04 3.587858106248640252e+04 1.961332518381653790e+04
8.831573398280912271e-03 8.468569383156007098e+04 3.685767713032376923e+04 2.014836652997993224e+04
9.851501462242475554e-03 8.624057192518659576e+04 3.753352464815373969e+04 2.051766737587520402e+04
1.098921751354712747e-02 8.695901893500836741e+04 3.784550246813152626e+04 2.068808331685913436e+04
1.225832448210000328e-02 8.670934032907331130e+04 3.773627325036359252e+04 2.062826915249632657e+04
1.367399625343743499e-02 8.538273280766232347e+04 3.715848187752553349e+04 2.031234355399804917e+04
1.525315909299450497e-02 8.291426180814056715e+04 3.608385986243912339e+04 1.972484928152960492e+04
1.701469402243795462e-02 7.930848602965129248e+04 3.451437273959977756e+04 1.886685877215903020e+04
1.897966256774625410e-02 7.466611480995050806e+04 3.249384682358103601e+04 1.776232630039564174e+04
2.117155857815964867e-02 6.920388095339982829e+04 3.011659600235671314e+04 1.646280664635645371e+04
2.361658912683562567e-02 6.325631979683077952e+04 2.752818649214698598e+04 1.504786982266069754e+04
2.634398785175567220e-02 5.724622969306149025e+04 2.491260682326215465e+04 1.361808334514453963e+04
2.938636448329653983e-02 5.161568461205316999e+04 2.246223083017313547e+04 1.227861482029411127e+04
3.278009473753994152e-02 4.671947746698776609e+04 2.033144590412007528e+04 1.111384790662955493e+04
3.656575523702054742e-02 4.269798276337036077e+04 1.858133197319256578e+04 1.015717193729026985e+04
4.078860865897657173e-02 3.939349643117254891e+04 1.714326221591624562e+04 9.371071725889636582e+03
4.549914491170512637e-02 3.621751151904794096e+04 1.576111825532489456e+04 8.615543562011087488e+03
5.075368480951484434e-02 3.251684255283927996e+04 1.415065056494651435e+04 7.735207618623946473e+03
5.661505346402430361e-02 2.798265429302786288e+04 1.217745854546126429e+04 6.656595273475672002e+03
6.315333144310807112e-02 2.314864650383107801e+04 1.007379474024930278e+04 5.506662293225471331e+03
7.044669267860774464e-02 1.913719131204927908e+04 8.328092654091627992e+03 4.552404449474423018e+03
7.858233914112514040e-02 1.658544316007037196e+04 7.217623462709925661e+03 3.945385984989579811e+03
8.765754345719625751e-02 1.481419426902184932e+04 6.446812657525950272e+03 3.524035431228754987e+03
9.778081193473929511e-02 1.253704001527547553e+04 5.455843596233290555e+03 2.982339459965594415e+03
1.090731819023149224e-01 9.918436936533416883e+03 4.316284721039828582e+03 2.359419976503088492e+03
1.216696688736408766e-01 8.227357065695327037e+03 3.580363538230812992e+03 1.957141759754376153e+03
1.357208808401622890e-01 7.100033347629229866e+03 3.089777158703993337e+03 1.688971243932111747e+03
1.513948189927238619e-01 5.632742052814166527e+03 2.451243692207623553e+03 1.339928353683515525e+03
1.688788864024014236e-01 4.598961116322298949e+03 2.001365240534823442e+03 1.094010547176974569e+03
1.883821286769788717e-01 3.781782067760661903e+03 1.645747286120753870e+03 8.996181871409157793e+02
2.101377333831422056e-01 3.004209060557578596e+03 1.307364569052908564e+03 7.146474505234843946e+02
2.344058181183555356e-01 2.436596843603054367e+03 1.060352438411315006e+03 5.796225426440378214e+02
2.614765405675759102e-01 1.939862651255459014e+03 8.441846665177920386e+02 4.614584567242816320e+02
2.916735677297306317e-01 1.541280804622156438e+03 6.707308648322973568e+02 3.666429653213198208e+02
3.253579457932418983e-01 1.224204038509682960e+03 5.327461970095102970e+02 2.912160956657334054e+02
3.629324169301749725e-01 9.661098397295016866e+02 4.204293578921219705e+02 2.298201075879126449e+02
4.048462346221089470e-01 7.595681094562675071e+02 3.305469870022469081e+02 1.806876054895967627e+02
4.516005350914485406e-01 5.952486396271706326e+02 2.590387998984610363e+02 1.415989248057878456e+02
5.037543290608768043e-01 4.650290837069132976e+02 2.023701625344102695e+02 1.106220530719700434e+02
5.619311854805180140e-01 3.620393257353762806e+02 1.575514017654954273e+02 8.612264704412307026e+01
6.268266871357865977e-01 2.810613769899137537e+02 1.223116373092903473e+02 6.685944482149254497e+01
6.992167472777639503e-01 2.175978634895494679e+02 9.469372943716682300e+01 5.176261258359793516e+01
7.799668867126374749e-01 1.680058101616014881e+02 7.311236248645373337e+01 3.996555564219277557e+01
8.700425822703268253e-01 1.293828399307368215e+02 5.630450593962279981e+01 3.077784778047279701e+01
9.705208103821856280e-01 9.939908338628060847e+01 4.325625354403450729e+01 2.364525302346486058e+01
1.082602923786821769e+00 7.618879138815096042e+01 3.315565963172264929e+01 1.812394252952964280e+01
1.207629015322442267e+00 5.827048349603059307e+01 2.535801303226237735e+01 1.386149917255625574e+01
1.347093940544190405e+00 4.447343697515731265e+01 1.935384549819427136e+01 1.057943027499941380e+01
1.502665190738521561e+00 3.387594554729066942e+01 1.474205328061940179e+01 8.058478466454580769e+00
1.676202830030598223e+00 2.575496041846870554e+01 1.120798197533935792e+01 6.126642459329871393e+00
1.869781734959676811e+00 1.954553051258939078e+01 8.505777180830696338e+00 4.649530488422809249e+00
2.085716402426663674e+00 1.480767946136506019e+01 6.443970443102212897e+00 3.522480699042196406e+00
2.326588622626292402e+00 1.119989421050355460e+01 4.873942934738723309e+00 2.664253461164652670e+00
2.595278347831105226e+00 8.457853214880451276e+00 3.680668245923063520e+00 2.011971306562450046e+00
2.894998126105261083e+00 6.377580273459885873e+00 2.775380395593022076e+00 1.517111878878820486e+00
3.229331511649635278e+00 4.802071638694962452e+00 2.089754444702899505e+00 1.142326770665053504e+00
3.602275911025628830e+00 3.610812002677963317e+00 1.571344825798695277e+00 8.589475536860893268e-01
4.018290377542188097e+00 2.711506207494978060e+00 1.179986993784291727e+00 6.450188835467252080e-01
4.482348925252354732e+00 2.033621800296084192e+00 8.849868692107090151e-01 4.837623686674720203e-01
5.000000000000000888e+00 1.523368944449935647e+00 6.629362761110665359e-01 3.623823812648687137e-01
