1.000000000230258569e-04 1.286667200821419101e+03 6.048194039324588402e+02 3.452860412130846157e+02
1.115026695290953366e-04 1.426161528104591071e+03 6.703369035540516734e+02 3.826628432235174841e+02
1.243284530925187648e-04 1.580810618912897098e+03 7.429564754638608974e+02 4.240825848693154398e+02
1.386295441504667143e-04 1.752263149033246464e+03 8.234475979985508047e+02 4.699808973501835112e+02
1.545756424481938766e-04 1.942347272408479057e+03 9.126629792835768740e+02 5.208400225867248992e+02
1.723559677317991945e-04 2.153085357520441903e+03 1.011546186986598627e+03 5.771932140414214700e+02
1.921815050694108094e-04 2.386693340585618898e+03 1.121135332949961594e+03 6.396277050685821450e+02
2.142875084442451923e-04 2.645610196994678518e+03 1.242575616122445581e+03 7.087913392242405735e+02
2.389362923277018713e-04 2.932513821853031004e+03 1.377128062945146667e+03 7.853979652564180469e+02
2.664203443578849946e-04 3.250278138851938820e+03 1.526160215042102664e+03 8.702263898678916121e+02
2.970657960592480913e-04 3.602011017990450000e+03 1.691162979912757919e+03 9.641291283715196414e+02
3.312362927876497001e-04 3.991073826757398820e+03 1.873760273316787334e+03 1.068038324496998257e+03
3.693373088223966556e-04 4.420990964310913114e+03 2.075672929856668816e+03 1.182952582517070141e+03
4.118209588090659132e-04 4.895475067950141238e+03 2.298734436459584231e+03 1.309946408866235743e+03
4.591913626466918256e-04 5.418458147928621656e+03 2.544905157125535879e+03 1.450177634012137560e+03
5.120106274801957584e-04 5.994094754656061923e+03 2.816237904118850565e+03 1.604861585348422295e+03
5.709055177816341068e-04 6.626746102115648682e+03 3.114878298376888324e+03 1.775274911479745242e+03
6.365748926688486646e-04 7.320973620533804024e+03 3.443073246157974609e+03 1.962763202092402480e+03
7.097979987143026312e-04 8.081710556202498992e+03 3.803192033337981684e+03 2.168721576894551617e+03
7.914437166483044659e-04 8.914242732853861526e+03 4.197713267877997168e+03 2.394587528989049133e+03
8.824808716799498404e-04 9.824105607156701808e+03 4.629196781616718908e+03 2.641837300252750538e+03
9.839897297802024153e-04 1.081701689709722996e+04 5.100279162220443141e+03 2.911973848482253743e+03
1.097174816344422205e-03 1.189884799269862015e+04 5.613653777275982065e+03 3.206510615134673571e+03
1.223379209343287413e-03 1.307558647475605721e+04 6.172028691357561911e+03 3.526947926570509480e+03
1.364100476567608111e-03 1.435274922829430579e+04 6.777925845591844336e+03 3.874691196841669353e+03
1.521008446081769522e-03 1.573517152957741200e+04 7.433595306121687827e+03 4.251006636135146437e+03
1.695965020753673102e-03 1.722716833083936581e+04 8.141039388645781401e+03 4.657010573973508144e+03
1.891046271984591709e-03 1.883164095058056046e+04 8.901614290359453662e+03 5.093461850100702577e+03
2.108567074807741158e-03 2.054958545543326909e+04 9.715808934443477483e+03 5.560643076081032632e+03
2.351108576680822643e-03 2.238031706957902497e+04 1.058333664812530697e+04 6.058397601967614719e+03
2.621548825923003187e-03 2.432048262457441888e+04 1.150264652934428705e+04 6.585840132010286652e+03
2.923096923239734257e-03 2.636335303875782847e+04 1.247057888542935325e+04 7.141154807366377099e+03
3.259331101584665453e-03 2.849904413750930325e+04 1.348249252451038774e+04 7.721676957597419459e+03
3.634241186222156913e-03 3.071356056111302314e+04 1.453180060711567785e+04 8.323639941649096727e+03
4.052275938830490927e-03 3.298803887246107479e+04 1.560960299304410910e+04 8.941973569366915399e+03
4.518395847440812539e-03 3.529918476607677439e+04 1.670491023178347677e+04 9.570420835611799703e+03
5.038131988628217865e-03 3.761831036562362715e+04 1.780416268269428838e+04 1.020119952427824137e+04
5.617651660426248826e-03 3.990980292939361971e+04 1.889042148536734749e+04 1.082451546939731088e+04
6.263831564778516575e-03 4.213186334650053323e+04 1.994397767322697837e+04 1.142912539632436346e+04
6.984339407925946493e-03 4.423574548680838780e+04 2.094168126192221098e+04 1.200176945780566166e+04
7.787724887016851671e-03 4.616547628080962750e+04 2.185701277043858499e+04 1.252717708981129726e+04
8.683521142606049834e-03 4.785790171416532394e+04 2.266016685618020347e+04 1.298831233074426018e+04
9.682357880899711625e-03 4.924329219600353827e+04 2.331779845599506370e+04 1.336601256191926041e+04
1.079608750807801998e-02 5.024486852318041929e+04 2.379392734404846124e+04 1.363965309733708273e+04
1.203792577343234388e-02 5.078124254945215216e+04 2.404970779179101010e+04 1.378707090701456218e+04
1.342260859021738965e-02 5.077099757997173583e+04 2.404633769189518716e+04 1.378574896429320688e+04
1.496656689508787767e-02 5.013568897719723464e+04 2.374692583357985859e+04 1.361466932626170092e+04
1.668812162103823840e-02 4.880889798423358297e+04 2.311979083572035233e+04 1.325561309250414160e+04
1.860770109743517184e-02 4.674751728615253523e+04 2.214450643988448064e+04 1.269687336102547306e+04
2.074808345685756270e-02 4.394705320959477831e+04 2.081890932171055465e+04 1.193718320240432695e+04
2.313466692519383291e-02 4.045921627838276618e+04 1.916746403964143610e+04 1.099057629905843714e+04
2.579577120231610690e-02 3.640847012710427225e+04 1.724910950145709648e+04 9.890832472450150817e+03
2.876297350957714855e-02 3.200121336999327832e+04 1.516163422299656486e+04 8.694033992674865658e+03
3.207148329174031032e-02 2.751840903332778907e+04 1.303816903215287311e+04 7.476528404806049366e+03
3.576056001963404812e-02 2.328443910827228683e+04 1.103243353149386712e+04 6.326473009268705937e+03
3.987397905126498221e-02 1.961163971488756215e+04 9.292452355420269669e+03 5.328767059756781237e+03
4.446055107939526907e-02 1.673147365234927202e+04 7.927935799997419053e+03 4.546338332837647613e+03
4.957470132945773766e-02 1.473045705579155037e+04 6.979921420730018326e+03 4.002733666816414370e+03
5.527711538069327024e-02 1.350003934424976796e+04 6.397003952558397032e+03 3.668484233914711240e+03
6.163545927395905344e-02 1.269613034981096826e+04 6.016158097319108492e+03 3.450107373603644646e+03
6.872518245115814828e-02 1.179175896190353160e+04 5.587683989839584683e+03 3.204410042158374836e+03
7.663041305413779980e-02 1.023850775204624915e+04 4.851708590889426887e+03 2.782359409618211885e+03
8.544495620686157200e-02 8.073392278567755966e+03 3.825762856113868565e+03 2.194010061903663427e+03
9.527340712667957401e-02 5.988074740479317370e+03 2.837609715792962106e+03 1.627327350705678555e+03
1.062323922731101822e-01 4.725796797626986518e+03 2.239461334237122173e+03 1.284302280363765931e+03
1.184519532618636822e-01 4.326982401751111865e+03 2.050482558899578180e+03 1.175928492676636324e+03
1.320770899659224340e-01 4.017214749263805516e+03 1.903697883030152752e+03 1.091751843505754550e+03
1.472694811144383831e-01 3.117164855325412645e+03 1.477183694536215626e+03 8.471517855094882634e+02
1.642094028064348954e-01 2.238518893387366916e+03 1.060808590090044618e+03 6.083652356214845440e+02
1.830978677048002712e-01 1.973596254580926598e+03 9.352672895284021024e+02 5.363690636721599958e+02
2.041590102946942431e-01 1.695675244380006006e+03 8.035654888918550114e+02 4.608393802369247396e+02
2.276427465103479653e-01 1.224925459786185456e+03 5.804823546232385070e+02 3.329030553377955925e+02
2.538277392899435103e-01 1.053119046583185309e+03 4.990655404940613380e+02 2.862111717134939681e+02
2.830247052484705095e-01 8.170237061966954570e+02 3.871821807005816254e+02 2.220468617400756273e+02
3.155801017062329072e-01 6.563411784137790619e+02 3.110360578388030603e+02 1.783776208871099413e+02
3.518802378240603601e-01 5.140636719562253347e+02 2.436119067996071124e+02 1.397102199922024965e+02
3.923558586288135031e-01 4.117311888449346498e+02 1.951172641969511687e+02 1.118988155665128801e+02
4.374872563241952172e-01 3.201797967949655686e+02 1.517316263064049622e+02 8.701738953628398576e+01
4.878099695387512202e-01 2.515211502137578066e+02 1.191947031403226589e+02 6.835762582002647036e+01
5.439211381395319123e-01 1.970451293317814816e+02 9.337880201221069854e+01 5.355232562348662384e+01
6.064865890189676811e-01 1.536361279845826857e+02 7.280748234479172254e+01 4.175477770928825549e+01
6.762487369363893164e-01 1.194258880647450241e+02 5.659540943553497527e+01 3.245723679918270221e+01
7.540353941672404137e-01 9.263674065598414131e+01 4.390016821713142292e+01 2.517656632943576867e+01
8.407695934971151086e-01 7.167772878620344557e+01 3.396778796977834958e+01 1.948038523244507658e+01
9.374805411223435803e-01 5.533308348825330825e+01 2.622212541108004302e+01 1.503828222359993561e+01
1.045315829426528564e+00 4.262237905751083389e+01 2.019857340235629550e+01 1.158380078891693366e+01
1.165555054552403824e+00 3.276343429614848191e+01 1.552646120099838178e+01 8.904362727632602059e+00
1.299625000357985227e+00 2.513516402223930513e+01 1.191145639415084467e+01 6.831171886976194152e+00
1.449116568932995452e+00 1.924657312566594314e+01 9.120877551332748467e+00 5.230786521059089367e+00
1.615803658576671964e+00 1.471092522222659049e+01 6.971452028104032195e+00 3.998099742521604494e+00
1.801664213246928048e+00 1.122475215140573290e+01 5.319367860149601945e+00 3.050636025442307719e+00
2.008903693258128342e+00 8.550648583016064563e+00 4.052119998985645566e+00 2.323874566654706708e+00
2.239981245735629400e+00 6.503385788013916091e+00 3.081929698869696921e+00 1.767474515429521942e+00
2.497638885371206374e+00 4.938858183989323969e+00 2.340506232527694852e+00 1.342271123328411031e+00
2.784934031744384253e+00 3.745309999114935007e+00 1.774888699537148229e+00 1.017891605494229079e+00
3.105275789304232426e+00 2.836285659189278441e+00 1.344105617099340622e+00 7.708392267809287546e-01
3.462465400517639402e+00 2.145056722715907860e+00 1.016534658735326779e+00 5.829786889684719364e-01
3.860741352209485999e+00 1.620233986946906679e+00 7.678229836506652584e-01 4.403435766749508873e-01
4.304829670336041580e+00 1.222331762548112710e+00 5.792585641071059666e-01 3.322026033174959037e-01
4.799999999999999822e+00 9.210706457547889192e-01 4.364920608431447913e-01 2.503265521057145837e-01
