1.000000000230258569e-04 4.645663903152184275e+02 1.997785255630081735e+02 1.104054189788334241e+02
1.122634227564673579e-04 5.173553743245898886e+02 2.224655240876494418e+02 1.229447842592945221e+02
1.260307608609534901e-04 5.761413759364295402e+02 2.477248776834109947e+02 1.369065380892944290e+02
1.414864458359461712e-04 6.416047977345373283e+02 2.758469351308353339e+02 1.524514277998900980e+02
1.588375267953347550e-04 7.145020373447674729e+02 3.071542251124565723e+02 1.697580717049332577e+02
1.783164441611049004e-04 7.956731863714726387e+02 3.420047263563673141e+02 1.890247922073535847e+02
2.001841435067871621e-04 8.860521425805721947e+02 3.807960381290907890e+02 2.104719345170376528e+02
2.247335712646909519e-04 9.866736008348046880e+02 4.239690636831321058e+02 2.343438713784968002e+02
2.522935991264941354e-04 1.098682531737422778e+03 4.720123936840228112e+02 2.609114252381906454e+02
2.832334297096662638e-04 1.223347831402120164e+03 5.254677648409316362e+02 2.904749278013894696e+02
3.179675425093897337e-04 1.362066999741517520e+03 5.849344458424544655e+02 3.233663405815465239e+02
3.569612463934728852e-04 1.516377994127768943e+03 6.510750506471553081e+02 3.599524057746058929e+02
4.007369130231864672e-04 1.687976343898736786e+03 7.246223001198147813e+02 4.006384723539212587e+02
4.498809747048478080e-04 1.878719981528365224e+03 8.063824044350196800e+02 4.458698469412583449e+02
5.050517804175268938e-04 2.090644528508951225e+03 8.972425971221483678e+02 4.961358662581744738e+02
5.669884152586394726e-04 2.325980301310418326e+03 9.981781857139141039e+02 5.519739019398265327e+02
6.365206014554368984e-04 2.587155672257993956e+03 1.110247412672251357e+03 6.139669191173629770e+02
7.145798135793877959e-04 2.876814912694489522e+03 1.234601914054774170e+03 6.827489145191960915e+02
8.022117568662883325e-04 3.197825623885882123e+03 1.372490604106877754e+03 7.590070447369838575e+02
9.005903758055168549e-04 3.553247469410319809e+03 1.525237151198960873e+03 8.434704898990262336e+02
1.011033580661806338e-03 3.946358752972783350e+03 1.694254613393108457e+03 9.369178622009339961e+02
1.135020902606864940e-03 4.380632620960306667e+03 1.881037360156493150e+03 1.040173191338427614e+03
1.274213313974418031e-03 4.859630332286341400e+03 2.087117024819471681e+03 1.154083836149981380e+03
1.430475479156914512e-03 5.387043480991360411e+03 2.314077541085742723e+03 1.279527929684611536e+03
1.605900734223756829e-03 5.966598050857021917e+03 2.563514206559789727e+03 1.417390838923843376e+03
1.802839129895710598e-03 6.601859729864178917e+03 2.836952483546846906e+03 1.568518997662284619e+03
2.023928913547812410e-03 7.296274556747206589e+03 3.135861206877391851e+03 1.733728777661839331e+03
2.272131871983379750e-03 8.052916625433223089e+03 3.461549790575671523e+03 1.913747860096956174e+03
2.550773008441800313e-03 8.874174985975079835e+03 3.815040731166705882e+03 2.109142412722949302e+03
2.863585085365514225e-03 9.761785011440097151e+03 4.197075202341502518e+03 2.320322522934766312e+03
3.214758629634808552e-03 1.071634849827690232e+04 4.607907979227641590e+03 2.547430102485315274e+03
3.608998070155939632e-03 1.173693759582532039e+04 5.047138502852670172e+03 2.790246081935180882e+03
4.051584759838999447e-03 1.282109295716595989e+04 5.513710452316176088e+03 3.048188549070433965e+03
4.548447726227339283e-03 1.396411759762954716e+04 6.005618172285652690e+03 3.320156493673968271e+03
5.106243098575769836e-03 1.515893135977747988e+04 6.519803292041426175e+03 3.604444356771591629e+03
5.732443275407110572e-03 1.639532698285978040e+04 7.051902577409508922e+03 3.898660470659918701e+03
6.435437027063155117e-03 1.765972620506407475e+04 7.596082455489990025e+03 4.199580597954021869e+03
7.224641874254610074e-03 1.893458992529656825e+04 8.144804256461711702e+03 4.503039311836276283e+03
8.110630248067678127e-03 2.019784259815650512e+04 8.688585072202053198e+03 4.803800287088149162e+03
9.105271121505569346e-03 2.142231202626100639e+04 9.215748602267740353e+03 5.095411201414276547e+03
1.022188900990466699e-02 2.257675297395504822e+04 9.712866001986019910e+03 5.370452178433211884e+03
1.147544247024383408e-02 2.361774477531370576e+04 1.016126400008922064e+04 5.618603162148017873e+03
1.288272449057868002e-02 2.450144736433037906e+04 1.054209134927045307e+04 5.829437106944200423e+03
1.446258745407916733e-02 2.517912944320845418e+04 1.083437558096878274e+04 5.991360408301059579e+03
1.623619569135818438e-02 2.559930986298140488e+04 1.101595794916015802e+04 6.092117685306272506e+03
1.822730900435978393e-02 2.570875264579488794e+04 1.106391207626243522e+04 6.119016902484518141e+03
2.046260095998037737e-02 2.546194863530522343e+04 1.095863489381991712e+04 6.061210798845172576e+03
2.297201621738221775e-02 2.482913055436546711e+04 1.068727295062662415e+04 5.911576652869318423e+03
2.578917167586586637e-02 2.380550439927242769e+04 1.024770526793680438e+04 5.668908269447862949e+03
2.895180681720203528e-02 2.242450813192651913e+04 9.654277022748268791e+03 5.341108047148856713e+03
3.250228927534733192e-02 2.076553976245416197e+04 8.941121892338831458e+03 4.947042236079795657e+03
3.648818240631140908e-02 1.895418151355781083e+04 8.162249294368289156e+03 4.516557891626446690e+03
4.096288246151627566e-02 1.714751882211667180e+04 7.385254654555854358e+03 4.087037107840325461e+03
4.598633390041809155e-02 1.550146219300326629e+04 6.677278749532280926e+03 3.695640651217322556e+03
5.162583242493973962e-02 1.412181661404308034e+04 6.083904453749005370e+03 3.367599505066456459e+03
5.795692649341043640e-02 1.301483905743952164e+04 5.607862049070075955e+03 3.104443481842034544e+03
6.506442939097074885e-02 1.202897766565423626e+04 5.183880261069642984e+03 2.870050712133064735e+03
7.304355541444980393e-02 1.091924444205834152e+04 4.706380116940634252e+03 2.605967155874397122e+03
8.200119539239680844e-02 9.500583006521850621e+03 4.095550131394831624e+03 2.267986800878320082e+03
9.205734862752627812e-02 7.885093487173741778e+03 3.399660491571426974e+03 1.882818144915142739e+03
1.033467304443183715e-01 6.482254312605987252e+03 2.795242819068982953e+03 1.548228074515574008e+03
1.160205768769771578e-01 5.593319418421946466e+03 2.412267134783281563e+03 1.336229263626814372e+03
1.302486706739022226e-01 4.999585916516780344e+03 2.156499701188090967e+03 1.194654786422381676e+03
1.462216157596530064e-01 4.201886366615309271e+03 1.812658648833875304e+03 1.004253995853321612e+03
1.641533906237988560e-01 3.301294593591494049e+03 1.424322852491900676e+03 7.891652701972693649e+02
1.842842148426375448e-01 2.774742168065965416e+03 1.197279266850079466e+03 6.634127563154257814e+02
2.068837671345900298e-01 2.356446388617785487e+03 1.016892994450874767e+03 5.634943468553861976e+02
2.322547980593316352e-01 1.836404555639360524e+03 7.925502647348214396e+02 4.392019917197763448e+02
2.607371857574901086e-01 1.532269444339084657e+03 6.613486254354686480e+02 3.665123610058235499e+02
2.927124890628471365e-01 1.212453271022125364e+03 5.233515673454274975e+02 2.900479856078118246e+02
3.286090589819373742e-01 9.827155448597699205e+02 4.242148538428893403e+02 2.351137861853489142e+02
3.689077770159973624e-01 7.734733355585374284e+02 3.339101367606331223e+02 1.850698358438347668e+02
4.141484971975938345e-01 6.171428828889067972e+02 2.664359847211895840e+02 1.476763656339727220e+02
4.649372781414354283e-01 4.861564191218586188e+02 2.098956645475062999e+02 1.163407526954736682e+02
5.219545019921476570e-01 3.809365596456709113e+02 1.644741246233248546e+02 9.116638750136561953e+01
5.859639890329354506e-01 2.976173571139028127e+02 1.285045205825277606e+02 7.123001819398641032e+01
6.578232300572349756e-01 2.315708376913490554e+02 9.999012449762824417e+01 5.542530911771100222e+01
7.384948735793578356e-01 1.795088019932443331e+02 7.751222169733333089e+01 4.296616497259211087e+01
8.290596217703356530e-01 1.386795117001801145e+02 5.988336370307576573e+01 3.319457755484056349e+01
9.307307078768926045e-01 1.067367059774550881e+02 4.609095380962639865e+01 2.554938463451797759e+01
1.044870149067508081e+00 8.187960711396127067e+01 3.535773764967052557e+01 1.959983193716779226e+01
1.173006992433692330e+00 6.262269572504003179e+01 2.704246335735268758e+01 1.499052003043818537e+01
1.316857798575541416e+00 4.775505149077537936e+01 2.062237129991784101e+01 1.143170903577204456e+01
1.478349637175967013e+00 3.631572164566376415e+01 1.568259473070845900e+01 8.693451280040493501e+00
1.659645902619409696e+00 2.754430417028186895e+01 1.189483333851100433e+01 6.593775107220410270e+00
1.863175295489004624e+00 2.083965740187547766e+01 8.999531444412500747e+00 4.988809250456380795e+00
2.091664358187257822e+00 1.572978682378538728e+01 6.792887575566439295e+00 3.765584883030248520e+00
2.348174000537423645e+00 1.184622607111336379e+01 5.115798729821161572e+00 2.835908585772562773e+00
2.636140504673786467e+00 8.902501072046369757e+00 3.844562935109987478e+00 2.131210057305294558e+00
2.959421558534973240e+00 6.676725626205550768e+00 2.883365559164916103e+00 1.598377721157230091e+00
3.322347934639153344e+00 4.997780077747752792e+00 2.158312570099573779e+00 1.196449943540302430e+00
3.729781506445900785e+00 3.734166103069124887e+00 1.612618622425258774e+00 8.939480589904316155e-01
4.187180379509764627e+00 2.785166289853801658e+00 1.202790125825796697e+00 6.667618693556707221e-01
4.700672009942531204e+00 2.073880606606276267e+00 8.956184444808830136e-01 4.964827230971249339e-01
5.277135289701610610e+00 1.541787471729922476e+00 6.658313369089560174e-01 3.691012592873108566e-01
5.924292698344328478e+00 1.144472716056379902e+00 4.942486611611077718e-01 2.739851219844920971e-01
6.650813755741415534e+00 8.483125438463788859e-01 3.663500306220779379e-01 2.030850132282971676e-01
7.466431161634059954e+00 6.279179874253648652e-01 2.711711999550736052e-01 1.503229579891198209e-01
8.382071177875818790e+00 4.641647364471326864e-01 2.004532246625384539e-01 1.111206783404598553e-01
9.410000000000001918e+00 3.426794656704735820e-01 1.479889026207630021e-01 8.203725433758619900e-02
