1.000000000230258569e-04 1.519973081104322409e+04 6.651042883329453616e+03 3.844152782262749952e+03
1.115486563971542785e-04 1.698989486798744110e+04 7.413655534322486346e+03 4.278311346901105026e+03
1.244310274114527074e-04 1.901661174090503846e+04 8.272769282600782390e+03 4.765669071948594137e+03
1.388011391866901154e-04 2.131516474852892134e+04 9.242738751663830044e+03 5.313869045842026935e+03
1.548308057910457113e-04 2.392417340282539953e+04 1.033990943094900831e+04 5.931715782397853218e+03
1.727116835090306587e-04 2.688146360769610692e+04 1.158211012646187737e+04 6.629177065411643525e+03
1.926575623508681512e-04 3.022713507813531032e+04 1.298959489341761036e+04 7.417766734399475354e+03
2.149069222004190347e-04 3.399821008127358073e+04 1.458373509246024514e+04 8.310168842775674420e+03
2.397257841638464457e-04 3.821411867750842794e+04 1.638302610313686637e+04 9.318905745880547329e+03
2.674108912107391479e-04 4.288078608688122767e+04 1.840499290040444612e+04 1.045727273780919677e+04
2.982932561365508645e-04 4.798376747889443504e+04 2.066306132195002283e+04 1.173790187936619259e+04
3.327421192670277522e-04 5.347077503449485084e+04 2.315698570875288351e+04 1.316797231942879625e+04
3.711693632243215748e-04 5.925207087445327488e+04 2.587453669353395526e+04 1.475051251348924779e+04
4.140344375392690035e-04 6.520516627083425556e+04 2.878972996759219677e+04 1.648260334742333362e+04
4.618498519902246974e-04 7.119704601532682136e+04 3.185926290786707978e+04 1.834976992737888577e+04
5.151873043487156757e-04 7.707151946429282543e+04 3.502054295682370139e+04 2.032599683552219722e+04
5.746845157973842983e-04 8.266803522831921873e+04 3.819722370080444671e+04 2.237498978977282968e+04
6.410528557468661917e-04 8.790225266878794355e+04 4.132470115731663827e+04 2.445755861207952330e+04
7.150858472165629249e-04 9.272618466285547765e+04 4.433883680967357213e+04 2.652755213070323225e+04
7.976686544726134401e-04 9.712022128566392348e+04 4.718022555188361730e+04 2.853579627587449068e+04
8.897886663605780169e-04 1.011332527168297092e+05 4.983182075253734365e+04 3.045430457205968196e+04
9.925473018708411317e-04 1.048549697588282579e+05 5.230014547961531207e+04 3.226590541479480089e+04
1.107173179088194286e-03 1.083897328843295109e+05 5.460369433164600923e+04 3.396023356008136761e+04
1.235036804978161722e-03 1.118050456467648037e+05 5.676899087865667389e+04 3.554349150517604721e+04
1.377666961646263968e-03 1.151600971071458334e+05 5.883127099729701877e+04 3.703307646798104543e+04
1.536768984990051967e-03 1.185141847276567860e+05 6.082961882132433675e+04 3.845097415141073725e+04
1.714245154289869167e-03 1.218749959393213649e+05 6.277709863468835101e+04 3.980755747499846620e+04
1.912217436523370962e-03 1.252272598004204483e+05 6.467609317288333114e+04 4.110926540320427739e+04
2.133052857342773462e-03 1.285514972373082710e+05 6.652798458232003031e+04 4.236285882355133072e+04
2.379391802059096454e-03 1.318042362990696856e+05 6.831710638896240562e+04 4.356196828071423806e+04
2.654179585009814029e-03 1.349278658028276695e+05 7.001850009281146049e+04 4.469336900832488027e+04
2.960701664764286197e-03 1.378596465444330825e+05 7.160482730845548213e+04 4.574255212366557680e+04
3.302622926212283368e-03 1.405533161690176348e+05 7.304556175000045914e+04 4.669011013699440082e+04
3.684031499205906151e-03 1.428953799523163179e+05 7.431037409807217773e+04 4.751852631765906699e+04
4.109487637665882979e-03 1.448205750607438968e+05 7.534731019372640003e+04 4.820334183856261370e+04
4.584078243567925488e-03 1.462609137525220285e+05 7.612543698356047389e+04 4.871794499835558963e+04
5.113477687716873853e-03 1.471447156460529368e+05 7.660978753387462348e+04 4.904177439860341838e+04
5.704015654503047893e-03 1.474008522047107399e+05 7.676460736747705960e+04 4.915289585843555687e+04
6.362752821816417166e-03 1.469580293959813716e+05 7.655363073357527901e+04 4.902864744687209895e+04
7.097565280973966440e-03 1.457410357502802508e+05 7.593827128373224696e+04 4.864472064033988863e+04
7.917238706014356406e-03 1.436558073079336318e+05 7.486998360206374491e+04 4.797027579126834462e+04
8.831573398280912271e-03 1.407320529869397578e+05 7.336427749781370221e+04 4.701534852228149975e+04
9.851501462242475554e-03 1.365997780447093537e+05 7.122827291408419842e+04 4.565618594906502403e+04
1.098921751354712747e-02 1.312606829305140127e+05 6.846269379629999457e+04 4.389319458790656790e+04
1.225832448210000328e-02 1.247598644269860815e+05 6.509075320069952431e+04 4.174122928068507463e+04
1.367399625343743499e-02 1.170748727694051340e+05 6.110005270254439529e+04 3.919187436008394434e+04
1.525315909299450497e-02 1.082404717002072721e+05 5.650809469223453198e+04 3.625606795630260604e+04
1.701469402243795462e-02 9.844644412460694730e+04 5.141324603999276587e+04 3.299659601270044368e+04
1.897966256774625410e-02 8.801243049621851242e+04 4.598183323921367992e+04 2.951997095921063737e+04
2.117155857815964867e-02 7.736975068961027137e+04 4.043808533147937851e+04 2.596942141729713330e+04
2.361658912683562567e-02 6.707433917667758942e+04 3.507245896918408107e+04 2.253148096639217329e+04
2.634398785175567220e-02 5.770880108540818037e+04 3.018952806936658817e+04 1.940178609126337687e+04
2.938636448329653983e-02 4.978313697954591771e+04 2.605641948277237680e+04 1.675211278710358602e+04
3.278009473753994152e-02 4.359843348145972413e+04 2.283139026382470183e+04 1.468454378756741971e+04
3.656575523702054742e-02 3.912206462161756644e+04 2.049863014714870587e+04 1.318961787830917820e+04
4.078860865897657173e-02 3.592199889218930912e+04 1.883280010431819392e+04 1.212284717847152569e+04
4.549914491170512637e-02 3.301293118183118349e+04 1.731801183358764320e+04 1.115250966867825082e+04
5.075368480951484434e-02 2.936346744555148325e+04 1.541302937321807440e+04 9.929986119797795254e+03
5.661505346402430361e-02 2.450887767347278714e+04 1.287287068953079870e+04 8.297017305634093645e+03
6.315333144310807112e-02 1.925077910420098124e+04 1.011741189322740138e+04 6.523750209252530112e+03
7.044669267860774464e-02 1.516223790727632513e+04 7.973506787311299377e+03 5.143426857725340597e+03
7.858233914112514040e-02 1.304536991330723504e+04 6.864411400556290573e+03 4.429715723863642779e+03
8.765754345719625751e-02 1.194930913216081353e+04 6.291353577819970269e+03 4.061428060104900396e+03
9.778081193473929511e-02 1.006843022768888295e+04 5.304043250634002106e+03 3.425265429537559612e+03
1.090731819023149224e-01 7.552234631520314906e+03 3.980631667837069472e+03 2.571465723294710642e+03
1.216696688736408766e-01 6.152137921583159368e+03 3.244308823945296353e+03 2.096443151014817431e+03
1.357208808401622890e-01 5.460257913241464848e+03 2.880822750964462557e+03 1.862084815735543771e+03
1.513948189927238619e-01 4.196516579606972300e+03 2.215044853347296339e+03 1.432106799583767724e+03
1.688788864024014236e-01 3.380501945035186509e+03 1.785052643419407786e+03 1.154366527585308177e+03
1.883821286769788717e-01 2.806229562980774062e+03 1.482364282586246873e+03 9.588210545621843721e+02
2.101377333831422056e-01 2.176973519165381276e+03 1.150349272746140286e+03 7.442027822292719748e+02
2.344058181183555356e-01 1.776334549058713947e+03 9.389305323182645679e+02 6.075267958026169026e+02
2.614765405675759102e-01 1.398542836762637307e+03 7.394373741150184287e+02 4.785138775010513541e+02
2.916735677297306317e-01 1.106125108184940018e+03 5.849693604887082756e+02 3.785987705896570787e+02
3.253579457932418983e-01 8.771307330624752012e+02 4.639636203156782130e+02 3.003139752060343426e+02
3.629324169301749725e-01 6.894478379727245283e+02 3.647537772301576524e+02 2.361185733261962980e+02
4.048462346221089470e-01 5.403274904814758202e+02 2.859056922496070570e+02 1.850909958373467816e+02
4.516005350914485406e-01 4.224458334062085783e+02 2.235602952106494001e+02 1.447385822307233525e+02
5.037543290608768043e-01 3.294647872223856098e+02 1.743738165134454050e+02 1.128997911193881407e+02
5.619311854805180140e-01 2.560951842368178859e+02 1.355537949728614819e+02 8.776870931813273558e+01
6.268266871357865977e-01 1.986080531991277667e+02 1.051325404606882614e+02 6.807335790953983690e+01
6.992167472777639503e-01 1.536714730769532196e+02 8.134988895508344342e+01 5.267513961765667574e+01
7.799668867126374749e-01 1.186138759948292147e+02 6.279379834602602983e+01 4.066037764563113655e+01
8.700425822703268253e-01 9.134639655729570507e+01 4.835977062089071410e+01 3.131423021208968294e+01
9.705208103821856280e-01 7.020046520774252485e+01 3.716534592626620537e+01 2.406551823670101697e+01
1.082602923786821769e+00 5.384224056835634542e+01 2.850497491686134310e+01 1.845755408840278022e+01
1.207629015322442267e+00 4.121672517872703168e+01 2.182052080379813219e+01 1.412903524868774952e+01
1.347093940544190405e+00 3.149320126032597855e+01 1.667245542153898796e+01 1.079541837033012719e+01
1.502665190738521561e+00 2.402073267210680285e+01 1.271622682548999528e+01 8.233600278370200698e+00
1.676202830030598223e+00 1.829099433358906879e+01 9.682645133151957850e+00 6.269237011378663738e+00
1.869781734959676811e+00 1.390642646866352372e+01 7.361237244593151985e+00 4.766036518961666246e+00
2.085716402426663674e+00 1.055681942347717062e+01 5.587836253740518622e+00 3.617715749596258856e+00
2.326588622626292402e+00 8.002165990160731823e+00 4.235376763174912185e+00 2.741993506898890764e+00
2.595278347831105226e+00 6.057325357366449836e+00 3.205796695623148729e+00 2.075353879752304120e+00
2.894998126105261083e+00 4.579238930980004341e+00 2.423336893187638896e+00 1.568732480207599034e+00
3.229331511649635278e+00 3.457588655899409780e+00 1.829589538404147619e+00 1.184307554046003519e+00
3.602275911025628830e+00 2.607596772116047568e+00 1.379671851284525186e+00 8.930167494160156094e-01
4.018290377542188097e+00 1.964258174817946179e+00 1.039170446153267591e+00 6.725775442686118266e-01
4.482348925252354732e+00 1.477988057035394487e+00 7.818250501660833907e-01 5.059826364002599774e-01
5.000000000000000888e+00 1.111020399584673468e+00 5.876278755607982074e-01 3.802715530686714973e-01
