1.000000000230258569e-04 2.932924356219783704e+02 1.275549022586613575e+02 7.107199564351220999e+01
1.122634227564673579e-04 3.277928724895723462e+02 1.425040342886461247e+02 7.940268348273180266e+01
1.260307608609534901e-04 3.663744248571365461e+02 1.592016689777536840e+02 8.870821561481632500e+01
1.414864458359461712e-04 4.095256867294478980e+02 1.778509895859046424e+02 9.910203628049512758e+01
1.588375267953347550e-04 4.577947725339611225e+02 1.986785230787404544e+02 1.107106639451294257e+02
1.783164441611049004e-04 5.117942406153458137e+02 2.219364849374813105e+02 1.236750046882232539e+02
2.001841435067871621e-04 5.722057961910485346e+02 2.479052796471812883e+02 1.381517513813118683e+02
2.247335712646909519e-04 6.397911547767954517e+02 2.768969484747509000e+02 1.543153319190438424e+02
2.522935991264941354e-04 7.153897172549119432e+02 3.092582931934176713e+02 1.723595775289187202e+02
2.832334297096662638e-04 7.999177400709467065e+02 3.453743483330799222e+02 1.924995951576842685e+02
3.179675425093897337e-04 8.943853820655972413e+02 3.856728024708618818e+02 2.149743002096097371e+02
3.569612463934728852e-04 9.998826538319538031e+02 4.306280062568139897e+02 2.400483097480407366e+02
4.007369130231864672e-04 1.117575323052329395e+03 4.807656474410088094e+02 2.680143575255145265e+02
4.498809747048478080e-04 1.248723500568692316e+03 5.366681993004856395e+02 2.991964483669437413e+02
5.050517804175268938e-04 1.394693067106493345e+03 5.989776731546678548e+02 3.339510724701095228e+02
5.669884152586394726e-04 1.556958525346689157e+03 6.684011634973373930e+02 3.726700937727887890e+02
6.365206014554368984e-04 1.737107408540394545e+03 7.457167909076001706e+02 4.157840878249479033e+02
7.145798135793877959e-04 1.936910347258652109e+03 8.317642787654713175e+02 4.637581500599893047e+02
8.022117568662883325e-04 2.158321228579530725e+03 9.274514204927511400e+02 5.170952176061880436e+02
9.005903758055168549e-04 2.403459801489612801e+03 1.033758575049466572e+03 5.763382907612691497e+02
1.011033580661806338e-03 2.674619408131170076e+03 1.151708179512443621e+03 6.420553319345835916e+02
1.135020902606864940e-03 2.974277364035643132e+03 1.282372929758664668e+03 7.148434187378826437e+02
1.274213313974418031e-03 3.305062102606637836e+03 1.426870549561837606e+03 7.953257633342664121e+02
1.430475479156914512e-03 3.669591359423524864e+03 1.586313474791696308e+03 8.841249953837893827e+02
1.605900734223756829e-03 4.070530742559592454e+03 1.761813640007830372e+03 9.818659354677423607e+02
1.802839129895710598e-03 4.510511957711426476e+03 1.954452586355931771e+03 1.089157481657134440e+03
2.023928913547812410e-03 4.991856688239468895e+03 2.165204847591644011e+03 1.206545719515673682e+03
2.272131871983379750e-03 5.516646067464781481e+03 2.394934176155769364e+03 1.334514720501398642e+03
2.550773008441800313e-03 6.086555780345489438e+03 2.644323789793938431e+03 1.473447290183880796e+03
2.863585085365514225e-03 6.702560745358137865e+03 2.913767240839253191e+03 1.623562162983541839e+03
3.214758629634808552e-03 7.364942306169292351e+03 3.203355746394385278e+03 1.784908213982363122e+03
3.608998070155939632e-03 8.072897152379602630e+03 3.512737969079067625e+03 1.957291568476756311e+03
4.051584759838999447e-03 8.824113472359904335e+03 3.840968914051757565e+03 2.140196458178372268e+03
4.548447726227339283e-03 9.615003430416456467e+03 4.186518913442331723e+03 2.332782347628643038e+03
5.106243098575769836e-03 1.044080687995989865e+04 4.547150907572263350e+03 2.533762261082024907e+03
5.732443275407110572e-03 1.129384498297959180e+04 4.919638757939531388e+03 2.741373526445461721e+03
6.435437027063155117e-03 1.216434972400323204e+04 5.299727606660635502e+03 2.953243010690468509e+03
7.224641874254610074e-03 1.303975475145754172e+04 5.681946273067573202e+03 3.166324543055413869e+03
8.110630248067678127e-03 1.390528048209986446e+04 6.059867814529420684e+03 3.377040544491987475e+03
9.105271121505569346e-03 1.473987904424081898e+04 6.424324870921468573e+03 3.580281833733107305e+03
1.022188900990466699e-02 1.552097870409980169e+04 6.765485001323534561e+03 3.770568098183043276e+03
1.147544247024383408e-02 1.622336507906333100e+04 7.072366349006001656e+03 3.941784072198341619e+03
1.288272449057868002e-02 1.681722231996760456e+04 7.331966233633617776e+03 4.086685106864978934e+03
1.446258745407916733e-02 1.726910893058715374e+04 7.529699748412441295e+03 4.197134678589774921e+03
1.623619569135818438e-02 1.754483413048910006e+04 7.650654665330883290e+03 4.264819093527363293e+03
1.822730900435978393e-02 1.761039988088847167e+04 7.680007186262107098e+03 4.281473559641000975e+03
2.046260095998037737e-02 1.743600459280017094e+04 7.604724542078324703e+03 4.239810692049441968e+03
2.297201621738221775e-02 1.700149131242710791e+04 7.415987023761974342e+03 4.134891714712285648e+03
2.578917167586586637e-02 1.630288575760598542e+04 7.112039703075876787e+03 3.965734182147493357e+03
2.895180681720203528e-02 1.535980160374421939e+04 6.701388462241772686e+03 3.737055046111800948e+03
3.250228927534733192e-02 1.422154374119146451e+04 6.205490381226404679e+03 3.460796722551694529e+03
3.648818240631140908e-02 1.296843612934153134e+04 5.659371971840938386e+03 3.156485446615653018e+03
4.096288246151627566e-02 1.170388743444634929e+04 5.108130306927769198e+03 2.849266314064213020e+03
4.598633390041809155e-02 1.053483695422164237e+04 4.598444851425216257e+03 2.565174502142532674e+03
5.162583242493973962e-02 9.541330672022128056e+03 4.165264954458885768e+03 2.323712885642219589e+03
5.795692649341043640e-02 8.740919265708022067e+03 3.816279800852507378e+03 2.129180936732937425e+03
6.506442939097074885e-02 8.067970088601331554e+03 3.522858483423291545e+03 1.965615462406928373e+03
7.304355541444980393e-02 7.351973625090735368e+03 3.210559659279219886e+03 1.791485141237930520e+03
8.200119539239680844e-02 6.454482261003992789e+03 2.818914067854949280e+03 1.573046236909928894e+03
9.205734862752627812e-02 5.393039720976124954e+03 2.355564468992177808e+03 1.314557958970128311e+03
1.033467304443183715e-01 4.404051136424429387e+03 1.923765177069338506e+03 1.073642348530370782e+03
1.160205768769771578e-01 3.729779678285406135e+03 1.629364223077839597e+03 9.093826723642623620e+02
1.302486706739022226e-01 3.317402463853649351e+03 1.449324348006826540e+03 8.089332499125250706e+02
1.462216157596530064e-01 2.845495160121143726e+03 1.243239632428379764e+03 6.939346522598948468e+02
1.641533906237988560e-01 2.247491038304235190e+03 9.820230007673884529e+02 5.481509871364382889e+02
1.842842148426375448e-01 1.836392859504449007e+03 8.024411004558348850e+02 4.479243360372362304e+02
2.068837671345900298e-01 1.577970570926574965e+03 6.895530220945364590e+02 3.849200823950006907e+02
2.322547980593316352e-01 1.244067087925397118e+03 5.436651518407692265e+02 3.034899643835433949e+02
2.607371857574901086e-01 1.014292924908980126e+03 4.432692625840194864e+02 2.474508562277576402e+02
2.927124890628471365e-01 8.200844550970670070e+02 3.584077355292867537e+02 2.000810591700514465e+02
3.286090589819373742e-01 6.533187286403141343e+02 2.855331077546237566e+02 1.594011557307715350e+02
3.689077770159973624e-01 5.201047252722954681e+02 2.273176130860375395e+02 1.269034356750176045e+02
4.141484971975938345e-01 4.136265268185252353e+02 1.807840234764976231e+02 1.009264111633598304e+02
4.649372781414354283e-01 3.251932595924370162e+02 1.421350728952845373e+02 7.935053612460588113e+01
5.219545019921476570e-01 2.553138532361882369e+02 1.115940105815470673e+02 6.230067450352589020e+01
5.859639890329354506e-01 1.996944033910928340e+02 8.728469985696867184e+01 4.872957351509350588e+01
6.578232300572349756e-01 1.555276112142950637e+02 6.798053490956306177e+01 3.795258196309868737e+01
7.384948735793578356e-01 1.206834625284981826e+02 5.275077468410502490e+01 2.945014865370938750e+01
8.290596217703356530e-01 9.329836464480422364e+01 4.078107085475508597e+01 2.276767901469757760e+01
9.307307078768926045e-01 7.188635328471981722e+01 3.142201074626431989e+01 1.754265335093050382e+01
1.044870149067508081e+00 5.521805380861206203e+01 2.413631303855903809e+01 1.347513826039250873e+01
1.173006992433692330e+00 4.228800743912081828e+01 1.848455443037395085e+01 1.031982020931097566e+01
1.316857798575541416e+00 3.229365964335158878e+01 1.411596763824000433e+01 7.880875954524707794e+00
1.478349637175967013e+00 2.459554181189263389e+01 1.075105551695040873e+01 6.002269145334367728e+00
1.659645902619409696e+00 1.868511319576816376e+01 8.167544438938893592e+00 4.559910000870229574e+00
1.863175295489004624e+00 1.416086997471465558e+01 6.189941980700110591e+00 3.455824625545210083e+00
2.091664358187257822e+00 1.070757111027055331e+01 4.680457831632412358e+00 2.613086398394139920e+00
2.348174000537423645e+00 8.078838970746833326e+00 3.531400172544735039e+00 1.971571993008704560e+00
2.636140504673786467e+00 6.082898650007176222e+00 2.658943141461755921e+00 1.484482075049265326e+00
2.959421558534973240e+00 4.571095100036923320e+00 1.998108612439073450e+00 1.115539949715677714e+00
3.322347934639153344e+00 3.428615474254195217e+00 1.498711040114128590e+00 8.367275671535920889e-01
3.729781506445900785e+00 2.567111761884911303e+00 1.122132540595103034e+00 6.264847251688964169e-01
4.187180379509764627e+00 1.918819578748048427e+00 8.387523527452013239e-01 4.682741360563959510e-01
4.700672009942531204e+00 1.431927871115150408e+00 6.259230596239231392e-01 3.494518874121212426e-01
5.277135289701610610e+00 1.066935844078842566e+00 4.663782192081524780e-01 2.603782790979711770e-01
5.924292698344328478e+00 7.938079957791939201e-01 3.469888526948350371e-01 1.937234123770177063e-01
6.650813755741415534e+00 5.897666853552278043e-01 2.577984961609736114e-01 1.439285769922840907e-01
7.466431161634059954e+00 4.375816981815754958e-01 1.912755164217612991e-01 1.067888932058525947e-01
8.382071177875818790e+00 3.242483570418606131e-01 1.417353267724980881e-01 7.913068137534169655e-02
9.410000000000001918e+00 2.399712119462976134e-01 1.048961544722200184e-01 5.856342664917273816e-02
