1.000000000230258569e-04 2.180185514437278925e+03 1.124624653968623306e+03 6.519627293339076459e+02
1.115486563971542785e-04 2.436882086583616911e+03 1.257487960768784433e+03 7.291691116989358079e+02
1.244310274114527074e-04 2.723407512859498183e+03 1.405910006464335083e+03 8.154720765426773141e+02
1.388011391866901154e-04 3.043148996193850962e+03 1.571676988348046279e+03 9.119290167455822029e+02
1.548308057910457113e-04 3.399892533812699185e+03 1.756778105222787644e+03 1.019717104191270437e+03
1.727116835090306587e-04 3.797916797440411756e+03 1.963435690199735973e+03 1.140145757143690389e+03
1.926575623508681512e-04 4.242013011069681852e+03 2.194124557538914360e+03 1.274671497817299041e+03
2.149069222004190347e-04 4.737590942908916986e+03 2.451612039824723524e+03 1.424914763646190977e+03
2.397257841638464457e-04 5.290871728117825114e+03 2.739020998525549658e+03 1.592679431400477370e+03
2.674108912107391479e-04 5.908920105673128091e+03 3.059851978129397594e+03 1.779971309446057830e+03
2.982932561365508645e-04 6.599718940487025066e+03 3.418022855653331590e+03 1.989017485817651050e+03
3.327421192670277522e-04 7.372227352292277828e+03 3.817915478864845227e+03 2.222284341066600973e+03
3.711693632243215748e-04 8.236569997273425543e+03 4.264436326293491220e+03 2.482505827034696267e+03
4.140344375392690035e-04 9.203982683508202172e+03 4.763013391833959759e+03 2.772691077832027531e+03
4.618498519902246974e-04 1.028620369390769338e+04 5.319434427224916362e+03 3.096083565468249617e+03
5.151873043487156757e-04 1.149592615651814776e+04 5.939998827524028457e+03 3.456214864851980110e+03
5.746845157973842983e-04 1.284674334429351620e+04 6.631492591903905122e+03 3.856894556681103495e+03
6.410528557468661917e-04 1.435214422335419840e+04 7.400797690452583993e+03 4.302058216275617269e+03
7.150858472165629249e-04 1.602582266092145619e+04 8.255038155091191584e+03 4.795830087917815945e+03
7.976686544726134401e-04 1.788166018546679334e+04 9.201548526627753745e+03 5.342493734304897771e+03
8.897886663605780169e-04 1.993328200567771273e+04 1.024749352880687911e+04 5.946245490208093543e+03
9.925473018708411317e-04 2.219378513536586615e+04 1.139983666975532651e+04 6.611207203920171196e+03
1.107173179088194286e-03 2.467535061675522593e+04 1.266516789647995756e+04 7.341332756706808141e+03
1.235036804978161722e-03 2.738865207870850281e+04 1.404912547637385615e+04 8.139978160967903932e+03
1.377666961646263968e-03 3.034231525753820097e+04 1.555621885151715833e+04 9.009841881089181697e+03
1.536768984990051967e-03 3.354208497365595395e+04 1.718949282945941013e+04 9.952788854704886035e+03
1.714245154289869167e-03 3.698870210518978274e+04 1.894950199582797723e+04 1.096914569476504948e+04
1.912217436523370962e-03 4.067738653367351799e+04 2.083402562911431596e+04 1.205755946502249935e+04
2.133052857342773462e-03 4.459717219756944542e+04 2.283763962809319128e+04 1.321482468758029609e+04
2.379391802059096454e-03 4.872859683162510191e+04 2.495005645820194331e+04 1.443527577631729400e+04
2.654179585009814029e-03 5.304306554913592845e+04 2.715586272472230849e+04 1.571057020021455719e+04
2.960701664764286197e-03 5.750282032500592322e+04 2.943620732371598206e+04 1.702931089707971114e+04
3.302622926212283368e-03 6.205902325350539468e+04 3.176761806006931511e+04 1.837761291327244180e+04
3.684031499205906151e-03 6.665268168198254716e+04 3.411901745459386439e+04 1.973801821516514610e+04
4.109487637665882979e-03 7.121415776257675316e+04 3.645484556238249206e+04 2.108995461995725782e+04
4.584078243567925488e-03 7.566269360606069677e+04 3.873389929065191245e+04 2.240964637572242646e+04
5.113477687716873853e-03 7.990639729207204073e+04 4.090927066003540676e+04 2.367001345340175976e+04
5.704015654503047893e-03 8.384090768277307507e+04 4.292768005477909901e+04 2.484030318881403582e+04
6.362752821816417166e-03 8.734244940735990531e+04 4.472588970585133211e+04 2.588399566778432927e+04
7.097565280973966440e-03 9.032007427073776489e+04 4.625739892631160183e+04 2.677420387650622069e+04
7.917238706014356406e-03 9.252788037650246406e+04 4.739622057577140367e+04 2.743793427105842784e+04
8.831573398280912271e-03 9.382295096879755147e+04 4.806913975460151414e+04 2.783278722196038143e+04
9.851501462242475554e-03 9.410822087095724419e+04 4.822613983439260483e+04 2.792966386041449005e+04
1.098921751354712747e-02 9.322939667685232416e+04 4.778775068954689777e+04 2.768230868992270916e+04
1.225832448210000328e-02 9.105636074946877488e+04 4.668679983450633881e+04 2.705157130988660720e+04
1.367399625343743499e-02 8.752994195049226983e+04 4.489237297311866860e+04 2.601925706654478563e+04
1.525315909299450497e-02 8.268666576501667441e+04 4.242243403213009879e+04 2.459548387890649610e+04
1.701469402243795462e-02 7.666143116949316754e+04 3.934513210501537105e+04 2.281908614233486514e+04
1.897966256774625410e-02 6.974073973822638800e+04 3.580701409812538623e+04 2.077476029690506039e+04
2.117155857815964867e-02 6.235004100942044170e+04 3.202578488209029820e+04 1.858835755079456430e+04
2.361658912683562567e-02 5.502416525866479788e+04 2.827563957459891026e+04 1.641860682005288618e+04
2.634398785175567220e-02 4.832582123420826974e+04 2.484537655385237667e+04 1.443303896454570167e+04
2.938636448329653983e-02 4.272598700833795738e+04 2.197751088030489700e+04 1.277279350287973102e+04
3.278009473753994152e-02 3.846365655128003709e+04 1.979547974072935904e+04 1.150992007905706487e+04
3.656575523702054742e-02 3.541021327767061302e+04 1.823392450437891239e+04 1.060688019007367075e+04
4.078860865897657173e-02 3.299970079215633450e+04 1.700207644233412429e+04 9.894882046488430205e+03
4.549914491170512637e-02 3.026041123496135697e+04 1.559943329564218948e+04 9.082734274402449955e+03
5.075368480951484434e-02 2.638510343131186164e+04 1.360925710636728945e+04 7.927525301863790446e+03
5.661505346402430361e-02 2.155370410552509202e+04 1.112336245434096600e+04 6.482297120155600169e+03
6.315333144310807112e-02 1.706404602736981542e+04 8.811092009641553886e+03 5.136947155118966293e+03
7.044669267860774464e-02 1.422214116946471950e+04 7.347497934750156674e+03 4.285373030654720424e+03
7.858233914112514040e-02 1.292568155043354091e+04 6.681066808503784159e+03 3.898153666529278780e+03
8.765754345719625751e-02 1.154578583289624839e+04 5.970677816967517174e+03 3.484898055250948801e+03
9.778081193473929511e-02 9.115843247565177080e+03 4.716211341633066695e+03 2.753607406503490893e+03
1.090731819023149224e-01 7.097700881350160671e+03 3.673655721001171969e+03 2.145546364620089207e+03
1.216696688736408766e-01 6.282316713631869789e+03 3.252909853806787851e+03 1.900338764991993912e+03
1.357208808401622890e-01 5.212708467444284906e+03 2.700064143604160563e+03 1.577761551688016425e+03
1.513948189927238619e-01 4.027878614131215272e+03 2.087049265492604263e+03 1.219824808104463500e+03
1.688788864024014236e-01 3.453399920564022523e+03 1.789929944493690300e+03 1.046376754861381187e+03
1.883821286769788717e-01 2.705658683401246435e+03 1.402757675518712858e+03 8.201857171601445771e+02
2.101377333831422056e-01 2.231344777338683343e+03 1.157137603576092260e+03 6.766797556349545175e+02
2.344058181183555356e-01 1.764192632539356737e+03 9.150857960601882723e+02 5.352051978187507757e+02
2.614765405675759102e-01 1.428220082945121476e+03 7.409653865455187542e+02 4.334201680649675268e+02
2.916735677297306317e-01 1.135593321177906773e+03 5.892541459579618959e+02 3.447148020336808258e+02
3.253579457932418983e-01 9.015523817153439268e+02 4.678847754893246815e+02 2.737385653035243536e+02
3.629324169301749725e-01 7.150167755752795529e+02 3.711282444911012703e+02 2.171477963863655418e+02
4.048462346221089470e-01 5.651383354640065591e+02 2.933694639407507907e+02 1.716626311486686802e+02
4.516005350914485406e-01 4.454288688842990496e+02 2.312512233494714167e+02 1.353225418650193888e+02
5.037543290608768043e-01 3.498689466297488480e+02 1.816563620835528923e+02 1.063060856829379759e+02
5.619311854805180140e-01 2.740692001513986611e+02 1.423113304338268961e+02 8.328468509920878660e+01
6.268266871357865977e-01 2.142136201704603025e+02 1.112385874711622336e+02 6.510232654718751633e+01
6.992167472777639503e-01 1.670315960571978735e+02 8.674251449210520093e+01 5.076752322628880165e+01
7.799668867126374749e-01 1.299339845063118730e+02 6.748038046529971723e+01 3.949501605607737531e+01
8.700425822703268253e-01 1.008554920049781032e+02 5.238084171428796765e+01 3.065817168722298547e+01
9.705208103821856280e-01 7.812400947763681813e+01 4.057633082878830777e+01 2.374947621443757839e+01
1.082602923786821769e+00 6.039619739618282779e+01 3.136973080215548393e+01 1.836108087979371106e+01
1.207629015322442267e+00 4.660270619136712611e+01 2.420601152543851953e+01 1.416823682459807721e+01
1.347093940544190405e+00 3.589466805014752993e+01 1.864451714741483457e+01 1.091309624966824288e+01
1.502665190738521561e+00 2.759955998171890457e+01 1.433609678748489102e+01 8.391340098728786501e+00
1.676202830030598223e+00 2.118651768021299020e+01 1.100511724799959623e+01 6.441662304033706654e+00
1.869781734959676811e+00 1.623801928027483754e+01 8.434773624320843766e+00 4.937180768991852986e+00
2.085716402426663674e+00 1.242660883078725220e+01 6.455016478847507955e+00 3.778373371229165834e+00
2.326588622626292402e+00 9.496133250669780423e+00 4.932817842050809531e+00 2.887381715370833657e+00
2.595278347831105226e+00 7.246737903908547551e+00 3.764382535533250973e+00 2.203454985282848000e+00
2.894998126105261083e+00 5.522866325974046475e+00 2.868918122876627841e+00 1.679305205022399772e+00
3.229331511649635278e+00 4.203734392555205091e+00 2.183689781151149312e+00 1.278213108957547472e+00
3.602275911025628830e+00 3.195783086733604783e+00 1.660101660266915413e+00 9.717347027286585837e-01
4.018290377542188097e+00 2.426683251533586549e+00 1.260584131487053616e+00 7.378795643807328775e-01
4.482348925252354732e+00 1.840614021711238335e+00 9.561422755309491039e-01 5.596760296110447896e-01
5.000000000000000888e+00 1.394581753185724970e+00 7.244437440288576946e-01 4.240521547880738984e-01
