1.000000000230258569e-04 1.339120594420473708e+03 6.510706509812848708e+02 3.578786646135907290e+02
1.115486563971542785e-04 1.493173697690204335e+03 7.272996458326180118e+02 3.999975462156717185e+02
1.244310274114527074e-04 1.664266057838429333e+03 8.123395548053244966e+02 4.470513622171234260e+02
1.388011391866901154e-04 1.854163711789194849e+03 9.071814022503959904e+02 4.996115033620225745e+02
1.548308057910457113e-04 2.064858310950537543e+03 1.012928655026935871e+03 5.583140827885313229e+02
1.727116835090306587e-04 2.298701308980849262e+03 1.130819721420081578e+03 6.238668225375971588e+02
1.926575623508681512e-04 2.558363699030380303e+03 1.262234691375765351e+03 6.970570590692451560e+02
2.149069222004190347e-04 2.846977755813513340e+03 1.408725476277079224e+03 7.787609613318728634e+02
2.397257841638464457e-04 3.168457119082017016e+03 1.572071325856215708e+03 8.699543544084798441e+02
2.674108912107391479e-04 3.527449784546575302e+03 1.754284097534404737e+03 9.717227789274065799e+02
2.982932561365508645e-04 3.929407369497672335e+03 1.957636709075120507e+03 1.085272467974016081e+03
3.327421192670277522e-04 4.380668370919077461e+03 2.184706024141740727e+03 1.211941306070624250e+03
3.711693632243215748e-04 4.888693344435818290e+03 2.438412499007436509e+03 1.353214133363939482e+03
4.140344375392690035e-04 5.461935235836536776e+03 2.722011579445048028e+03 1.510728732469390479e+03
4.618498519902246974e-04 6.108843975874837270e+03 3.038956134201892837e+03 1.686259268995877846e+03
5.151873043487156757e-04 6.838558845378734986e+03 3.393020629605457088e+03 1.881745004888892709e+03
5.746845157973842983e-04 7.660876155199901405e+03 3.788291180295189406e+03 2.099289245703278993e+03
6.410528557468661917e-04 8.584947851767654356e+03 4.228889466096950855e+03 2.341091939654030739e+03
7.150858472165629249e-04 9.619651260269454724e+03 4.719083081970253261e+03 2.609483770625621219e+03
7.976686544726134401e-04 1.077370252830368008e+04 5.263292757118552800e+03 2.906917757511330819e+03
8.897886663605780169e-04 1.205583676584855311e+04 5.865937546863383432e+03 3.235860645191608000e+03
9.925473018708411317e-04 1.347427792502800003e+04 6.531397094594353803e+03 3.598804036808359342e+03
1.107173179088194286e-03 1.503643442528898959e+04 7.263927531788327542e+03 3.998222117382296346e+03
1.235036804978161722e-03 1.674967735105138854e+04 8.067475638832346704e+03 4.436353802093193735e+03
1.377666961646263968e-03 1.862059114662070715e+04 8.945552480041515082e+03 4.915183233336135345e+03
1.536768984990051967e-03 2.065416667857470748e+04 9.900999184049756877e+03 5.436349718292073703e+03
1.714245154289869167e-03 2.285289974601480935e+04 1.093525809009170734e+04 6.000728448959365778e+03
1.912217436523370962e-03 2.521638455931317367e+04 1.204824501422322282e+04 6.608368998861693399e+03
2.133052857342773462e-03 2.774071316807971380e+04 1.323815715107792130e+04 7.258378381133985386e+03
2.379391802059096454e-03 3.041644256527696052e+04 1.450063433074595014e+04 7.948308368372237055e+03
2.654179585009814029e-03 3.322825240212206700e+04 1.582854234921415991e+04 8.674056402118636470e+03
2.960701664764286197e-03 3.615412786667756154e+04 1.721156667006685166e+04 9.429889502634583550e+03
3.302622926212283368e-03 3.916277535120913672e+04 1.863493567200098187e+04 1.020828258236335569e+04
3.684031499205906151e-03 4.221682778623433114e+04 2.008080149000967867e+04 1.099931444685805582e+04
4.109487637665882979e-03 4.527110297581807390e+04 2.152764837952972084e+04 1.179119257849677706e+04
4.584078243567925488e-03 4.827245876594975562e+04 2.295026212588090129e+04 1.257014572329756629e+04
5.113477687716873853e-03 5.115999101965744921e+04 2.431979960856748949e+04 1.332041799726703903e+04
5.704015654503047893e-03 5.386571263608122536e+04 2.560403156208093787e+04 1.402440197882477696e+04
6.362752821816417166e-03 5.631505120953471487e+04 2.676758187232678392e+04 1.466276099375600097e+04
7.097565280973966440e-03 5.842642890195506334e+04 2.777177512752214534e+04 1.521435238299155935e+04
7.917238706014356406e-03 6.010970316622321116e+04 2.857380719050875632e+04 1.565575238192965298e+04
8.831573398280912271e-03 6.129819725205701252e+04 2.914201729348857043e+04 1.596962018648072626e+04
9.851501462242475554e-03 6.181234038384930318e+04 2.939094693961687517e+04 1.610906607179387174e+04
1.098921751354712747e-02 6.157353855636616936e+04 2.928316169761656420e+04 1.605351628083429023e+04
1.225832448210000328e-02 6.053166587733589404e+04 2.879451551145247868e+04 1.578959811100319712e+04
1.367399625343743499e-02 5.864460428432692424e+04 2.790462193563630353e+04 1.530592246915881515e+04
1.525315909299450497e-02 5.588995697810217825e+04 2.660239297682091274e+04 1.459621464379577264e+04
1.701469402243795462e-02 5.233183143355332140e+04 2.491778719988419834e+04 1.367665562458914246e+04
1.897966256774625410e-02 4.812690843634647172e+04 2.292477884197716776e+04 1.258757884762669346e+04
2.117155857815964867e-02 4.351040644978768978e+04 2.073476403130502513e+04 1.138982274771233278e+04
2.361658912683562567e-02 3.880153600042282778e+04 1.849957357904534365e+04 1.016668189416881251e+04
2.634398785175567220e-02 3.435343705070237047e+04 1.638731683801254621e+04 9.010380014516656956e+03
2.938636448329653983e-02 3.048659591240808732e+04 1.455095962951936963e+04 8.004993657115295719e+03
3.278009473753994152e-02 2.739991922853474171e+04 1.308565133960499406e+04 7.202964721979096794e+03
3.656575523702054742e-02 2.508028436340716507e+04 1.198569251931391591e+04 6.601426422471879050e+03
4.078860865897657173e-02 2.325758302970400109e+04 1.112237118439782353e+04 6.129704172298208505e+03
4.549914491170512637e-02 2.136145347473238871e+04 1.022306544774917711e+04 5.637642609678678127e+03
5.075368480951484434e-02 1.886985576627595583e+04 9.037484081356567913e+03 4.987031925201482409e+03
5.661505346402430361e-02 1.573386748013309625e+04 7.541375080356197941e+03 4.164134230734926859e+03
6.315333144310807112e-02 1.262374173948602220e+04 6.055402583301701270e+03 3.345763136813887741e+03
7.044669267860774464e-02 1.041824292445906758e+04 5.001381352538022838e+03 2.765130167219113446e+03
7.858233914112514040e-02 9.284698189003365769e+03 4.460677048384939553e+03 2.467703651160426034e+03
8.765754345719625751e-02 8.357369740962158176e+03 4.018224162244938725e+03 2.224250229003785535e+03
9.778081193473929511e-02 6.805808730003519486e+03 3.274662976414065270e+03 1.813683862765794174e+03
1.090731819023149224e-01 5.283112362889302858e+03 2.543824106261359248e+03 1.409659839395012568e+03
1.216696688736408766e-01 4.562075427386061165e+03 2.198143178117301431e+03 1.218712028253950848e+03
1.357208808401622890e-01 3.890818364699426638e+03 1.875921822625194864e+03 1.040547821254282098e+03
1.513948189927238619e-01 3.010096567604641223e+03 1.452168352398337447e+03 8.058434678161954707e+02
1.688788864024014236e-01 2.548832296637962827e+03 1.230332199741713794e+03 6.830086425117644922e+02
1.883821286769788717e-01 2.039662442236244488e+03 9.850655658613891319e+02 5.470453216115805617e+02
2.101377333831422056e-01 1.659334653357856041e+03 8.017664378056730357e+02 4.453946345926004255e+02
2.344058181183555356e-01 1.328464065756639911e+03 6.421732479760291881e+02 3.568400678236923795e+02
2.614765405675759102e-01 1.074462808427049367e+03 5.195944969373003914e+02 2.887994728598226857e+02
2.916735677297306317e-01 8.540432812203086996e+02 4.131488765973753630e+02 2.296869099170468758e+02
3.253579457932418983e-01 6.808427082029788835e+02 3.294662943945783695e+02 1.832004109757837682e+02
3.629324169301749725e-01 5.411495233771410085e+02 2.619413317291891303e+02 1.456782009448374708e+02
4.048462346221089470e-01 4.283567990235476941e+02 2.073962787954671114e+02 1.153604123967996600e+02
4.516005350914485406e-01 3.380810600239192922e+02 1.637238173638044429e+02 9.108025778373927039e+01
5.037543290608768043e-01 2.660167781469963870e+02 1.288498972313952038e+02 7.168779408489423588e+01
5.619311854805180140e-01 2.086980094347210013e+02 1.011036307250712696e+02 5.625611630724878154e+01
6.268266871357865977e-01 1.633488164313847051e+02 7.914586611549846396e+01 4.404199973568658777e+01
6.992167472777639503e-01 1.275445038583206099e+02 6.180579703546619896e+01 3.439524665649804547e+01
7.799668867126374749e-01 9.934557654890737410e+01 4.814637438722794371e+01 2.679529373789141999e+01
8.700425822703268253e-01 7.720568244478364761e+01 3.742011743724186346e+01 2.082676232509832914e+01
9.705208103821856280e-01 5.987212639540062753e+01 2.902120513718245931e+01 1.615289207304891761e+01
1.082602923786821769e+00 4.633512168273995258e+01 2.246108718401845294e+01 1.250203991129207282e+01
1.207629015322442267e+00 3.578843418715302960e+01 1.734955683706472485e+01 9.657199727960863456e+00
1.347093940544190405e+00 2.759067239255407245e+01 1.337609370819574117e+01 7.445651503724447728e+00
1.502665190738521561e+00 2.123276865087881049e+01 1.029417657223584825e+01 5.730252921046377068e+00
1.676202830030598223e+00 1.631206775850972690e+01 7.908772221297249772e+00 4.402491291654386352e+00
1.869781734959676811e+00 1.251127526536154022e+01 6.066164999045747130e+00 3.376833564667567789e+00
2.085716402426663674e+00 9.581097646010398705e+00 4.645563512029032616e+00 2.586061197822867808e+00
2.326588622626292402e+00 7.326214286772928297e+00 3.552315194701878287e+00 1.977497666674466359e+00
2.595278347831105226e+00 5.593999012996715869e+00 2.712448653378247254e+00 1.509973560731559195e+00
2.894998126105261083e+00 4.265494863847987261e+00 2.068305075632825840e+00 1.151397037687915459e+00
3.229331511649635278e+00 3.248211456542817732e+00 1.575050489361339956e+00 8.768134125317755823e-01
3.602275911025628830e+00 2.470418134211368688e+00 1.197911708977744683e+00 6.668671429014858543e-01
4.018290377542188097e+00 1.876598756141432345e+00 9.099744309342692183e-01 5.065766690392514704e-01
4.482348925252354732e+00 1.423863925730953106e+00 6.904449444150678739e-01 3.843671587612413898e-01
5.000000000000000888e+00 1.079146163736117714e+00 5.232908389547030747e-01 2.913140095715097133e-01
