1.000000000230258569e-04 8.048449938276634157e+02 3.782247198535276311e+02 2.182552096983465901e+02
1.115026695290953366e-04 8.958533145753448252e+02 4.207923996170749206e+02 2.427864846760336945e+02
1.243284530925187648e-04 9.972751261915462919e+02 4.681670728055550512e+02 2.700769264596318067e+02
1.386295441504667143e-04 1.110331741750676883e+03 5.208957563936656925e+02 3.004372538252579261e+02
1.545756424481938766e-04 1.236391665243743319e+03 5.795883124264025810e+02 3.342131927689145527e+02
1.723559677317991945e-04 1.376972875103838078e+03 6.449228411047885174e+02 3.717887932209113728e+02
1.921815050694108094e-04 1.533759638178215027e+03 7.176533999136718194e+02 4.135906717806197435e+02
2.142875084442451923e-04 1.708627728430816433e+03 7.986192197148467358e+02 4.600929504891820443e+02
2.389362923277018713e-04 1.903601899667325142e+03 8.887438126259208957e+02 5.118195387112351114e+02
2.664203443578849946e-04 2.120854086181266211e+03 9.890415279104851152e+02 5.693487899321812620e+02
2.970657960592480913e-04 2.362749427006924179e+03 1.100632320823219743e+03 6.333207163077172481e+02
3.312362927876497001e-04 2.631750655696728700e+03 1.224724481426038210e+03 7.044341480427141278e+02
3.693373088223966556e-04 2.930366820585625192e+03 1.362610062483590582e+03 7.834484632189796685e+02
4.118209588090659132e-04 3.261209657724486988e+03 1.515688139860977572e+03 8.711947141096235327e+02
4.591913626466918256e-04 3.626995973908492488e+03 1.685444836224762639e+03 9.685661683725302282e+02
5.120106274801957584e-04 4.030532882184331356e+03 1.873437989755910849e+03 1.076512512633057440e+03
5.709055177816341068e-04 4.474671086765693872e+03 2.081313752320018011e+03 1.196053356810767809e+03
6.365748926688486646e-04 4.962558707667911222e+03 2.310831956916218132e+03 1.328273840383805918e+03
7.097979987143026312e-04 5.497872904066604860e+03 2.563886135358419324e+03 1.474318752343351207e+03
7.914437166483044659e-04 6.084565650142852974e+03 2.842472623981835113e+03 1.635395476060056126e+03
8.824808716799498404e-04 6.727015527659694271e+03 3.148723636066015388e+03 1.812774771811984692e+03
9.839897297802024153e-04 7.430236241066378170e+03 3.484949017441806063e+03 2.007790215742427335e+03
1.097174816344422205e-03 8.199755887899675145e+03 3.853591275433308965e+03 2.221826446164459867e+03
1.223379209343287413e-03 9.041271253763139612e+03 4.257133488891824527e+03 2.456279962315532430e+03
1.364100476567608111e-03 9.960136450810698079e+03 4.697967139988120834e+03 2.712502761979943443e+03
1.521008446081769522e-03 1.096178328568074357e+04 5.178459380731969759e+03 2.991814060076693295e+03
1.695965020753673102e-03 1.205118691040168233e+04 5.700753495267174003e+03 3.295398937035319250e+03
1.891046271984591709e-03 1.323176953672247873e+04 6.266393646091281880e+03 3.624127740065791841e+03
2.108567074807741158e-03 1.450594710929542271e+04 6.876465422786261115e+03 3.978606223716895329e+03
2.351108576680822643e-03 1.587479297767369644e+04 7.531424851314371153e+03 4.359080212405701786e+03
2.621548825923003187e-03 1.733721954130441009e+04 8.230732153430688413e+03 4.765245691627122142e+03
2.923096923239734257e-03 1.889003636139255832e+04 8.972873951501647753e+03 5.196249285883137418e+03
3.259331101584665453e-03 2.052765536983590573e+04 9.755234358061929015e+03 5.650594813497761606e+03
3.634241186222156913e-03 2.224160392990681430e+04 1.057388850902316517e+04 6.125976105585720688e+03
4.052275938830490927e-03 2.402034283222016165e+04 1.142351556434817030e+04 6.619257029849437458e+03
4.518395847440812539e-03 2.584891905893927833e+04 1.229681581495075443e+04 7.126509179311196021e+03
5.038131988628217865e-03 2.770855085287673501e+04 1.318489615272612537e+04 7.642393499047841033e+03
5.617651660426248826e-03 2.957595984608599611e+04 1.407682923964824658e+04 8.160594401170353194e+03
6.263831564778516575e-03 3.142841556052953456e+04 1.496188367767404270e+04 8.674962288446227831e+03
6.984339407925946493e-03 3.321734726349815901e+04 1.581695336166630659e+04 9.172095780500538240e+03
7.787724887016851671e-03 3.490544975832599448e+04 1.662428145790360213e+04 9.641705540358501821e+03
8.683521142606049834e-03 3.644837756917745719e+04 1.736277634190032040e+04 1.007156274940969524e+04
9.682357880899711625e-03 3.779618389502775972e+04 1.800868774416885935e+04 1.044793924379682903e+04
1.079608750807801998e-02 3.889175358546455391e+04 1.853474019941695951e+04 1.075498113073688364e+04
1.203792577343234388e-02 3.966751493142428080e+04 1.890866973802859138e+04 1.097393108679755278e+04
1.342260859021738965e-02 4.006048174088910309e+04 1.910041827281710721e+04 1.108732231548441268e+04
1.496656689508787767e-02 4.000498147235389479e+04 1.907866722319083055e+04 1.107695391335035674e+04
1.668812162103823840e-02 3.944152962889433547e+04 1.881481368412673328e+04 1.092609020129557939e+04
1.860770109743517184e-02 3.832690296253650740e+04 1.828797862491509295e+04 1.062242553578976731e+04
2.074808345685756270e-02 3.664267008913226164e+04 1.748930356606933856e+04 1.016078634402562602e+04
2.313466692519383291e-02 3.440882660781507002e+04 1.642795443162132506e+04 9.546371826692542527e+03
2.579577120231610690e-02 3.169761481563452980e+04 1.513805844988354511e+04 8.798811864311672252e+03
2.876297350957714855e-02 2.864422911619231309e+04 1.368399585159855269e+04 7.955454581121988667e+03
3.207148329174031032e-02 2.544383716241216825e+04 1.215883106216245324e+04 7.070368865257861216e+03
3.576056001963404812e-02 2.233236538140759149e+04 1.067521560788184433e+04 6.209012284491785977e+03
3.987397905126498221e-02 1.954723784348109257e+04 9.346703916879727331e+03 5.437474217601357850e+03
4.446055107939526907e-02 1.727371749448385890e+04 8.262038614980381681e+03 4.807455960150806277e+03
4.957470132945773766e-02 1.558524242486175353e+04 7.456580119141072828e+03 4.339632272640393239e+03
5.527711538069327024e-02 1.439019112196890819e+04 6.886724561250894112e+03 4.008726708709153172e+03
6.163545927395905344e-02 1.341666744543841924e+04 6.422519779747094617e+03 3.739163863169410433e+03
6.872518245115814828e-02 1.222018709653125916e+04 5.851229543629335240e+03 3.407109315064553357e+03
7.663041305413779980e-02 1.051890682428637228e+04 5.037809113269044246e+03 2.933898157474694926e+03
8.544495620686157200e-02 8.470861509159702109e+03 4.057828589049503080e+03 2.363501772017712938e+03
9.527340712667957401e-02 6.672881239683513741e+03 3.197182748680155782e+03 1.862443300214764577e+03
1.062323922731101822e-01 5.616094365299338278e+03 2.691344254274817104e+03 1.567953230547493831e+03
1.184519532618636822e-01 5.142746033630114653e+03 2.464925030388526011e+03 1.436185829844183672e+03
1.320770899659224340e-01 4.527481959922865826e+03 2.170362297352637142e+03 1.264670909247527788e+03
1.472694811144383831e-01 3.500815729347790239e+03 1.678436940536307247e+03 9.781023635790761546e+02
1.642094028064348954e-01 2.747173495769712190e+03 1.317273122285227601e+03 7.676888259174435234e+02
1.830978677048002712e-01 2.450503431915020883e+03 1.175149861715289717e+03 6.849025327550778002e+02
2.041590102946942431e-01 1.985223820565588994e+03 9.521165503803621277e+02 5.549432506694594167e+02
2.276427465103479653e-01 1.540288757171069392e+03 7.387889892322909873e+02 4.306243735844438447e+02
2.538277392899435103e-01 1.317825774710437372e+03 6.321342083807124936e+02 3.684721029549631908e+02
2.830247052484705095e-01 1.020382018743209414e+03 4.894890184699266911e+02 2.853336522324327689e+02
3.155801017062329072e-01 8.427071860258632796e+02 4.042796895463205828e+02 2.356700816647417867e+02
3.518802378240603601e-01 6.612303987981520095e+02 3.172339615676829112e+02 1.849323934265685807e+02
3.923558586288135031e-01 5.324560420627800568e+02 2.554637949454500188e+02 1.489264217689624843e+02
4.374872563241952172e-01 4.222100373704546996e+02 2.025769913179596813e+02 1.180973535307723949e+02
4.878099695387512202e-01 3.333387454865108452e+02 1.599414463828731812e+02 9.324326315405069465e+01
5.439211381395319123e-01 2.630138526473976981e+02 1.262017513412589409e+02 7.357449899623422596e+01
6.064865890189676811e-01 2.068824538052991500e+02 9.927054053651477261e+01 5.787445092610559527e+01
6.762487369363893164e-01 1.622547176524389556e+02 7.785786706827997250e+01 4.539131443711099934e+01
7.540353941672404137e-01 1.268499284843437209e+02 6.086984915818448627e+01 3.548752217376347318e+01
8.407695934971151086e-01 9.891170418705355871e+01 4.746412496987797880e+01 2.767206036099690181e+01
9.374805411223435803e-01 7.694161223687480344e+01 3.692189956342705415e+01 2.152593929404325124e+01
1.045315829426528564e+00 5.970857433621024768e+01 2.865257057402621754e+01 1.670488187850415329e+01
1.165555054552403824e+00 4.622921726522505992e+01 2.218435675271991059e+01 1.293385942388029797e+01
1.299625000357985227e+00 3.571589601607838205e+01 1.713936317427149092e+01 9.992569226896211632e+00
1.449116568932995452e+00 2.753703346958265996e+01 1.321455735306543566e+01 7.704350875212140792e+00
1.615803658576671964e+00 2.118948765619958863e+01 1.016852175009223735e+01 5.928462114653525461e+00
1.801664213246928048e+00 1.627461486077958241e+01 7.809974909743075955e+00 4.553386743879281440e+00
2.008903693258128342e+00 1.247751265490591877e+01 5.987813318608763424e+00 3.491031039690478455e+00
2.239981245735629400e+00 9.550089209928957601e+00 4.582988450323822072e+00 2.671989007314161668e+00
2.497638885371206374e+00 7.297614247248093378e+00 3.502056190204647645e+00 2.041781912338692884e+00
2.784934031744384253e+00 5.567743343294734970e+00 2.671911764047370408e+00 1.557788932398862958e+00
3.105275789304232426e+00 4.241624611287390323e+00 2.035521743331480060e+00 1.186758834832578602e+00
3.462465400517639402e+00 3.226769885836747065e+00 1.548502921323597459e+00 9.028154145739527570e-01
3.860741352209485999e+00 2.451393962599280218e+00 1.176406761732407436e+00 6.858744727612160474e-01
4.304829670336041580e+00 1.859908978923052958e+00 8.925578077985792946e-01 5.203836546038502764e-01
4.799999999999999822e+00 1.409373640222130852e+00 6.763493556737958379e-01 3.943288089543275921e-01
