1.000000000230258569e-04 1.083728678461721029e+04 5.128536002928646667e+03 2.981239976524997019e+03
1.115486563971542785e-04 1.194536421905757561e+04 5.648458796876537235e+03 3.280389028839008006e+03
1.244310274114527074e-04 1.317559168123216659e+04 6.225014771376415410e+03 3.611347666568300610e+03
1.388011391866901154e-04 1.454276740960625284e+04 6.865223661428787636e+03 3.977947621031070412e+03
1.548308057910457113e-04 1.606276939289038819e+04 7.576862667090710602e+03 4.384486431745438495e+03
1.727116835090306587e-04 1.775111363938129944e+04 8.368167523944297500e+03 4.835688639505673564e+03
1.926575623508681512e-04 1.962412429989222437e+04 9.248238414302652018e+03 5.336860855345209529e+03
2.149069222004190347e-04 2.169699172563322281e+04 1.022639281006827878e+04 5.893677950922184209e+03
2.397257841638464457e-04 2.397873866486714542e+04 1.131038784747188038e+04 6.511551340085443371e+03
2.674108912107391479e-04 2.647436420038501456e+04 1.250737545280657832e+04 7.196060871619597492e+03
2.982932561365508645e-04 2.918270130328326923e+04 1.382269720014973973e+04 7.952349018843742670e+03
3.327421192670277522e-04 3.209032559599397791e+04 1.525620886039553079e+04 8.783193470193149551e+03
3.711693632243215748e-04 3.517257474714024283e+04 1.680332526983201024e+04 9.689712527610061443e+03
4.140344375392690035e-04 3.839561888921452191e+04 1.845487614957898040e+04 1.067088342501201987e+04
4.618498519902246974e-04 4.172441041726034746e+04 2.019688155417401140e+04 1.172185246966759951e+04
5.151873043487156757e-04 4.511689262501899066e+04 2.200942123047796122e+04 1.283399692113260789e+04
5.746845157973842983e-04 4.852927853792344831e+04 2.386887193065144675e+04 1.399570091654631142e+04
6.410528557468661917e-04 5.194321251860319171e+04 2.575864289850198838e+04 1.519602745754532589e+04
7.150858472165629249e-04 5.535127354476079199e+04 2.766350687123898751e+04 1.642249838404759430e+04
7.976686544726134401e-04 5.875297271625563735e+04 2.956974536258683293e+04 1.766194437351928718e+04
8.897886663605780169e-04 6.216434793179109693e+04 3.147643691352124370e+04 1.890862233559490051e+04
9.925473018708411317e-04 6.561313408650687779e+04 3.338994806642176263e+04 2.016040838858762072e+04
1.107173179088194286e-03 6.913192124464239168e+04 3.531981741137463541e+04 2.141682288207775491e+04
1.235036804978161722e-03 7.273620932695137162e+04 3.727307006053708028e+04 2.267971777794099398e+04
1.377666961646263968e-03 7.643625205519038718e+04 3.925728398803968594e+04 2.395311424080190773e+04
1.536768984990051967e-03 8.024178804948562174e+04 4.128079318346678338e+04 2.524199967907368409e+04
1.714245154289869167e-03 8.414391454626973427e+04 4.334147196799482481e+04 2.654574021802455900e+04
1.912217436523370962e-03 8.812344261952485249e+04 4.543190224522882636e+04 2.786107792965382032e+04
2.133052857342773462e-03 9.215707291222306958e+04 4.754308278949646046e+04 2.918415429764236615e+04
2.379391802059096454e-03 9.621165094965900062e+04 4.965966706616609008e+04 3.050652901612745336e+04
2.654179585009814029e-03 1.002463753999673499e+05 5.176186020279522199e+04 3.181677452661444840e+04
2.960701664764286197e-03 1.042150321831476904e+05 5.382728558920167416e+04 3.310201514672437042e+04
3.302622926212283368e-03 1.080754348920157208e+05 5.583531538343911961e+04 3.434699647310259752e+04
3.684031499205906151e-03 1.117507375358807185e+05 5.774545516078384389e+04 3.553538670728026045e+04
4.109487637665882979e-03 1.151750947170922154e+05 5.952603996742761228e+04 3.664168167224122590e+04
4.584078243567925488e-03 1.182921045232656179e+05 6.114731015650506015e+04 3.764874061777913448e+04
5.113477687716873853e-03 1.209926374364927760e+05 6.255340765508182085e+04 3.852272919673321303e+04
5.704015654503047893e-03 1.231655993428014044e+05 6.368700749210737558e+04 3.922851816268216498e+04
6.362752821816417166e-03 1.246982613544438645e+05 6.448988437413139036e+04 3.973033329296016018e+04
7.097565280973966440e-03 1.255122037668275734e+05 6.492171774925747741e+04 4.000354324973699840e+04
7.917238706014356406e-03 1.254890870629664278e+05 6.492118818722711876e+04 4.001045844111478800e+04
8.831573398280912271e-03 1.244891355970785371e+05 6.441559108840778208e+04 3.970605139695779508e+04
9.851501462242475554e-03 1.224032472428593755e+05 6.334848479344473890e+04 3.905543529648723052e+04
1.098921751354712747e-02 1.191294894947682769e+05 6.166685077536961035e+04 3.802584587082300277e+04
1.225832448210000328e-02 1.145912629969805421e+05 5.933067513331891678e+04 3.659248401199936052e+04
1.367399625343743499e-02 1.087675539726077113e+05 5.632815972882945789e+04 3.474745089851570810e+04
1.525315909299450497e-02 1.017137628789676237e+05 5.268778888616687618e+04 3.250820356923622239e+04
1.701469402243795462e-02 9.358675102971693559e+04 4.849022562437732267e+04 2.992443560758528838e+04
1.897966256774625410e-02 8.466798414702377340e+04 4.388043163190030464e+04 2.708516271151361798e+04
2.117155857815964867e-02 7.537345538190362277e+04 3.907356808086459932e+04 2.412293069923272560e+04
2.361658912683562567e-02 6.622467274286750762e+04 3.433993449729443091e+04 2.120476119506305258e+04
2.634398785175567220e-02 5.777758538795103959e+04 2.996769371039854377e+04 1.850850938495794617e+04
2.938636448329653983e-02 5.051379749609500141e+04 2.620702165384474210e+04 1.618892111021889468e+04
3.278009473753994152e-02 4.470967411697559874e+04 2.320176255203221444e+04 1.433509077019726465e+04
3.656575523702054742e-02 4.030844415885287162e+04 2.092301599185839586e+04 1.292942939836836740e+04
4.078860865897657173e-02 3.686415866700789775e+04 1.913982198597750903e+04 1.182944673178386620e+04
4.549914491170512637e-02 3.347891953610163182e+04 1.738624969913297537e+04 1.074731081432650353e+04
5.075368480951484434e-02 2.932294545062305042e+04 1.523134793274781441e+04 9.416621557811973616e+03
5.661505346402430361e-02 2.425656990042752659e+04 1.260232657327219931e+04 7.792298971809545947e+03
6.315333144310807112e-02 1.922216558764548972e+04 9.988675645997542233e+03 6.176976228235925191e+03
7.044669267860774464e-02 1.554206015028206639e+04 8.077789507013185357e+03 4.995840415940050661e+03
7.858233914112514040e-02 1.356015585579678373e+04 7.048886799281603089e+03 4.359936439276698366e+03
8.765754345719625751e-02 1.209850290838410183e+04 6.290036696964627481e+03 3.890916690136673424e+03
9.778081193473929511e-02 9.834756841164318757e+03 5.113812429793316369e+03 3.163575543307435510e+03
1.090731819023149224e-01 7.492845632033790025e+03 3.896561202960523588e+03 2.410711886988851347e+03
1.216696688736408766e-01 6.294779198269424342e+03 3.273882653781586214e+03 2.025600182609237436e+03
1.357208808401622890e-01 5.355775352576185469e+03 2.785785436804325400e+03 1.723700701126349941e+03
1.513948189927238619e-01 4.084234193494305600e+03 2.124581666873452377e+03 1.314642807055954790e+03
1.688788864024014236e-01 3.372176368085316881e+03 1.754309469531308196e+03 1.085570483722555537e+03
1.883821286769788717e-01 2.687539813150409373e+03 1.398233134890694146e+03 8.652594084655510187e+02
2.101377333831422056e-01 2.131066147330625881e+03 1.108783123973010788e+03 6.861610061511189542e+02
2.344058181183555356e-01 1.690479172770935293e+03 8.795915996665196417e+02 5.443412956192823913e+02
2.614765405675759102e-01 1.340009160654975403e+03 6.972639400018432525e+02 4.315153372297146461e+02
2.916735677297306317e-01 1.047803820219878617e+03 5.452367081338251182e+02 3.374360545936984295e+02
3.253579457932418983e-01 8.224232379620776783e+02 4.279702896602308329e+02 2.648659407822366347e+02
3.629324169301749725e-01 6.425226899701543744e+02 3.343624051261514296e+02 2.069353352481824686e+02
4.048462346221089470e-01 4.998421039753736750e+02 2.601181558632369502e+02 1.609873183200715232e+02
4.516005350914485406e-01 3.876908718151192943e+02 2.017577255594079588e+02 1.248687952780323371e+02
5.037543290608768043e-01 2.998126119941147749e+02 1.560272041986136173e+02 9.656646313146944749e+01
5.619311854805180140e-01 2.311263604710171364e+02 1.202831628125525327e+02 7.444448446000873787e+01
6.268266871357865977e-01 1.777414604088925785e+02 9.250119069167855912e+01 5.725004273008309497e+01
6.992167472777639503e-01 1.363476935296698116e+02 7.095915588064515589e+01 4.391745691281746389e+01
7.799668867126374749e-01 1.043314564700762475e+02 5.429718371470919891e+01 3.360516326667232079e+01
8.700425822703268253e-01 7.964615247244800855e+01 4.145029132554036977e+01 2.565405168000728509e+01
9.705208103821856280e-01 6.066869534189579838e+01 3.157384802440834903e+01 1.954137942250961402e+01
1.082602923786821769e+00 4.611650757647201004e+01 2.400040413636182990e+01 1.485405839848715814e+01
1.207629015322442267e+00 3.498481444095212112e+01 1.820707657944280200e+01 1.126847594710868172e+01
1.347093940544190405e+00 2.648957312295148370e+01 1.378584904156858748e+01 8.532111678667218868e+00
1.502665190738521561e+00 2.002079031892726491e+01 1.041926992583620226e+01 6.448491616020848305e+00
1.676202830030598223e+00 1.510542944699898449e+01 7.861155348198670900e+00 4.865247523106758898e+00
1.869781734959676811e+00 1.137797456946754338e+01 5.921274575289555919e+00 3.664640132190174260e+00
2.085716402426663674e+00 8.556799817216598214e+00 4.453054999682851012e+00 2.755950762562334067e+00
2.326588622626292402e+00 6.425463150801639323e+00 3.343851339886347418e+00 2.069460816782948243e+00
2.595278347831105226e+00 4.818062180866276911e+00 2.507322565432991812e+00 1.551732760798617994e+00
2.894998126105261083e+00 3.607800440350708016e+00 1.877478769616095944e+00 1.161924338015845937e+00
3.229331511649635278e+00 2.697993768832462447e+00 1.404001205350722259e+00 8.688922746207200509e-01
3.602275911025628830e+00 2.015075610566754882e+00 1.048603399270993553e+00 6.489405988567360506e-01
4.018290377542188097e+00 1.503189371103211602e+00 7.822161181568505484e-01 4.840781451030281568e-01
4.482348925252354732e+00 1.120033410773555449e+00 5.828232017618520944e-01 3.606785171337538176e-01
5.000000000000000888e+00 8.336252724133550451e-01 4.337786835542555286e-01 2.684389236374619125e-01
