1.000000000230258569e-04 5.790503694812538242e+02 2.584066838273693065e+02 1.403565450248749471e+02
1.122634227564673579e-04 6.480682583978319826e+02 2.895011336554571244e+02 1.572773544513682111e+02
1.260307608609534901e-04 7.251084599175743506e+02 3.243127048626699889e+02 1.762324954162309041e+02
1.414864458359461712e-04 8.110471416516514864e+02 3.632781638298877738e+02 1.974646820692928770e+02
1.588375267953347550e-04 9.068527035808019718e+02 4.068838082282389905e+02 2.212448864783587510e+02
1.783164441611049004e-04 1.013604177157979507e+03 4.556704011452081318e+02 2.478750998320435883e+02
2.001841435067871621e-04 1.132493294050406575e+03 5.102394301216244230e+02 2.776922317500643089e+02
2.247335712646909519e-04 1.264885061129787573e+03 5.712623556675810050e+02 3.110716222268124511e+02
2.522935991264941354e-04 1.412382984072124827e+03 6.394906095207878707e+02 3.484308805240973470e+02
2.832334297096662638e-04 1.576814795604612073e+03 7.157621710043137000e+02 3.902349072936850689e+02
3.179675425093897337e-04 1.760367036336688216e+03 8.010207070624568360e+02 4.370004003485377666e+02
3.569612463934728852e-04 1.965690739361460146e+03 8.963325479386033976e+02 4.893010483583935297e+02
4.007369130231864672e-04 2.195894904103633962e+03 1.002894188912156665e+03 5.477737128524332775e+02
4.498809747048478080e-04 2.454523043458615120e+03 1.122043207235439013e+03 6.131213663466373873e+02
5.050517804175268938e-04 2.745626381278521421e+03 1.255275247296926864e+03 6.861189783049901507e+02
5.669884152586394726e-04 3.073860891093848295e+03 1.404258494914052108e+03 7.676204333551997934e+02
6.365206014554368984e-04 3.443937013691043830e+03 1.570772721653933331e+03 8.585472456984474547e+02
7.145798135793877959e-04 3.860687439573390748e+03 1.756725595225740562e+03 9.598943655583027521e+02
8.022117568662883325e-04 4.329263443586645735e+03 1.964177904185186208e+03 1.072736402162197237e+03
9.005903758055168549e-04 4.854581131250881299e+03 2.195233831326211202e+03 1.198195538899746225e+03
1.011033580661806338e-03 5.441333333748582845e+03 2.452057085694455964e+03 1.337447403620823934e+03
1.135020902606864940e-03 6.094088363998984278e+03 2.736878321821376630e+03 1.491718510055530714e+03
1.274213313974418031e-03 6.817510429413923703e+03 3.051929078817788650e+03 1.662242099342718575e+03
1.430475479156914512e-03 7.616030352930355548e+03 3.399417774056963481e+03 1.850256663810755754e+03
1.605900734223756829e-03 8.493760730984784459e+03 3.781486923664669121e+03 2.056976541149240347e+03
1.802839129895710598e-03 9.454876044571068633e+03 4.200146341225902688e+03 2.283515991909271179e+03
2.023928913547812410e-03 1.050312622499231657e+04 4.657207289684932221e+03 2.530879712826106697e+03
2.272131871983379750e-03 1.164146735725032522e+04 5.154122049041450737e+03 2.799882177520603364e+03
2.550773008441800313e-03 1.287170289503868480e+04 5.691739273564696305e+03 3.091011064607338085e+03
2.863585085365514225e-03 1.419433648867954071e+04 6.270287191378182797e+03 3.404421081820578365e+03
3.214758629634808552e-03 1.560792539469898838e+04 6.889138464979044329e+03 3.739774663833396971e+03
3.608998070155939632e-03 1.710834020162391607e+04 7.546530266105407463e+03 4.096052243347355216e+03
4.051584759838999447e-03 1.868874949059393839e+04 8.239497991223739518e+03 4.471568840251716210e+03
4.548447726227339283e-03 2.033774049446359277e+04 8.963064545653915047e+03 4.863789676450120169e+03
5.106243098575769836e-03 2.204005575038016832e+04 9.710356419358859057e+03 5.268962530717775735e+03
5.732443275407110572e-03 2.377496468572591402e+04 1.047224652964875349e+04 5.682100093283227579e+03
6.435437027063155117e-03 2.551570097850103048e+04 1.123694333820529209e+04 6.096801403849638518e+03
7.224641874254610074e-03 2.722867707934509235e+04 1.198963632862323902e+04 6.505030829396021545e+03
8.110630248067678127e-03 2.887268957466578649e+04 1.271218330450803842e+04 6.896935614060663283e+03
9.105271121505569346e-03 3.039841338419319436e+04 1.338286236333926536e+04 7.260734231508837183e+03
1.022188900990466699e-02 3.174813602679119867e+04 1.397621927461704217e+04 7.582603996727473714e+03
1.147544247024383408e-02 3.285576337043926469e+04 1.446321212163653763e+04 7.846803018993066871e+03
1.288272449057868002e-02 3.364843133500243857e+04 1.481168706660674252e+04 8.035879017479255708e+03
1.446258745407916733e-02 3.404957590365276701e+04 1.498792931578503703e+04 8.131508220667327805e+03
1.623619569135818438e-02 3.398407689046026644e+04 1.495887479037477169e+04 8.115776071228955516e+03
1.822730900435978393e-02 3.338743876278583775e+04 1.469611533540537494e+04 7.973246218978274555e+03
2.046260095998037737e-02 3.221870323445459508e+04 1.418159922882209503e+04 7.694133447353022348e+03
2.297201621738221775e-02 3.047719357512264469e+04 1.341500974980371757e+04 7.278257099122147338e+03
2.578917167586586637e-02 2.822040671910701349e+04 1.242164491397997699e+04 6.739338136168645178e+03
2.895180681720203528e-02 2.557760579315109862e+04 1.125838666643996839e+04 6.108238714486485151e+03
3.250228927534733192e-02 2.275020405455491345e+04 1.001387814436522422e+04 5.433050049717231559e+03
3.648818240631140908e-02 1.998981298037931992e+04 8.798866568851482953e+03 4.773859957868585298e+03
4.096288246151627566e-02 1.754979291599458884e+04 7.724869689947232473e+03 4.191171333930924447e+03
4.598633390041809155e-02 1.561587813893120256e+04 6.873639385988731192e+03 3.729341398662974825e+03
5.162583242493973962e-02 1.422944666366943056e+04 6.263392189412477819e+03 3.398255615456371288e+03
5.795692649341043640e-02 1.323122112200843912e+04 5.824013964150144602e+03 3.159874144794458061e+03
6.506442939097074885e-02 1.222297744659433010e+04 5.380227021049548057e+03 2.919097893933946125e+03
7.304355541444980393e-02 1.077994529012065868e+04 4.745052763245345886e+03 2.574481991750816633e+03
8.200119539239680844e-02 8.839714204112355219e+03 3.891020884933967409e+03 2.111119644293925376e+03
9.205734862752627812e-02 6.922516802855082460e+03 3.047123776178942535e+03 1.653255358609852237e+03
1.033467304443183715e-01 5.681424473787202260e+03 2.500829025534259472e+03 1.356857426345585736e+03
1.160205768769771578e-01 5.137583980244241502e+03 2.261446023125815827e+03 1.226978173051729073e+03
1.302486706739022226e-01 4.543739370758700716e+03 2.000051504336044673e+03 1.085155611530603665e+03
1.462216157596530064e-01 3.499423860579181564e+03 1.540369008351812681e+03 8.357488869994267588e+02
1.641533906237988560e-01 2.739675418815841113e+03 1.205945649416343940e+03 6.543030384018235281e+02
1.842842148426375448e-01 2.433560959397113038e+03 1.071201358566194585e+03 5.811958711433150029e+02
2.068837671345900298e-01 1.904662691096553544e+03 8.383922032049546260e+02 4.548819690083855107e+02
2.322547980593316352e-01 1.510757916222406948e+03 6.650039465553356877e+02 3.608077327131630341e+02
2.607371857574901086e-01 1.251826559305708770e+03 5.510279864887024814e+02 2.989684404019096746e+02
2.927124890628471365e-01 9.705971567751139446e+02 4.272367632224688236e+02 2.318036968429653086e+02
3.286090589819373742e-01 7.819805161943420444e+02 3.442117740387284357e+02 1.867572771960139733e+02
3.689077770159973624e-01 6.175615108521411685e+02 2.718379167780469743e+02 1.474897674580410296e+02
4.141484971975938345e-01 4.825317431989550983e+02 2.124005934581979886e+02 1.152411619651974917e+02
4.649372781414354283e-01 3.790545032024024295e+02 1.668520942963140783e+02 9.052814176511347455e+01
5.219545019921476570e-01 2.961655704819810921e+02 1.303660717422928883e+02 7.073209198289490018e+01
5.859639890329354506e-01 2.302845096048127402e+02 1.013665699183899136e+02 5.499797553472789247e+01
6.578232300572349756e-01 1.783579914951193359e+02 7.850961123187762780e+01 4.259659791823585806e+01
7.384948735793578356e-01 1.378137437666010214e+02 6.066283184623124924e+01 3.291354683702844142e+01
8.290596217703356530e-01 1.061342467845419151e+02 4.671814932931382458e+01 2.534764366414668402e+01
9.307307078768926045e-01 8.147517295745541333e+01 3.586372693293211711e+01 1.945841181847550772e+01
1.044870149067508081e+00 6.237608817474023937e+01 2.745669825547231824e+01 1.489704934261801839e+01
1.173006992433692330e+00 4.763147500046218852e+01 2.096641745285172576e+01 1.137564875881202653e+01
1.316857798575541416e+00 3.628045494900625556e+01 1.596992639011594584e+01 8.664728239862412806e+00
1.478349637175967013e+00 2.756849534592268469e+01 1.213509674218756729e+01 6.584083444616847913e+00
1.659645902619409696e+00 2.090148895981097255e+01 9.200414917524653902e+00 4.991825984132597149e+00
1.863175295489004624e+00 1.581292608235159136e+01 6.960532147370508405e+00 3.776543105946871925e+00
2.091664358187257822e+00 1.193883994073269683e+01 5.255237435545077496e+00 2.851309932469744179e+00
2.348174000537423645e+00 8.996422397951626238e+00 3.960044500985070215e+00 2.148583164252866773e+00
2.636140504673786467e+00 6.766682511999084326e+00 2.978557935196914030e+00 1.616062191668472758e+00
2.959421558534973240e+00 5.080623003721266961e+00 2.236388458931359402e+00 1.213386767925732190e+00
3.322347934639153344e+00 3.808277469995476672e+00 1.676327488904877816e+00 9.095173217751086892e-01
3.729781506445900785e+00 2.849995778097781596e+00 1.254511085691619066e+00 6.806543995452768447e-01
4.187180379509764627e+00 2.129588413120677259e+00 9.374022185914147043e-01 5.086020572383066485e-01
4.700672009942531204e+00 1.588960633556361968e+00 6.994287735304773879e-01 3.794859048072263819e-01
5.277135289701610610e+00 1.183924095898237994e+00 5.211398497001363816e-01 2.827525292584148198e-01
5.924292698344328478e+00 8.809540182266341057e-01 3.877784688454330442e-01 2.103952645173376712e-01
6.650813755741415534e+00 6.546746851879324813e-01 2.881748018511219867e-01 1.563537583368767026e-01
7.466431161634059954e+00 4.859193669655041958e-01 2.138920740097532691e-01 1.160505189656538816e-01
8.382071177875818790e+00 3.602391003022865634e-01 1.585701437028289862e-01 8.603475188544318364e-02
9.410000000000001918e+00 2.667632204200480195e-01 1.174239494594294941e-01 6.371024728311869278e-02
