1.000000000230258569e-04 3.111604355546182887e+02 1.369256903010321196e+02 7.689640758345895222e+01
1.122634227564673579e-04 3.483601676515639269e+02 1.532484984138305606e+02 8.605779533091218525e+01
1.260307608609534901e-04 3.900363223544288189e+02 1.715189387163556205e+02 9.631031364610599610e+01
1.414864458359461712e-04 4.367354745846826631e+02 1.919698482216319633e+02 1.077837537116893287e+02
1.588375267953347550e-04 4.890716108524715082e+02 2.148618808078616098e+02 1.206232640202750019e+02
1.783164441611049004e-04 5.477311680404864092e+02 2.404864016006135330e+02 1.349909502200312374e+02
2.001841435067871621e-04 6.134836167851033224e+02 2.691693408694088134e+02 1.510679546517395124e+02
2.247335712646909519e-04 6.871867425453871192e+02 3.012746583741691779e+02 1.690564993344526670e+02
2.522935991264941354e-04 7.697797255093217927e+02 3.372065734434848423e+02 1.891816356238562662e+02
2.832334297096662638e-04 8.623015120244358513e+02 3.774153972625871916e+02 2.116942241145663104e+02
3.179675425093897337e-04 9.658856916599088436e+02 4.223998031373851632e+02 2.368728954751327933e+02
3.569612463934728852e-04 1.081733288889223331e+03 4.727056985186549127e+02 2.650250545161814557e+02
4.007369130231864672e-04 1.211138444981515249e+03 5.289350642029540950e+02 2.964912517728967032e+02
4.498809747048478080e-04 1.355486597853600870e+03 5.917451655286365622e+02 3.316457379966545318e+02
5.050517804175268938e-04 1.516243501062086807e+03 6.618447964391654068e+02 3.708959295890224439e+02
5.669884152586394726e-04 1.694960238351063936e+03 7.400041190891988663e+02 4.146881175713099310e+02
6.365206014554368984e-04 1.893341588441128351e+03 8.270583384823044071e+02 4.635063319512951807e+02
7.145798135793877959e-04 2.113298319283782348e+03 9.239100930066966839e+02 5.178714678703314576e+02
8.022117568662883325e-04 2.356897090346299137e+03 1.031531758599026489e+03 5.783461072039502824e+02
9.005903758055168549e-04 2.626453860337139304e+03 1.150978021080302369e+03 6.455335730731025023e+02
1.011033580661806338e-03 2.924581865300681784e+03 1.283391597595989197e+03 7.200775077289624733e+02
1.135020902606864940e-03 3.254146183079415096e+03 1.429995928137992905e+03 8.026621447092104518e+02
1.274213313974418031e-03 3.618137218411092363e+03 1.592069781923849405e+03 8.940011452247819079e+02
1.430475479156914512e-03 4.019672416873184375e+03 1.770942327360293120e+03 9.948335267822409378e+02
1.605900734223756829e-03 4.462027556481457395e+03 1.967987284589203909e+03 1.105917972816188694e+03
1.802839129895710598e-03 4.948265165313930993e+03 2.184513417940035197e+03 1.227982021345057319e+03
2.023928913547812410e-03 5.481245436734529903e+03 2.421756422850782656e+03 1.361714812047143823e+03
2.272131871983379750e-03 6.063635498754123546e+03 2.680862779419183425e+03 1.507753880789647837e+03
2.550773008441800313e-03 6.697499398073582597e+03 2.962731784474387041e+03 1.666601242214975173e+03
2.863585085365514225e-03 7.384280123386249215e+03 3.268001328201360593e+03 1.838613753927176731e+03
3.214758629634808552e-03 8.124651404981302221e+03 3.596974569027118378e+03 2.023961842802069896e+03
3.608998070155939632e-03 8.918028268973586819e+03 3.949392520464924019e+03 2.222505993100568503e+03
4.051584759838999447e-03 9.762532591190039966e+03 4.324428322219165238e+03 2.433791864949451792e+03
4.548447726227339283e-03 1.065478050211648588e+04 4.720624778845170113e+03 2.656964422942728106e+03
5.106243098575769836e-03 1.158895467875476061e+04 5.135365302787474320e+03 2.890618064977360973e+03
5.732443275407110572e-03 1.255747273775564099e+04 5.565310317074860905e+03 3.132825995304541266e+03
6.435437027063155117e-03 1.354845600410320549e+04 6.005210909479425936e+03 3.380645840138928179e+03
7.224641874254610074e-03 1.454751440237839779e+04 6.448697984710487617e+03 3.630498252860589673e+03
8.110630248067678127e-03 1.553711159044250599e+04 6.888001927041200361e+03 3.878012730707313494e+03
9.105271121505569346e-03 1.649499521832028404e+04 7.313276255320166456e+03 4.117650614403522013e+03
1.022188900990466699e-02 1.739409104625194595e+04 7.712512059713676535e+03 4.342650765952588699e+03
1.147544247024383408e-02 1.820310942868906932e+04 8.071834382794669182e+03 4.545194512184057203e+03
1.288272449057868002e-02 1.888610947438336370e+04 8.375311837398818170e+03 4.716309631505958350e+03
1.446258745407916733e-02 1.940341467713993188e+04 8.605350796441542116e+03 4.846092472581992297e+03
1.623619569135818438e-02 1.971336475671302105e+04 8.743443878543168466e+03 4.924104957833165827e+03
1.822730900435978393e-02 1.977546844902053635e+04 8.771616646961867445e+03 4.940211072056487865e+03
2.046260095998037737e-02 1.955508017863938949e+04 8.674491690202230529e+03 4.885754367993713458e+03
2.297201621738221775e-02 1.903041289863104976e+04 8.442355198028493760e+03 4.755242730432198186e+03
2.578917167586586637e-02 1.820157597664371860e+04 8.075224961821834768e+03 4.548666540790532054e+03
2.895180681720203528e-02 1.709952556703510345e+04 7.586820569933752267e+03 4.273753114086223832e+03
3.250228927534733192e-02 1.579216298094100785e+04 7.007231096124992291e+03 3.947436596425075095e+03
3.648818240631140908e-02 1.438302755572549722e+04 6.382388397468973380e+03 3.595590686974451728e+03
4.096288246151627566e-02 1.299788648738445772e+04 5.768097501462794753e+03 3.249652109289497730e+03
4.598633390041809155e-02 1.175669244476403583e+04 5.217598740527382688e+03 2.939619045144620941e+03
5.162583242493973962e-02 1.073374838292064305e+04 4.763881954325563129e+03 2.684084097904539703e+03
5.795692649341043640e-02 9.916424541965732715e+03 4.401365043099242030e+03 2.479911754859945177e+03
6.506442939097074885e-02 9.179397087852526965e+03 4.074432868818648785e+03 2.295770148795371824e+03
7.304355541444980393e-02 8.310296806613014269e+03 3.688831571782616265e+03 2.078553424731258019e+03
8.200119539239680844e-02 7.185870833598977697e+03 3.189842047890962476e+03 1.797428421869695967e+03
9.205734862752627812e-02 5.932420663844981391e+03 2.633525397556730695e+03 1.483982480301227497e+03
1.033467304443183715e-01 4.888139535367979988e+03 2.170018940624491279e+03 1.222820269822864475e+03
1.160205768769771578e-01 4.252946183717070198e+03 1.888089251988048545e+03 1.063967569162372911e+03
1.302486706739022226e-01 3.801168997896627843e+03 1.687567245004537426e+03 9.509835155223386209e+02
1.462216157596530064e-01 3.159743760960231157e+03 1.402831925337083703e+03 7.905379366050769931e+02
1.641533906237988560e-01 2.484625457488540178e+03 1.103121652572944413e+03 6.216488006364520515e+02
1.842842148426375448e-01 2.111160108386087813e+03 9.373273657099473439e+02 5.282221182943748090e+02
2.068837671345900298e-01 1.774823487838988740e+03 7.880101498402603966e+02 4.440793050642626554e+02
2.322547980593316352e-01 1.387862013643538603e+03 6.162098391347788038e+02 3.472643117418518841e+02
2.607371857574901086e-01 1.161378268115409810e+03 5.156569026308659431e+02 2.905993930116725323e+02
2.927124890628471365e-01 9.161508494002762291e+02 4.067787129376616235e+02 2.292419597507358446e+02
3.286090589819373742e-01 7.449523095839192592e+02 3.307678671717075645e+02 1.864063986232656305e+02
3.689077770159973624e-01 5.873682115104184049e+02 2.608004021839258257e+02 1.469762200846370774e+02
4.141484971975938345e-01 4.680479184061125579e+02 2.078215726912949890e+02 1.171198718952803688e+02
4.649372781414354283e-01 3.697468149219988618e+02 1.641749515117652436e+02 9.252256913789348403e+01
5.219545019921476570e-01 2.903245014907515724e+02 1.289103907974632364e+02 7.264899089658119635e+01
5.859639890329354506e-01 2.271986513829494072e+02 1.008814659844405952e+02 5.685303043090005559e+01
6.578232300572349756e-01 1.771391293546575980e+02 7.865409452842310145e+01 4.432656498340861617e+01
7.384948735793578356e-01 1.376216151686227533e+02 6.110749313339125166e+01 3.443797602957972259e+01
8.290596217703356530e-01 1.065078793994121185e+02 4.729229197094838355e+01 2.665225844391163079e+01
9.307307078768926045e-01 8.217079565549454401e+01 3.648604415864755879e+01 2.056225204070371859e+01
1.044870149067508081e+00 6.320092990120808452e+01 2.806294948678061019e+01 1.581529710774991138e+01
1.173006992433692330e+00 4.846398531218545003e+01 2.151936444114928548e+01 1.212756636762403772e+01
1.316857798575541416e+00 3.705869183291878244e+01 1.645510846222279611e+01 9.273531523070783322e+00
1.478349637175967013e+00 2.826263226076393309e+01 1.254941591942691126e+01 7.072420347619188696e+00
1.659645902619409696e+00 2.150016232326816024e+01 9.546690785561256831e+00 5.380188541388983836e+00
1.863175295489004624e+00 1.631666314842707877e+01 7.245071391851929832e+00 4.083074988490305479e+00
2.091664358187257822e+00 1.235478384170465738e+01 5.485884212783920688e+00 3.091657604809125104e+00
2.348174000537423645e+00 9.334747044239033897e+00 4.144901015549310230e+00 2.335925528760048664e+00
2.636140504673786467e+00 7.038493919166405099e+00 3.125298155419995005e+00 1.761312115213089058e+00
2.959421558534973240e+00 5.296754839448412966e+00 2.351915339765889623e+00 1.325459834018674510e+00
3.322347934639153344e+00 3.978635668496756761e+00 1.766631910926036886e+00 9.956140176309238310e-01
3.729781506445900785e+00 2.983258820008488854e+00 1.324655321152570009e+00 7.465310479098162810e-01
4.187180379509764627e+00 2.233142437922709167e+00 9.915814578306894056e-01 5.588219060538797134e-01
4.700672009942531204e+00 1.668949198427494895e+00 7.410629853424043345e-01 4.176381581306256585e-01
5.277135289701610610e+00 1.245381574951448078e+00 5.529864866391366318e-01 3.116445866881538129e-01
5.924292698344328478e+00 9.279514201593367373e-01 4.120381151163073907e-01 2.322108375969866856e-01
6.650813755741415534e+00 6.904626158723834450e-01 3.065860250255763586e-01 1.727815969994408729e-01
7.466431161634059954e+00 5.130648834728241958e-01 2.278161567353326478e-01 1.283895554942808270e-01
8.382071177875818790e+00 3.807553111919483868e-01 1.690667756257752952e-01 9.528038486712606114e-02
9.410000000000001918e+00 2.822182062849264983e-01 1.253133652737928871e-01 7.062243851408418760e-02
