1.000000000230258569e-04 5.455439385989707262e+03 2.227250980691743280e+03 1.228959553362384440e+03
1.115486563971542785e-04 6.058852322781657676e+03 2.472135089790858729e+03 1.363225309177076724e+03
1.244310274114527074e-04 6.731382702737723775e+03 2.744888184539176109e+03 1.512559209617601482e+03
1.388011391866901154e-04 7.481110858528698373e+03 3.048860860378130837e+03 1.678747203510431973e+03
1.548308057910457113e-04 8.316696332501343932e+03 3.387747999835455630e+03 1.863778875349409418e+03
1.727116835090306587e-04 9.246747824657226374e+03 3.765477728497786757e+03 2.069832047121012238e+03
1.926575623508681512e-04 1.028027740242979598e+04 4.186354327483636553e+03 2.299329308935583413e+03
2.149069222004190347e-04 1.142604981613745986e+04 4.654866703000269808e+03 2.554879184505246030e+03
2.397257841638464457e-04 1.269086480231338282e+04 5.175138360232283958e+03 2.839086359625910518e+03
2.674108912107391479e-04 1.408014865683601420e+04 5.751199211582052158e+03 3.154677673923678867e+03
2.982932561365508645e-04 1.559760510085135866e+04 6.386700157748833590e+03 3.504350454988387810e+03
3.327421192670277522e-04 1.724434925907992147e+04 7.084032423206308522e+03 3.890272831474600480e+03
3.711693632243215748e-04 1.901846816314892567e+04 7.844479519056511890e+03 4.314239756802731790e+03
4.140344375392690035e-04 2.091608269959265817e+04 8.668305482180772742e+03 4.777591227865549627e+03
4.618498519902246974e-04 2.293609775911876932e+04 9.555297836740324783e+03 5.280959292309397824e+03
5.151873043487156757e-04 2.507715143608735525e+04 1.050407727512512247e+04 5.824144642777244371e+03
5.746845157973842983e-04 2.733827453566221448e+04 1.151256730717506071e+04 6.406310098400526840e+03
6.410528557468661917e-04 2.972583830146439141e+04 1.258113790603135749e+04 7.027191957854157408e+03
7.150858472165629249e-04 3.225032554456892103e+04 1.371098843663111802e+04 7.686365731961195706e+03
7.976686544726134401e-04 3.492447494380109856e+04 1.490377515675219911e+04 8.383266297605037835e+03
8.897886663605780169e-04 3.776086623872607743e+04 1.616320134556101948e+04 9.118904206838602477e+03
9.925473018708411317e-04 4.077363237085433502e+04 1.749447732221823753e+04 9.895143074435922244e+03
1.107173179088194286e-03 4.397798008474824019e+04 1.890350835198248387e+04 1.071415848702581025e+04
1.235036804978161722e-03 4.738202488639518560e+04 2.039397816413982946e+04 1.157769506767322855e+04
1.377666961646263968e-03 5.099033291834157717e+04 2.196868101295312590e+04 1.248744632489441392e+04
1.536768984990051967e-03 5.480560466417458520e+04 2.362996142637095909e+04 1.344499994872750722e+04
1.714245154289869167e-03 5.882347319686449191e+04 2.537638417557530556e+04 1.444970564534446748e+04
1.912217436523370962e-03 6.303389743433242256e+04 2.720379633763726451e+04 1.549939274161835419e+04
2.133052857342773462e-03 6.742190834487329994e+04 2.910611298452117990e+04 1.659088062354627618e+04
2.379391802059096454e-03 7.196302885182324098e+04 3.107348052682166235e+04 1.771856247801032077e+04
2.654179585009814029e-03 7.662401601726976514e+04 3.309259695602584543e+04 1.887471470916050021e+04
2.960701664764286197e-03 8.136386794875975465e+04 3.514637387467950612e+04 2.005071449736799332e+04
3.302622926212283368e-03 8.613187659699823416e+04 3.721138175470741407e+04 2.123337838098437715e+04
3.684031499205906151e-03 9.086642434557416709e+04 3.926130302607912745e+04 2.240669405165569697e+04
4.109487637665882979e-03 9.549329662535114039e+04 4.126454604743479285e+04 2.355299497201876147e+04
4.584078243567925488e-03 9.992480038899125066e+04 4.318312211798346107e+04 2.465069901798526917e+04
5.113477687716873853e-03 1.040597817455046461e+05 4.497340203357938299e+04 2.567485821514265626e+04
5.704015654503047893e-03 1.077819579306084488e+05 4.658530928057134588e+04 2.659700791683134594e+04
6.362752821816417166e-03 1.109613067146329122e+05 4.796225848412884079e+04 2.738479441296918958e+04
7.097565280973966440e-03 1.134516946119269705e+05 4.904170779445744847e+04 2.800258118416629804e+04
7.917238706014356406e-03 1.150959692510855821e+05 4.975515902067608840e+04 2.841145074795446999e+04
8.831573398280912271e-03 1.157306943666104635e+05 5.003175937051698565e+04 2.857045194733606695e+04
9.851501462242475554e-03 1.151911391098387539e+05 4.980061575309883483e+04 2.843945127224397220e+04
1.098921751354712747e-02 1.133267080071398232e+05 4.899642241751094116e+04 2.798101224504688798e+04
1.225832448210000328e-02 1.100198292217750131e+05 4.756830931077637797e+04 2.716612228672788115e+04
1.367399625343743499e-02 1.052133150574156462e+05 4.549153616169519228e+04 2.598064501868178559e+04
1.525315909299450497e-02 9.894423634781302826e+04 4.278209306686471245e+04 2.443370844937624497e+04
1.701469402243795462e-02 9.137955345843940449e+04 3.951217916670291015e+04 2.256655691111662964e+04
1.897966256774625410e-02 8.284322583551972639e+04 3.582185454051388660e+04 2.045917318988058832e+04
2.117155857815964867e-02 7.381938538410184265e+04 3.192048453730820256e+04 1.823117265116504132e+04
2.361658912683562567e-02 6.491465831311051443e+04 2.807041367193921178e+04 1.603238799576595738e+04
2.634398785175567220e-02 5.676891859364972333e+04 2.454837851135283563e+04 1.402089811700987957e+04
2.938636448329653983e-02 4.992044656697386381e+04 2.158717835705224934e+04 1.232968594482242224e+04
3.278009473753994152e-02 4.464882103895196633e+04 1.930775987633000477e+04 1.102784293143273862e+04
3.656575523702054742e-02 4.082558020548768400e+04 1.765461813884527146e+04 1.008368101888422825e+04
4.078860865897657173e-02 3.784034061502683471e+04 1.636380879843020739e+04 9.346458151780263506e+03
4.549914491170512637e-02 3.461690987538460467e+04 1.496995796738044555e+04 8.550369374922122006e+03
5.075368480951484434e-02 3.020536133594528656e+04 1.306228103782921789e+04 7.460788001456665370e+03
5.661505346402430361e-02 2.469379283935948115e+04 1.067885983191524792e+04 6.099465327392796098e+03
6.315333144310807112e-02 1.944406440716261932e+04 8.408641928967477725e+03 4.802789633060990127e+03
7.044669267860774464e-02 1.596777142812369129e+04 6.905329520959608999e+03 3.944143963947918564e+03
7.858233914112514040e-02 1.432239678607329006e+04 6.193798144742738259e+03 3.537740795426195291e+03
8.765754345719625751e-02 1.281654616378677929e+04 5.542597392272546131e+03 3.165795019528378816e+03
9.778081193473929511e-02 1.017732824269866433e+04 4.401257344078568167e+03 2.513891025055926548e+03
1.090731819023149224e-01 7.798068427298341703e+03 3.372333550235692655e+03 1.926195522757740719e+03
1.216696688736408766e-01 6.785130122826331899e+03 2.934283126054250715e+03 1.675992497071346634e+03
1.357208808401622890e-01 5.680636645453429082e+03 2.456637317139960942e+03 1.403172917361882355e+03
1.513948189927238619e-01 4.328738716569046119e+03 1.871998398077919319e+03 1.069240641492559917e+03
1.688788864024014236e-01 3.669687113991397382e+03 1.586985954185534183e+03 9.064483526380233798e+02
1.883821286769788717e-01 2.874805461763535732e+03 1.243232511329469389e+03 7.101042954690544775e+02
2.101377333831422056e-01 2.335063193788840181e+03 1.009816020330504557e+03 5.767822270490000847e+02
2.344058181183555356e-01 1.838885841623275837e+03 7.952398056344620727e+02 4.542212920351627758e+02
2.614765405675759102e-01 1.475710154568148710e+03 6.381814695864337637e+02 3.645132791742389600e+02
2.916735677297306317e-01 1.161077673875409346e+03 5.021156644079968601e+02 2.867956264144409602e+02
3.253579457932418983e-01 9.148142513127979782e+02 3.956170448716005694e+02 2.259661510865349783e+02
3.629324169301749725e-01 7.194349558543733565e+02 3.111236542504438489e+02 1.777056039818375268e+02
4.048462346221089470e-01 5.635402377848729429e+02 2.437058367787281554e+02 1.391982132766815710e+02
4.516005350914485406e-01 4.401241400905915953e+02 1.903335973870733255e+02 1.087133466675121554e+02
5.037543290608768043e-01 3.426085485023867818e+02 1.481622539649431189e+02 8.462612748601819135e+01
5.619311854805180140e-01 2.659321517284033689e+02 1.150030588211086808e+02 6.568643509333581676e+01
6.268266871357865977e-01 2.059437804140362402e+02 8.906078463195287043e+01 5.086889709262557346e+01
6.992167472777639503e-01 1.591026281397332127e+02 6.880411450698208853e+01 3.929883206076637947e+01
7.799668867126374749e-01 1.226183301939816204e+02 5.302632323553628169e+01 3.028698563664979204e+01
8.700425822703268253e-01 9.428926382046246601e+01 4.077531515738464662e+01 2.328955260562327823e+01
9.705208103821856280e-01 7.235347900250665987e+01 3.128912243151693673e+01 1.787131419176375857e+01
1.082602923786821769e+00 5.540929860549275787e+01 2.396157548816389138e+01 1.368603660521987919e+01
1.207629015322442267e+00 4.235156126299182944e+01 1.831473950444372178e+01 1.046073488190257272e+01
1.347093940544190405e+00 3.231176825721421153e+01 1.397302773491172978e+01 7.980884420610103724e+00
1.502665190738521561e+00 2.460900191174895824e+01 1.064197345959628471e+01 6.078293559974019544e+00
1.676202830030598223e+00 1.871123335059834147e+01 8.091497430830910886e+00 4.621546790681355432e+00
1.869781734959676811e+00 1.420425797719512317e+01 6.142472830018435914e+00 3.508331030183041488e+00
2.085716402426663674e+00 1.076649858651743230e+01 4.655830345843848583e+00 2.659213175600037893e+00
2.326588622626292402e+00 8.148906171096854223e+00 3.523868705109851618e+00 2.012677813858235076e+00
2.595278347831105226e+00 6.159121828201401527e+00 2.663403104731564497e+00 1.521212829132813749e+00
2.894998126105261083e+00 4.648989779602430872e+00 2.010362329179605556e+00 1.148222176157174701e+00
3.229331511649635278e+00 3.504647963628130025e+00 1.515505254224915221e+00 8.655801716708432236e-01
3.602275911025628830e+00 2.638757471724415549e+00 1.141062531491450871e+00 6.517143422097181338e-01
4.018290377542188097e+00 1.984469240873723672e+00 8.581261073626319513e-01 4.901137211730602905e-01
4.482348925252354732e+00 1.490733993194968798e+00 6.446195303981714364e-01 3.681688398235500870e-01
5.000000000000000888e+00 1.118635123996175373e+00 4.837129535599720698e-01 2.762668287831254177e-01
