1.000000000230258569e-04 3.108499955243702857e+02 1.277845971774238762e+02 6.946330580628975326e+01
1.115026695290953366e-04 3.435909852224985457e+02 1.412564197412567921e+02 7.678908440476062935e+01
1.243284530925187648e-04 3.797661653235109043e+02 1.561454627178902399e+02 8.488641440951647610e+01
1.386295441504667143e-04 4.197313672312922677e+02 1.725997683853581464e+02 9.383617747371860673e+01
1.545756424481938766e-04 4.638785227597265930e+02 1.907826557305299389e+02 1.037276656791477194e+02
1.723559677317991945e-04 5.126391936472838324e+02 2.108741437674812857e+02 1.146593744852275307e+02
1.921815050694108094e-04 5.664884026257333289e+02 2.330723144819583865e+02 1.267397612137152123e+02
2.142875084442451923e-04 6.259488971854879082e+02 2.575953220658401506e+02 1.400883727062068829e+02
2.389362923277018713e-04 6.915968659901985802e+02 2.846833817151985500e+02 1.548368936420956743e+02
2.664203443578849946e-04 7.640706235579009444e+02 3.146007692035135506e+02 1.711300406050469292e+02
2.970657960592480913e-04 8.440748137078418267e+02 3.476382551510397434e+02 1.891270179538672096e+02
3.312362927876497001e-04 9.323883601541386952e+02 3.841157466681172536e+02 2.090028240829610695e+02
3.693373088223966556e-04 1.029879931236705261e+03 4.243852795019235487e+02 2.309491141181589740e+02
4.118209588090659132e-04 1.137513672028153223e+03 4.688340062081632027e+02 2.551760667806864831e+02
4.591913626466918256e-04 1.256355899815544262e+03 5.178871154283507394e+02 2.819138981153094505e+02
5.120106274801957584e-04 1.387576795214218464e+03 5.720094784188985386e+02 3.114130005660674669e+02
5.709055177816341068e-04 1.532465811637720435e+03 6.317101056196482887e+02 3.439463047198703975e+02
6.365748926688486646e-04 1.692436406473015950e+03 6.975444332856812935e+02 3.798106924047172015e+02
7.097979987143026312e-04 1.868972495245127675e+03 7.701045638290572697e+02 4.193235316234432162e+02
7.914437166483044659e-04 2.063654659291570169e+03 8.500261100551490472e+02 4.628255499205463934e+02
8.824808716799498404e-04 2.278174525089690633e+03 9.379913748399379756e+02 5.106821347677640688e+02
9.839897297802024153e-04 2.514247059856558280e+03 1.034703004977955970e+03 5.632723477051938517e+02
1.097174816344422205e-03 2.773621380953210974e+03 1.140888473873314297e+03 6.209908633946624832e+02
1.223379209343287413e-03 3.058096794232865250e+03 1.257304449409863082e+03 6.842494182555384441e+02
1.364100476567608111e-03 3.369460741529313964e+03 1.384701238720015226e+03 7.534580324941639446e+02
1.521008446081769522e-03 3.709467699925121906e+03 1.523817411194532724e+03 8.290226040554301790e+02
1.695965020753673102e-03 4.079823439062891339e+03 1.675379070639129623e+03 9.113447099411567933e+02
1.891046271984591709e-03 4.482113030253744000e+03 1.840053177182301852e+03 1.000792561471793306e+03
2.108567074807741158e-03 4.917753415821885028e+03 2.018428368518136040e+03 1.097690927347445040e+03
2.351108576680822643e-03 5.387951075960587332e+03 2.211006953079253890e+03 1.202318929607082964e+03
2.621548825923003187e-03 5.893571683268572087e+03 2.418153685647529983e+03 1.314878574465240945e+03
2.923096923239734257e-03 6.435059494116935639e+03 2.640062716610803818e+03 1.435476242198832097e+03
3.259331101584665453e-03 7.012390979972954483e+03 2.876736281057774249e+03 1.564113505050194590e+03
3.634241186222156913e-03 7.624850835494589774e+03 3.127881384889568380e+03 1.700638237855670013e+03
4.052275938830490927e-03 8.270903324675418844e+03 3.392853086196560525e+03 1.844715847758350947e+03
4.518395847440812539e-03 8.948190672344997438e+03 3.670671748949901485e+03 1.995824919935547769e+03
5.038131988628217865e-03 9.653221820400669458e+03 3.959968555948290032e+03 2.153176459029862599e+03
5.617651660426248826e-03 1.038105857724606358e+04 4.258718526035363539e+03 2.315707335967026211e+03
6.263831564778516575e-03 1.112558373945033418e+04 4.564418942203246843e+03 2.482065738018998672e+03
6.984339407925946493e-03 1.187699017931062554e+04 4.873041836314252578e+03 2.650055993069320721e+03
7.787724887016851671e-03 1.262458475413529231e+04 5.180203857796739612e+03 2.817296666732334870e+03
8.683521142606049834e-03 1.335769835722626158e+04 5.481539324798871348e+03 2.981419452248368543e+03
9.682357880899711625e-03 1.406149334767116125e+04 5.770983407746213743e+03 3.139136242611789385e+03
1.079608750807801998e-02 1.471840539256101874e+04 6.041309732527326560e+03 3.286511084742036473e+03
1.203792577343234388e-02 1.530923975827245340e+04 6.284642018628960614e+03 3.419247190152737403e+03
1.342260859021738965e-02 1.581258656510448418e+04 6.492196601144866690e+03 3.532564407079045850e+03
1.496656689508787767e-02 1.620494622401055130e+04 6.654332483682544989e+03 3.621217698792223473e+03
1.668812162103823840e-02 1.646205869259051178e+04 6.761031735978615870e+03 3.679740639782552989e+03
1.860770109743517184e-02 1.656038510586030316e+04 6.802572275195557268e+03 3.702807951319088261e+03
2.074808345685756270e-02 1.647894867991573847e+04 6.770343963456817619e+03 3.685732861355705154e+03
2.313466692519383291e-02 1.620224495658691558e+04 6.657901284137212315e+03 3.624998030526751791e+03
2.579577120231610690e-02 1.572457682603975809e+04 6.462806420029698529e+03 3.519224212526758038e+03
2.876297350957714855e-02 1.505469667201623452e+04 6.188633728567180697e+03 3.370344604741091644e+03
3.207148329174031032e-02 1.421914875512356593e+04 5.846237346591594360e+03 3.184264038336385966e+03
3.576056001963404812e-02 1.326399654303754505e+04 5.454513974544590383e+03 2.971251952750483269e+03
3.987397905126498221e-02 1.225202072075327851e+04 5.039247847045022354e+03 2.745349317224416609e+03
4.446055107939526907e-02 1.125366875317126869e+04 4.629412261506573486e+03 2.522340231761014820e+03
4.957470132945773766e-02 1.033118953184538805e+04 4.250621061460385135e+03 2.316183961579492916e+03
5.527711538069327024e-02 9.517829468149058812e+03 3.916574738196245562e+03 2.134356366802267985e+03
6.163545927395905344e-02 8.797921003586949155e+03 3.620853510090359578e+03 1.973367791446196406e+03
6.872518245115814828e-02 8.106330144093802119e+03 3.336669371335620326e+03 1.818627127457129518e+03
7.663041305413779980e-02 7.333029134370412066e+03 3.018740317685203991e+03 1.645457047746676153e+03
8.544495620686157200e-02 6.431736676457251633e+03 2.648010806127469550e+03 1.443470159046069512e+03
9.527340712667957401e-02 5.473681955162410304e+03 2.253801993500398567e+03 1.228649635811363851e+03
1.062323922731101822e-01 4.631300594901186741e+03 1.907125993049042108e+03 1.039712919747235901e+03
1.184519532618636822e-01 4.023282258738011024e+03 1.656887757406633909e+03 9.033297460564040193e+02
1.320770899659224340e-01 3.566476205422849944e+03 1.468873488487596887e+03 8.008558893136302004e+02
1.472694811144383831e-01 3.059158594670913772e+03 1.260014950196497921e+03 6.870058058642772494e+02
1.642094028064348954e-01 2.497272836261292468e+03 1.028643986139270737e+03 5.608703718168821979e+02
1.830978677048002712e-01 2.079657770648694623e+03 8.566693612023129845e+02 4.671127490532850857e+02
2.041590102946942431e-01 1.784662061078325223e+03 7.351853027334102535e+02 4.008804034647450862e+02
2.276427465103479653e-01 1.455725502608526767e+03 5.997044557270719451e+02 3.270118136809595057e+02
2.538277392899435103e-01 1.191261706856180808e+03 4.907718742980061393e+02 2.676164201100731930e+02
2.830247052484705095e-01 9.872485884453109293e+02 4.067351610826755746e+02 2.217944623388606828e+02
3.155801017062329072e-01 7.947602948651326642e+02 3.274402636151712613e+02 1.785566849790549213e+02
3.518802378240603601e-01 6.483932389306013420e+02 2.671429133087938794e+02 1.456773245241964787e+02
3.923558586288135031e-01 5.206232703298900333e+02 2.145046258164031485e+02 1.169737669978204053e+02
4.374872563241952172e-01 4.180069460392475662e+02 1.722278051471747347e+02 9.392000263913476488e+01
4.878099695387512202e-01 3.341622130973948970e+02 1.376837555686935559e+02 7.508273199716016677e+01
5.439211381395319123e-01 2.657654117960304916e+02 1.095036466299191176e+02 5.971561590387102569e+01
6.064865890189676811e-01 2.106035339103852095e+02 8.677602888163937678e+01 4.732175577674551192e+01
6.762487369363893164e-01 1.662886762744832652e+02 6.851728245638739168e+01 3.736480110907319840e+01
7.540353941672404137e-01 1.308379658883633851e+02 5.391060027363958795e+01 2.939935178521414016e+01
8.407695934971151086e-01 1.026104415105556882e+02 4.227992582828563428e+01 2.305678899007582316e+01
9.374805411223435803e-01 8.022237463203182983e+01 3.305521176767776126e+01 1.802625166299153392e+01
1.045315829426528564e+00 6.252958302432136151e+01 2.576508122857474703e+01 1.405068831791481010e+01
1.165555054552403824e+00 4.860087501461281079e+01 2.002587100521100538e+01 1.092088812329249592e+01
1.299625000357985227e+00 3.767423565170903998e+01 1.552361584599256972e+01 8.465641056474298765e+00
1.449116568932995452e+00 2.913003973792714874e+01 1.200301552748994105e+01 6.545724332113149302e+00
1.615803658576671964e+00 2.246917656399277519e+01 9.258424406680266117e+00 5.048992824999995577e+00
1.801664213246928048e+00 1.729163496711550962e+01 7.125027353899061389e+00 3.885567428857591654e+00
2.008903693258128342e+00 1.327814329655709713e+01 5.471272357118104779e+00 2.983708723445146482e+00
2.239981245735629400e+00 1.017503060925755776e+01 4.192635459482329630e+00 2.286416536124470600e+00
2.497638885371206374e+00 7.781695898247697585e+00 3.206460691895121951e+00 1.748615493848515667e+00
2.784934031744384253e+00 5.940108585954481768e+00 2.447633082215703304e+00 1.334795757679305472e+00
3.105275789304232426e+00 4.526211010955615954e+00 1.865034995562451892e+00 1.017081003159789221e+00
3.462465400517639402e+00 3.442953565756805556e+00 1.418677026535787533e+00 7.736635913698851619e-01
3.860741352209485999e+00 2.614672142210996419e+00 1.077382016770147333e+00 5.875413321630833519e-01
4.304829670336041580e+00 1.982553301480493468e+00 8.169161482649524020e-01 4.454984651319506828e-01
4.799999999999999822e+00 1.501012254648360411e+00 6.184961463433525930e-01 3.372917461253433502e-01
