1.000000000230258569e-04 3.576847073075725802e+02 1.598601311959169209e+02 9.082391916428696277e+01
1.115026695290953366e-04 3.978631770193576926e+02 1.777391837386087161e+02 1.009692930407100420e+02
1.243284530925187648e-04 4.426097938094191591e+02 1.976254972890164368e+02 1.122493321804676043e+02
1.386295441504667143e-04 4.924581716536696945e+02 2.197465200957466323e+02 1.247913171640944938e+02
1.545756424481938766e-04 5.480048509975044908e+02 2.443557972203930717e+02 1.387368480940034488e+02
1.723559677317991945e-04 6.099161754313696520e+02 2.717359980387447536e+02 1.542434533130007708e+02
1.921815050694108094e-04 6.789382508640012475e+02 3.022023313565599096e+02 1.714864063129161309e+02
2.142875084442451923e-04 7.558931427918180361e+02 3.361046717392209757e+02 1.906603344183895388e+02
2.389362923277018713e-04 8.416767168735025280e+02 3.738302096415314963e+02 2.119810727829498944e+02
2.664203443578849946e-04 9.372787906418037664e+02 4.158091551373905190e+02 2.356883763838322352e+02
2.970657960592480913e-04 1.043759251496988327e+03 4.625134776169417705e+02 2.620468993726743747e+02
3.312362927876497001e-04 1.162215919118094007e+03 5.144546477263270390e+02 2.913470555818792036e+02
3.693373088223966556e-04 1.293817518881364549e+03 5.721935237407832346e+02 3.239093718945279079e+02
4.118209588090659132e-04 1.439783586328271667e+03 6.363351027427147528e+02 3.600837647340830472e+02
4.591913626466918256e-04 1.601346875728822397e+03 7.075173789668414202e+02 4.002468097023658515e+02
5.120106274801957584e-04 1.779763818919529967e+03 7.864233823095617026e+02 4.448081385109151142e+02
5.709055177816341068e-04 1.976365563050401533e+03 8.737842801866579521e+02 4.942099613287783768e+02
6.365748926688486646e-04 2.192660336178240868e+03 9.703812448147956502e+02 5.489230124213493127e+02
7.097979987143026312e-04 2.430245753260646779e+03 1.077042834707947122e+03 6.094512567816249202e+02
7.914437166483044659e-04 2.690891241364049620e+03 1.194661886046130121e+03 6.763353681634754366e+02
8.824808716799498404e-04 2.976774804698644402e+03 1.324237762270875010e+03 7.501583131713065313e+02
9.839897297802024153e-04 3.290362239257698548e+03 1.466852153811003518e+03 8.315421294465803612e+02
1.097174816344422205e-03 3.634372102864280805e+03 1.623667166597838786e+03 9.211477884823787008e+02
1.223379209343287413e-03 4.011719362000479123e+03 1.795932746525532139e+03 1.019677085124352516e+03
1.364100476567608111e-03 4.425600800826384329e+03 1.984987934209055084e+03 1.127870203023592239e+03
1.521008446081769522e-03 4.879389883730330439e+03 2.192223843495220081e+03 1.246488573492854584e+03
1.695965020753673102e-03 5.376111426148686405e+03 2.418943754479603285e+03 1.376258226299089756e+03
1.891046271984591709e-03 5.918691411865028385e+03 2.666416747413379653e+03 1.517885529353773563e+03
2.108567074807741158e-03 6.509898373525295938e+03 2.935835875862280318e+03 1.672030412430034630e+03
2.351108576680822643e-03 7.151706824097373101e+03 3.228071485368358481e+03 1.839181644017946837e+03
2.621548825923003187e-03 7.845426129447879248e+03 3.543713369830303236e+03 2.019673835933307373e+03
2.923096923239734257e-03 8.591637641444785913e+03 3.883032703863205370e+03 2.213662040765910206e+03
3.259331101584665453e-03 9.389706577422799455e+03 4.245747815075950712e+03 2.420987428025948248e+03
3.634241186222156913e-03 1.023771288930980882e+04 4.631003378151271136e+03 2.641166910030913641e+03
4.052275938830490927e-03 1.113231891539350363e+04 5.037316402161521182e+03 2.873363565504047983e+03
4.518395847440812539e-03 1.206865974884113348e+04 5.462534615980808667e+03 3.116305256000112422e+03
5.038131988628217865e-03 1.303941054259606426e+04 5.903311557529977108e+03 3.368247969372234365e+03
5.617651660426248826e-03 1.403589179086459080e+04 6.355737589320283405e+03 3.626827412305486632e+03
6.263831564778516575e-03 1.504672651433196006e+04 6.814704012373897967e+03 3.889171741929062136e+03
6.984339407925946493e-03 1.605789125526734097e+04 7.273892523324205285e+03 4.151691202370864630e+03
7.787724887016851671e-03 1.705235672645425802e+04 7.725623329813476630e+03 4.410017012245736623e+03
8.683521142606049834e-03 1.800973249832833972e+04 8.160678590967564560e+03 4.658901101475500582e+03
9.682357880899711625e-03 1.890946226598747671e+04 8.569773663065345318e+03 4.893053836179022255e+03
1.079608750807801998e-02 1.971181163250490863e+04 8.934919924408961379e+03 5.102207697625804940e+03
1.203792577343234388e-02 2.038724390470022627e+04 9.242725930185495599e+03 5.278716007846401226e+03
1.342260859021738965e-02 2.089875018289114087e+04 9.476426529658700019e+03 5.413007377035240097e+03
1.496656689508787767e-02 2.121381983781826420e+04 9.621256738309575667e+03 5.496638768924677606e+03
1.668812162103823840e-02 2.128991012619440517e+04 9.657873197044775225e+03 5.518536383648603987e+03
1.860770109743517184e-02 2.109096872519863246e+04 9.569868580937300067e+03 5.469305513752136903e+03
2.074808345685756270e-02 2.059131725271917458e+04 9.345549595926842812e+03 5.342233466087886882e+03
2.313466692519383291e-02 1.977882289578955533e+04 8.979247917149712521e+03 5.134021995350585712e+03
2.579577120231610690e-02 1.866569685536676116e+04 8.476384719668170874e+03 4.847674058948819948e+03
2.876297350957714855e-02 1.729540442416603400e+04 7.856604660948283708e+03 4.494379766754193952e+03
3.207148329174031032e-02 1.574641338092346996e+04 7.155393514157488426e+03 4.094367656748330774e+03
3.576056001963404812e-02 1.412932273663545311e+04 6.422880688578742593e+03 3.676258406404803281e+03
3.987397905126498221e-02 1.257372875484259021e+04 5.717906044926537106e+03 3.273700758640097774e+03
4.446055107939526907e-02 1.120357525554003769e+04 5.096843728895714776e+03 2.918989617759355042e+03
4.957470132945773766e-02 1.010378184009716279e+04 4.598383559624221562e+03 2.634309769223498279e+03
5.527711538069327024e-02 9.288547195449928040e+03 4.229114110932805488e+03 2.423494791563727631e+03
6.163545927395905344e-02 8.657196650847394267e+03 3.943312968725045721e+03 2.260392945235165826e+03
6.872518245115814828e-02 8.016232518896968031e+03 3.652891747456145367e+03 2.094533998338811671e+03
7.663041305413779980e-02 7.153995699958122714e+03 3.261342466755972964e+03 1.870559706288651114e+03
8.544495620686157200e-02 6.019857058427658558e+03 2.745440834765990076e+03 1.575097421825257015e+03
9.527340712667957401e-02 4.846258014291772270e+03 2.211088381028576805e+03 1.268867467519856746e+03
1.062323922731101822e-01 3.986518641667296379e+03 1.819537722201627048e+03 1.044431658209014358e+03
1.184519532618636822e-01 3.553449724401241838e+03 1.622475319512463102e+03 9.315348638067290494e+02
1.320770899659224340e-01 3.241255537989010918e+03 1.480449042443237431e+03 8.501775479042626102e+02
1.472694811144383831e-01 2.676145369249971736e+03 1.222738374692028628e+03 7.023236736210176332e+02
1.642094028064348954e-01 2.063439965962379574e+03 9.430824525989712583e+02 5.417934245410787071e+02
1.830978677048002712e-01 1.774967863619132231e+03 8.114698686360501370e+02 4.662613707208849974e+02
2.041590102946942431e-01 1.544511270965454059e+03 7.062967852945524783e+02 4.058917026469301845e+02
2.276427465103479653e-01 1.185925382029897492e+03 5.424476864765049413e+02 3.117741319183163000e+02
2.538277392899435103e-01 1.005702205823271242e+03 4.601131683026446240e+02 2.644840580404162438e+02
2.830247052484705095e-01 8.127116841607831930e+02 3.718923208916841645e+02 2.137955283452652679e+02
3.155801017062329072e-01 6.564059054713792420e+02 3.004206536399835841e+02 1.727238797225092810e+02
3.518802378240603601e-01 5.291365425567595366e+02 2.422107042170203783e+02 1.392681881015172394e+02
3.923558586288135031e-01 4.283412518727420206e+02 1.960992661900706366e+02 1.127628412696932543e+02
4.374872563241952172e-01 3.392432065785470741e+02 1.553283273725181175e+02 8.932396051458287900e+01
4.878099695387512202e-01 2.712890267469037440e+02 1.242277095858146083e+02 7.144294417877905801e+01
5.439211381395319123e-01 2.157948831607911870e+02 9.882533604078540179e+01 5.683678286983649031e+01
6.064865890189676811e-01 1.706923325461062859e+02 7.817657703312690387e+01 4.496299118668289196e+01
6.762487369363893164e-01 1.346258165492700414e+02 6.166257857245973639e+01 3.546623126176200458e+01
7.540353941672404137e-01 1.058289326286757159e+02 4.847570878594597588e+01 2.788239061939779617e+01
8.407695934971151086e-01 8.296795910595523083e+01 3.800605802845630876e+01 2.186096029263021734e+01
9.374805411223435803e-01 6.487363042235163846e+01 2.971871179485856729e+01 1.709445743391821892e+01
1.045315829426528564e+00 5.058863728274920391e+01 2.317561238937323154e+01 1.333104144153660009e+01
1.165555054552403824e+00 3.934828280692806146e+01 1.802677161242888815e+01 1.036948294097293832e+01
1.299625000357985227e+00 3.053253417384914314e+01 1.398835939298966125e+01 8.046576558277854119e+00
1.449116568932995452e+00 2.363799394449706881e+01 1.082989927573295930e+01 6.229785794418623901e+00
1.615803658576671964e+00 1.826035835732086099e+01 8.366259979303695360e+00 4.812643072222669183e+00
1.801664213246928048e+00 1.407681103402358147e+01 6.449607230051003448e+00 3.710124976553358600e+00
2.008903693258128342e+00 1.083030778729280641e+01 4.962215502209885720e+00 2.854521574978478693e+00
2.239981245735629400e+00 8.316847351799445676e+00 3.810644092402048155e+00 2.192088541775170984e+00
2.497638885371206374e+00 6.375226803753409222e+00 2.921051570018963428e+00 1.680353177539195997e+00
2.784934031744384253e+00 4.878488224475547419e+00 2.235280718618729345e+00 1.285863247837650380e+00
3.105275789304232426e+00 3.727007775801990608e+00 1.707693114334636775e+00 9.823668011240640485e-01
3.462465400517639402e+00 2.842843076337397079e+00 1.302580776846993693e+00 7.493236256862945144e-01
3.860741352209485999e+00 2.165179665024445033e+00 9.920818935847187658e-01 5.707067146992557127e-01
4.304829670336041580e+00 1.646685575532530033e+00 7.545112552577387666e-01 4.340420090501237449e-01
4.799999999999999822e+00 1.250631236565327820e+00 5.730407708484324125e-01 3.296492650563334625e-01
