1.000000000230258569e-04 3.607666035687591375e+02 1.512406296078179082e+02 8.316771601105101297e+01
1.122634227564673579e-04 4.025073202532799428e+02 1.687378562714692407e+02 9.278783822884879839e+01
1.260307608609534901e-04 4.490771673363669834e+02 1.882589965328950825e+02 1.035201142143291548e+02
1.414864458359461712e-04 5.010345189559834012e+02 2.100379685090620399e+02 1.154928909346632651e+02
1.588375267953347550e-04 5.590016364341321378e+02 2.343355099105934869e+02 1.288491864272642147e+02
1.783164441611049004e-04 6.236714672871611356e+02 2.614421003971592654e+02 1.437482798292106452e+02
2.001841435067871621e-04 6.958161927503664401e+02 2.916815010145706424e+02 1.603676405248367018e+02
2.247335712646909519e-04 7.762936083710493449e+02 3.254137274148957317e+02 1.789046611487829637e+02
2.522935991264941354e-04 8.660554074287028925e+02 3.630387308632418240e+02 1.995787314903641061e+02
2.832334297096662638e-04 9.661589245562108772e+02 4.050012739537376660e+02 2.226338598382775160e+02
3.179675425093897337e-04 1.077769690518296557e+03 4.517929090532920213e+02 2.483402319216748992e+02
3.569612463934728852e-04 1.202171038607743185e+03 5.039564322559798484e+02 2.769968219565656113e+02
4.007369130231864672e-04 1.340779233633092872e+03 5.620921394222676781e+02 3.089347578347557146e+02
4.498809747048478080e-04 1.495140426112669047e+03 6.268565652045554089e+02 3.445174498827868206e+02
5.050517804175268938e-04 1.666942646828733359e+03 6.989680331134891276e+02 3.841438951966131867e+02
5.669884152586394726e-04 1.858032992226823353e+03 7.792137349610416095e+02 4.282524153709478014e+02
6.365206014554368984e-04 2.070425772057665654e+03 8.684478240650900034e+02 4.773183966100791622e+02
7.145798135793877959e-04 2.306314249259505232e+03 9.675976491284977783e+02 5.318584005840804139e+02
8.022117568662883325e-04 2.568083892330996605e+03 1.077669666107274679e+03 5.924331409504225121e+02
9.005903758055168549e-04 2.858329371248203643e+03 1.199750658406605908e+03 6.596435478340562213e+02
1.011033580661806338e-03 3.179863099072502337e+03 1.335012088487977053e+03 7.341347107332655924e+02
1.135020902606864940e-03 3.535700658164484139e+03 1.484707103973029916e+03 8.165951039595197471e+02
1.274213313974418031e-03 3.928999507831033952e+03 1.650153528798201933e+03 9.077473862848354429e+02
1.430475479156914512e-03 4.363093173827222017e+03 1.832741752258276392e+03 1.008351618726678225e+03
1.605900734223756829e-03 4.841412237324110720e+03 2.033902947484346214e+03 1.119189612778890933e+03
1.802839129895710598e-03 5.367308032306179484e+03 2.255042065343315244e+03 1.241032569284609281e+03
2.023928913547812410e-03 5.944114457182535261e+03 2.497558915429192893e+03 1.374648912104528790e+03
2.272131871983379750e-03 6.574973279887237368e+03 2.762774665439011642e+03 1.520763967947421634e+03
2.550773008441800313e-03 7.262593298297241745e+03 3.051831786614668999e+03 1.680005964889410052e+03
2.863585085365514225e-03 8.009276930123586681e+03 3.365705553115181829e+03 1.852911479245755118e+03
3.214758629634808552e-03 8.816583197810467027e+03 3.705057783377993019e+03 2.039845878531203880e+03
3.608998070155939632e-03 9.685022176002908964e+03 4.070105463264029368e+03 2.240931838760528535e+03
4.051584759838999447e-03 1.061401995481464292e+04 4.460615798630624340e+03 2.456043464376217344e+03
4.548447726227339283e-03 1.160139832941624081e+04 4.875678148639704887e+03 2.684671709760416434e+03
5.106243098575769836e-03 1.264281604188743404e+04 5.313485503305675593e+03 2.925849815094350561e+03
5.732443275407110572e-03 1.373167593923101049e+04 5.771254555546658594e+03 3.178025945771222723e+03
6.435437027063155117e-03 1.485865599111170013e+04 6.245079926235678613e+03 3.439058752688707500e+03
7.224641874254610074e-03 1.600971711045796474e+04 6.729071753653057385e+03 3.705704972254858603e+03
8.110630248067678127e-03 1.716740452413315870e+04 7.215894825497427519e+03 3.973928606318234415e+03
9.105271121505569346e-03 1.831030951569891113e+04 7.696556765446346617e+03 4.238783085609083173e+03
1.022188900990466699e-02 1.941101497224994455e+04 8.159541980959013017e+03 4.493928748326994537e+03
1.147544247024383408e-02 2.043604883219484691e+04 8.590780898904595233e+03 4.731614223675578614e+03
1.288272449057868002e-02 2.134638941274527315e+04 8.973868293988747610e+03 4.942802116804273282e+03
1.446258745407916733e-02 2.209721745407763956e+04 9.289968815501790232e+03 5.117114250890420408e+03
1.623619569135818438e-02 2.263927708348591841e+04 9.518365656192954702e+03 5.243143939606140520e+03
1.822730900435978393e-02 2.292164399904696256e+04 9.637616230344829091e+03 5.309059497567629478e+03
2.046260095998037737e-02 2.289642736436827545e+04 9.627572815435774828e+03 5.303754633566104530e+03
2.297201621738221775e-02 2.252579860628775714e+04 9.472306697400672419e+03 5.218453832573374712e+03
2.578917167586586637e-02 2.179188163197669201e+04 9.164252543322367274e+03 5.048966214913953081e+03
2.895180681720203528e-02 2.070847010454781412e+04 8.709179451226809761e+03 4.798453631451717229e+03
3.250228927534733192e-02 1.933113469910524145e+04 8.130431835750345272e+03 4.479775559475524460e+03
3.648818240631140908e-02 1.776129313796816132e+04 7.470636870207171341e+03 4.116405120241333861e+03
4.096288246151627566e-02 1.613816446701403220e+04 6.788334818442218420e+03 3.740596396161314715e+03
4.598633390041809155e-02 1.461355541833811913e+04 6.147385645164295966e+03 3.387537777828002618e+03
5.162583242493973962e-02 1.330956243006048135e+04 5.599157239844347714e+03 3.085543272366160636e+03
5.795692649341043640e-02 1.226980139978568150e+04 5.162016529328268916e+03 2.844739341600821717e+03
6.506442939097074885e-02 1.139893172264539680e+04 4.795873346504795336e+03 2.643040732370846854e+03
7.304355541444980393e-02 1.048175946579994161e+04 4.410196348020793266e+03 2.430557886679696367e+03
8.200119539239680844e-02 9.292727018360705188e+03 3.910078677784420051e+03 2.154984887777204676e+03
9.205734862752627812e-02 7.827455111766011214e+03 3.293669701564863772e+03 1.815300061602164305e+03
1.033467304443183715e-01 6.417380161935336218e+03 2.700428448619422852e+03 1.488365623102598647e+03
1.160205768769771578e-01 5.447895824461582379e+03 2.292543655352442329e+03 1.263578301549534217e+03
1.302486706739022226e-01 4.885699340268331071e+03 2.056023305349674956e+03 1.133233040157239429e+03
1.462216157596530064e-01 4.243835441953817281e+03 1.785956613853325507e+03 9.843915761887468534e+02
1.641533906237988560e-01 3.364994858993419257e+03 1.416141224560097953e+03 7.805642164491321182e+02
1.842842148426375448e-01 2.749442735506990175e+03 1.157112019298066343e+03 6.377959491906160565e+02
2.068837671345900298e-01 2.395266738317384807e+03 1.008073276995887795e+03 5.556511455189457820e+02
2.322547980593316352e-01 1.891515901289997601e+03 7.960762838360678870e+02 4.388014184576849175e+02
2.607371857574901086e-01 1.547801224200136176e+03 6.514265189351210665e+02 3.590719353537477332e+02
2.927124890628471365e-01 1.262711246298275910e+03 5.314459539688467657e+02 2.929391421759290779e+02
3.286090589819373742e-01 1.006572642655531695e+03 4.236471292098963204e+02 2.335201822650987538e+02
3.689077770159973624e-01 8.056787228525355431e+02 3.390975217193996514e+02 1.869159629325216372e+02
4.141484971975938345e-01 6.446074302162111280e+02 2.713069426958629151e+02 1.495491813326348733e+02
4.649372781414354283e-01 5.073060814182555305e+02 2.135198213430408885e+02 1.176962208236734710e+02
5.219545019921476570e-01 3.997075067921988989e+02 1.682334645628722285e+02 9.273368357243631976e+01
5.859639890329354506e-01 3.137728350658317140e+02 1.320648315346121819e+02 7.279694288650290446e+01
6.578232300572349756e-01 2.451057471285230918e+02 1.031636723337388162e+02 5.686610127201218035e+01
7.384948735793578356e-01 1.906345270105975658e+02 8.023724308266400840e+01 4.422860052672842812e+01
8.290596217703356530e-01 1.478171254425873542e+02 6.221572476129931317e+01 3.429475521298274288e+01
9.307307078768926045e-01 1.141578291887647651e+02 4.804873608650543559e+01 2.648560010718071922e+01
1.044870149067508081e+00 8.785892493597896191e+01 3.697965240638378503e+01 2.038407138880542391e+01
1.173006992433692330e+00 6.741320115972922622e+01 2.837411923013451798e+01 1.564050257299413005e+01
1.316857798575541416e+00 5.157121226758135890e+01 2.170626996684748278e+01 1.196502763922926427e+01
1.478349637175967013e+00 3.933901623508348422e+01 1.655776594879494112e+01 9.127049606364312950e+00
1.659645902619409696e+00 2.992759808930830090e+01 1.259651606086557152e+01 6.943512417525619540e+00
1.863175295489004624e+00 2.270992426916915363e+01 9.558605218302169249e+00 5.268941331583326004e+00
2.091664358187257822e+00 1.719130371148749958e+01 7.235820733636580293e+00 3.988565481294569892e+00
2.348174000537423645e+00 1.298386340197003541e+01 5.464910182301285779e+00 3.012395842007748570e+00
2.636140504673786467e+00 9.784807584202969366e+00 4.118428417526282637e+00 2.270181424260216740e+00
2.959421558534973240e+00 7.358694818216898526e+00 3.097277836260008410e+00 1.707297612246514884e+00
3.322347934639153344e+00 5.523236796981287888e+00 2.324733268949828791e+00 1.281451725153805343e+00
3.729781506445900785e+00 4.137812597533200965e+00 1.741607748619338869e+00 9.600182893757928104e-01
4.187180379509764627e+00 3.094359907438247514e+00 1.302418064096013461e+00 7.179258354819708643e-01
4.700672009942531204e+00 2.310101361535703557e+00 9.723232994744963609e-01 5.359692790696241049e-01
5.277135289701610610e+00 1.721812859868803613e+00 7.247123903167128622e-01 3.994799195846492901e-01
5.924292698344328478e+00 1.281346714158871247e+00 5.393199123100228531e-01 2.972868983497258810e-01
6.650813755741415534e+00 9.521450178911994300e-01 4.007586602112999663e-01 2.209084187810083366e-01
7.466431161634059954e+00 7.065194630675231124e-01 2.973746555717571849e-01 1.639205375764100081e-01
8.382071177875818790e+00 5.235475640091460381e-01 2.203616410837289652e-01 1.214690079937421618e-01
9.410000000000001918e+00 3.874573662724811740e-01 1.630811943184973800e-01 8.989455552476950662e-02
