1.000000000230258569e-04 2.591822915349850973e+03 1.142578626802144072e+03 6.246965062377946651e+02
1.115486563971542785e-04 2.882937923326757755e+03 1.272251122181903156e+03 6.957412146743017729e+02
1.244310274114527074e-04 3.206045159470379076e+03 1.416534512915977984e+03 7.748348840181847663e+02
1.388011391866901154e-04 3.564550423838426468e+03 1.577047428985046963e+03 8.628795041359443303e+02
1.548308057910457113e-04 3.962269393719936943e+03 1.755585753361286606e+03 9.608755278685157464e+02
1.727116835090306587e-04 4.403585740330227054e+03 1.954146386438393165e+03 1.069930992588811705e+03
1.926575623508681512e-04 4.893430748775869688e+03 2.174944485339557104e+03 1.191273871788017686e+03
2.149069222004190347e-04 5.437432741438828089e+03 2.420444016518683839e+03 1.326263900326479643e+03
2.397257841638464457e-04 6.042223016636108696e+03 2.693402665059728406e+03 1.476404224897642280e+03
2.674108912107391479e-04 6.715435627758550254e+03 2.996892220011348854e+03 1.643357306905828409e+03
2.982932561365508645e-04 7.465753240708072553e+03 3.334326733065998269e+03 1.828957808187229148e+03
3.327421192670277522e-04 8.302865357053466141e+03 3.709488952953424359e+03 2.035220345996107881e+03
3.711693632243215748e-04 9.237776687842953834e+03 4.126579872803206854e+03 2.264362076338561565e+03
4.140344375392690035e-04 1.028266618424758235e+04 4.590215448335828114e+03 2.518808580072031418e+03
4.618498519902246974e-04 1.144981677658784247e+04 5.105302403820105610e+03 2.801165742857944224e+03
5.151873043487156757e-04 1.275230822778573929e+04 5.677152568680369768e+03 3.114256566463118361e+03
5.746845157973842983e-04 1.420399328438494740e+04 6.311466553485557597e+03 3.461114849283287185e+03
6.410528557468661917e-04 1.581832725040360856e+04 7.014058795024972824e+03 3.844886232226750963e+03
7.150858472165629249e-04 1.760867632704185235e+04 7.790965419168476728e+03 4.268870785311308282e+03
7.976686544726134401e-04 1.958836217180087624e+04 8.648414553087894092e+03 4.736499213186149973e+03
8.897886663605780169e-04 2.177065767359798701e+04 9.592514949665632230e+03 5.251148411619145918e+03
9.925473018708411317e-04 2.416829267629212336e+04 1.062925286056106415e+04 5.816159356974497314e+03
1.107173179088194286e-03 2.679299983390645866e+04 1.176435962917812503e+04 6.434765336992087214e+03
1.235036804978161722e-03 2.965534013420235351e+04 1.300278833820903856e+04 7.109726998700625700e+03
1.377666961646263968e-03 3.276406293607538464e+04 1.434861498070677226e+04 7.843311905834416393e+03
1.536768984990051967e-03 3.612521333123567456e+04 1.580477064887087181e+04 8.637174203221406060e+03
1.714245154289869167e-03 3.974011951052954828e+04 1.737200406196407857e+04 9.491780482900972856e+03
1.912217436523370962e-03 4.360494785710590077e+04 1.904871695275235834e+04 1.040632303385051091e+04
2.133052857342773462e-03 4.771008273079789797e+04 2.083074342488402908e+04 1.137859168320510253e+04
2.379391802059096454e-03 5.203775471829828894e+04 2.271044270692101782e+04 1.240439875295986167e+04
2.654179585009814029e-03 5.656148505662681418e+04 2.467640703012709128e+04 1.347743072931617280e+04
2.960701664764286197e-03 6.124547994954931346e+04 2.671320105705093738e+04 1.458921637275896865e+04
3.302622926212283368e-03 6.604308898287417833e+04 2.880062728844696176e+04 1.572908313098095277e+04
3.684031499205906151e-03 7.089807646583871974e+04 3.091402139032754349e+04 1.688354380048500025e+04
4.109487637665882979e-03 7.574256733757910843e+04 3.302399431163140980e+04 1.803657250052474774e+04
4.584078243567925488e-03 8.049734628363227239e+04 3.509611228487759945e+04 1.916940336311636929e+04
5.113477687716873853e-03 8.507112722477986244e+04 3.709070944421091554e+04 2.026043743434108546e+04
5.704015654503047893e-03 8.935940937280224171e+04 3.896236316616809927e+04 2.128492272933428103e+04
6.362752821816417166e-03 9.323787406966500566e+04 4.065700766391002981e+04 2.221338172596412187e+04
7.097565280973966440e-03 9.660867906004306860e+04 4.213206795886684995e+04 2.302258925680222819e+04
7.917238706014356406e-03 9.923179370211649803e+04 4.328289947739608760e+04 2.365533611422364993e+04
8.831573398280912271e-03 1.009561781860925839e+05 4.404346444246867759e+04 2.407547401777924460e+04
9.851501462242475554e-03 1.016716864976828219e+05 4.436563991191155219e+04 2.425665216629528732e+04
1.098921751354712747e-02 1.012119205583173607e+05 4.417637577809526556e+04 2.415873986211482043e+04
1.225832448210000328e-02 9.942884400364849716e+04 4.341064318868195551e+04 2.374599550644603733e+04
1.367399625343743499e-02 9.623773408614049549e+04 4.203087076073559729e+04 2.299765809122610153e+04
1.525315909299450497e-02 9.164220467159799591e+04 4.003794334576462279e+04 2.191398759728440200e+04
1.701469402243795462e-02 8.573905643590411637e+04 3.747307675879710587e+04 2.051699058358761613e+04
1.897966256774625410e-02 7.877523819461796666e+04 3.444368885062717891e+04 1.886517313942468900e+04
2.117155857815964867e-02 7.114468575478914136e+04 3.112135078495073685e+04 1.705212972585180250e+04
2.361658912683562567e-02 6.337072782856674894e+04 2.773417948581267774e+04 1.520244997696237442e+04
2.634398785175567220e-02 5.603575281914071820e+04 2.453672132718995272e+04 1.345544671185041807e+04
2.938636448329653983e-02 4.966942831055370334e+04 2.176104437036290255e+04 1.193854226013525295e+04
3.278009473753994152e-02 4.460285858991937130e+04 1.955254740517625396e+04 1.073169816561418884e+04
3.656575523702054742e-02 4.081865383826460311e+04 1.790431096070997955e+04 9.831471467190091062e+03
4.078860865897657173e-02 3.786974661240145360e+04 1.662090272351805470e+04 9.130846372442663778e+03
4.549914491170512637e-02 3.480569948173411831e+04 1.528544262186878404e+04 8.400945224280088951e+03
5.075368480951484434e-02 3.075006901898025535e+04 1.351259726293254425e+04 7.429827609195213881e+03
5.661505346402430361e-02 2.560912851318099638e+04 1.126029133398498743e+04 6.194035519594101061e+03
6.315333144310807112e-02 2.049064271195408583e+04 9.015028103699260100e+03 4.960986779691011179e+03
7.044669267860774464e-02 1.686110969360895615e+04 7.422436100063174308e+03 4.086163795635127371e+03
7.858233914112514040e-02 1.501518397685827040e+04 6.613479250483795113e+03 3.642150664920655800e+03
8.765754345719625751e-02 1.352968088645106582e+04 5.962307557601329790e+03 3.284659750291169530e+03
9.778081193473929511e-02 1.100743409581000378e+04 4.853194208387674735e+03 2.674488758808302919e+03
1.090731819023149224e-01 8.507428388644202641e+03 3.752672984951889703e+03 2.068615340325119632e+03
1.216696688736408766e-01 7.332021788329667288e+03 3.235583191105934475e+03 1.784046820212580542e+03
1.357208808401622890e-01 6.256225389149997682e+03 2.761931367517223407e+03 1.523246968630457104e+03
1.513948189927238619e-01 4.819791220016378247e+03 2.128559161557352581e+03 1.174184372788686460e+03
1.688788864024014236e-01 4.073159610418494594e+03 1.799416056563575239e+03 9.928081503323172683e+02
1.883821286769788717e-01 3.253439945165670451e+03 1.437711132348067395e+03 7.933758655711038728e+02
2.101377333831422056e-01 2.638025378456082308e+03 1.166066540803955832e+03 6.435699597380136083e+02
2.344058181183555356e-01 2.106936179428742889e+03 9.315340303690410337e+02 5.141955469144868403e+02
2.614765405675759102e-01 1.699215741850952782e+03 7.514278768340309398e+02 4.148266000316450572e+02
2.916735677297306317e-01 1.346148783928760167e+03 5.954050758036778461e+02 3.287267734858388621e+02
3.253579457932418983e-01 1.070060017849829819e+03 4.733674846039110093e+02 2.613715300796280303e+02
3.629324169301749725e-01 8.478967216496268975e+02 3.751414889528882100e+02 2.071510484446919520e+02
4.048462346221089470e-01 6.690103932982704009e+02 2.960321433903992556e+02 1.634776662260889282e+02
4.516005350914485406e-01 5.262009939566123649e+02 2.328651258050384740e+02 1.286018646390379274e+02
5.037543290608768043e-01 4.126669603638920307e+02 1.826385883677880884e+02 1.008684512449480621e+02
5.619311854805180140e-01 3.227016736391775567e+02 1.428329463744643419e+02 7.888749446434987078e+01
6.268266871357865977e-01 2.517113656320858297e+02 1.114190494103581699e+02 6.153942078379159852e+01
6.992167472777639503e-01 1.958470961909741845e+02 8.669595364828951745e+01 4.788557061941209980e+01
7.799668867126374749e-01 1.520118413322952904e+02 6.729461685277414063e+01 3.717030402903269959e+01
8.700425822703268253e-01 1.177186989384045717e+02 5.211542286940005653e+01 2.878659717098045334e+01
9.705208103821856280e-01 9.096477731667367550e+01 4.027255304045253581e+01 2.224539244777039926e+01
1.082602923786821769e+00 7.014569917579420633e+01 3.105629466420388241e+01 1.715482112706889950e+01
1.207629015322442267e+00 5.398454574072591328e+01 2.390169303968133008e+01 1.320291683644265390e+01
1.347093940544190405e+00 4.146866231543187808e+01 1.836064979327671054e+01 1.014222330878903300e+01
1.502665190738521561e+00 3.179734072173491199e+01 1.407881483776355580e+01 7.777042250716962535e+00
1.676202830030598223e+00 2.433974156774882758e+01 1.077698610791691181e+01 5.953169896825701635e+00
1.869781734959676811e+00 1.860066230781405139e+01 8.235971345480958661e+00 4.549543644346549343e+00
2.085716402426663674e+00 1.419252910044583516e+01 6.284205132793187154e+00 3.471403445472099669e+00
2.326588622626292402e+00 1.081284761573519404e+01 4.787778054146371254e+00 2.644784168751209918e+00
2.595278347831105226e+00 8.226165381700958790e+00 3.642454725650193126e+00 2.012109419316976844e+00
2.894998126105261083e+00 6.249683570299615631e+00 2.767305433360104150e+00 1.528676055455276517e+00
3.229331511649635278e+00 4.741830371847130188e+00 2.099650328832164625e+00 1.159861395802102457e+00
3.602275911025628830e+00 3.593231657880445074e+00 1.591064136819565267e+00 8.789161113240703260e-01
4.018290377542188097e+00 2.719563058281728285e+00 1.204211717235652346e+00 6.652166080608276078e-01
4.482348925252354732e+00 2.055933396009657077e+00 9.103613450093795967e-01 5.028916846444423383e-01
5.000000000000000888e+00 1.552508130479750781e+00 6.874474745288756683e-01 3.797524296997190074e-01
