1.000000000230258569e-04 5.670243217391746384e+02 2.522056876308461710e+02 1.397874829412385225e+02
1.115026695290953366e-04 6.273582710946633370e+02 2.790994001201924561e+02 1.547008816473911281e+02
1.243284530925187648e-04 6.940654542968741225e+02 3.088526217104528087e+02 1.712024502638856802e+02
1.386295441504667143e-04 7.678064017523126950e+02 3.417668385140717646e+02 1.894603686851669977e+02
1.545756424481938766e-04 8.493080714329823877e+02 3.781747776200377302e+02 2.096604009926909100e+02
1.723559677317991945e-04 9.393714296929798593e+02 4.184428863804882894e+02 2.320072978335417133e+02
1.921815050694108094e-04 1.038878239794364390e+03 4.629748832298657248e+02 2.567268338737258659e+02
2.142875084442451923e-04 1.148799628845117013e+03 5.122157062869815718e+02 2.840680166189743545e+02
2.389362923277018713e-04 1.270216872764056234e+03 5.666554101283917362e+02 3.143047237114095083e+02
2.664203443578849946e-04 1.404330863434583989e+03 6.268336050283782015e+02 3.477382476709095158e+02
2.970657960592480913e-04 1.552471036392799761e+03 6.933443884738807128e+02 3.847001507948116341e+02
3.312362927876497001e-04 1.716129751798057441e+03 7.668420568777999051e+02 4.255538572091494984e+02
3.693373088223966556e-04 1.896980241398216322e+03 8.480469101303756361e+02 4.706976464616275280e+02
4.118209588090659132e-04 2.096885798659029660e+03 9.377510499047384656e+02 5.205682550747698087e+02
4.591913626466918256e-04 2.317896420899654004e+03 1.036820203474766458e+03 5.756408989366747164e+02
5.120106274801957584e-04 2.562268634023142567e+03 1.146199949649314249e+03 6.364320841099860218e+02
5.709055177816341068e-04 2.832498235047490653e+03 1.266924384571604605e+03 7.035042666614338032e+02
6.365748926688486646e-04 3.131213424957839834e+03 1.400097757435805306e+03 7.774592577713938226e+02
7.097979987143026312e-04 3.461151236368620630e+03 1.546892246931671934e+03 8.589377637694477698e+02
7.914437166483044659e-04 3.825242729502334896e+03 1.708566134221855464e+03 9.486266124515589127e+02
8.824808716799498404e-04 4.226471095426628381e+03 1.886421658780919188e+03 1.047240172147247904e+03
9.839897297802024153e-04 4.667788808842778053e+03 2.081781686270064256e+03 1.155510037133990636e+03
1.097174816344422205e-03 5.152190678702773766e+03 2.296013457548957376e+03 1.274195223210594122e+03
1.223379209343287413e-03 5.682621228042292387e+03 2.530468609077470319e+03 1.404049201573434630e+03
1.364100476567608111e-03 6.261881367090426465e+03 2.786431753661745461e+03 1.545792201340914517e+03
1.521008446081769522e-03 6.892602059125592859e+03 3.065135208124095698e+03 1.700120857552869438e+03
1.695965020753673102e-03 7.577101688371082673e+03 3.367667952720111316e+03 1.867651986484532017e+03
1.891046271984591709e-03 8.317230990506850503e+03 3.694879736991795653e+03 2.048864146526781042e+03
2.108567074807741158e-03 9.114311898739915705e+03 4.047387820510723941e+03 2.244108494320499176e+03
2.351108576680822643e-03 9.968893703938001636e+03 4.425465756887687348e+03 2.453545821800139038e+03
2.621548825923003187e-03 1.088047125049877104e+04 4.828910798671361590e+03 2.677070644327187892e+03
2.923096923239734257e-03 1.184745199585900809e+04 5.257034718448289823e+03 2.914308409529187884e+03
3.259331101584665453e-03 1.286691706238470579e+04 5.708556652810528249e+03 3.164558056758525254e+03
3.634241186222156913e-03 1.393432914287662970e+04 6.181471242492631063e+03 3.426721427724347905e+03
4.052275938830490927e-03 1.504349049225964154e+04 6.673029019604086898e+03 3.699289074291702946e+03
4.518395847440812539e-03 1.618613363313506306e+04 7.179648595460303113e+03 3.980242156349283050e+03
5.038131988628217865e-03 1.735175819197305464e+04 7.696662632800976098e+03 4.267049768358127039e+03
5.617651660426248826e-03 1.852739228749851463e+04 8.218330040089364047e+03 4.556530255662728450e+03
6.263831564778516575e-03 1.969724825022244113e+04 8.737677750277649466e+03 4.844824148743666228e+03
6.984339407925946493e-03 2.084518556702215574e+04 9.247575028864488559e+03 5.127994934768506937e+03
7.787724887016851671e-03 2.194019815512016794e+04 9.734272648913693047e+03 5.398417700355750640e+03
8.683521142606049834e-03 2.295744229880415151e+04 1.018675434905228394e+04 5.649981018807171495e+03
9.682357880899711625e-03 2.386649875601598978e+04 1.059152841928916314e+04 5.875210884438692119e+03
1.079608750807801998e-02 2.463750567703575871e+04 1.093535628236425327e+04 6.066777320819022862e+03
1.203792577343234388e-02 2.523053673948229334e+04 1.120047071693808357e+04 6.214807891355308129e+03
1.342260859021738965e-02 2.560579833216658517e+04 1.136917173942305999e+04 6.309460698923499876e+03
1.496656689508787767e-02 2.572415048704785659e+04 1.142405269418616444e+04 6.341061950617638104e+03
1.668812162103823840e-02 2.554737043803578490e+04 1.134812946843469217e+04 6.300169160469484268e+03
1.860770109743517184e-02 2.504439025702036815e+04 1.112740223288394191e+04 6.178912544453401097e+03
2.074808345685756270e-02 2.419719729753159845e+04 1.075378344254794501e+04 5.972721854996298134e+03
2.313466692519383291e-02 2.300772176465779557e+04 1.022803298633753184e+04 5.682000274671080660e+03
2.579577120231610690e-02 2.150568473035997886e+04 9.563140973285133441e+03 5.313870935161242414e+03
2.876297350957714855e-02 1.975550520417925509e+04 8.787546366979773666e+03 4.884037747119475171e+03
3.207148329174031032e-02 1.785873770599686031e+04 7.946327339623652733e+03 4.417531023405226733e+03
3.576056001963404812e-02 1.594635903089510066e+04 7.097662950492333039e+03 3.946664650731967413e+03
3.987397905126498221e-02 1.415986988790227588e+04 6.304517045908996806e+03 3.506442728078044183e+03
4.446055107939526907e-02 1.262119249982988731e+04 5.621221831103009208e+03 3.127109571609817067e+03
4.957470132945773766e-02 1.139643736575025287e+04 5.077328050627774246e+03 2.825151730988725831e+03
5.527711538069327024e-02 1.046020757576234973e+04 4.661639125363572930e+03 2.594390603026217832e+03
6.163545927395905344e-02 9.683460556182959408e+03 4.316748375536029016e+03 2.402917131985762808e+03
6.872518245115814828e-02 8.823365811966776164e+03 3.934439763310477701e+03 2.190509404340602032e+03
7.663041305413779980e-02 7.704651522720279900e+03 3.436511440579916780e+03 1.913614542186283416e+03
8.544495620686157200e-02 6.367579131302146379e+03 2.840850049242843397e+03 1.582173217214849274e+03
9.527340712667957401e-02 5.121996700469534517e+03 2.285678993365059341e+03 1.273163063178648599e+03
1.062323922731101822e-01 4.286641650295083309e+03 1.913319976077755200e+03 1.065893149453964043e+03
1.184519532618636822e-01 3.842205309050118103e+03 1.715291120690029175e+03 9.556868085707999398e+02
1.320770899659224340e-01 3.396403262791944599e+03 1.516546582521516484e+03 8.450451259114836375e+02
1.472694811144383831e-01 2.711539619082910576e+03 1.210945156328416942e+03 6.748229483963239090e+02
1.642094028064348954e-01 2.130890853939241879e+03 9.517752889516601726e+02 5.304402078154483888e+02
1.830978677048002712e-01 1.856572111858248263e+03 8.293604307544961785e+02 4.622505648229034705e+02
2.041590102946942431e-01 1.539797961789031206e+03 6.879341526814991994e+02 3.834505173818589583e+02
2.276427465103479653e-01 1.196678607788839372e+03 5.346955179862459318e+02 2.980530427246958425e+02
2.538277392899435103e-01 1.013508109893724168e+03 4.528941482566580135e+02 2.524673048661608448e+02
2.830247052484705095e-01 7.974315102469349767e+02 3.563677066105743165e+02 1.986667479906669769e+02
3.155801017062329072e-01 6.517014302932334431e+02 2.912625789867408344e+02 1.623780612998369293e+02
3.518802378240603601e-01 5.151428821890941663e+02 2.302452182569750505e+02 1.283650615869406408e+02
3.923558586288135031e-01 4.146581683182678262e+02 1.853430832770529832e+02 1.033342215511585209e+02
4.374872563241952172e-01 3.280809444512910318e+02 1.466517355411388337e+02 8.176449657436168650e+01
4.878099695387512202e-01 2.593628253353085142e+02 1.159394216902764612e+02 6.464232884504357912e+01
5.439211381395319123e-01 2.046645812148965433e+02 9.149151803808230454e+01 5.101215276153429556e+01
6.064865890189676811e-01 1.608814536386797442e+02 7.192114037482954814e+01 4.010100911516190081e+01
6.762487369363893164e-01 1.260625701485776773e+02 5.635693359115540346e+01 3.142323182648496172e+01
7.540353941672404137e-01 9.845933633887302960e+01 4.401766305917587374e+01 2.454339512424443370e+01
8.407695934971151086e-01 7.667980650728141256e+01 3.428140062039079794e+01 1.911479512715336782e+01
9.374805411223435803e-01 5.956285887110068700e+01 2.662927714306511007e+01 1.484817958170457963e+01
1.045315829426528564e+00 4.614833558971315597e+01 2.063218235284471191e+01 1.150432813722640546e+01
1.165555054552403824e+00 3.566688551180802591e+01 1.594625599474774091e+01 8.891534496328318937e+00
1.299625000357985227e+00 2.750213004028786656e+01 1.229599173466709594e+01 6.856194456732333187e+00
1.449116568932995452e+00 2.115978138185185031e+01 9.460442679954198297e+00 5.275119702494151852e+00
1.615803658576671964e+00 1.624585172586765935e+01 7.263488489391460412e+00 4.050113086907090043e+00
1.801664213246928048e+00 1.244809288153218496e+01 5.565543825363372221e+00 3.103346925446550664e+00
2.008903693258128342e+00 9.519945926047013174e+00 4.256385353422473372e+00 2.373363932281923994e+00
2.239981245735629400e+00 7.267348170162907905e+00 3.249255090708124349e+00 1.811789681610852076e+00
2.497638885371206374e+00 5.538126052621117346e+00 2.476120558917359826e+00 1.380690276856945786e+00
2.784934031744384253e+00 4.213363729156911042e+00 1.883817361831424453e+00 1.050421759014730894e+00
3.105275789304232426e+00 3.200418841662741265e+00 1.430926822637627271e+00 7.978893598582291746e-01
3.462465400517639402e+00 2.427318943267728457e+00 1.085270770090500214e+00 6.051507833977379791e-01
3.860741352209485999e+00 1.838305740299417179e+00 8.219199617164301142e-01 4.583056496567153304e-01
4.304829670336041580e+00 1.390291911743387399e+00 6.216103000198478501e-01 3.466123585932789908e-01
4.799999999999999822e+00 1.050065546631173907e+00 4.694928648998923371e-01 2.617911630375245879e-01
