1.000000000230258569e-04 3.355210875497417078e+02 1.422608272209184292e+02 7.848481255871857343e+01
1.115026695290953366e-04 3.720026241220245424e+02 1.577339373027026852e+02 8.701884299634203046e+01
1.243284530925187648e-04 4.124497355468407704e+02 1.748907289671375622e+02 9.648064881075998755e+01
1.386295441504667143e-04 4.572930716575980910e+02 1.939145729665102920e+02 1.069710235541284078e+02
1.545756424481938766e-04 5.070095430581941400e+02 2.150087077325050871e+02 1.186016319533077592e+02
1.723559677317991945e-04 5.621272173320263619e+02 2.383983774627403989e+02 1.314961710221704720e+02
1.921815050694108094e-04 6.232310147512723688e+02 2.643332785160362732e+02 1.457916974283054401e+02
2.142875084442451923e-04 6.909673785359706244e+02 2.930895926137813490e+02 1.616398260980813575e+02
2.389362923277018713e-04 7.660502417593415885e+02 3.249725943445661187e+02 1.792081924284030094e+02
2.664203443578849946e-04 8.492689667398650499e+02 3.603201261946675231e+02 1.986822985320164605e+02
2.970657960592480913e-04 9.414914294018517467e+02 3.995038408965449435e+02 2.202666503748106948e+02
3.312362927876497001e-04 1.043669156375790635e+03 4.429313836792674692e+02 2.441862864766536632e+02
3.693373088223966556e-04 1.156849119062918362e+03 4.910516408966790891e+02 2.706894188754634456e+02
4.118209588090659132e-04 1.282173846298180479e+03 5.443544148460646284e+02 3.000478870823347961e+02
4.591913626466918256e-04 1.420882516780925243e+03 6.033705477754383537e+02 3.325578844038298030e+02
5.120106274801957584e-04 1.574326904069841248e+03 6.686791468461653949e+02 3.685437924499619839e+02
5.709055177816341068e-04 1.743976032894404170e+03 7.409081936987973904e+02 4.083580168101881895e+02
6.365748926688486646e-04 1.931419505948855885e+03 8.207342480455414488e+02 4.523802680748634089e+02
7.097979987143026312e-04 2.138379254662120275e+03 9.088884489285151176e+02 5.010220442164686574e+02
7.914437166483044659e-04 2.366720771052349392e+03 1.006160360818112849e+03 5.547265326918660548e+02
8.824808716799498404e-04 2.618465377583665031e+03 1.113401695888927861e+03 6.139670204796999542e+02
9.839897297802024153e-04 2.895793861918128641e+03 1.231527584807587118e+03 6.792503323837736389e+02
1.097174816344422205e-03 3.201029088099703131e+03 1.361512286954088040e+03 7.511143026892335683e+02
1.223379209343287413e-03 3.536597299944072802e+03 1.504379194887831318e+03 8.301213891330977503e+02
1.364100476567608111e-03 3.905057693850394571e+03 1.661207863545001601e+03 9.168620345485295502e+02
1.521008446081769522e-03 4.309034826122867344e+03 1.833106895047794069e+03 1.011941538336913936e+03
1.695965020753673102e-03 4.751049828883322334e+03 2.021148531307263283e+03 1.115949152632698542e+03
1.891046271984591709e-03 5.233587452008947366e+03 2.226393979108828262e+03 1.229467888056841730e+03
2.108567074807741158e-03 5.758999324747947867e+03 2.449850781088723124e+03 1.353050964904780130e+03
2.351108576680822643e-03 6.329226123848308816e+03 2.692351329756865653e+03 1.487157855431729558e+03
2.621548825923003187e-03 6.945841922617756609e+03 2.954575236237053559e+03 1.632164833798188965e+03
2.923096923239734257e-03 7.609940698499957762e+03 3.237000902878383386e+03 1.788337837990851995e+03
3.259331101584665453e-03 8.321827558495717312e+03 3.539768402661879009e+03 1.955757003715575820e+03
3.634241186222156913e-03 9.080990545814111101e+03 3.862671366706848858e+03 2.134312414358665137e+03
4.052275938830490927e-03 9.885962252390996582e+03 4.205095176170647392e+03 2.323670738283948594e+03
4.518395847440812539e-03 1.073407296097027938e+04 4.565919855470256152e+03 2.523205075286028659e+03
5.038131988628217865e-03 1.162103307863043665e+04 4.943348188296490662e+03 2.731965958301042065e+03
5.617651660426248826e-03 1.254113873578117818e+04 5.334945960155237117e+03 2.948583238453918966e+03
6.263831564778516575e-03 1.348660640345207321e+04 5.737424527439449776e+03 3.171251160211118986e+03
6.984339407925946493e-03 1.444730858789431477e+04 6.146496934612533551e+03 3.397607477096541515e+03
7.787724887016851671e-03 1.541194778188347846e+04 6.557375716848263437e+03 3.625019204439684472e+03
8.683521142606049834e-03 1.636104896301591907e+04 6.961797119213710175e+03 3.848925520840201898e+03
9.682357880899711625e-03 1.727515332101345848e+04 7.351486282514791128e+03 4.064753876872320234e+03
1.079608750807801998e-02 1.812887415864886498e+04 7.715655082682529610e+03 4.266543995382240610e+03
1.203792577343234388e-02 1.889875926481789429e+04 8.044340940592855986e+03 4.448799013159119568e+03
1.342260859021738965e-02 1.955407732209271853e+04 8.324451594841206315e+03 4.604278414850902664e+03
1.496656689508787767e-02 2.005897445701881588e+04 8.540708217550678455e+03 4.724521695026248381e+03
1.668812162103823840e-02 2.037896547261884916e+04 8.678421017193115404e+03 4.801394589444940721e+03
1.860770109743517184e-02 2.047929034172074171e+04 8.722779608019820444e+03 4.826693242367707171e+03
2.074808345685756270e-02 2.032957972252892068e+04 8.660774260782714919e+03 4.793189415716856274e+03
2.313466692519383291e-02 1.990982847551023951e+04 8.483796839620978062e+03 4.696058793761500056e+03
2.579577120231610690e-02 1.921633780732912055e+04 8.190220705055106009e+03 4.534383310618588439e+03
2.876297350957714855e-02 1.826848912198946709e+04 7.788187032600509156e+03 4.312630049401108408e+03
3.207148329174031032e-02 1.711410643079939109e+04 7.297955424416498317e+03 4.041958449776600446e+03
3.576056001963404812e-02 1.583083489570185884e+04 6.752550352257134364e+03 3.740622004301305878e+03
3.987397905126498221e-02 1.451889463253287613e+04 6.194669533564209814e+03 3.432265237947511196e+03
4.446055107939526907e-02 1.328326366995310673e+04 5.669066097164037274e+03 3.141666772553481678e+03
4.957470132945773766e-02 1.220592571804291765e+04 5.210753135081698929e+03 2.888245612830734444e+03
5.527711538069327024e-02 1.131620642095453695e+04 4.832291663302244160e+03 2.678983004830660320e+03
6.163545927395905344e-02 1.054924523814189706e+04 4.506035235961898252e+03 2.498572081892985807e+03
6.872518245115814828e-02 9.762429684744673068e+03 4.171089449194939334e+03 2.313256613665170789e+03
7.663041305413779980e-02 8.793818511230825607e+03 3.758232298478661050e+03 2.084640760876065997e+03
8.544495620686157200e-02 7.602187386966020313e+03 3.249784624460323357e+03 1.802898128264517709e+03
9.527340712667957401e-02 6.369924755759934669e+03 2.723672521971057904e+03 1.511248048191312137e+03
1.062323922731101822e-01 5.393236993838543640e+03 2.306581468771626078e+03 1.279997373138266994e+03
1.184519532618636822e-01 4.783961528597314100e+03 2.046440927306932053e+03 1.135779740326651336e+03
1.320770899659224340e-01 4.294595220653538490e+03 1.837466070291058713e+03 1.019914983237265460e+03
1.472694811144383831e-01 3.613518731738824044e+03 1.546344300818573174e+03 8.584118570442292366e+02
1.642094028064348954e-01 2.904482944937307821e+03 1.243130625136423077e+03 6.901550873132836159e+02
1.830978677048002712e-01 2.486802107690037701e+03 1.064522277768038066e+03 5.910449804523831290e+02
2.041590102946942431e-01 2.141957265845125676e+03 9.170293565267517124e+02 5.091913332909038559e+02
2.276427465103479653e-01 1.705629079839042106e+03 7.303147248493247616e+02 4.055421007769544985e+02
2.538277392899435103e-01 1.434576240823664648e+03 6.143222675343914716e+02 3.411511025597053504e+02
2.830247052484705095e-01 1.172970500739530962e+03 5.023444173726826421e+02 2.789803957023331122e+02
3.155801017062329072e-01 9.539796918755439492e+02 4.085925174469880972e+02 2.269243975129977002e+02
3.518802378240603601e-01 7.748215504996851450e+02 3.318832709703041814e+02 1.843284257713162049e+02
3.923558586288135031e-01 6.281178593619093817e+02 2.690624744438070479e+02 1.494424615461940107e+02
4.374872563241952172e-01 5.025789849348299754e+02 2.152983491449768962e+02 1.195841396667488681e+02
4.878099695387512202e-01 4.032316594436533705e+02 1.727477312859113283e+02 9.595229171946874658e+01
5.439211381395319123e-01 3.218484221448177323e+02 1.378882776499532383e+02 7.659122139269430818e+01
6.064865890189676811e-01 2.556609957583480650e+02 1.095358184649205526e+02 6.084362591028222766e+01
6.762487369363893164e-01 2.022122461056336533e+02 8.663882917644043857e+01 4.812575600964615319e+01
7.540353941672404137e-01 1.595975859068960290e+02 6.838215153209601738e+01 3.798507448672780384e+01
8.407695934971151086e-01 1.255377392811363109e+02 5.378985268807603148e+01 2.987961203241757602e+01
9.374805411223435803e-01 9.839820646100839951e+01 4.216201605835439636e+01 2.342068355183651818e+01
1.045315829426528564e+00 7.690145901952891450e+01 3.295152872817227774e+01 1.830445212299725100e+01
1.165555054552403824e+00 5.993976961541764581e+01 2.568394576016446251e+01 1.426741739075899851e+01
1.299625000357985227e+00 4.659466888802889173e+01 1.996584630009683892e+01 1.109106825384772144e+01
1.449116568932995452e+00 3.612835787852445435e+01 1.548116955634223579e+01 8.599854473023258450e+00
1.615803658576671964e+00 2.794607058424069024e+01 1.197511294701479478e+01 6.652246670205942181e+00
1.801664213246928048e+00 2.156780507371984967e+01 9.242033456459026297e+00 5.134018327156292472e+00
2.008903693258128342e+00 1.660916721898999526e+01 7.117241761291247748e+00 3.953689394659023471e+00
2.239981245735629400e+00 1.276412270285774930e+01 5.469614583768714233e+00 3.038423569483556630e+00
2.497638885371206374e+00 9.789924284454764702e+00 4.195141652319692049e+00 2.330444704772010489e+00
2.784934031744384253e+00 7.494675983376581030e+00 3.211599620916433473e+00 1.784078804584045219e+00
3.105275789304232426e+00 5.727293740119780985e+00 2.454251064284399764e+00 1.363364676531579889e+00
3.462465400517639402e+00 4.369226995836066330e+00 1.872297922277611049e+00 1.040083900461783006e+00
3.860741352209485999e+00 3.327762450140297812e+00 1.426012609019114530e+00 7.921676239780386375e-01
4.304829670336041580e+00 2.530598858696021747e+00 1.084413606385410178e+00 6.024054651525023729e-01
4.799999999999999822e+00 1.921529178311846886e+00 8.234156831546365352e-01 4.574179618836797800e-01
