1.000000000230258569e-04 2.043631063697087711e+03 9.611439574845717289e+02 5.617969999662948339e+02
1.115486563971542785e-04 2.286796979340519556e+03 1.074191046718368852e+03 6.274948471569924777e+02
1.244310274114527074e-04 2.559756097845252953e+03 1.200779159570890897e+03 7.009552342473917861e+02
1.388011391866901154e-04 2.866236401523454333e+03 1.342575166541110548e+03 7.831127712273028010e+02
1.548308057910457113e-04 3.210317348493967529e+03 1.501432981391100384e+03 8.750106966894408060e+02
1.727116835090306587e-04 3.596242433767419698e+03 1.679370505739487953e+03 9.778017585747119256e+02
1.926575623508681512e-04 4.028582301138296771e+03 1.878621703963283835e+03 1.092770426546580211e+03
2.149069222004190347e-04 4.512057541433774531e+03 2.101596293931919263e+03 1.221325524039341872e+03
2.397257841638464457e-04 5.051022382438200111e+03 2.350737874156840917e+03 1.364958790928608551e+03
2.674108912107391479e-04 5.649638856777089131e+03 2.628608148767397779e+03 1.525284381299831693e+03
2.982932561365508645e-04 6.311816007755570354e+03 2.937833818431841792e+03 1.704014742603062587e+03
3.327421192670277522e-04 7.041074970942669097e+03 3.280912369698431121e+03 1.902857633116742136e+03
3.711693632243215748e-04 7.840323088309730338e+03 3.660237891154497447e+03 2.123554383198672440e+03
4.140344375392690035e-04 8.712220784631203060e+03 4.078161055208636753e+03 2.367882196137442861e+03
4.618498519902246974e-04 9.660947166744103015e+03 4.537270569701478962e+03 2.637655436250897765e+03
5.151873043487156757e-04 1.069118605440833380e+04 5.040159571877985400e+03 2.934677000781696734e+03
5.746845157973842983e-04 1.180831911115755975e+04 5.589534111040104108e+03 3.260784553768146907e+03
6.410528557468661917e-04 1.302068621142931079e+04 6.189081002229439036e+03 3.618169397954226042e+03
7.150858472165629249e-04 1.433880884356423849e+04 6.843096676210371697e+03 4.009211396310131022e+03
7.976686544726134401e-04 1.577483116401603002e+04 7.556341123424876059e+03 4.436442049654375296e+03
8.897886663605780169e-04 1.734109744726285498e+04 8.334082261106066653e+03 4.902744002125956285e+03
9.925473018708411317e-04 1.905115031973863370e+04 9.182182192760521502e+03 5.411291424171170547e+03
1.107173179088194286e-03 2.091965317730521565e+04 1.010692519712011381e+04 5.965423112521785697e+03
1.235036804978161722e-03 2.295831831860736202e+04 1.111366089961778016e+04 6.568109365600667843e+03
1.377666961646263968e-03 2.517734459466620683e+04 1.220726450361161733e+04 7.222113488082106414e+03
1.536768984990051967e-03 2.758598407885271081e+04 1.339222658808636697e+04 7.929979987030236771e+03
1.714245154289869167e-03 3.018922642403275677e+04 1.467095782204359784e+04 8.693162310291811082e+03
1.912217436523370962e-03 3.298811630153429724e+04 1.604400273713279057e+04 9.512125960107092396e+03
2.133052857342773462e-03 3.598005395260005753e+04 1.751024037297276300e+04 1.038638060804704401e+04
2.379391802059096454e-03 3.915789267636513978e+04 1.906635028794974642e+04 1.131369767137736380e+04
2.654179585009814029e-03 4.250924811182609847e+04 2.070653868811291613e+04 1.229004916392828090e+04
2.960701664764286197e-03 4.601284086415859201e+04 2.242072563312280181e+04 1.330960134865222608e+04
3.302622926212283368e-03 4.963467825440476736e+04 2.419163556062526914e+04 1.436399794666769776e+04
3.684031499205906151e-03 5.333822165027232404e+04 2.600189618959184372e+04 1.544116918095630717e+04
4.109487637665882979e-03 5.707413322959312791e+04 2.782745568285381523e+04 1.652715959855834080e+04
4.584078243567925488e-03 6.078040549880611070e+04 2.963819756287928249e+04 1.760416399015895149e+04
5.113477687716873853e-03 6.438195644924048975e+04 3.139753146460509743e+04 1.865048648542756928e+04
5.704015654503047893e-03 6.778955614057142520e+04 3.306196230800059857e+04 1.964029869833945486e+04
6.362752821816417166e-03 7.089920421959580563e+04 3.458079328824526601e+04 2.054350090846403691e+04
7.097565280973966440e-03 7.359218871683007455e+04 3.589613525703877531e+04 2.132568953741097357e+04
7.917238706014356406e-03 7.573622631817785441e+04 3.694345642245109048e+04 2.194854925399960484e+04
8.831573398280912271e-03 7.718861081000557169e+04 3.765316322467123973e+04 2.237072423713733588e+04
9.851501462242475554e-03 7.780219965975375089e+04 3.795349331002769759e+04 2.254959301638070247e+04
1.098921751354712747e-02 7.743600561665376881e+04 3.777566105726392561e+04 2.244428579086349419e+04
1.225832448210000328e-02 7.597119832053939172e+04 3.706172818736471527e+04 2.202037410152952725e+04
1.367399625343743499e-02 7.333398749635892455e+04 3.577568676180164766e+04 2.125647768247090062e+04
1.525315909299450497e-02 6.952412628122670867e+04 3.391744667144226696e+04 2.015254780875668803e+04
1.701469402243795462e-02 6.464589489788709761e+04 3.153787231091725334e+04 1.873880884374015659e+04
1.897966256774625410e-02 5.893250172717310488e+04 2.875077182996725242e+04 1.708289106387431821e+04
2.117155857815964867e-02 5.275148153256497608e+04 2.573544657033491603e+04 1.529133450697823355e+04
2.361658912683562567e-02 4.657578999933238811e+04 2.272266596526129069e+04 1.350126431952528037e+04
2.634398785175567220e-02 4.091222893497326731e+04 1.995969119995447181e+04 1.185960266225326450e+04
2.938636448329653983e-02 3.619181963919880218e+04 1.765681976137785387e+04 1.049130902087723189e+04
3.278009473753994152e-02 3.264168291462381239e+04 1.592485792461013261e+04 9.462231302169786431e+03
3.656575523702054742e-02 3.016076708775520456e+04 1.471452639046322656e+04 8.743088574957875608e+03
4.078860865897657173e-02 2.825264026083541103e+04 1.378363054991992431e+04 8.189976306186260445e+03
4.549914491170512637e-02 2.603977505511986965e+04 1.270405247847935607e+04 7.548518523015785831e+03
5.075368480951484434e-02 2.276788271213162079e+04 1.110780238508317598e+04 6.600060239675490266e+03
5.661505346402430361e-02 1.857021936254538377e+04 9.059890514917757173e+03 5.383231177743828994e+03
6.315333144310807112e-02 1.462187969939288269e+04 7.133609093401995779e+03 4.238669005462686982e+03
7.044669267860774464e-02 1.213843235183048819e+04 5.922008884489029697e+03 3.518757845694584375e+03
7.858233914112514040e-02 1.107029942124796617e+04 5.400897877908422743e+03 3.209123929024418430e+03
8.765754345719625751e-02 9.950737423373022466e+03 4.854695220959754806e+03 2.884580454080937670e+03
9.778081193473929511e-02 7.841476636335813964e+03 3.825645981598237995e+03 2.273136379566876258e+03
1.090731819023149224e-01 6.053176061505312646e+03 2.953181684825408865e+03 1.754732834646517858e+03
1.216696688736408766e-01 5.369893125200120267e+03 2.619826930433545840e+03 1.556658831003409432e+03
1.357208808401622890e-01 4.471076484727966999e+03 2.181319457787185002e+03 1.296104735582413014e+03
1.513948189927238619e-01 3.425584038786806104e+03 1.671251196676594645e+03 9.930306389616745264e+02
1.688788864024014236e-01 2.945328078712776005e+03 1.436947469850910693e+03 8.538111227425370089e+02
1.883821286769788717e-01 2.299164401677086971e+03 1.121701218950068096e+03 6.664969642405098966e+02
2.101377333831422056e-01 1.893918554764725513e+03 9.239926135711552888e+02 5.490216753792245754e+02
2.344058181183555356e-01 1.492808355133616487e+03 7.283016206431789215e+02 4.327453125245458523e+02
2.614765405675759102e-01 1.207847467080575598e+03 5.892767572357477093e+02 3.501388407470780066e+02
2.916735677297306317e-01 9.573019014461424376e+02 4.670422821420880837e+02 2.775090552654992280e+02
3.253579457932418983e-01 7.582839498927997965e+02 3.699466992970092178e+02 2.198164521273449452e+02
3.629324169301749725e-01 6.001108234252952798e+02 2.927782506932906585e+02 1.739641609968774674e+02
4.048462346221089470e-01 4.731917292769325627e+02 2.308577266956294523e+02 1.371719920426763508e+02
4.516005350914485406e-01 3.719834172227074305e+02 1.814808658265527583e+02 1.078330508515533381e+02
5.037543290608768043e-01 2.915135234640328008e+02 1.422217409684151619e+02 8.450590617342835742e+01
5.619311854805180140e-01 2.278377303233102680e+02 1.111560121100406775e+02 6.604714115836941346e+01
6.268266871357865977e-01 1.776361486233269034e+02 8.666399150585966993e+01 5.149436727474466835e+01
6.992167472777639503e-01 1.381622339669916926e+02 6.740571370020673214e+01 4.005140246898368872e+01
7.799668867126374749e-01 1.072114065030144587e+02 5.230562092237149585e+01 3.107916777379357853e+01
8.700425822703268253e-01 8.301294735028405114e+01 4.049982593342703296e+01 2.406435411189043094e+01
9.705208103821856280e-01 6.414323584649453380e+01 3.129378765132295470e+01 1.859427398781240015e+01
1.082602923786821769e+00 4.946460775825149625e+01 2.413247373982428101e+01 1.433913468230163168e+01
1.207629015322442267e+00 3.807297156976292740e+01 1.857479813263557844e+01 1.103685108216000188e+01
1.347093940544190405e+00 2.925216258319215967e+01 1.427135925993219523e+01 8.479815580705079014e+00
1.502665190738521561e+00 2.243644106057585574e+01 1.094614811740025573e+01 6.504027974356427322e+00
1.676202830030598223e+00 1.718055280543517327e+01 8.381938234004879362e+00 4.980415393593052187e+00
1.869781734959676811e+00 1.313526307046700126e+01 6.408347783636357597e+00 3.807739385748291294e+00
2.085716402426663674e+00 1.002742253880434298e+01 4.892114567766925326e+00 2.906817547975658833e+00
2.326588622626292402e+00 7.643936715521753911e+00 3.729275203916479597e+00 2.215876618057468050e+00
2.595278347831105226e+00 5.819005032896047425e+00 2.838939714427671124e+00 1.686853200519382812e+00
2.894998126105261083e+00 4.423936083707822320e+00 2.158322584813323175e+00 1.282441231542027271e+00
3.229331511649635278e+00 3.359080677867554598e+00 1.638807439940605626e+00 9.737536487342751679e-01
3.602275911025628830e+00 2.547453023585300347e+00 1.242835400198342377e+00 7.384734097388460095e-01
4.018290377542188097e+00 1.929693706856822732e+00 9.414469488174685985e-01 5.593931164390159028e-01
4.482348925252354732e+00 1.460114425569157603e+00 7.123517553004906633e-01 4.232683025467378068e-01
5.000000000000000888e+00 1.103620223574251824e+00 5.384276618809036297e-01 3.199253512959417400e-01
