1.000000000230258569e-04 3.848990395774322337e+02 1.674320333272737855e+02 9.301709731728726638e+01
1.122634227564673579e-04 4.310116269515362433e+02 1.874439172734784620e+02 1.041371604091048084e+02
1.260307608609534901e-04 4.826632630018632995e+02 2.098426151047881376e+02 1.165844357850477593e+02
1.414864458359461712e-04 5.405223865217176353e+02 2.349108766946532398e+02 1.305164660537405439e+02
1.588375267953347550e-04 6.053386225652980102e+02 2.629645565647479657e+02 1.461093175541691664e+02
1.783164441611049004e-04 6.779505424152375781e+02 2.943560809779928036e+02 1.635595302961296227e+02
2.001841435067871621e-04 7.592925087908180330e+02 3.294780078933140999e+02 1.830861184309991927e+02
2.247335712646909519e-04 8.504088062434117319e+02 3.687680054029862049e+02 2.049333852849582058e+02
2.522935991264941354e-04 9.524575615814560479e+02 4.127136038725003573e+02 2.293734330323262611e+02
2.832334297096662638e-04 1.066712790682150171e+03 4.618572941013235891e+02 2.567088191644187418e+02
3.179675425093897337e-04 1.194585601506891635e+03 5.168029164495568466e+02 2.872762735329715156e+02
3.569612463934728852e-04 1.337621664573286353e+03 5.782218089753380355e+02 3.214495271750289476e+02
4.007369130231864672e-04 1.497501694646186706e+03 6.468596901922539928e+02 3.596426403990233780e+02
4.498809747048478080e-04 1.676064825777374836e+03 7.235447444443370841e+02 4.023147623558858186e+02
5.050517804175268938e-04 1.875324188078865518e+03 8.091917432630493749e+02 4.499719592084811666e+02
5.669884152586394726e-04 2.097478570230050082e+03 9.048094344139650502e+02 5.031709018548873473e+02
6.365206014554368984e-04 2.344922234231593848e+03 1.011510535078335351e+03 5.625243381045191882e+02
7.145798135793877959e-04 2.620286152007754936e+03 1.130498340603422093e+03 6.286956078887218382e+02
8.022117568662883325e-04 2.926452574578927852e+03 1.263072755347508746e+03 7.024018320566312923e+02
9.005903758055168549e-04 3.266547852708843948e+03 1.410640960428406515e+03 7.844189459636152151e+02
1.011033580661806338e-03 3.643902273834707557e+03 1.574675939070694540e+03 8.755619262328938248e+02
1.135020902606864940e-03 4.062064624817403910e+03 1.756721905314570677e+03 9.766875379700769599e+02
1.274213313974418031e-03 4.524784477198705645e+03 1.958392860364748230e+03 1.088693008191063427e+03
1.430475479156914512e-03 5.035808653510152908e+03 2.181300624526777938e+03 1.212477725581449477e+03
1.605900734223756829e-03 5.598914132497288847e+03 2.427054507589039531e+03 1.348943609382203704e+03
1.802839129895710598e-03 6.217826826781681120e+03 2.697224848602465499e+03 1.498973113745563296e+03
2.023928913547812410e-03 6.895860699020001448e+03 2.993220968987936885e+03 1.663353771302910900e+03
2.272131871983379750e-03 7.635950520909687839e+03 3.316281347846842436e+03 1.842777124882897169e+03
2.550773008441800313e-03 8.440412962909778798e+03 3.667371868427939717e+03 2.037783105097123553e+03
2.863585085365514225e-03 9.310422312287199020e+03 4.046985320811607835e+03 2.248646732092283401e+03
3.214758629634808552e-03 1.024603112934403725e+04 4.455131832664626927e+03 2.475373764464893611e+03
3.608998070155939632e-03 1.124573654569149767e+04 4.891150603686498471e+03 2.717599393119704473e+03
4.051584759838999447e-03 1.230587567275414040e+04 5.353453521486879254e+03 2.974450178144976235e+03
4.548447726227339283e-03 1.342070350789460463e+04 5.839539759806755683e+03 3.244542921889119498e+03
5.106243098575769836e-03 1.458203775649484123e+04 6.345818883567981175e+03 3.525850191258101859e+03
5.732443275407110572e-03 1.577821460221635789e+04 6.867278417006907148e+03 3.815630150831975243e+03
6.435437027063155117e-03 1.699441293994369335e+04 7.397463380655881338e+03 4.110291869195049912e+03
7.224641874254610074e-03 1.821202586924241405e+04 7.928286417221023839e+03 4.405346521450545879e+03
8.110630248067678127e-03 1.940832756347622126e+04 8.449870012622224749e+03 4.695309696892099055e+03
9.105271121505569346e-03 2.055606815677418126e+04 8.950365956756095329e+03 4.973603460399898722e+03
1.022188900990466699e-02 2.162268271734679001e+04 9.415611911388492445e+03 5.232365441326893233e+03
1.147544247024383408e-02 2.257357369264607405e+04 9.830556486642437449e+03 5.463234288535975793e+03
1.288272449057868002e-02 2.336063966800254639e+04 1.017425153746152682e+04 5.654565331341073033e+03
1.446258745407916733e-02 2.393862416868611035e+04 1.042698952838631885e+04 5.795406261142533367e+03
1.623619569135818438e-02 2.426497740175321087e+04 1.057022375854445818e+04 5.875444430170756277e+03
1.822730900435978393e-02 2.429273004533558924e+04 1.058346504262125563e+04 5.883274582172534792e+03
2.046260095998037737e-02 2.398222731195522647e+04 1.044940766340527625e+04 5.809263335503874259e+03
2.297201621738221775e-02 2.331001469065514902e+04 1.015778860760708812e+04 5.647693811550025202e+03
2.578917167586586637e-02 2.227544943889281785e+04 9.708251260921628273e+03 5.398330849573238083e+03
2.895180681720203528e-02 2.091212794964162094e+04 9.115371864817207097e+03 5.069240046511713444e+03
3.250228927534733192e-02 1.929486325268726068e+04 8.411724650428670429e+03 4.678515805966173502e+03
3.648818240631140908e-02 1.753981993192611117e+04 7.647866057582980829e+03 4.254227666550311369e+03
4.096288246151627566e-02 1.579169297786888274e+04 6.886841044280021379e+03 3.831420840863823287e+03
4.598633390041809155e-02 1.419540409991448905e+04 6.191844187501922534e+03 3.445254162939623257e+03
5.162583242493973962e-02 1.285325700517692530e+04 5.607505401142429946e+03 3.120568101830954674e+03
5.795692649341043640e-02 1.177654600321006728e+04 5.138797174580970022e+03 2.860149267004960620e+03
6.506442939097074885e-02 1.085869915692453287e+04 4.739249744744679447e+03 2.638153022278438584e+03
7.304355541444980393e-02 9.863970105249025437e+03 4.305983851800941011e+03 2.397314674386176648e+03
8.200119539239680844e-02 8.609105108168738298e+03 3.758954024605802715e+03 2.093054200826141823e+03
9.205734862752627812e-02 7.153595304231758746e+03 3.124067331449022731e+03 1.739772476399611833e+03
1.033467304443183715e-01 5.840313064468592529e+03 2.551037474418818874e+03 1.420839630741223118e+03
1.160205768769771578e-01 4.973401183902484263e+03 2.172780566581497624e+03 1.210311126773337037e+03
1.302486706739022226e-01 4.428451046607082390e+03 1.935050184690427159e+03 1.078010187736726493e+03
1.462216157596530064e-01 3.764288291819665574e+03 1.645117411208920657e+03 9.165864460860514100e+02
1.641533906237988560e-01 2.961347066819524116e+03 1.294411338040449209e+03 7.212582998681098161e+02
1.842842148426375448e-01 2.441851813695787314e+03 1.067496310020205556e+03 5.948714622540057917e+02
2.068837671345900298e-01 2.088107691440221060e+03 9.129749859332657707e+02 5.088035019283618112e+02
2.322547980593316352e-01 1.638790853705242398e+03 7.166106604570825311e+02 3.993974740346076260e+02
2.607371857574901086e-01 1.345708963377215014e+03 5.885178603885950679e+02 3.280265905219083606e+02
2.927124890628471365e-01 1.080148958727974559e+03 4.724282674961270914e+02 2.633354921988831165e+02
3.286090589819373742e-01 8.652016800832640229e+02 3.784501273508087706e+02 2.109615570028511797e+02
3.689077770159973624e-01 6.864872070461935891e+02 3.003021289207908353e+02 1.674062266792916773e+02
4.141484971975938345e-01 5.465505989360866579e+02 2.391040265828372355e+02 1.332956673947235515e+02
4.649372781414354283e-01 4.301788951130010901e+02 1.882055256292639456e+02 1.049241126534008970e+02
5.219545019921476570e-01 3.377420975015771774e+02 1.477719101194791449e+02 8.238470192540886217e+01
5.859639890329354506e-01 2.642697889302761496e+02 1.156310470279861562e+02 6.446725485745174922e+01
6.578232300572349756e-01 2.059518680256838081e+02 9.011769285015245146e+01 5.024389540576463986e+01
7.384948735793578356e-01 1.599123875384100586e+02 6.997475072782287953e+01 3.901411040575714395e+01
8.290596217703356530e-01 1.237320050034380898e+02 5.414445321030037661e+01 3.018841850447036634e+01
9.307307078768926045e-01 9.542581424911574572e+01 4.175885290679523365e+01 2.328305889323147326e+01
1.044870149067508081e+00 7.336771058038677040e+01 3.210678305252514519e+01 1.790162625841290733e+01
1.173006992433692330e+00 5.624405365871790252e+01 2.461365289620949781e+01 1.372382741558026531e+01
1.316857798575541416e+00 4.299805117482123507e+01 1.881718254127327583e+01 1.049196009449995692e+01
1.478349637175967013e+00 3.278560251044440577e+01 1.434809993208606826e+01 8.000161336905875942e+00
1.659645902619409696e+00 2.493663894664161518e+01 1.091323836036488260e+01 6.084990831344295970e+00
1.863175295489004624e+00 1.892206811102908404e+01 8.281098401873533632e+00 4.617383160452056323e+00
2.091664358187257822e+00 1.432603207011289115e+01 6.269721153146021742e+00 3.495888346009341952e+00
2.348174000537423645e+00 1.082326426739862946e+01 4.736778698504718221e+00 2.641152009846254867e+00
2.636140504673786467e+00 8.160396022876319932e+00 3.571397203230187056e+00 1.991357545470586965e+00
2.959421558534973240e+00 6.140847328329491539e+00 2.687551974150349299e+00 1.498541257533799964e+00
3.322347934639153344e+00 4.612636167124404274e+00 2.018734133748341986e+00 1.125619345222715451e+00
3.729781506445900785e+00 3.458690053945411957e+00 1.513710109825033623e+00 8.440254317490641922e-01
4.187180379509764627e+00 2.589111439348925625e+00 1.133137726340895490e+00 6.318236447637192166e-01
4.700672009942531204e+00 1.935082466750466690e+00 8.468999408555527575e-01 4.722213655046915703e-01
5.277135289701610610e+00 1.444070740886601145e+00 6.320066778844009026e-01 3.523996411868616230e-01
5.924292698344328478e+00 1.076087138524502329e+00 4.709568966622460495e-01 2.626002387738810007e-01
6.650813755741415534e+00 8.007651380716345191e-01 3.504606925850450860e-01 1.954129888541681348e-01
7.466431161634059954e+00 5.950959265246504870e-01 2.604482794552700486e-01 1.452231230026086450e-01
8.382071177875818790e+00 4.416884515760786112e-01 1.933084637029485187e-01 1.077867310173912102e-01
9.410000000000001918e+00 3.274277625112440582e-01 1.433014555784707378e-01 7.990338607122422776e-02
