1.000000000230258569e-04 2.090987019389381203e+03 9.897114928900138011e+02 5.403223308468127470e+02
1.115486563971542785e-04 2.309871624282191988e+03 1.095870379831456830e+03 5.985572614327743395e+02
1.244310274114527074e-04 2.550501405456110206e+03 1.213257686587968919e+03 6.630319518026851711e+02
1.388011391866901154e-04 2.814873133518444320e+03 1.343024509905586910e+03 7.344036833781262885e+02
1.548308057910457113e-04 3.105255422608426670e+03 1.486440927237307505e+03 8.133963414665115579e+02
1.727116835090306587e-04 3.424410889456213226e+03 1.644919767819703111e+03 9.008057948108809114e+02
1.926575623508681512e-04 3.775497086384984414e+03 1.820020648081520449e+03 9.975076211908516370e+02
2.149069222004190347e-04 4.162255228769165114e+03 2.013479021848095272e+03 1.104464375868572915e+03
2.397257841638464457e-04 4.589448400193048656e+03 2.227260093139412220e+03 1.222732791450943068e+03
2.674108912107391479e-04 5.062763037259647717e+03 2.463559837587661605e+03 1.353473047629571056e+03
2.982932561365508645e-04 5.588806541404524978e+03 2.724820626533834911e+03 1.497955108446338272e+03
3.327421192670277522e-04 6.174992092948167738e+03 3.013744440535755984e+03 1.657559974766276810e+03
3.711693632243215748e-04 6.829923806857802447e+03 3.333336063765632389e+03 1.833794110505380104e+03
4.140344375392690035e-04 7.563128371885660272e+03 3.686872672667083862e+03 2.028287137961874805e+03
4.618498519902246974e-04 8.383468207430096300e+03 4.077711739436778771e+03 2.242756803391791891e+03
5.151873043487156757e-04 9.300110104504590709e+03 4.509421223976670262e+03 2.479036270335563586e+03
5.746845157973842983e-04 1.032249946004493540e+04 4.985760575747004623e+03 2.739065983335657165e+03
6.410528557468661917e-04 1.145888057352554824e+04 5.510407644540355250e+03 3.024818215659076941e+03
7.150858472165629249e-04 1.271663785627031939e+04 6.087047389232457135e+03 3.338322146761915974e+03
7.976686544726134401e-04 1.410245822919070815e+04 6.719369166275874704e+03 3.681649100945352984e+03
8.897886663605780169e-04 1.562300127771695043e+04 7.410950543232796917e+03 4.056815236716218351e+03
9.925473018708411317e-04 1.728408460587797526e+04 8.165196011762110174e+03 4.465781045105029989e+03
1.107173179088194286e-03 1.909031767699858756e+04 8.985254584589236401e+03 4.910409156812608671e+03
1.235036804978161722e-03 2.104643644923145621e+04 9.873918240505254289e+03 5.392296048612158302e+03
1.377666961646263968e-03 2.315637614135889089e+04 1.083349298235725109e+04 5.912750189053192116e+03
1.536768984990051967e-03 2.542245597460063436e+04 1.186561051688996304e+04 6.472724316184593590e+03
1.714245154289869167e-03 2.784514898220761461e+04 1.297077732912438114e+04 7.072548919266592748e+03
1.912217436523370962e-03 3.042269978864481891e+04 1.414827839931487870e+04 7.711885914994431005e+03
2.133052857342773462e-03 3.315052580792818480e+04 1.539601418288954119e+04 8.389635181978508626e+03
2.379391802059096454e-03 3.601929140734105022e+04 1.670979699253895524e+04 9.103469583197329484e+03
2.654179585009814029e-03 3.901486655522749061e+04 1.808325816360688259e+04 9.849796952774504462e+03
2.960701664764286197e-03 4.211790522307561332e+04 1.950754080577573768e+04 1.062376628984612944e+04
3.302622926212283368e-03 4.530109038920908642e+04 2.096990314340870464e+04 1.141870172137195004e+04
3.684031499205906151e-03 4.853034033908924903e+04 2.245447697981685633e+04 1.222585700675684893e+04
4.109487637665882979e-03 5.176328403584685293e+04 2.394141590741656546e+04 1.303439517118327421e+04
4.584078243567925488e-03 5.494722577669319435e+04 2.540642187102945172e+04 1.383108147887861196e+04
5.113477687716873853e-03 5.801925153151799168e+04 2.682039053618484468e+04 1.460006420886560227e+04
5.704015654503047893e-03 6.090540720191325090e+04 2.814908784383430248e+04 1.532271371818953594e+04
6.362752821816417166e-03 6.352027863245407207e+04 2.935304191666378756e+04 1.597752640156624693e+04
7.097565280973966440e-03 6.576723011237890751e+04 3.038755451510260900e+04 1.654018104398458308e+04
7.917238706014356406e-03 6.753943481033910939e+04 3.120324301952592214e+04 1.698379128137009684e+04
8.831573398280912271e-03 6.872238466039576451e+04 3.174718342075345572e+04 1.727955179003564263e+04
9.851501462242475554e-03 6.919869788469768537e+04 3.196513733165847589e+04 1.739792818082922531e+04
1.098921751354712747e-02 6.885607970937495702e+04 3.180520046529969841e+04 1.731068129365006826e+04
1.225832448210000328e-02 6.759968270541509264e+04 3.122354760106150570e+04 1.699394651419263027e+04
1.367399625343743499e-02 6.536939531215325405e+04 3.019237591085723398e+04 1.643259063305084419e+04
1.525315909299450497e-02 6.216164920321925456e+04 2.871001679624069948e+04 1.562570739509594387e+04
1.701469402243795462e-02 5.805337932054373960e+04 2.681198567063737937e+04 1.459261252896131555e+04
1.897966256774625410e-02 5.322198686765252933e+04 2.458016830181880141e+04 1.337788033242554957e+04
2.117155857815964867e-02 4.795172307749378524e+04 2.214582834567005921e+04 1.205294068853878525e+04
2.361658912683562567e-02 4.261502582000564144e+04 1.968092768145288210e+04 1.071138140682599078e+04
2.634398785175567220e-02 3.762050539288347500e+04 1.737414274496203143e+04 9.455893067271936161e+03
2.938636448329653983e-02 3.332892855182115454e+04 1.539206891903845644e+04 8.377133752681731494e+03
3.278009473753994152e-02 2.995008172778290100e+04 1.383155391627263634e+04 7.527813759537410078e+03
3.656575523702054742e-02 2.744074156738734382e+04 1.267263233186667276e+04 6.897063705599159221e+03
4.078860865897657173e-02 2.544994990591598253e+04 1.175320203619516906e+04 6.396659673233360081e+03
4.549914491170512637e-02 2.332221830738772405e+04 1.077054674772038561e+04 5.861847813266887897e+03
5.075368480951484434e-02 2.045800719264415602e+04 9.447789311142865699e+03 5.141937039078384259e+03
5.661505346402430361e-02 1.688465261291209026e+04 7.797549839806521959e+03 4.243796295656121401e+03
6.315333144310807112e-02 1.343623074921476837e+04 6.205014471366203907e+03 3.377062093019017539e+03
7.044669267860774464e-02 1.108566043757164152e+04 5.119486272022802950e+03 2.786265299994067391e+03
7.858233914112514040e-02 9.911578487505010344e+03 4.577276961318911162e+03 2.491168954947157999e+03
8.765754345719625751e-02 8.860568540984464562e+03 4.091904856348010526e+03 2.227006461613691044e+03
9.778081193473929511e-02 7.098282567790578469e+03 3.278060353358428983e+03 1.784073783270834383e+03
1.090731819023149224e-01 5.482676904992194068e+03 2.531955928810833029e+03 1.378008457500796112e+03
1.216696688736408766e-01 4.753251947542708876e+03 2.195098925916875487e+03 1.194675587026274343e+03
1.357208808401622890e-01 3.990770360276176689e+03 1.842976606201528057e+03 1.003033936450705710e+03
1.513948189927238619e-01 3.062596349359089345e+03 1.414336350163838233e+03 7.697478974842774733e+02
1.688788864024014236e-01 2.590921973529810657e+03 1.196512508781425367e+03 6.511978839614163235e+02
1.883821286769788717e-01 2.041032726687296872e+03 9.425681617900007723e+02 5.129894186216774870e+02
2.101377333831422056e-01 1.657961871488771294e+03 7.656623482459788193e+02 4.167090341892719039e+02
2.344058181183555356e-01 1.310477243848362832e+03 6.051906797868078911e+02 3.293728701208694361e+02
2.614765405675759102e-01 1.052840158565197498e+03 4.862114358890314634e+02 2.646188710468943555e+02
2.916735677297306317e-01 8.300918636935795121e+02 3.833441332303652871e+02 2.086336929506601905e+02
3.253579457932418983e-01 6.553602910840174900e+02 3.026514701323104077e+02 1.647169738807314729e+02
3.629324169301749725e-01 5.162829617844042787e+02 2.384242367267216025e+02 1.297615591414704284e+02
4.048462346221089470e-01 4.050765110783444811e+02 1.870680699493506722e+02 1.018111477573056476e+02
4.516005350914485406e-01 3.168601958901309672e+02 1.463289352967263994e+02 7.963900772906116288e+01
5.037543290608768043e-01 2.470367886679973424e+02 1.140838647301123814e+02 6.208972871967860385e+01
5.619311854805180140e-01 1.920349832629033813e+02 8.868352454443834176e+01 4.826568631024872502e+01
6.268266871357865977e-01 1.489261971445317840e+02 6.877547597656020173e+01 3.743081079380399245e+01
6.992167472777639503e-01 1.152091961108434361e+02 5.320465145824681485e+01 2.895644794536032762e+01
7.799668867126374749e-01 8.890609086507616610e+01 4.105764202714575362e+01 2.234547917306146303e+01
8.700425822703268253e-01 6.845158299047191974e+01 3.161156741488536071e+01 1.720448518271239990e+01
9.705208103821856280e-01 5.259020705087815628e+01 2.428663993525885800e+01 1.321791916666165001e+01
1.082602923786821769e+00 4.032110765756544168e+01 1.862065710156990761e+01 1.013422765466128439e+01
1.207629015322442267e+00 3.085354024056083944e+01 1.424844735820517805e+01 7.754667247264826813e+00
1.347093940544190405e+00 2.356487120273019542e+01 1.088247374060085804e+01 5.922747407620578386e+00
1.502665190738521561e+00 1.796599944296432128e+01 8.296864116796090372e+00 4.515538331605764455e+00
1.676202830030598223e+00 1.367407764233980316e+01 6.314815047757116773e+00 3.436815490732789691e+00
1.869781734959676811e+00 1.039053499656236745e+01 4.798444288761303689e+00 2.611536546457723595e+00
2.085716402426663674e+00 7.883202169053511454e+00 3.640534748418651212e+00 1.981348523729071998e+00
2.326588622626292402e+00 5.972034880301672288e+00 2.757940291685988310e+00 1.500999518998223925e+00
2.595278347831105226e+00 4.517780100456322501e+00 2.086352272430075594e+00 1.135490020006664436e+00
2.894998126105261083e+00 3.413004983116444180e+00 1.576157121773298142e+00 8.578180955889547210e-01
3.229331511649635278e+00 2.575025413766718785e+00 1.189170563446246387e+00 6.472020828422232475e-01
3.602275911025628830e+00 1.940360723896646267e+00 8.960766298062243784e-01 4.876867969912869194e-01
4.018290377542188097e+00 1.460371469867442151e+00 6.744131701313268445e-01 3.670472256892428620e-01
4.482348925252354732e+00 1.097855707278687865e+00 5.070000309376290204e-01 2.759331617632014844e-01
5.000000000000000888e+00 8.244165957831701697e-01 3.807233375016103594e-01 2.072074766790129585e-01
