1.000000000230258569e-04 1.592977454623966196e+02 6.699317617205961994e+01 3.705592278035668841e+01
1.115026695290953366e-04 1.773978873068804774e+02 7.459701864113461056e+01 4.125952946304777669e+01
1.243284530925187648e-04 1.975619728274390638e+02 8.306518423024816400e+01 4.594014544234658359e+01
1.386295441504667143e-04 2.200272453926889114e+02 9.249626426610652175e+01 5.115193698322561033e+01
1.545756424481938766e-04 2.450583436426636581e+02 1.030001511772843656e+02 5.695521140708594032e+01
1.723559677317991945e-04 2.729505806911986951e+02 1.146993454598633093e+02 6.341711922950477032e+01
1.921815050694108094e-04 3.040333326494604194e+02 1.277303691308028846e+02 7.061242327536750452e+01
2.142875084442451923e-04 3.386715023337790740e+02 1.422449869139812222e+02 7.862424422398943591e+01
2.389362923277018713e-04 3.772699826033042427e+02 1.584120129566279616e+02 8.754502227818507265e+01
2.664203443578849946e-04 4.202783393695606264e+02 1.764192382074886893e+02 9.747756356728552873e+01
2.970657960592480913e-04 4.681868873290039801e+02 1.964737402593205218e+02 1.085356807358903808e+02
3.312362927876497001e-04 5.215310334651937865e+02 2.188040418009411212e+02 1.208454183850943906e+02
3.693373088223966556e-04 5.808983973036371253e+02 2.436628684866113588e+02 1.345464925123620219e+02
4.118209588090659132e-04 6.469205497263291136e+02 2.713253055125372271e+02 1.497922062179610805e+02
4.591913626466918256e-04 7.202743665858391751e+02 3.020904062076161267e+02 1.667506656979531385e+02
5.120106274801957584e-04 8.016907061339816210e+02 3.362851495416727516e+02 1.856068356519833173e+02
5.709055177816341068e-04 8.919644713970144494e+02 3.742635963017771132e+02 2.065617592315489617e+02
6.365748926688486646e-04 9.919586045374048808e+02 4.164077835644029619e+02 2.298332759494171853e+02
7.097979987143026312e-04 1.102602670729839701e+03 4.631309385048305103e+02 2.556584776488112993e+02
7.914437166483044659e-04 1.224932009597330989e+03 5.148840671184769917e+02 2.842940792531921375e+02
8.824808716799498404e-04 1.360108517491176372e+03 5.721597386160663063e+02 3.160170825444365050e+02
9.839897297802024153e-04 1.509403887190886053e+03 6.354904739879550561e+02 3.511261609359186764e+02
1.097174816344422205e-03 1.674205347483778496e+03 7.054534186461258969e+02 3.899424974858847577e+02
1.223379209343287413e-03 1.856024144057564172e+03 7.826741408969829763e+02 4.328104064597541765e+02
1.364100476567608111e-03 2.056506129660193892e+03 8.678260068935367144e+02 4.800974702880446330e+02
1.521008446081769522e-03 2.277361721578550714e+03 9.616118320457376285e+02 5.321874315966389304e+02
1.695965020753673102e-03 2.520303819525648578e+03 1.064747261033273389e+03 5.894734097471648511e+02
1.891046271984591709e-03 2.787110977139894658e+03 1.177974725874298429e+03 6.523617369763454690e+02
2.108567074807741158e-03 3.079537810966768575e+03 1.302028997565888403e+03 7.212550978164279059e+02
2.351108576680822643e-03 3.399203184614592828e+03 1.437595095640029058e+03 7.965321141929086934e+02
2.621548825923003187e-03 3.747638468921622461e+03 1.585324769433370875e+03 8.785535429421612434e+02
2.923096923239734257e-03 4.126196481718025098e+03 1.745796276943474368e+03 9.676400891954472172e+02
3.259331101584665453e-03 4.535919846217150734e+03 1.919456681688797516e+03 1.064041017329981742e+03
3.634241186222156913e-03 4.977536776705309421e+03 2.106623457969903939e+03 1.167934998700579854e+03
4.052275938830490927e-03 5.451335805185032768e+03 2.307421864269995694e+03 1.279395148857817958e+03
4.518395847440812539e-03 5.957037869642407713e+03 2.521741006831493905e+03 1.398347960248501067e+03
5.038131988628217865e-03 6.493396270952393024e+03 2.749079747416822102e+03 1.524555418002886654e+03
5.617651660426248826e-03 7.058433087006817914e+03 2.988579800707515460e+03 1.657517176363451881e+03
6.263831564778516575e-03 7.649354620148140384e+03 3.239078682359743198e+03 1.796596795430758448e+03
6.984339407925946493e-03 8.260350641964059832e+03 3.498126005914489724e+03 1.940437045929511896e+03
7.787724887016851671e-03 8.884926425018727969e+03 3.762976284525541359e+03 2.087520509291928647e+03
8.683521142606049834e-03 9.515553980440283340e+03 4.030452749662461883e+03 2.236087847591415994e+03
9.682357880899711625e-03 1.014149125610164265e+04 4.296018086555038280e+03 2.383630040755136179e+03
1.079608750807801998e-02 1.074931918148382101e+04 4.553991083725092722e+03 2.526993519442103661e+03
1.203792577343234388e-02 1.132311829244879300e+04 4.797627733136549068e+03 2.662433121411872889e+03
1.342260859021738965e-02 1.184431493728197165e+04 5.019064003090088590e+03 2.785582975295179949e+03
1.496656689508787767e-02 1.229142218995680014e+04 5.209197369523203633e+03 2.891394928240388708e+03
1.668812162103823840e-02 1.264094565371323370e+04 5.358053421963888468e+03 2.974324927982162990e+03
1.860770109743517184e-02 1.286869033992369077e+04 5.455338887827982944e+03 3.028640416975433254e+03
2.074808345685756270e-02 1.295167681533641371e+04 5.491312533189315218e+03 3.048928555325162051e+03
2.313466692519383291e-02 1.287104133722403094e+04 5.457939912241370621e+03 3.030726308087206235e+03
2.579577120231610690e-02 1.261637713995524791e+04 5.350749203750498964e+03 2.971518501685799492e+03
2.876297350957714855e-02 1.219078515087158303e+04 5.171026500438581934e+03 2.872004584619717207e+03
3.207148329174031032e-02 1.161491752058144812e+04 4.927499328884559873e+03 2.737028101287713525e+03
3.576056001963404812e-02 1.092905936041755194e+04 4.637219320962060920e+03 2.576041664255000796e+03
3.987397905126498221e-02 1.019060041503139473e+04 4.324517230248688065e+03 2.402557007791679098e+03
4.446055107939526907e-02 9.464780751320075069e+03 4.017072860438970565e+03 2.231951171231506123e+03
4.957470132945773766e-02 8.808025951711664675e+03 3.738837117825461064e+03 2.077534456754061466e+03
5.527711538069327024e-02 8.247773303796415348e+03 3.501472474043190232e+03 1.945793429033570646e+03
6.163545927395905344e-02 7.754781623183968804e+03 3.292581959521858153e+03 1.829844936958078051e+03
6.872518245115814828e-02 7.245114683558109391e+03 3.076535479358289194e+03 1.709892542852873930e+03
7.663041305413779980e-02 6.613800652698902013e+03 2.808754851744925872e+03 1.561159736203472448e+03
8.544495620686157200e-02 5.821323776454442850e+03 2.472447657521177007e+03 1.374309884429243539e+03
9.527340712667957401e-02 4.971801263500387904e+03 2.111825892996706443e+03 1.173916991072156179e+03
1.062323922731101822e-01 4.263845105804829473e+03 1.811261757649260517e+03 1.006884967812518198e+03
1.184519532618636822e-01 3.798056418053084144e+03 1.613515969177563420e+03 8.969931654539941519e+02
1.320770899659224340e-01 3.431474961890879513e+03 1.457878644454475534e+03 8.104988589278377731e+02
1.472694811144383831e-01 2.939697865975562308e+03 1.249018937090412237e+03 6.944059243585545573e+02
1.642094028064348954e-01 2.402742419258116115e+03 1.020930868857769951e+03 5.676131090364656302e+02
1.830978677048002712e-01 2.061181168934940160e+03 8.758412598573183914e+02 4.869580204248923110e+02
2.041590102946942431e-01 1.793959974142236206e+03 7.623242233924700031e+02 4.238523183567619412e+02
2.276427465103479653e-01 1.452719949530488293e+03 6.173399039377839017e+02 3.432470513923435078e+02
2.538277392899435103e-01 1.224242411456046057e+03 5.202634182034493051e+02 2.892759107439144373e+02
2.830247052484705095e-01 1.016323953585277536e+03 4.319163802587299870e+02 2.401564079945561900e+02
3.155801017062329072e-01 8.306198302384017325e+02 3.530041564597590877e+02 1.962813184763002710e+02
3.518802378240603601e-01 6.829974362202633529e+02 2.902720116835388353e+02 1.614017806523350202e+02
3.923558586288135031e-01 5.569140320245290923e+02 2.366909107340797789e+02 1.316097659049243020e+02
4.374872563241952172e-01 4.498636989431885240e+02 1.911968290012616194e+02 1.063138968567831029e+02
4.878099695387512202e-01 3.640262766894085757e+02 1.547168819129628901e+02 8.602991682080232749e+01
5.439211381395319123e-01 2.927535990210699310e+02 1.244261862769366473e+02 6.918714435492906034e+01
6.064865890189676811e-01 2.343115938222091756e+02 9.958800898271299218e+01 5.537609367146716011e+01
6.762487369363893164e-01 1.867293596091640495e+02 7.936499802650153867e+01 4.413119965333492445e+01
7.540353941672404137e-01 1.484438859704952733e+02 6.309302225448664814e+01 3.508319459475669078e+01
8.407695934971151086e-01 1.176054335848081251e+02 4.998602936652853401e+01 2.779503959108514266e+01
9.374805411223435803e-01 9.282951408035985708e+01 3.945565252269168610e+01 2.193959562099841776e+01
1.045315829426528564e+00 7.304418393287973288e+01 3.104633320450604472e+01 1.726355953521762032e+01
1.165555054552403824e+00 5.731398010881186877e+01 2.436051333283143450e+01 1.354587372454188987e+01
1.299625000357985227e+00 4.484668320763432803e+01 1.906150608872096441e+01 1.059932548231221006e+01
1.449116568932995452e+00 3.499746462887502929e+01 1.487525293698681672e+01 8.271527156782040535e+00
1.615803658576671964e+00 2.724262636486708189e+01 1.157917108642160642e+01 6.438713632636564377e+00
1.801664213246928048e+00 2.115572223252354789e+01 8.992012380096296553e+00 5.000101562740775663e+00
2.008903693258128342e+00 1.639157723965729829e+01 6.967070414143389456e+00 3.874113636888135481e+00
2.239981245735629400e+00 1.267284500464721297e+01 5.386465985207464335e+00 2.995202642639431367e+00
2.497638885371206374e+00 9.777640501234545312e+00 4.155891414385279425e+00 2.310928657950086951e+00
2.784934031744384253e+00 7.529112461908398224e+00 3.200178714480853337e+00 1.779494323069054085e+00
3.105275789304232426e+00 5.786848050001712096e+00 2.459646957555121194e+00 1.367713800625985243e+00
3.462465400517639402e+00 4.439831831753580538e+00 1.887110645279955312e+00 1.049349032410328952e+00
3.860741352209485999e+00 3.400581341971278704e+00 1.445386875691858197e+00 8.037238030891771245e-01
4.304829670336041580e+00 2.600375826419769609e+00 1.105266861262288680e+00 6.145962579875530185e-01
4.799999999999999822e+00 1.985389993751799587e+00 8.438727503984223555e-01 4.692450842630014884e-01
