1.000000000230258569e-04 6.262558232679424691e+03 2.478754475900832404e+03 1.380185197369964726e+03
1.115486563971542785e-04 6.998485496123483244e+03 2.763709616464188912e+03 1.537186198189009019e+03
1.244310274114527074e-04 7.828145531423841931e+03 3.083582192817688338e+03 1.712971697437749071e+03
1.388011391866901154e-04 8.764563299725934485e+03 3.443171945535560099e+03 1.910044232049263883e+03
1.548308057910457113e-04 9.821948518948662240e+03 3.847905958582184212e+03 2.131257279911150363e+03
1.727116835090306587e-04 1.101441653954428330e+04 4.303727920787840958e+03 2.379826581438574067e+03
1.926575623508681512e-04 1.235694890488723831e+04 4.817342870099510037e+03 2.659425183353949706e+03
2.149069222004190347e-04 1.386378405549594208e+04 5.395900392892372111e+03 2.974106390659107092e+03
2.397257841638464457e-04 1.554406355366372918e+04 6.046013149743100257e+03 3.328010552433973771e+03
2.674108912107391479e-04 1.740314591231284430e+04 6.774271767888937575e+03 3.725596448360001432e+03
2.982932561365508645e-04 1.944087355061145354e+04 7.586481223865976972e+03 4.171313388772531653e+03
3.327421192670277522e-04 2.164715098766284063e+04 8.485267453798143833e+03 4.668482068155106390e+03
3.711693632243215748e-04 2.400165261530175121e+04 9.470569047855560711e+03 5.219647046077390769e+03
4.140344375392690035e-04 2.647564065538281648e+04 1.053924888337131961e+04 5.826164466093585361e+03
4.618498519902246974e-04 2.904062991132394382e+04 1.168429970050508746e+04 6.486832810131940278e+03
5.151873043487156757e-04 3.166275271677609635e+04 1.289410716045999834e+04 7.197891825053273351e+03
5.746845157973842983e-04 3.430686159130233136e+04 1.415365615057374089e+04 7.953270485865014962e+03
6.410528557468661917e-04 3.695963674260214611e+04 1.545117969072789310e+04 8.746325021869392003e+03
7.150858472165629249e-04 3.961820780017097422e+04 1.677478224212147688e+04 9.568609194539940290e+03
7.976686544726134401e-04 4.228648842422019516e+04 1.811295775599199260e+04 1.041055562332394402e+04
8.897886663605780169e-04 4.498109736281134974e+04 1.946364332318600646e+04 1.126728115985621844e+04
9.925473018708411317e-04 4.772881890451264189e+04 2.083025242103646815e+04 1.213611939460744179e+04
1.107173179088194286e-03 5.056188962272456411e+04 2.221901578030699602e+04 1.301558607057055997e+04
1.235036804978161722e-03 5.350039039772614342e+04 2.363680954198051404e+04 1.390742428782471143e+04
1.377666961646263968e-03 5.656164340484533022e+04 2.509245635265035889e+04 1.481590355097527754e+04
1.536768984990051967e-03 5.976386694081455062e+04 2.659634204807837523e+04 1.574661717552910341e+04
1.714245154289869167e-03 6.310985334373793012e+04 2.815234603871068248e+04 1.670217567094958576e+04
1.912217436523370962e-03 6.659414033621471026e+04 2.976139657723290657e+04 1.768408819492736438e+04
2.133052857342773462e-03 7.020945546825027850e+04 3.142396112796053785e+04 1.869394476046283671e+04
2.379391802059096454e-03 7.394879338583923527e+04 3.313536338085951866e+04 1.972967591261082271e+04
2.654179585009814029e-03 7.780444357399141882e+04 3.488740141901249444e+04 2.078687810547320260e+04
2.960701664764286197e-03 8.174717888022304396e+04 3.666989075779494306e+04 2.186007204632050707e+04
3.302622926212283368e-03 8.571643199278980319e+04 3.847198451633256627e+04 2.294083951752882058e+04
3.684031499205906151e-03 8.968326757585309679e+04 4.026851090061585273e+04 2.402089030679104690e+04
4.109487637665882979e-03 9.359754168075838243e+04 4.203839099935184640e+04 2.508318443586924332e+04
4.584078243567925488e-03 9.739811712132013054e+04 4.375513313576122164e+04 2.611247416762137073e+04
5.113477687716873853e-03 1.010128733350285911e+05 4.538686081829413888e+04 2.709013830619743749e+04
5.704015654503047893e-03 1.043579883797327639e+05 4.689621381136147829e+04 2.799408388312655370e+04
6.362752821816417166e-03 1.073370532953147922e+05 4.824007966842958558e+04 2.879873478389523370e+04
7.097565280973966440e-03 1.098406309482572542e+05 4.936941444622655399e+04 2.947489602765011659e+04
7.917238706014356406e-03 1.117462868740058184e+05 5.022931860598164349e+04 2.998986348045751947e+04
8.831573398280912271e-03 1.129200637615296000e+05 5.075965555869644595e+04 3.030777081217321393e+04
9.851501462242475554e-03 1.132199864399664657e+05 5.089666220215916110e+04 3.039059058729941171e+04
1.098921751354712747e-02 1.125029052663391776e+05 5.057605240143142873e+04 3.019995313973003431e+04
1.225832448210000328e-02 1.106362953061749577e+05 4.973828139140095300e+04 2.970034278026639731e+04
1.367399625343743499e-02 1.075163357391628087e+05 4.833673406718314800e+04 2.886391897461942790e+04
1.525315909299450497e-02 1.030929066730157210e+05 4.634889354011307296e+04 2.767727275690560782e+04
1.701469402243795462e-02 9.740041796283228905e+04 4.379027342365994991e+04 2.614967949080672406e+04
1.897966256774625410e-02 9.058972226945341390e+04 4.072873744575637102e+04 2.432168012366631592e+04
2.117155857815964867e-02 8.295173101069944096e+04 3.729508367169310077e+04 2.227139261339773293e+04
2.361658912683562567e-02 7.491773374904824595e+04 3.368325925744529377e+04 2.011465442256544338e+04
2.634398785175567220e-02 6.702189351977933256e+04 3.013346648172217465e+04 1.799490633155605246e+04
2.938636448329653983e-02 5.981537495837229653e+04 2.689351320611188567e+04 1.606015370714566598e+04
3.278009473753994152e-02 5.373633069741562940e+04 2.416042309093452423e+04 1.442806674335790922e+04
3.656575523702054742e-02 4.895499281188480381e+04 2.201076820710532775e+04 1.314437571861936340e+04
4.078860865897657173e-02 4.526409569833711430e+04 2.035135383934353376e+04 1.215343540013985148e+04
4.549914491170512637e-02 4.188963529945588380e+04 1.883420745488963075e+04 1.124744865975221546e+04
5.075368480951484434e-02 3.789627871183302341e+04 1.703879896699129313e+04 1.017528670224261987e+04
5.661505346402430361e-02 3.271482576137463911e+04 1.470920418296930256e+04 8.784116476730167051e+03
6.315333144310807112e-02 2.689352761111136715e+04 1.209188106657247590e+04 7.221107082539167095e+03
7.044669267860774464e-02 2.192847972598068372e+04 9.859513064099415715e+03 5.887973912390033547e+03
7.858233914112514040e-02 1.888198121120021096e+04 8.489755894571288081e+03 5.069979200780087922e+03
8.765754345719625751e-02 1.709877151828543720e+04 7.687997200494418394e+03 4.591181530794922764e+03
9.778081193473929511e-02 1.474312703015606348e+04 6.628847167007181270e+03 3.958670807603119101e+03
1.090731819023149224e-01 1.159526233253024293e+04 5.213489948039692536e+03 3.113435218104654723e+03
1.216696688736408766e-01 9.470095227825526308e+03 4.257958976799361153e+03 2.542800333292142113e+03
1.357208808401622890e-01 8.331579389047770746e+03 3.746052408665344501e+03 2.237094551165168923e+03
1.513948189927238619e-01 6.669134717966068820e+03 2.998572780930881436e+03 1.790705756180071830e+03
1.688788864024014236e-01 5.372173045545929199e+03 2.415423879266470522e+03 1.442453958371905173e+03
1.883821286769788717e-01 4.510225796402049127e+03 2.027868316867507019e+03 1.211009022073827055e+03
2.101377333831422056e-01 3.554845010235267182e+03 1.598304792438760160e+03 9.544782139331141479e+02
2.344058181183555356e-01 2.923040799510737088e+03 1.314230500195306604e+03 7.848321406386262424e+02
2.614765405675759102e-01 2.321883184748470285e+03 1.043937371422226988e+03 6.234160969693589323e+02
2.916735677297306317e-01 1.861013234339096016e+03 8.367208071416227995e+02 4.996693135819564873e+02
3.253579457932418983e-01 1.485568550160470295e+03 6.679142870193541057e+02 3.988607122465019188e+02
3.629324169301749725e-01 1.177324392214676891e+03 5.293231761867143632e+02 3.160963638736755570e+02
4.048462346221089470e-01 9.305665734856227118e+02 4.183781108341656818e+02 2.498422027311113709e+02
4.516005350914485406e-01 7.333254386313517443e+02 3.296964203003171292e+02 1.968832956022587837e+02
5.037543290608768043e-01 5.761851191319784675e+02 2.590451744826156641e+02 1.546920796903459632e+02
5.619311854805180140e-01 4.511239788775323518e+02 2.028175779863417745e+02 1.211144326558873558e+02
6.268266871357865977e-01 3.522424444509336467e+02 1.583605328210728374e+02 9.456595508517543180e+01
6.992167472777639503e-01 2.743162431482150510e+02 1.233252462778375218e+02 7.364398952471042037e+01
7.799668867126374749e-01 2.130652620423104509e+02 9.578738092687885342e+01 5.719934130201501432e+01
8.700425822703268253e-01 1.650772643581951513e+02 7.421261647325076183e+01 4.431570237621543384e+01
9.705208103821856280e-01 1.275999630205654114e+02 5.736342701676443312e+01 3.425403143909461079e+01
1.082602923786821769e+00 9.841273668883748371e+01 4.424142829950097422e+01 2.641812776305927812e+01
1.207629015322442267e+00 7.574094463353343087e+01 3.404876378882816823e+01 2.033154168367335402e+01
1.347093940544190405e+00 5.817355696540090548e+01 2.615107203923177082e+01 1.561546068963058076e+01
1.502665190738521561e+00 4.459387844634780862e+01 2.004625622044797595e+01 1.197003498323086568e+01
1.676202830030598223e+00 3.412165868767052501e+01 1.533845431409742233e+01 9.158832239436902611e+00
1.869781734959676811e+00 2.606378128465269484e+01 1.171602257842779871e+01 6.995742296744139388e+00
2.085716402426663674e+00 1.987587403084715731e+01 8.934266729854183353e+00 5.334661650985040637e+00
2.326588622626292402e+00 1.513293400400410249e+01 6.802134254332997010e+00 4.061508715649052803e+00
2.595278347831105226e+00 1.150422656104758445e+01 5.170929569093394740e+00 3.087485438274885752e+00
2.894998126105261083e+00 8.732924874356429612e+00 3.925180732892016078e+00 2.343633792385869441e+00
3.229331511649635278e+00 6.620074864902500522e+00 2.975433156294999382e+00 1.776533139270030315e+00
3.602275911025628830e+00 5.011821889607458225e+00 2.252518993818998005e+00 1.344880318598258295e+00
4.018290377542188097e+00 3.789440908327081914e+00 1.703071518617932378e+00 1.016809980766773425e+00
4.482348925252354732e+00 2.861693009116631270e+00 1.286072464311037944e+00 7.678279978567995601e-01
5.000000000000000888e+00 2.158615178522904632e+00 9.700626954760755982e-01 5.791466552827759795e-01
