1.000000000230258569e-04 2.830925921430682024e+02 1.183755687817335058e+02 6.506828821431487597e+01
1.115026695290953366e-04 3.146417317774052549e+02 1.315496349813840595e+02 7.231007961907693016e+01
1.243284530925187648e-04 3.497122558447869096e+02 1.461879492957372122e+02 8.035688525365083024e+01
1.386295441504667143e-04 3.886980912806132551e+02 1.624524921190915165e+02 8.929780032849213001e+01
1.545756424481938766e-04 4.320373624702213533e+02 1.805230154909731937e+02 9.923170517242726874e+01
1.723559677317991945e-04 4.802172168697387065e+02 2.005989407759872165e+02 1.102683120791457867e+02
1.921815050694108094e-04 5.337771684518713755e+02 2.229010733558734216e+02 1.225291119400007886e+02
2.142875084442451923e-04 5.933146824298466981e+02 2.476738516994584245e+02 1.361486157724755230e+02
2.389362923277018713e-04 6.594923337092842530e+02 2.751880439257470812e+02 1.512758429593695269e+02
2.664203443578849946e-04 7.330380330863044946e+02 3.057427935929847536e+02 1.680754435360088337e+02
2.970657960592480913e-04 8.147500236629188066e+02 3.396683776330947921e+02 1.867292190715666891e+02
3.312362927876497001e-04 9.055075308161103749e+02 3.773297760689067104e+02 2.074380960487427501e+02
3.693373088223966556e-04 1.006267593747720866e+03 4.191286458267991293e+02 2.304231503252257767e+02
4.118209588090659132e-04 1.118066982265188017e+03 4.655062696420824295e+02 2.559271993600236783e+02
4.591913626466918256e-04 1.242035565054344033e+03 5.169483003055427162e+02 2.842174529068165612e+02
5.120106274801957584e-04 1.379400928650673677e+03 5.739854145967327668e+02 3.155858324852893020e+02
5.709055177816341068e-04 1.531492999490397096e+03 6.371950891734597917e+02 3.503499115624803721e+02
6.365748926688486646e-04 1.699750929702441681e+03 7.072080210825216682e+02 3.888564538460678364e+02
7.097979987143026312e-04 1.885735756138638862e+03 7.847046625331895484e+02 4.314795502681679409e+02
7.914437166483044659e-04 2.091142276849893733e+03 8.704119085978618386e+02 4.786188297721513436e+02
8.824808716799498404e-04 2.317797994261068652e+03 9.651119566421189120e+02 5.307042495904383941e+02
9.839897297802024153e-04 2.567652525614292244e+03 1.069633539071417317e+03 5.881912977328377110e+02
1.097174816344422205e-03 2.842763498917282504e+03 1.184839511902718186e+03 6.515542043797507858e+02
1.223379209343287413e-03 3.145311917271410493e+03 1.311635889938778519e+03 7.212908385757607448e+02
1.364100476567608111e-03 3.477553828813792734e+03 1.450955993550623134e+03 7.979145546162728806e+02
1.521008446081769522e-03 3.841742184230265593e+03 1.603734498549978298e+03 8.819408101146635772e+02
1.695965020753673102e-03 4.240162735799439361e+03 1.770912821264582817e+03 9.738895798044741241e+02
1.891046271984591709e-03 4.675063868917553009e+03 1.953414189565107790e+03 1.074271311887437378e+03
2.108567074807741158e-03 5.148524366049591663e+03 2.152100659551581884e+03 1.183562717570425320e+03
2.351108576680822643e-03 5.662472665500480616e+03 2.367770100161938444e+03 1.302205734829967014e+03
2.621548825923003187e-03 6.218539576083106112e+03 2.601095945133238729e+03 1.430573881128270614e+03
2.923096923239734257e-03 6.817752943682124169e+03 2.852508115081084270e+03 1.568905185464393298e+03
3.259331101584665453e-03 7.460589056764613815e+03 3.122208941061281621e+03 1.717311896288527350e+03
3.634241186222156913e-03 8.146824941782568203e+03 3.410107774813576270e+03 1.875745248532579808e+03
4.052275938830490927e-03 8.875206185810960960e+03 3.715674795282783180e+03 2.043916645416311667e+03
4.518395847440812539e-03 9.643442434588061587e+03 4.037943820379580757e+03 2.221298130183542526e+03
5.038131988628217865e-03 1.044800038792313717e+04 4.375451675287943544e+03 2.407077040332604611e+03
5.617651660426248826e-03 1.128347224971212381e+04 4.725954703688781592e+03 2.600023711162700238e+03
6.263831564778516575e-03 1.214264812284276741e+04 5.086441943438637281e+03 2.798496075438434218e+03
6.984339407925946493e-03 1.301624086763923879e+04 5.453000434374918768e+03 3.000326927326877467e+03
7.787724887016851671e-03 1.389250989093691169e+04 5.820719476003430827e+03 3.202811596498932886e+03
8.683521142606049834e-03 1.475709957390679483e+04 6.183578991969926392e+03 3.402644818960120574e+03
9.682357880899711625e-03 1.559268851411436663e+04 6.534318724651815501e+03 3.595817130863530110e+03
1.079608750807801998e-02 1.637894322520985770e+04 6.864433694784069303e+03 3.777651555455438938e+03
1.203792577343234388e-02 1.709248455042639762e+04 7.164059764909151454e+03 3.942725780604721876e+03
1.342260859021738965e-02 1.770689812331999201e+04 7.422185075531776420e+03 4.084947615217283328e+03
1.496656689508787767e-02 1.819304442643648508e+04 7.626567798145330016e+03 4.197627658196250195e+03
1.668812162103823840e-02 1.852063946723523622e+04 7.764426297717565831e+03 4.273676933307483523e+03
1.860770109743517184e-02 1.865958378046009602e+04 7.823195118453512805e+03 4.306171311727701323e+03
2.074808345685756270e-02 1.858257786351712275e+04 7.791380505592003828e+03 4.288802546796406205e+03
2.313466692519383291e-02 1.826916689441424751e+04 7.660402112935402329e+03 4.216833035225573440e+03
2.579577120231610690e-02 1.771065286295004262e+04 7.426592937614037510e+03 4.088240964925506887e+03
2.876297350957714855e-02 1.691580744818679523e+04 7.093623856097193311e+03 3.905042181085279481e+03
3.207148329174031032e-02 1.591603972202764635e+04 6.674654330443354411e+03 3.674481952857512624e+03
3.576056001963404812e-02 1.476807865147322264e+04 6.193473116576902612e+03 3.409652199031941564e+03
3.987397905126498221e-02 1.355129053179321090e+04 5.683367744254308491e+03 3.128882130057828363e+03
4.446055107939526907e-02 1.235724676183420706e+04 5.182747700042056749e+03 2.853317776587893150e+03
4.957470132945773766e-02 1.127055919111770527e+04 4.727107304580927121e+03 2.602504292044784961e+03
5.527711538069327024e-02 1.034289367433236657e+04 4.338128632859725258e+03 2.388380735379996167e+03
6.163545927395905344e-02 9.566292467222150663e+03 4.012481896152661193e+03 2.209116018051455285e+03
6.872518245115814828e-02 8.865081193404075748e+03 3.718434085846743983e+03 2.047242641994711221e+03
7.663041305413779980e-02 8.085022963609762883e+03 3.391294591051997486e+03 1.867144961892440733e+03
8.544495620686157200e-02 7.130639389263278645e+03 2.991016429152527053e+03 1.646774237571919457e+03
9.527340712667957401e-02 6.045336110620959516e+03 2.535804294611733440e+03 1.396154375073210304e+03
1.062323922731101822e-01 5.040866119022283783e+03 2.114486541333850255e+03 1.164191858804382946e+03
1.184519532618636822e-01 4.321738352131655120e+03 1.812850783045340904e+03 9.981213430778734619e+02
1.320770899659224340e-01 3.854150309805260349e+03 1.616721824604607946e+03 8.901398111264045383e+02
1.472694811144383831e-01 3.369214817209192006e+03 1.413312164201493488e+03 7.781478501983345950e+02
1.642094028064348954e-01 2.748729592736157429e+03 1.153038508476740162e+03 6.348466630562893442e+02
1.830978677048002712e-01 2.240381228725601886e+03 9.398004235253110892e+02 5.174418347580170803e+02
2.041590102946942431e-01 1.938193571118014461e+03 8.130409310633591531e+02 4.476503375805284008e+02
2.276427465103479653e-01 1.604976346852627785e+03 6.732639589226030239e+02 3.706913805802188904e+02
2.538277392899435103e-01 1.290082133879516050e+03 5.411717628583060105e+02 2.979632813377890557e+02
2.830247052484705095e-01 1.082867189402256145e+03 4.542488954571774116e+02 2.501047302443057561e+02
3.155801017062329072e-01 8.683848834881782750e+02 3.642770427434504086e+02 2.005672759384481481e+02
3.518802378240603601e-01 7.116849992014711006e+02 2.985437514157846977e+02 1.643752995332690716e+02
3.923558586288135031e-01 5.705539503861272124e+02 2.393411852236304753e+02 1.317790002674800292e+02
4.374872563241952172e-01 4.605176325153710195e+02 1.931823240765391461e+02 1.063644192097472398e+02
4.878099695387512202e-01 3.683082824530148400e+02 1.545015942637262469e+02 8.506718706627157189e+01
5.439211381395319123e-01 2.935148775531801562e+02 1.231266156981498625e+02 6.779242671281460275e+01
6.064865890189676811e-01 2.332264324522830918e+02 9.783623958787178765e+01 5.386777792220452454e+01
6.762487369363893164e-01 1.846475693970669170e+02 7.745791628550651353e+01 4.264765372099254392e+01
7.540353941672404137e-01 1.456828414124272797e+02 6.111260687276362091e+01 3.364807813865667896e+01
8.407695934971151086e-01 1.145778274944155442e+02 4.806435281586725949e+01 2.646382525808892439e+01
9.374805411223435803e-01 8.985071039834768669e+01 3.769155759693362739e+01 2.075265302896478659e+01
1.045315829426528564e+00 7.025412049507876588e+01 2.947097316614431861e+01 1.622646944161974858e+01
1.165555054552403824e+00 5.478126449422609312e+01 2.298025423350924257e+01 1.265273515384385128e+01
1.299625000357985227e+00 4.260724896073811863e+01 1.787336456413563468e+01 9.840925400810309753e+00
1.449116568932995452e+00 3.305803709565982729e+01 1.386755497503308376e+01 7.635360595374194759e+00
1.615803658576671964e+00 2.558941443923608361e+01 1.073453403647274662e+01 5.910345498353627214e+00
1.801664213246928048e+00 1.976441862396469418e+01 8.291000216257293332e+00 4.564956198578189905e+00
2.008903693258128342e+00 1.523338963739434959e+01 6.390274131920135048e+00 3.518432292646841208e+00
2.239981245735629400e+00 1.171763241663829902e+01 4.915445387168056790e+00 2.706403668892049641e+00
2.497638885371206374e+00 8.996106145367406270e+00 3.773789156420093605e+00 2.077816950806581353e+00
2.784934031744384253e+00 6.894138911164307437e+00 2.892032035443481863e+00 1.592328805697565963e+00
3.105275789304232426e+00 5.274165352345612234e+00 2.212466847549511950e+00 1.218166057944077618e+00
3.462465400517639402e+00 4.028185571323523284e+00 1.689789072836543671e+00 9.303840242300539520e-01
3.860741352209485999e+00 3.071705187067056642e+00 1.288554008023404140e+00 7.094671737554014701e-01
4.304829670336041580e+00 2.338806148913811001e+00 9.811092319112464377e-01 5.401906027582819014e-01
4.799999999999999822e+00 1.778207350689232413e+00 7.459427665644781102e-01 4.107099835629634543e-01
