1.000000000230258569e-04 5.306273127317910621e+03 2.337462490074688503e+03 1.270563281626596108e+03
1.115486563971542785e-04 5.817675942753135132e+03 2.565909700326631537e+03 1.395141497097229603e+03
1.244310274114527074e-04 6.376697569314470456e+03 2.816431400076978207e+03 1.531870507317313468e+03
1.388011391866901154e-04 6.987540958531994875e+03 3.091101725179892583e+03 1.681916339652286069e+03
1.548308057910457113e-04 7.654901205024022602e+03 3.392189413596614031e+03 1.846552553130835122e+03
1.727116835090306587e-04 8.384272387231460016e+03 3.722190075084890395e+03 2.027167655383501369e+03
1.926575623508681512e-04 9.181810839140758617e+03 4.083833237646265843e+03 2.225276868219816151e+03
2.149069222004190347e-04 1.005460153470186560e+04 4.480124259164951582e+03 2.442532558548693032e+03
2.397257841638464457e-04 1.101126047914816081e+04 4.914420099694331839e+03 2.680734177207196808e+03
2.674108912107391479e-04 1.206177198998839776e+04 5.390427039342469470e+03 2.941841841389491492e+03
2.982932561365508645e-04 1.321746274451893441e+04 5.912223558357339243e+03 3.227984788390377162e+03
3.327421192670277522e-04 1.449082094682156639e+04 6.484286135175279014e+03 3.541461693225487124e+03
3.711693632243215748e-04 1.589599754360942643e+04 7.111541890224958479e+03 3.884762321080991569e+03
4.140344375392690035e-04 1.744835246942653612e+04 7.799312575974350693e+03 4.260558781856342648e+03
4.618498519902246974e-04 1.916214951160488636e+04 8.553020603277513146e+03 4.671638625257009153e+03
5.151873043487156757e-04 2.105198039714485640e+04 9.378392756367617039e+03 5.120953990038637130e+03
5.746845157973842983e-04 2.313266971367092992e+04 1.028139706402545198e+04 5.611593558933195709e+03
6.410528557468661917e-04 2.541699607029604158e+04 1.126770324626765068e+04 6.146602184402589955e+03
7.150858472165629249e-04 2.791636155451817103e+04 1.234288624604321376e+04 6.729047968072327421e+03
7.976686544726134401e-04 3.064099540259158312e+04 1.351238804931589220e+04 7.361979349363891743e+03
8.897886663605780169e-04 3.360031712558682921e+04 1.478106204259071455e+04 8.048139915710059540e+03
9.925473018708411317e-04 3.680199629348149028e+04 1.615317420083095385e+04 8.790009423368526768e+03
1.107173179088194286e-03 4.025131607714648271e+04 1.763223386696536181e+04 9.589710809187143241e+03
1.235036804978161722e-03 4.395160259224713081e+04 1.922034873268718002e+04 1.044850393393993727e+04
1.377666961646263968e-03 4.790320969316319679e+04 2.091813757420166803e+04 1.136680898188361607e+04
1.536768984990051967e-03 5.210228966689904337e+04 2.272442041841546597e+04 1.234408882057562550e+04
1.714245154289869167e-03 5.653837767520063790e+04 2.463489070547220035e+04 1.337811043798290848e+04
1.912217436523370962e-03 6.119420541851140297e+04 2.664209773096537174e+04 1.446494198326902006e+04
2.133052857342773462e-03 6.604527082484353741e+04 2.873535752396000680e+04 1.559888842048800871e+04
2.379391802059096454e-03 7.105691081627510721e+04 3.089972964577458697e+04 1.677177579918127230e+04
2.654179585009814029e-03 7.618435165936088015e+04 3.311594034860139072e+04 1.797294397587780986e+04
2.960701664764286197e-03 8.137272619965141348e+04 3.536036141199161648e+04 1.918950765376268828e+04
3.302622926212283368e-03 8.655545066296069126e+04 3.760414418610601570e+04 2.040641062073028297e+04
3.684031499205906151e-03 9.165734678511909442e+04 3.981432883584472438e+04 2.160566999360852424e+04
4.109487637665882979e-03 9.659244289514778939e+04 4.195374671039713576e+04 2.276709432000402012e+04
4.584078243567925488e-03 1.012652111197544436e+05 4.398099659082005383e+04 2.386826022529574766e+04
5.113477687716873853e-03 1.055707419237164140e+05 4.585057667813832086e+04 2.488452445294327845e+04
5.704015654503047893e-03 1.093943489297996275e+05 4.751278635147855675e+04 2.578895144874673861e+04
6.362752821816417166e-03 1.126096928179077368e+05 4.891284383853829058e+04 2.655185641440562904e+04
7.097565280973966440e-03 1.151175382491789060e+05 5.000767352462292183e+04 2.714986527756358191e+04
7.917238706014356406e-03 1.166623182086398738e+05 5.068621396809898579e+04 2.752262327266996363e+04
8.831573398280912271e-03 1.171171005267650762e+05 5.089306237534437241e+04 2.763994238743419191e+04
9.851501462242475554e-03 1.163933690828507970e+05 5.058959960737677466e+04 2.748076586210272944e+04
1.098921751354712747e-02 1.143538753489071969e+05 4.971561332316847984e+04 2.701216546034271232e+04
1.225832448210000328e-02 1.108901695769479848e+05 4.822343077953128522e+04 2.620798724545682489e+04
1.367399625343743499e-02 1.059663563301885151e+05 4.609675123581561638e+04 2.505914079776170911e+04
1.525315909299450497e-02 9.964339469371517771e+04 4.336134208392347500e+04 2.357937076161575897e+04
1.701469402243795462e-02 9.207978535333303444e+04 4.008501820752387721e+04 2.180501800952820122e+04
1.897966256774625410e-02 8.358079733140648750e+04 3.640006507071362284e+04 1.980767109632117717e+04
2.117155857815964867e-02 7.458847423504115432e+04 3.249845873120514443e+04 1.769148447143809972e+04
2.361658912683562567e-02 6.565393830963174696e+04 2.861948802139065083e+04 1.558630612309462413e+04
2.634398785175567220e-02 5.736042114963398490e+04 2.501717094596796233e+04 1.363030955693917349e+04
2.938636448329653983e-02 5.021151078749953740e+04 2.191135910592479922e+04 1.194344858799049871e+04
3.278009473753994152e-02 4.449341864686988993e+04 1.942736539621809425e+04 1.059429209380211614e+04
3.656575523702054742e-02 4.014482094635212707e+04 1.753916663680424244e+04 9.569009842647827099e+03
4.078860865897657173e-02 3.670157914413585240e+04 1.604468884142452225e+04 8.757696678954967865e+03
4.549914491170512637e-02 3.325308221353789122e+04 1.454616488780200598e+04 7.943396243411823889e+03
5.075368480951484434e-02 2.899841819323600066e+04 1.269291230284389349e+04 6.934492472214455120e+03
5.661505346402430361e-02 2.387576440318551613e+04 1.045712310563474966e+04 5.715523689768907388e+03
6.315333144310807112e-02 1.889563480425005037e+04 8.280941580118467755e+03 4.528004430271549609e+03
7.044669267860774464e-02 1.534792278507916672e+04 6.730128821656238870e+03 3.681505566789496243e+03
7.858233914112514040e-02 1.345292708890104950e+04 5.902509047567716152e+03 3.230010654149355105e+03
8.765754345719625751e-02 1.194207355667525371e+04 5.242452170597666736e+03 2.869831967747954423e+03
9.778081193473929511e-02 9.608027804751371150e+03 4.219984971216701524e+03 2.310874489529917355e+03
1.090731819023149224e-01 7.340407326471018678e+03 3.225558176082637601e+03 1.766861036901786065e+03
1.216696688736408766e-01 6.224380099226628772e+03 2.736366219242292118e+03 1.499312771368535550e+03
1.357208808401622890e-01 5.241053616498510564e+03 2.305022610682418417e+03 1.263287639616576826e+03
1.513948189927238619e-01 3.991394423057663516e+03 1.756081178555193219e+03 9.626530234561042789e+02
1.688788864024014236e-01 3.320347753675130207e+03 1.461342878912375681e+03 8.012445391873405924e+02
1.883821286769788717e-01 2.620851208071422661e+03 1.153839176156594476e+03 6.327557583412577742e+02
2.101377333831422056e-01 2.093735192427444872e+03 9.220306888783370596e+02 5.057138568949529258e+02
2.344058181183555356e-01 1.651316713723325392e+03 7.273805407671786725e+02 3.990080175187799796e+02
2.614765405675759102e-01 1.312912187708869851e+03 5.784459526284223330e+02 3.173477987194014531e+02
2.916735677297306317e-01 1.026194957846821580e+03 4.522114616197604278e+02 2.481191176974062103e+02
3.253579457932418983e-01 8.047311257115144372e+02 3.546802060293978229e+02 1.946234596877892216e+02
3.629324169301749725e-01 6.289236462811505817e+02 2.772356481971292510e+02 1.521393441579891714e+02
4.048462346221089470e-01 4.894437687167612125e+02 2.157797303591030982e+02 1.184219923557862444e+02
4.516005350914485406e-01 3.797462880722438854e+02 1.674366289399140726e+02 9.189612358543773496e+01
5.037543290608768043e-01 2.937297644828063881e+02 1.295230896345956353e+02 7.109109139385033416e+01
5.619311854805180140e-01 2.265132729133761984e+02 9.989167048011276506e+01 5.482962539625889065e+01
6.268266871357865977e-01 1.742593109188772473e+02 7.685334690633666810e+01 4.218557131334311094e+01
6.992167472777639503e-01 1.337276802999526240e+02 5.898134220212517675e+01 3.237639522122911018e+01
7.799668867126374749e-01 1.023687879088467696e+02 4.515266518884918412e+01 2.478608009655251720e+01
8.700425822703268253e-01 7.818246155325873303e+01 3.448610586841973458e+01 1.893117119116439540e+01
9.705208103821856280e-01 5.958119199509823716e+01 2.628209662417066639e+01 1.442782000081705363e+01
1.082602923786821769e+00 4.531113413455495476e+01 1.998799479316168259e+01 1.097276357011313230e+01
1.207629015322442267e+00 3.439023241178002621e+01 1.517087799802137837e+01 8.328417659123369177e+00
1.347093940544190405e+00 2.605203397477718852e+01 1.149282059591105210e+01 6.309319345192981210e+00
1.502665190738521561e+00 1.969987090196884338e+01 8.690726999813506382e+00 4.771065625825426260e+00
1.676202830030598223e+00 1.487081487175213468e+01 6.560454174031450592e+00 3.601604540352919770e+00
1.869781734959676811e+00 1.120699054457099919e+01 4.944170970243091823e+00 2.714300688096650482e+00
2.085716402426663674e+00 8.432533342779866103e+00 3.720205610590110012e+00 2.042364811571013572e+00
2.326588622626292402e+00 6.335373772809413495e+00 2.795018808592516724e+00 1.534449558541077785e+00
2.595278347831105226e+00 4.752911129591760542e+00 2.096887752694323037e+00 1.151182830728479933e+00
2.894998126105261083e+00 3.560794054410613807e+00 1.570958966918893918e+00 8.624521363091331994e-01
3.229331511649635278e+00 2.664146579620493505e+00 1.175379609719011675e+00 6.452813971529852699e-01
3.602275911025628830e+00 1.990753354735164349e+00 8.782924655091497446e-01 4.821817877297130961e-01
4.018290377542188097e+00 1.485759323858555137e+00 6.554982082462497139e-01 3.598684000486918610e-01
4.482348925252354732e+00 1.107573897871052093e+00 4.886488220580575415e-01 2.682684214619348029e-01
5.000000000000000888e+00 8.247252244289728917e-01 3.638600404889978379e-01 1.997595028358399583e-01
