1.000000000230258569e-04 4.744686354231688483e+02 2.209702274795043309e+02 1.281594881863348689e+02
1.122634227564673579e-04 5.300374057446663301e+02 2.466923787805249049e+02 1.430391533891118456e+02
1.260307608609534901e-04 5.922503547120861640e+02 2.754384331886001291e+02 1.596542849636969095e+02
1.414864458359461712e-04 6.619356518492631949e+02 3.075725558218497326e+02 1.782097108701307207e+02
1.588375267953347550e-04 7.400305916144972116e+02 3.435043613980208193e+02 1.989348845954508818e+02
1.783164441611049004e-04 8.275850499345992830e+02 3.836932259136851826e+02 2.220865585146628405e+02
2.001841435067871621e-04 9.257499205769039463e+02 4.286510677727104621e+02 2.479513217681833339e+02
2.247335712646909519e-04 1.035807171365273689e+03 4.789513479152191735e+02 2.768497484135631339e+02
2.522935991264941354e-04 1.159133229447674239e+03 5.352251790416296444e+02 3.091371708868344967e+02
2.832334297096662638e-04 1.297124718530511700e+03 5.981503521264405663e+02 3.452027114916312485e+02
3.179675425093897337e-04 1.451254605943388242e+03 6.684690572862450608e+02 3.854767267636169095e+02
3.569612463934728852e-04 1.622969391972013682e+03 7.469572271421138794e+02 4.304215360503172292e+02
4.007369130231864672e-04 1.813568580847329486e+03 8.343903780154477090e+02 4.805214076393736491e+02
4.498809747048478080e-04 2.024252013651065681e+03 9.315687789670556640e+02 5.362944375458404238e+02
5.050517804175268938e-04 2.256168925266656515e+03 1.039286933816527835e+03 5.982709229890930374e+02
5.669884152586394726e-04 2.510408824683503553e+03 1.158306244796523060e+03 6.669784860356722902e+02
6.365206014554368984e-04 2.787914708247542876e+03 1.289357937132735060e+03 7.429512406861357476e+02
7.145798135793877959e-04 3.090016731090972371e+03 1.433244143016707767e+03 8.267399348936031629e+02
8.022117568662883325e-04 3.418521106470298491e+03 1.590843592869871145e+03 9.189056586934264033e+02
9.005903758055168549e-04 3.775437418245652225e+03 1.763051551010701587e+03 1.020007562514351889e+03
1.011033580661806338e-03 4.163340776724586249e+03 1.950955508686118947e+03 1.130672259054535516e+03
1.135020902606864940e-03 4.585402428993648755e+03 2.155825883771847202e+03 1.251582754484658835e+03
1.274213313974418031e-03 5.045189041897222523e+03 2.379025164447731640e+03 1.383439087130804637e+03
1.430475479156914512e-03 5.545892239535428416e+03 2.621869859747566352e+03 1.526940878142440397e+03
1.605900734223756829e-03 6.090597071933157167e+03 2.885671926503423947e+03 1.682784811424236068e+03
1.802839129895710598e-03 6.682283902374140780e+03 3.171680619652966925e+03 1.851618441327260371e+03
2.023928913547812410e-03 7.322644556771616408e+03 3.480643001594195994e+03 2.033848596138861012e+03
2.272131871983379750e-03 8.012498701652156342e+03 3.812946763928206110e+03 2.229693819961555619e+03
2.550773008441800313e-03 8.751760483483871212e+03 4.168570629523946081e+03 2.439134467374646647e+03
2.863585085365514225e-03 9.538808481795556872e+03 4.546763473043266458e+03 2.661710406223486189e+03
3.214758629634808552e-03 1.037057158684900060e+04 4.946112585029170077e+03 2.896572805425831575e+03
3.608998070155939632e-03 1.124211021984175204e+04 5.364313419339430766e+03 3.142381079722544655e+03
4.051584759838999447e-03 1.214590832757056523e+04 5.797762114561978706e+03 3.397112368558040998e+03
4.548447726227339283e-03 1.307236498778124587e+04 6.241866597310805446e+03 3.658199758785852282e+03
5.106243098575769836e-03 1.400997578346953924e+04 6.691243957316464730e+03 3.922310686267896926e+03
5.732443275407110572e-03 1.494261732574140842e+04 7.138140208585228720e+03 4.184897481910582428e+03
6.435437027063155117e-03 1.585189047880044927e+04 7.573802085540325606e+03 4.440865815681157983e+03
7.224641874254610074e-03 1.671708173623566472e+04 7.988364648338383631e+03 4.684449669536208603e+03
8.110630248067678127e-03 1.751318845333957506e+04 8.369896357294237532e+03 4.908666825598061223e+03
9.105271121505569346e-03 1.821116930404941013e+04 8.704506594890493943e+03 5.105368138367544816e+03
1.022188900990466699e-02 1.877941791454672421e+04 8.977091068126412210e+03 5.265684542410391259e+03
1.147544247024383408e-02 1.918316912001847959e+04 9.171041433740703724e+03 5.379872195100865611e+03
1.288272449057868002e-02 1.938570087692729794e+04 9.268798363341447839e+03 5.437634366738052449e+03
1.446258745407916733e-02 1.935019190933976279e+04 9.252707036653517207e+03 5.428587949537063650e+03
1.623619569135818438e-02 1.904277488245984932e+04 9.106555040150236891e+03 5.343201177780419130e+03
1.822730900435978393e-02 1.843674877026548711e+04 8.817564284587549992e+03 5.173992381624174413e+03
2.046260095998037737e-02 1.751933885816591646e+04 8.379549851605310323e+03 4.917291033745589630e+03
2.297201621738221775e-02 1.630027375623247826e+04 7.797133186899634893e+03 4.575790271512942127e+03
2.578917167586586637e-02 1.482012829894444258e+04 7.089707703121391205e+03 4.160875712682023732e+03
2.895180681720203528e-02 1.315658648090875613e+04 6.294399341325457499e+03 3.694317328751116747e+03
3.250228927534733192e-02 1.142380301552443780e+04 5.465812039854484283e+03 3.208164873511618225e+03
3.648818240631140908e-02 9.760409733015561869e+03 4.670283999526553998e+03 2.741358516132397654e+03
4.096288246151627566e-02 8.304436521322480985e+03 3.973881542327283569e+03 2.332686109603387195e+03
4.598633390041809155e-02 7.159174153186283547e+03 3.426061002669232039e+03 2.011192782945911176e+03
5.162583242493973962e-02 6.358140977854418452e+03 3.042900571199643764e+03 1.786331094888269490e+03
5.795692649341043640e-02 5.835973136824955873e+03 2.793149444968631087e+03 1.639768669224496080e+03
6.506442939097074885e-02 5.421127716506965044e+03 2.594728329609037246e+03 1.523326094956538327e+03
7.304355541444980393e-02 4.853167437951271495e+03 2.322987433430287183e+03 1.363825971446399308e+03
8.200119539239680844e-02 4.008280238931473377e+03 1.918655854876712965e+03 1.126468795357675162e+03
9.205734862752627812e-02 3.054770998807172418e+03 1.462289047193257375e+03 8.585466122266420825e+02
1.033467304443183715e-01 2.347458965542767146e+03 1.123741459018882779e+03 6.597884797060028177e+02
1.160205768769771578e-01 2.038443482269652122e+03 9.758412785166403864e+02 5.729595698081462842e+02
1.302486706739022226e-01 1.873251359162390827e+03 8.967829322673763954e+02 5.265478274726052632e+02
1.462216157596530064e-01 1.495795739257597916e+03 7.160987665538768852e+02 4.204634349036149956e+02
1.641533906237988560e-01 1.084055390516461785e+03 5.189914567537193761e+02 3.047331581871918047e+02
1.842842148426375448e-01 9.295320486560450490e+02 4.450206150838190524e+02 2.613022315218069593e+02
2.068837671345900298e-01 7.784341764759699345e+02 3.726864312714184848e+02 2.188313756981426366e+02
2.322547980593316352e-01 5.716966774305810759e+02 2.737111743867960740e+02 1.607166884919679433e+02
2.607371857574901086e-01 4.841380431261833337e+02 2.317930522578578234e+02 1.361040415274527788e+02
2.927124890628471365e-01 3.659770556829059274e+02 1.752220809515219173e+02 1.028871383557425361e+02
3.286090589819373742e-01 2.964684425941899235e+02 1.419438367500207221e+02 8.334706782802692260e+01
3.689077770159973624e-01 2.270751903694338409e+02 1.087202479268217274e+02 6.383889561420361503e+01
4.141484971975938345e-01 1.785095316857041325e+02 8.546814879973392465e+01 5.018572349144856304e+01
4.649372781414354283e-01 1.388206816870385865e+02 6.646590568032981139e+01 3.902794824489707537e+01
5.219545019921476570e-01 1.071806861083412770e+02 5.131717438671519460e+01 3.013284536698058602e+01
5.859639890329354506e-01 8.259012095645259421e+01 3.954354362557280922e+01 2.321953401723322585e+01
6.578232300572349756e-01 6.346352357040234438e+01 3.038594067000496679e+01 1.784230940932644671e+01
7.384948735793578356e-01 4.863517552172420011e+01 2.328626957440030054e+01 1.367346749250909532e+01
8.290596217703356530e-01 3.713522312412122517e+01 1.778017711334065964e+01 1.044035294212186571e+01
9.307307078768926045e-01 2.828721819385730640e+01 1.354380993434302027e+01 7.952801888871129599e+00
1.044870149067508081e+00 2.149534656282498801e+01 1.029190002989063579e+01 6.043311887918308756e+00
1.173006992433692330e+00 1.629232639235444680e+01 7.800718112334385168e+00 4.580513545309763401e+00
1.316857798575541416e+00 1.231943777591920686e+01 5.898514071103032386e+00 3.463557424357713632e+00
1.478349637175967013e+00 9.294982088624259120e+00 4.450414516606387316e+00 2.613246878869512457e+00
1.659645902619409696e+00 6.998268004716555524e+00 3.350755304050092587e+00 1.967536348723240236e+00
1.863175295489004624e+00 5.258404986073444753e+00 2.517714442566458377e+00 1.478381290685813143e+00
2.091664358187257822e+00 3.943542163326537509e+00 1.888161240300244792e+00 1.108712816301436366e+00
2.348174000537423645e+00 2.952090731920090860e+00 1.413455958593585304e+00 8.299699750579474511e-01
2.636140504673786467e+00 2.206064026320612825e+00 1.056259750806646691e+00 6.202273316335875641e-01
2.959421558534973240e+00 1.645832136989325178e+00 7.880218840921291434e-01 4.627201862372852248e-01
3.322347934639153344e+00 1.225929242588648771e+00 5.869731439505565529e-01 3.446659729572659203e-01
3.729781506445900785e+00 9.117777495506419472e-01 4.365578995046662247e-01 2.563433646281018663e-01
4.187180379509764627e+00 6.771514687786632791e-01 3.242191953421255657e-01 1.903789931196175900e-01
4.700672009942531204e+00 5.022070173926262981e-01 2.404560738082021643e-01 1.411939549654572523e-01
5.277135289701610610e+00 3.719675970710615842e-01 1.780976597749787116e-01 1.045775710107512968e-01
5.924292698344328478e+00 2.751545260876641086e-01 1.317437089308167997e-01 7.735889023510016116e-02
6.650813755741415534e+00 2.032920274897024038e-01 9.733602751251257956e-02 5.715498169106150717e-02
7.466431161634059954e+00 1.500228246420927669e-01 7.183078765669179133e-02 4.217851170073823319e-02
8.382071177875818790e+00 1.105879651956950399e-01 5.294942168021223028e-02 3.109151703802951958e-02
9.410000000000001918e+00 8.143117068039995576e-02 3.898918393536331822e-02 2.289417069445050246e-02
