1.000000000230258569e-04 4.794046016239740311e+02 2.219069229107543890e+02 1.245161770250383029e+02
1.115026695290953366e-04 5.348505939838009908e+02 2.476513476005385996e+02 1.389663655844369714e+02
1.243284530925187648e-04 5.966587475466666319e+02 2.763760021369172364e+02 1.550909187557534779e+02
1.386295441504667143e-04 6.655456629456512019e+02 3.084238759772234744e+02 1.730830155123827581e+02
1.545756424481938766e-04 7.423070588934069747e+02 3.441764579647190772e+02 1.931576206443700414e+02
1.723559677317991945e-04 8.278262527224379710e+02 3.840579028710596958e+02 2.155538622185351869e+02
1.921815050694108094e-04 9.230831904512785968e+02 4.285400739777141439e+02 2.405379075561026809e+02
2.142875084442451923e-04 1.029173245633993929e+03 4.781470193151906187e+02 2.684053334574236374e+02
2.389362923277018713e-04 1.147323131367784526e+03 5.334603341220622497e+02 2.994840925531871108e+02
2.664203443578849946e-04 1.278899879434646891e+03 5.951258348905071216e+02 3.341384030788810833e+02
2.970657960592480913e-04 1.425440824593499656e+03 6.638588228508895099e+02 3.727711456634962133e+02
3.312362927876497001e-04 1.588682093822292927e+03 7.404504098539619008e+02 4.158270032298710248e+02
3.693373088223966556e-04 1.770571453778727573e+03 8.257764261665213326e+02 4.637977739349030912e+02
4.118209588090659132e-04 1.973277384303096369e+03 9.208009190209463668e+02 5.172238443965414945e+02
4.591913626466918256e-04 2.199203334982081742e+03 1.026580522801858024e+03 5.766960911322356651e+02
5.120106274801957584e-04 2.451031880359997558e+03 1.144277241648774179e+03 6.428630115605863011e+02
5.709055177816341068e-04 2.731675051873161010e+03 1.275154424230813220e+03 7.164293415858452363e+02
6.365748926688486646e-04 3.044208641523097413e+03 1.420569915055718866e+03 7.981532502527915085e+02
7.097979987143026312e-04 3.391969382529811355e+03 1.581994963168797767e+03 8.888554510377425686e+02
7.914437166483044659e-04 3.778491597845488286e+03 1.761002406240918617e+03 9.894138520988676646e+02
8.824808716799498404e-04 4.207387162412993348e+03 1.959242960483805973e+03 1.100752529028475465e+03
9.839897297802024153e-04 4.682420500478726353e+03 2.178463588072076163e+03 1.223850376525139609e+03
1.097174816344422205e-03 5.207480006539622991e+03 2.420487473937014329e+03 1.359730575923249944e+03
1.223379209343287413e-03 5.786514035608216545e+03 2.687171990602576443e+03 1.509438667770286656e+03
1.364100476567608111e-03 6.423492611188585215e+03 2.980415184696993038e+03 1.674046050630585341e+03
1.521008446081769522e-03 7.122349958558812432e+03 3.302114727513597245e+03 1.854625845158390348e+03
1.695965020753673102e-03 7.886919582094737962e+03 3.654085548798550917e+03 2.052203498229137494e+03
1.891046271984591709e-03 8.720831200945138335e+03 4.038054246713395514e+03 2.267756668957720649e+03
2.108567074807741158e-03 9.627327776294081559e+03 4.455576590320200012e+03 2.502167934717606386e+03
2.351108576680822643e-03 1.060893434549106860e+04 4.907858334804979677e+03 2.756118742946297061e+03
2.621548825923003187e-03 1.166741343889204836e+04 5.395750416279523051e+03 3.030089897294591992e+03
2.923096923239734257e-03 1.280345905070146364e+04 5.919603270804408567e+03 3.324283233411536457e+03
3.259331101584665453e-03 1.401592905463082025e+04 6.478882258234432811e+03 3.638414796342945920e+03
3.634241186222156913e-03 1.530189704490861732e+04 7.072201696083513525e+03 3.971729543192102483e+03
4.052275938830490927e-03 1.665643167076952159e+04 7.697325293229066119e+03 4.322929512630403224e+03
4.518395847440812539e-03 1.807185727891321585e+04 8.350799438714013377e+03 4.690079486467720926e+03
5.038131988628217865e-03 1.953686864279725341e+04 9.027366624732634591e+03 5.070260534345524320e+03
5.617651660426248826e-03 2.103648045309101508e+04 9.720077232229292349e+03 5.459568472210680738e+03
6.263831564778516575e-03 2.255126793771537996e+04 1.041995373004289104e+04 5.852930376412520673e+03
6.984339407925946493e-03 2.405661787427703166e+04 1.111562558095971144e+04 6.243981505366675265e+03
7.787724887016851671e-03 2.552220628000933721e+04 1.179306921380065069e+04 6.624826095375834484e+03
8.683521142606049834e-03 2.691127657796935819e+04 1.243531242054734321e+04 6.985918680374095857e+03
9.682357880899711625e-03 2.818042664731762852e+04 1.302226887951325807e+04 7.316006956929018088e+03
1.079608750807801998e-02 2.927954698760186875e+04 1.353071152943451489e+04 7.601964606016461403e+03
1.203792577343234388e-02 3.015151806746530201e+04 1.393436889272855296e+04 7.829107640066727072e+03
1.342260859021738965e-02 3.073457352466238444e+04 1.420450777246620055e+04 7.981248374267802319e+03
1.496656689508787767e-02 3.096548737533546591e+04 1.431187828303683455e+04 8.041867171065981893e+03
1.668812162103823840e-02 3.078378912509632210e+04 1.422856581768452088e+04 7.995354642925137341e+03
1.860770109743517184e-02 3.014033632317817319e+04 1.393178349666241775e+04 7.828846696856846393e+03
2.074808345685756270e-02 2.900793350764588831e+04 1.340892865877536497e+04 7.535261840863078760e+03
2.313466692519383291e-02 2.739458735444961349e+04 1.266367434560887887e+04 7.116661723372462802e+03
2.579577120231610690e-02 2.535689810409798156e+04 1.172215667880556248e+04 6.587717059965796579e+03
2.876297350957714855e-02 2.300881414130442499e+04 1.063704121735719309e+04 5.978031271343959816e+03
3.207148329174031032e-02 2.052016439217931111e+04 9.486834981117330244e+03 5.331722845088733266e+03
3.576056001963404812e-02 1.809828020498943806e+04 8.367400343425008032e+03 4.702670345361740146e+03
3.987397905126498221e-02 1.595128057842053204e+04 7.374966409835654304e+03 4.144965847881015179e+03
4.446055107939526907e-02 1.423748420296696167e+04 6.582761270333378889e+03 3.699772108584911621e+03
4.957470132945773766e-02 1.301017688239135350e+04 6.015436855916541390e+03 3.380954289985727428e+03
5.527711538069327024e-02 1.217742222716290053e+04 5.630505829551378156e+03 3.164637839036768582e+03
6.163545927395905344e-02 1.143772750680481295e+04 5.288577367952900204e+03 2.972483696559350847e+03
6.872518245115814828e-02 1.041811266641237853e+04 4.817197184538520560e+03 2.707561595510525876e+03
7.663041305413779980e-02 8.898631309759726719e+03 4.114660623460108582e+03 2.312708041192024211e+03
8.544495620686157200e-02 7.113894990487514406e+03 3.289447561296577533e+03 1.848894907254872578e+03
9.527340712667957401e-02 5.654249582928496238e+03 2.614535526407174075e+03 1.469555125310341509e+03
1.062323922731101822e-01 4.899963394261460962e+03 2.265770016005237721e+03 1.273529522361897307e+03
1.184519532618636822e-01 4.571382507892544709e+03 2.113847092740566495e+03 1.188141616851286699e+03
1.320770899659224340e-01 3.954320787208402635e+03 1.828523201259432881e+03 1.027770960249677501e+03
1.472694811144383831e-01 3.002789598524883331e+03 1.388531330437916040e+03 7.804635268462267277e+02
1.642094028064348954e-01 2.443446440570092363e+03 1.129887922621581538e+03 6.350869911565384882e+02
1.830978677048002712e-01 2.219190395575277307e+03 1.026192077366722742e+03 5.768026004265815345e+02
2.041590102946942431e-01 1.736185398849862622e+03 8.028446373699697460e+02 4.512639494828246711e+02
2.276427465103479653e-01 1.394739998017511880e+03 6.449554170296615894e+02 3.625177629074386232e+02
2.538277392899435103e-01 1.190323247056726359e+03 5.504302805617579679e+02 3.093872085152806903e+02
2.830247052484705095e-01 9.213787214698988919e+02 4.260654824581669118e+02 2.394840676070189716e+02
3.155801017062329072e-01 7.691845107146231157e+02 3.556880792159214479e+02 1.999263136578720434e+02
3.518802378240603601e-01 6.067134920056906822e+02 2.805581593163814205e+02 1.576971225135973498e+02
3.923558586288135031e-01 4.873039884794674208e+02 2.253407067413860432e+02 1.266603535349546235e+02
4.374872563241952172e-01 3.909321006526395763e+02 1.807762470814877815e+02 1.016114287471693416e+02
4.878099695387512202e-01 3.099453856469935999e+02 1.433261514869130053e+02 8.056136949767103772e+01
5.439211381395319123e-01 2.453253133067877911e+02 1.134443806833342450e+02 6.376529197012805383e+01
6.064865890189676811e-01 1.936847402632870114e+02 8.956455842065126660e+01 5.034283344006556149e+01
6.762487369363893164e-01 1.525308643957609434e+02 7.053402569498871344e+01 3.964607869746983226e+01
7.540353941672404137e-01 1.198684652278058280e+02 5.543013445181797749e+01 3.115642411238367870e+01
8.407695934971151086e-01 9.388589628452443492e+01 4.341516917205721171e+01 2.440299817748561750e+01
9.374805411223435803e-01 7.332891807983578758e+01 3.390912419687530388e+01 1.905979492072014381e+01
1.045315829426528564e+00 5.714471537830254988e+01 2.642514838493538676e+01 1.485316629707286218e+01
1.165555054552403824e+00 4.443316854146675610e+01 2.054701237641327083e+01 1.154915689313392591e+01
1.299625000357985227e+00 3.447183669507349890e+01 1.594064454094666594e+01 8.959989732586617350e+00
1.449116568932995452e+00 2.668730665894289444e+01 1.234088270533178999e+01 6.936620194474476975e+00
1.615803658576671964e+00 2.061984196123187729e+01 9.535133739463606872e+00 5.359552533664817986e+00
1.801664213246928048e+00 1.590167466542949981e+01 7.353334799177862813e+00 4.133197072628188806e+00
2.008903693258128342e+00 1.224086637683347334e+01 5.660486121804225945e+00 3.181672759552543805e+00
2.239981245735629400e+00 9.406545048137022746e+00 4.349824888785367882e+00 2.444970191886037814e+00
2.497638885371206374e+00 7.216592529850888837e+00 3.337135033283539887e+00 1.875752838403330180e+00
2.784934031744384253e+00 5.527766417375381991e+00 2.556178767491025017e+00 1.436789280534689572e+00
3.105275789304232426e+00 4.227778189990068824e+00 1.955031367378978757e+00 1.098893439162707208e+00
3.462465400517639402e+00 3.228839868951529191e+00 1.493097231493270005e+00 8.392472820673766432e-01
3.860741352209485999e+00 2.462516633606343319e+00 1.138730196496740010e+00 6.400629936878953208e-01
4.304829670336041580e+00 1.875585875554407922e+00 8.673186785391104880e-01 4.875067089014066268e-01
4.799999999999999822e+00 1.426739767738933073e+00 6.597608807935104736e-01 3.708416076552625285e-01
