1.000000000230258569e-04 4.623169055010250190e+02 2.068327519947396240e+02 1.147901014328991351e+02
1.115026695290953366e-04 5.137556176252397790e+02 2.298897355010117565e+02 1.275935623908272873e+02
1.243284530925187648e-04 5.708792674435043182e+02 2.555093884220889322e+02 1.418225105210412949e+02
1.386295441504667143e-04 6.343055305701595898e+02 2.839741903210977512e+02 1.576348149520161428e+02
1.545756424481938766e-04 7.047174727655786910e+02 3.155971952974035730e+02 1.752055919169847868e+02
1.723559677317991945e-04 7.828709735573594344e+02 3.507247018963349774e+02 1.947287140757880479e+02
1.921815050694108094e-04 8.696017348960583604e+02 3.897400056865712941e+02 2.164189755696244788e+02
2.142875084442451923e-04 9.658350115888312075e+02 4.330674078074951581e+02 2.405142970619366167e+02
2.389362923277018713e-04 1.072604873237709626e+03 4.811765123082973901e+02 2.672775988769977857e+02
2.664203443578849946e-04 1.191062063152314522e+03 5.345868736327150827e+02 2.969995954521544945e+02
2.970657960592480913e-04 1.322486721720758396e+03 5.938732779173207064e+02 3.300016536278460535e+02
3.312362927876497001e-04 1.468322659656469796e+03 6.596725526165154179e+02 3.666378679595752601e+02
3.693373088223966556e-04 1.630191155557367210e+03 7.326896264897578703e+02 4.072985801097217973e+02
4.118209588090659132e-04 1.809903469274639974e+03 8.137036967918373875e+02 4.524139051484013407e+02
4.591913626466918256e-04 2.009463753278124614e+03 9.035720823425283470e+02 5.024546324747406061e+02
5.120106274801957584e-04 2.231096950829699836e+03 1.003238703671347366e+03 5.579364007430777974e+02
5.709055177816341068e-04 2.477271300722778506e+03 1.113741425160197650e+03 6.194237555857198458e+02
6.365748926688486646e-04 2.750593808417203036e+03 1.236193609470123647e+03 6.875241455153436618e+02
7.097979987143026312e-04 3.053831369452990202e+03 1.371791568494548528e+03 7.628913747498309021e+02
7.914437166483044659e-04 3.389967602352977792e+03 1.521828063517347346e+03 8.462309959296562738e+02
8.824808716799498404e-04 3.762048525969767525e+03 1.687645936795684065e+03 9.382809128564346111e+02
9.839897297802024153e-04 4.173155731813039893e+03 1.870632289813247326e+03 1.039809139043440837e+03
1.097174816344422205e-03 4.626457485946230918e+03 2.072235277272794974e+03 1.151620595037705243e+03
1.223379209343287413e-03 5.125117038162455174e+03 2.293902671022083723e+03 1.274523112008208273e+03
1.364100476567608111e-03 5.672227979751130079e+03 2.537053137590231927e+03 1.409312569215879421e+03
1.521008446081769522e-03 6.270778591705293366e+03 2.803080158270269749e+03 1.556776651770936269e+03
1.695965020753673102e-03 6.923535686392179741e+03 3.093265847269854476e+03 1.717639458503535252e+03
1.891046271984591709e-03 7.632935072984378166e+03 3.408719949842739425e+03 1.892525281346402153e+03
2.108567074807741158e-03 8.400992383299209905e+03 3.750367499732466513e+03 2.081958223518449813e+03
2.351108576680822643e-03 9.229080802288824998e+03 4.118847458860708684e+03 2.286301715465062443e+03
2.621548825923003187e-03 1.011773524154832558e+04 4.514423027837617155e+03 2.505706145583134003e+03
2.923096923239734257e-03 1.106656748753178908e+04 4.936944957902501301e+03 2.740092173937446205e+03
3.259331101584665453e-03 1.207395868651009368e+04 5.385700052237117234e+03 2.989075213521710793e+03
3.634241186222156913e-03 1.313677959903516603e+04 5.859274590463380264e+03 3.251895936250457908e+03
4.052275938830490927e-03 1.425033932418297991e+04 6.355552008311788995e+03 3.527404997317531979e+03
4.518395847440812539e-03 1.540783718102899184e+04 6.871660826964612170e+03 3.813932170017107637e+03
5.038131988628217865e-03 1.660010369800499393e+04 7.403453609654930915e+03 4.109254796780231118e+03
5.617651660426248826e-03 1.781516573725808121e+04 7.945615643319243645e+03 4.410420032664702376e+03
6.263831564778516575e-03 1.903963087221829846e+04 8.492205031626970595e+03 4.714145647039119467e+03
6.984339407925946493e-03 2.024919293521995860e+04 9.032382067486201777e+03 5.014413813935349026e+03
7.787724887016851671e-03 2.142049001444258101e+04 9.555730159107746658e+03 5.305442591877809718e+03
8.683521142606049834e-03 2.252964536934370699e+04 1.005162078541129995e+04 5.581341913634365483e+03
9.682357880899711625e-03 2.354421987370585703e+04 1.050560221490292497e+04 5.834107185358950119e+03
1.079608750807801998e-02 2.442621462101892394e+04 1.090068973332301357e+04 6.054299785901051109e+03
1.203792577343234388e-02 2.513452901445159659e+04 1.121853536623176115e+04 6.231708013369608125e+03
1.342260859021738965e-02 2.562478922032084301e+04 1.143931726859435730e+04 6.355306347797974013e+03
1.496656689508787767e-02 2.584991026723327013e+04 1.154201878828365625e+04 6.413413619544692665e+03
1.668812162103823840e-02 2.576424721423628944e+04 1.150611346119423251e+04 6.394555121984046309e+03
1.860770109743517184e-02 2.532870920952581218e+04 1.131403993462178369e+04 6.288898245073818543e+03
2.074808345685756270e-02 2.451687836421835891e+04 1.095394385888178658e+04 6.089844598650956868e+03
2.313466692519383291e-02 2.332381608810784019e+04 1.042340661875456681e+04 5.795976766260876502e+03
2.579577120231610690e-02 2.177650077586292900e+04 9.734282480774023497e+03 5.413782617475905681e+03
2.876297350957714855e-02 1.994308508006768898e+04 8.916948884350606022e+03 4.960123796818415030e+03
3.207148329174031032e-02 1.793524703582855727e+04 8.021206725884580919e+03 4.462672354382313642e+03
3.576056001963404812e-02 1.590103859290011314e+04 7.113213643040630814e+03 3.958201090924600067e+03
3.987397905126498221e-02 1.400401621930133660e+04 6.266128048212252907e+03 3.487429157397350991e+03
4.446055107939526907e-02 1.238975174028842048e+04 5.545144272637530776e+03 3.086668241068101906e+03
4.957470132945773766e-02 1.114463538503830387e+04 4.989031373960625388e+03 2.777541048790481909e+03
5.527711538069327024e-02 1.025454590037401795e+04 4.591585606383612685e+03 2.556643318511722100e+03
6.163545927395905344e-02 9.584872103405159578e+03 4.292630273677032164e+03 2.390505251615664292e+03
6.872518245115814828e-02 8.855340502662475046e+03 3.966687192034184136e+03 2.209267726481745285e+03
7.663041305413779980e-02 7.818536435875027564e+03 3.502902303654749630e+03 1.951183534685405903e+03
8.544495620686157200e-02 6.459134233985139872e+03 2.894348637318263172e+03 1.612374927731904791e+03
9.527340712667957401e-02 5.112958971975851455e+03 2.291484366972008957e+03 1.276652790210067678e+03
1.062323922731101822e-01 4.199885651457243512e+03 1.882540123461699295e+03 1.048906029042404271e+03
1.184519532618636822e-01 3.785019643915475626e+03 1.696802324885230973e+03 9.454882092559851117e+02
1.320770899659224340e-01 3.441766639457217480e+03 1.543104569938669556e+03 8.599020631547806488e+02
1.472694811144383831e-01 2.773765922928093914e+03 1.243738925049801765e+03 6.931196556905540547e+02
1.642094028064348954e-01 2.119420099655312242e+03 9.504233728524624212e+02 5.296857996117852281e+02
1.830978677048002712e-01 1.850392673089006394e+03 8.298506372516927740e+02 4.625093036600401888e+02
2.041590102946942431e-01 1.583529051578386316e+03 7.102214710115810021e+02 3.958505156671989198e+02
2.276427465103479653e-01 1.202647802368292560e+03 5.394286746222403508e+02 3.006671384252805979e+02
2.538277392899435103e-01 1.029362586199029693e+03 4.617302188312822295e+02 2.573669312418819004e+02
2.830247052484705095e-01 8.154060191298179916e+02 3.657757231297076714e+02 2.038872188002590917e+02
3.155801017062329072e-01 6.639829542867339569e+02 2.978627141585836284e+02 1.660352470201203232e+02
3.518802378240603601e-01 5.278372983319004561e+02 2.367963876192350767e+02 1.319978704455985792e+02
3.923558586288135031e-01 4.274068363510477866e+02 1.917475765519302513e+02 1.068878201428603063e+02
4.374872563241952172e-01 3.373334848993786181e+02 1.513419978488972788e+02 8.436520724503145630e+01
4.878099695387512202e-01 2.680547171020620567e+02 1.202633170110838847e+02 6.704118912152372900e+01
5.439211381395319123e-01 2.124411372777092595e+02 9.531402157787158558e+01 5.313358265965774763e+01
6.064865890189676811e-01 1.675422011980395780e+02 7.517082875080173210e+01 4.190490770793511643e+01
6.762487369363893164e-01 1.315037754181556409e+02 5.900233436856454716e+01 3.289178297080307800e+01
7.540353941672404137e-01 1.031648024367013363e+02 4.628789830053786147e+01 2.580404809780771558e+01
8.407695934971151086e-01 8.067431941183096455e+01 3.619723365259550008e+01 2.017890370990261673e+01
9.374805411223435803e-01 6.287317977991068574e+01 2.821038183248833775e+01 1.572652141370441825e+01
1.045315829426528564e+00 4.888135295458241814e+01 2.193257422200845497e+01 1.222684952849836293e+01
1.165555054552403824e+00 3.791993577459462728e+01 1.701438791155911190e+01 9.485108387349759695e+00
1.299625000357985227e+00 2.934885736360851993e+01 1.316866965144235913e+01 7.341227099171571346e+00
1.449116568932995452e+00 2.266461042186999464e+01 1.016952334693564275e+01 5.669281103061207361e+00
1.615803658576671964e+00 1.746665553074747734e+01 7.837244675183669074e+00 4.369093793671305903e+00
1.801664213246928048e+00 1.343450769662847222e+01 6.028044722231994612e+00 3.360507991089779267e+00
2.008903693258128342e+00 1.031379233193155542e+01 4.627793709581549564e+00 2.579899960584404184e+00
2.239981245735629400e+00 7.903797562657755016e+00 3.546436469875002828e+00 1.977066840658840308e+00
2.497638885371206374e+00 6.046593900342820405e+00 2.713112537274976699e+00 1.512506170308615561e+00
2.784934031744384253e+00 4.618239790814510748e+00 2.072210985226357938e+00 1.155216739553508676e+00
3.105275789304232426e+00 3.521794506211959330e+00 1.580235616147228850e+00 8.809506684029844159e-01
3.462465400517639402e+00 2.681657472608669046e+00 1.203265334299648215e+00 6.707974374291685304e-01
3.860741352209485999e+00 2.039028224308190751e+00 9.149168323839464989e-01 5.100487714279271501e-01
4.304829670336041580e+00 1.548279279125202912e+00 6.947170384898696538e-01 3.872915674385031259e-01
4.799999999999999822e+00 1.174100559564390744e+00 5.268222770248759401e-01 2.936934542433748963e-01
