1.000000000230258569e-04 3.248978914257389988e+03 1.319302899807852555e+03 7.049293069475407947e+02
1.115486563971542785e-04 3.587584307710521898e+03 1.458789520140643390e+03 7.796129743749482941e+02
1.244310274114527074e-04 3.960481356881774445e+03 1.612915705869118483e+03 8.621793363949655031e+02
1.388011391866901154e-04 4.371015364435350421e+03 1.783190484797942190e+03 9.534508836714595645e+02
1.548308057910457113e-04 4.822940329938664945e+03 1.971276409519050276e+03 1.054333266833552443e+03
1.727116835090306587e-04 5.320634860098899480e+03 2.179009042895355378e+03 1.165821767378012282e+03
1.926575623508681512e-04 5.869034407406496030e+03 2.408410144582218436e+03 1.289011364575477046e+03
2.149069222004190347e-04 6.473807171592176928e+03 2.661712317099528718e+03 1.425105109767750037e+03
2.397257841638464457e-04 7.141735530403064331e+03 2.941395460030430513e+03 1.575421174987377526e+03
2.674108912107391479e-04 7.880673746687981293e+03 3.250201132174120630e+03 1.741405719166545168e+03
2.982932561365508645e-04 8.699529597535129142e+03 3.591150696259549022e+03 1.924640744799924960e+03
3.327421192670277522e-04 9.608060419852045015e+03 3.967556824231678092e+03 2.126844785698716805e+03
3.711693632243215748e-04 1.061728907499518027e+04 4.383064897956172899e+03 2.349891269032959826e+03
4.140344375392690035e-04 1.173925939862993800e+04 4.841639430430357606e+03 2.595809258769330427e+03
4.618498519902246974e-04 1.298554758410276008e+04 5.347434444789500958e+03 2.866751794448312012e+03
5.151873043487156757e-04 1.436814805643996806e+04 5.904894853340519148e+03 3.165025690412153835e+03
5.746845157973842983e-04 1.589947520241958227e+04 6.518733099471251990e+03 3.493081186443725983e+03
6.410528557468661917e-04 1.759115259170097852e+04 7.193672763297008714e+03 3.853420033661496745e+03
7.150858472165629249e-04 1.945427506278962392e+04 7.934544076852913349e+03 4.248630745718442995e+03
7.976686544726134401e-04 2.149948403855810466e+04 8.746248475648821113e+03 4.681362119886909568e+03
8.897886663605780169e-04 2.373731746871616633e+04 9.633458973371120010e+03 5.154150127767542472e+03
9.925473018708411317e-04 2.617753895888155603e+04 1.060062855895591019e+04 5.669438885463218867e+03
1.107173179088194286e-03 2.882860919197229305e+04 1.165186766932510727e+04 6.229514882132494677e+03
1.235036804978161722e-03 3.169763249960605390e+04 1.279042094737581647e+04 6.836160087237453808e+03
1.377666961646263968e-03 3.478972476546852704e+04 1.401861809677697602e+04 7.490655385936127459e+03
1.536768984990051967e-03 3.810713585399827571e+04 1.533765630186505587e+04 8.193686504870724093e+03
1.714245154289869167e-03 4.164719137848870741e+04 1.674661348371666827e+04 8.944810383987201931e+03
1.912217436523370962e-03 4.540203794459158962e+04 1.824237501016514943e+04 9.742418820900695209e+03
2.133052857342773462e-03 4.935816188476905518e+04 1.981950097525727688e+04 1.058366094041068936e+04
2.379391802059096454e-03 5.349372169188746193e+04 2.146937760619703477e+04 1.146392187252044278e+04
2.654179585009814029e-03 5.777833367011360679e+04 2.318005706864328022e+04 1.237674918216752485e+04
2.960701664764286197e-03 6.217352374741067615e+04 2.493613248867429866e+04 1.331391028015895790e+04
3.302622926212283368e-03 6.663105848198469903e+04 2.671817506834912638e+04 1.426530822787833677e+04
3.684031499205906151e-03 7.109323362377108424e+04 2.850317373220781519e+04 1.521863775422682920e+04
4.109487637665882979e-03 7.549304324839905894e+04 3.026434254427021006e+04 1.615961160612684580e+04
4.584078243567925488e-03 7.975374348592324532e+04 3.197100634310164969e+04 1.707190282664670667e+04
5.113477687716873853e-03 8.378892854742972122e+04 3.358863547897759418e+04 1.793710748604690525e+04
5.704015654503047893e-03 8.750202118780145247e+04 3.507861934711908543e+04 1.873466316594137606e+04
6.362752821816417166e-03 9.078450830295297783e+04 3.639758693113137269e+04 1.944144350637036769e+04
7.097565280973966440e-03 9.354700433521659579e+04 3.750973011503798625e+04 2.003836369800692410e+04
7.917238706014356406e-03 9.556975678209091711e+04 3.832698998005216708e+04 2.047834895819473604e+04
8.831573398280912271e-03 9.673213739819168404e+04 3.880083674324480671e+04 2.073539394683590581e+04
9.851501462242475554e-03 9.694029279057496751e+04 3.889352696394242957e+04 2.078929843125376283e+04
1.098921751354712747e-02 9.605876596254542528e+04 3.855031999806766544e+04 2.061065461140663683e+04
1.225832448210000328e-02 9.397194167575979372e+04 3.772440010414161225e+04 2.017423617801932050e+04
1.367399625343743499e-02 9.062027068902264000e+04 3.639132120073353144e+04 1.946681732122680842e+04
1.525315909299450497e-02 8.602307153120540897e+04 3.455824035259769880e+04 1.849201787689942284e+04
1.701469402243795462e-02 8.028330372187166358e+04 3.226551434667372814e+04 1.727103723113575688e+04
1.897966256774625410e-02 7.363154268763052823e+04 2.960526263469068363e+04 1.585286250964515420e+04
2.117155857815964867e-02 6.642340286642264982e+04 2.671999305461870608e+04 1.431357157955041839e+04
2.361658912683562567e-02 5.912121627545166120e+04 2.379492724448549052e+04 1.275201525837188274e+04
2.634398785175567220e-02 5.223202023935203033e+04 2.103389976839634255e+04 1.127726103434705146e+04
2.938636448329653983e-02 4.621145912080448034e+04 1.862051524608645923e+04 9.987846124423191213e+03
3.278009473753994152e-02 4.133885734728172247e+04 1.666761792707672430e+04 8.944477287641464500e+03
3.656575523702054742e-02 3.759218209490724257e+04 1.516688565296453271e+04 8.142951775630408520e+03
4.078860865897657173e-02 3.458695199539502937e+04 1.396374875490879458e+04 7.500533540961023391e+03
4.549914491170512637e-02 3.152498331302096631e+04 1.273618354989401450e+04 6.844361214172910877e+03
5.075368480951484434e-02 2.769288066947666812e+04 1.119561821555096321e+04 6.019241476025425982e+03
5.661505346402430361e-02 2.303353429196714569e+04 9.318240786840400688e+03 5.012133077200861408e+03
6.315333144310807112e-02 1.846449681931075975e+04 7.474792373514135761e+03 4.022310399618713291e+03
7.044669267860774464e-02 1.517729203750661327e+04 6.148039495590607658e+03 3.309729692008080747e+03
7.858233914112514040e-02 1.338920287544271196e+04 5.427097431713877086e+03 2.922759360556826778e+03
8.765754345719625751e-02 1.192628157174996704e+04 4.837001748277168190e+03 2.605916795160895163e+03
9.778081193473929511e-02 9.676840369121820913e+03 3.926893259087881233e+03 2.116317375497029843e+03
1.090731819023149224e-01 7.495828879585043978e+03 3.043437290412305629e+03 1.640710109777679463e+03
1.216696688736408766e-01 6.400913742784853639e+03 2.600158525746853684e+03 1.402139143388940056e+03
1.357208808401622890e-01 5.411106838387340758e+03 2.199076815002988496e+03 1.186161863982592649e+03
1.513948189927238619e-01 4.173189076220660354e+03 1.696689503224334430e+03 9.153915385257736261e+02
1.688788864024014236e-01 3.493344867737190270e+03 1.420820432014961852e+03 7.667151733006986660e+02
1.883821286769788717e-01 2.779221138636382875e+03 1.130755207839368268e+03 6.103002734943256655e+02
2.101377333831422056e-01 2.239591159737520229e+03 9.114792147537260689e+02 4.920311047125897517e+02
2.344058181183555356e-01 1.779961492974336124e+03 7.246141018129467284e+02 3.912142295258105946e+02
2.614765405675759102e-01 1.425821338875672382e+03 5.805854283934412479e+02 3.134933370767249130e+02
2.916735677297306317e-01 1.124014507999129592e+03 4.577890379162030285e+02 2.472149747426129807e+02
3.253579457932418983e-01 8.881316685991316717e+02 3.617862918558283809e+02 1.953900136025088443e+02
3.629324169301749725e-01 6.994441826409591840e+02 2.849697070750938224e+02 1.539161037075774630e+02
4.048462346221089470e-01 5.485657654910129395e+02 2.235300825419016917e+02 1.207400927974883302e+02
4.516005350914485406e-01 4.289162388608781953e+02 1.747966994861713204e+02 9.442225778001315462e+01
5.037543290608768043e-01 3.343200646930182529e+02 1.362602443265059549e+02 7.360920653236713918e+01
5.619311854805180140e-01 2.598023195168595976e+02 1.058983140481062293e+02 5.720982083388405925e+01
6.268266871357865977e-01 2.013977906313145354e+02 8.209832490846936537e+01 4.435386538803010836e+01
6.992167472777639503e-01 1.557308428158903268e+02 6.348671105818368687e+01 3.429991772186539123e+01
7.799668867126374749e-01 1.201179990684447176e+02 4.897117824764679028e+01 2.645828463594501656e+01
8.700425822703268253e-01 9.243324605151059359e+01 3.768609195544745916e+01 2.036157206563503053e+01
9.705208103821856280e-01 7.097356837769211779e+01 2.893787622686585692e+01 1.563523519881487012e+01
1.082602923786821769e+00 5.438161061890464509e+01 2.217361121325839335e+01 1.198065151648946447e+01
1.207629015322442267e+00 4.158471421983843186e+01 1.695626213645245173e+01 9.161767314170313981e+00
1.347093940544190405e+00 3.173831562275972473e+01 1.294166996695439842e+01 6.992680671137646797e+00
1.502665190738521561e+00 2.417919497776879467e+01 9.859539421318716634e+00 5.327378115434221684e+00
1.676202830030598223e+00 1.838834383168781628e+01 7.498326064642800937e+00 4.051577004306675001e+00
1.869781734959676811e+00 1.396110602563002701e+01 5.693079245288268808e+00 3.076163049856357024e+00
2.085716402426663674e+00 1.058292221417329593e+01 4.315564602838422026e+00 2.331855801975803999e+00
2.326588622626292402e+00 8.009966003663214096e+00 3.266377770532702396e+00 1.764948776904979644e+00
2.595278347831105226e+00 6.053743033920341077e+00 2.468668700323338072e+00 1.333920093918064653e+00
2.894998126105261083e+00 4.568908249459807003e+00 1.863176023082013799e+00 1.006750661234584010e+00
3.229331511649635278e+00 3.443661494364583131e+00 1.404313533611198261e+00 7.588098559554605771e-01
3.602275911025628830e+00 2.592221410471246656e+00 1.057103444796898106e+00 5.711985287427531199e-01
4.018290377542188097e+00 1.948906963097734035e+00 7.947635174096486788e-01 4.294455366930209350e-01
4.482348925252354732e+00 1.463522094465235623e+00 5.968253299918879762e-01 3.224912059391609187e-01
5.000000000000000888e+00 1.097781651045432350e+00 4.476771105187761779e-01 2.419000116617829321e-01
