1.000000000230258569e-04 6.084558810900041408e+02 2.667415219589081516e+02 1.436126989781068062e+02
1.122634227564673579e-04 6.794611233625000750e+02 2.982442210728806344e+02 1.606062962299616856e+02
1.260307608609534901e-04 7.585029469783589775e+02 3.334423883706723473e+02 1.796052457507797442e+02
1.414864458359461712e-04 8.464230406654495482e+02 3.727615451461190332e+02 2.008442351495982052e+02
1.588375267953347550e-04 9.441410422857726417e+02 4.166746265159636664e+02 2.245849559857439033e+02
1.783164441611049004e-04 1.052686161871220065e+03 4.657066810496722269e+02 2.511184219914767368e+02
2.001841435067871621e-04 1.173203968019088506e+03 5.204403617637573234e+02 2.807682849746839224e+02
2.247335712646909519e-04 1.306973692611382603e+03 5.815229133913622945e+02 3.138945831619420233e+02
2.522935991264941354e-04 1.455541252468145103e+03 6.496784950683061197e+02 3.508967386406752667e+02
2.832334297096662638e-04 1.620719353702588023e+03 7.257148969764801905e+02 3.922179916897895851e+02
3.179675425093897337e-04 1.804623721124208032e+03 8.105337156108074623e+02 4.383499056914837979e+02
3.569612463934728852e-04 2.009877117145715374e+03 9.051531349677678691e+02 4.898357016486776843e+02
4.007369130231864672e-04 2.239626468216479225e+03 1.010716367520971971e+03 5.472761010649545597e+02
4.498809747048478080e-04 2.497517236098683497e+03 1.128498105017745729e+03 6.113330893319609913e+02
5.050517804175268938e-04 2.787548991600092904e+03 1.259904004863009959e+03 6.827293616432267527e+02
5.669884152586394726e-04 3.114311386061189296e+03 1.406495920029514991e+03 7.622569703412789295e+02
6.365206014554368984e-04 3.482744163850175482e+03 1.569967355790546662e+03 8.507735689323817496e+02
7.145798135793877959e-04 3.897481082453346517e+03 1.752074095474740261e+03 9.491878060410350599e+02
8.022117568662883325e-04 4.363317010270910941e+03 1.954693123046204619e+03 1.058473495215733692e+03
9.005903758055168549e-04 4.885001543867233522e+03 2.179771834092261088e+03 1.179651959386841781e+03
1.011033580661806338e-03 5.466838924714975292e+03 2.429246948883168898e+03 1.313765330039490209e+03
1.135020902606864940e-03 6.112762441281545762e+03 2.705081534473820284e+03 1.461888487815050439e+03
1.274213313974418031e-03 6.826579096536094767e+03 3.009216039163056848e+03 1.625092206821488162e+03
1.430475479156914512e-03 7.612051088627678837e+03 3.343510109033069966e+03 1.804407598411976323e+03
1.605900734223756829e-03 8.472374380638066214e+03 3.709708037234976928e+03 2.000822850186620599e+03
1.802839129895710598e-03 9.410442843660230210e+03 4.109353537232311282e+03 2.215207086757925026e+03
2.023928913547812410e-03 1.042880355996640901e+04 4.543708934494914502e+03 2.448258632791554191e+03
2.272131871983379750e-03 1.152913964920094986e+04 5.013676447989836561e+03 2.700485297339272165e+03
2.550773008441800313e-03 1.271197222684181179e+04 5.519586156843843128e+03 2.972083477091182431e+03
2.863585085365514225e-03 1.397643543061822129e+04 6.061085635440501392e+03 3.262878150413052026e+03
3.214758629634808552e-03 1.531993905530330267e+04 6.637036585080078112e+03 3.572268551736404333e+03
3.608998070155939632e-03 1.673682638620462603e+04 7.245050849433756412e+03 3.898965686010577883e+03
4.051584759838999447e-03 1.821833041990539641e+04 7.881433959269812476e+03 4.240962404164458349e+03
4.548447726227339283e-03 1.975242177669559896e+04 8.541037407657457152e+03 4.595499147247064684e+03
5.106243098575769836e-03 2.132262042581578135e+04 9.216562552735296777e+03 4.958685716432062691e+03
5.732443275407110572e-03 2.290870278711368519e+04 9.899279406812996967e+03 5.325807173965602487e+03
6.435437027063155117e-03 2.448462540970831469e+04 1.057795289272079572e+04 5.690821195648783942e+03
7.224641874254610074e-03 2.601841438384159119e+04 1.123876427596471876e+04 6.046300480753806369e+03
8.110630248067678127e-03 2.747234332066886054e+04 1.186539978995185447e+04 6.383452913832228660e+03
9.105271121505569346e-03 2.880235231462568845e+04 1.243882253490070252e+04 6.692033106421665252e+03
1.022188900990466699e-02 2.995800101958715459e+04 1.293725055635043282e+04 6.960317087465243276e+03
1.147544247024383408e-02 3.088313769151374436e+04 1.333640517917591023e+04 7.175242948031946980e+03
1.288272449057868002e-02 3.151738777621656118e+04 1.361015491665687114e+04 7.322734848742692520e+03
1.446258745407916733e-02 3.179870426665483319e+04 1.373169715236337470e+04 7.388344506581167479e+03
1.623619569135818438e-02 3.166764479204812960e+04 1.367533007473861289e+04 7.358267980692715355e+03
1.822730900435978393e-02 3.107498789295770621e+04 1.341970011893435912e+04 7.220962934471397602e+03
2.046260095998037737e-02 2.999214143201459956e+04 1.295244595561580172e+04 6.969760086731916090e+03
2.297201621738221775e-02 2.842360237430513735e+04 1.227544690233790607e+04 6.605676994191328049e+03
2.578917167586586637e-02 2.642073089832471669e+04 1.141084774541476327e+04 6.140605629416163538e+03
2.895180681720203528e-02 2.409176489836790643e+04 1.040535396748794301e+04 5.599673505903937439e+03
3.250228927534733192e-02 2.160166992583012689e+04 9.330189631842877134e+03 5.021206742660418968e+03
3.648818240631140908e-02 1.915460607722733766e+04 8.273532707201857193e+03 4.452657146178870789e+03
4.096288246151627566e-02 1.695518060759229411e+04 7.323759724694386932e+03 3.941597517186909954e+03
4.598633390041809155e-02 1.515200615926954015e+04 6.545078516503326682e+03 3.522587827419163204e+03
5.162583242493973962e-02 1.377435939354386937e+04 5.950154240859667880e+03 3.202455485314894759e+03
5.795692649341043640e-02 1.268144426059415673e+04 5.478182628042299257e+03 2.948481842594958835e+03
6.506442939097074885e-02 1.158541969493495162e+04 5.004834013048878660e+03 2.693753479937784505e+03
7.304355541444980393e-02 1.014775327179932901e+04 4.383860262360106390e+03 2.359556418696777200e+03
8.200119539239680844e-02 8.370750890667388376e+03 3.616256634663258865e+03 1.946424601103952227e+03
9.205734862752627812e-02 6.675109597242968448e+03 2.883768251686299664e+03 1.552182482451224132e+03
1.033467304443183715e-01 5.541503580190328648e+03 2.394063660604920187e+03 1.288610541216897900e+03
1.160205768769771578e-01 4.936846115214779275e+03 2.132864126543175644e+03 1.148027182224439457e+03
1.302486706739022226e-01 4.278183710100695862e+03 1.848322694181863199e+03 9.948768279576776195e+02
1.462216157596530064e-01 3.333008060719088462e+03 1.439987732640051263e+03 7.750905869405477233e+02
1.641533906237988560e-01 2.655600200903581026e+03 1.147330622511050024e+03 6.175670525161137903e+02
1.842842148426375448e-01 2.301500102085289654e+03 9.943513781217145606e+02 5.352256944190996819e+02
2.068837671345900298e-01 1.808478698177428669e+03 7.813486521936773670e+02 4.205746848108697122e+02
2.322547980593316352e-01 1.447464980004008112e+03 6.253766394418021264e+02 3.366208041620919857e+02
2.607371857574901086e-01 1.179323653622409665e+03 5.095284027461344181e+02 2.742639075795327130e+02
2.927124890628471365e-01 9.254003803717170058e+02 3.998217992423479927e+02 2.152124802354632038e+02
3.286090589819373742e-01 7.381561466246997725e+02 3.189233570361622583e+02 1.716674208819777334e+02
3.689077770159973624e-01 5.828674400908057578e+02 2.518308377432805401e+02 1.355535810525915963e+02
4.141484971975938345e-01 4.561149525073918767e+02 1.970672022562841050e+02 1.060759093155955810e+02
4.649372781414354283e-01 3.570678436973437897e+02 1.542735595884833231e+02 8.304131913038277446e+01
5.219545019921476570e-01 2.783216548641399299e+02 1.202508989637728973e+02 6.472787764227952323e+01
5.859639890329354506e-01 2.160403278878447964e+02 9.334191129122615393e+01 5.024349666153759131e+01
6.578232300572349756e-01 1.671005709676572337e+02 7.219716100193541308e+01 3.886185332920566537e+01
7.384948735793578356e-01 1.288251010242705661e+02 5.565997428504248035e+01 2.996032829285193344e+01
8.290596217703356530e-01 9.901397321963298737e+01 4.277984805014803271e+01 2.302729664064288784e+01
9.307307078768926045e-01 7.587194422216481371e+01 3.278115048216317717e+01 1.764525417898236270e+01
1.044870149067508081e+00 5.797543559311676376e+01 2.504881547500142247e+01 1.348313727154749664e+01
1.173006992433692330e+00 4.418384352897980705e+01 1.909003851554140496e+01 1.027568266804319208e+01
1.316857798575541416e+00 3.358870635335058097e+01 1.451231412794911080e+01 7.811611155811869267e+00
1.478349637175967013e+00 2.547335510697680405e+01 1.100600227549600163e+01 5.924252120206745964e+00
1.659645902619409696e+00 1.927504791163118014e+01 8.327967285316033141e+00 4.482733635596654054e+00
1.863175295489004624e+00 1.455360247353159586e+01 6.288023803094084485e+00 3.384683914437540242e+00
2.091664358187257822e+00 1.096622636079458779e+01 4.738064455231016048e+00 2.550380239729843623e+00
2.348174000537423645e+00 8.247051096022536498e+00 3.563218715291461614e+00 1.917990679897320305e+00
2.636140504673786467e+00 6.190647675886807200e+00 2.674729586025998973e+00 1.439739595438167985e+00
2.959421558534973240e+00 4.638818861810709571e+00 2.004246810736031392e+00 1.078835717113832970e+00
3.322347934639153344e+00 3.470154147722360527e+00 1.499313930881548851e+00 8.070430637245865624e-01
3.729781506445900785e+00 2.591751045348269944e+00 1.119791426463813133e+00 6.027556322371384612e-01
4.187180379509764627e+00 1.932735789805218873e+00 8.350575279820137142e-01 4.494905359422162738e-01
4.700672009942531204e+00 1.439181046779906437e+00 6.218123795706083090e-01 3.347060396816051164e-01
5.277135289701610610e+00 1.070163824205392133e+00 4.623748481801510102e-01 2.488848279752324533e-01
5.924292698344328478e+00 7.947018713449391925e-01 3.433588340130390160e-01 1.848214997427071182e-01
6.650813755741415534e+00 5.893896013356656471e-01 2.546516974512834652e-01 1.370726757632561854e-01
7.466431161634059954e+00 4.365827973597898870e-01 1.886300086894813766e-01 1.015348559265068229e-01
8.382071177875818790e+00 3.230115292699378693e-01 1.395603920019999888e-01 7.512191068788098836e-02
9.410000000000001918e+00 2.387140531334045468e-01 1.031388317683801237e-01 5.551709883248335392e-02
