1.000000000230258569e-04 5.265420569764554557e+02 2.388352638599131978e+02 1.326140747520926197e+02
1.122634227564673579e-04 5.887093722412166699e+02 2.670891490685895064e+02 1.483181572404358235e+02
1.260307608609534901e-04 6.581526892444752548e+02 2.986688115569734236e+02 1.658766472116060129e+02
1.414864458359461712e-04 7.357040996515036113e+02 3.339599042868551351e+02 1.855064972600508781e+02
1.588375267953347550e-04 8.222871067498847424e+02 3.733916437453254389e+02 2.074496329316361596e+02
1.783164441611049004e-04 9.189280445882419599e+02 4.174411748637779738e+02 2.319753849661069012e+02
2.001841435067871621e-04 1.026770507950659066e+03 4.666380313515270473e+02 2.593828254697751845e+02
2.247335712646909519e-04 1.147085084423902117e+03 5.215701890050378324e+02 2.900045150872027762e+02
2.522935991264941354e-04 1.281296667797043483e+03 5.828916645668015235e+02 3.242096384427017597e+02
2.832334297096662638e-04 1.431018671013860057e+03 6.513310916517590385e+02 3.624072005750591643e+02
3.179675425093897337e-04 1.598060076514883121e+03 7.276982096287745208e+02 4.050507186535588176e+02
3.569612463934728852e-04 1.784468133490984883e+03 8.128958714919680233e+02 4.526416505700745461e+02
4.007369130231864672e-04 1.992572999217772121e+03 9.079325638941380703e+02 5.057333283505208215e+02
4.498809747048478080e-04 2.225004610896180111e+03 1.013930358930837883e+03 5.649366139632691102e+02
5.050517804175268938e-04 2.484654328329311284e+03 1.132123095107213430e+03 6.309193986443103768e+02
5.669884152586394726e-04 2.774685240984038046e+03 1.263863598925241376e+03 7.044094863757965186e+02
6.365206014554368984e-04 3.098596190783313432e+03 1.410639186747761187e+03 7.862011732744243773e+02
7.145798135793877959e-04 3.459988350897126566e+03 1.574014026558569185e+03 8.771371983390815785e+02
8.022117568662883325e-04 3.862548528090789659e+03 1.755627936186409215e+03 9.781086747479046153e+02
9.005903758055168549e-04 4.310139217189215742e+03 1.957218610847874061e+03 1.090061334209075085e+03
1.011033580661806338e-03 4.806572181391437880e+03 2.180531309260709804e+03 1.213957905457539709e+03
1.135020902606864940e-03 5.355572601537119226e+03 2.427312957220250155e+03 1.350775588442189019e+03
1.274213313974418031e-03 5.960780455702980362e+03 2.699308293116295317e+03 1.501500445891773779e+03
1.430475479156914512e-03 6.625728977879510239e+03 2.998177377259648893e+03 1.667071989001067095e+03
1.605900734223756829e-03 7.353703979063497172e+03 3.325465314479850349e+03 1.848373688967055386e+03
1.802839129895710598e-03 8.147596457505714170e+03 3.682549073648065132e+03 2.046202487292911883e+03
2.023928913547812410e-03 9.009776975257014783e+03 4.070531593353859080e+03 2.261185142392021135e+03
2.272131871983379750e-03 9.941921017099046367e+03 4.490186170121951363e+03 2.493760938069579424e+03
2.550773008441800313e-03 1.094464990342593046e+04 4.941802272705001997e+03 2.744100886779373923e+03
2.863585085365514225e-03 1.201692595362250540e+04 5.424909348653655798e+03 3.011952347790200292e+03
3.214758629634808552e-03 1.315607206489766031e+04 5.938281623928831323e+03 3.296642168246924939e+03
3.608998070155939632e-03 1.435723897578440847e+04 6.479717970503238575e+03 3.596950489044828828e+03
4.051584759838999447e-03 1.561265706154601139e+04 7.045736032118833464e+03 3.910935011565291006e+03
4.548447726227339283e-03 1.691180380595321185e+04 7.631613159643947256e+03 4.235959489111053699e+03
5.106243098575769836e-03 1.824057832937593048e+04 8.230963307416368480e+03 4.568507905052046226e+03
5.732443275407110572e-03 1.958044881049698961e+04 8.835427959067199481e+03 4.903948207013600950e+03
6.435437027063155117e-03 2.090865605974147547e+04 9.434715873253153404e+03 5.236553653556366044e+03
7.224641874254610074e-03 2.219746655181810638e+04 1.001630959884182630e+04 5.559367903545102308e+03
8.110630248067678127e-03 2.341383251998048218e+04 1.056529209628578064e+04 5.864115740094982357e+03
9.105271121505569346e-03 2.451913990283707972e+04 1.106423684455320108e+04 6.141111814799514832e+03
1.022188900990466699e-02 2.546917890186120349e+04 1.149318482865426449e+04 6.379286029382648849e+03
1.147544247024383408e-02 2.621459250707810497e+04 1.182981946510295347e+04 6.566235775206590915e+03
1.288272449057868002e-02 2.670167036823262242e+04 1.204994384630092281e+04 6.688528576025667462e+03
1.446258745407916733e-02 2.687444728010489416e+04 1.212824805566178657e+04 6.732123446782717110e+03
1.623619569135818438e-02 2.667892686032947677e+04 1.204031966874504178e+04 6.683426653437963068e+03
1.822730900435978393e-02 2.606879520494439203e+04 1.176527897519290309e+04 6.530866105330936080e+03
2.046260095998037737e-02 2.501450434659788516e+04 1.128974447322605010e+04 6.266997730198939280e+03
2.297201621738221775e-02 2.351509101513617861e+04 1.061327495409235780e+04 5.891573538952055060e+03
2.578917167586586637e-02 2.161137722884133473e+04 9.754275960741766539e+03 5.414806726815366346e+03
2.895180681720203528e-02 1.939706809901154702e+04 8.755035197840275941e+03 4.860168457630777084e+03
3.250228927534733192e-02 1.702165795256249839e+04 7.683023183224982859e+03 4.265113502638896534e+03
3.648818240631140908e-02 1.467805322590753713e+04 6.625314810299596502e+03 3.677980380943903583e+03
4.096288246151627566e-02 1.257061001926934114e+04 5.674157415270411548e+03 3.149983535369295623e+03
4.598633390041809155e-02 1.086713280691058026e+04 4.905307708377007657e+03 2.723181665271402835e+03
5.162583242493973962e-02 9.645498456450388403e+03 4.353930703015921608e+03 2.417102025421394046e+03
5.795692649341043640e-02 8.846084048067967160e+03 3.993125441224683982e+03 2.216812327374739198e+03
6.506442939097074885e-02 8.250915366581399212e+03 3.724502422191897040e+03 2.067695693523496175e+03
7.304355541444980393e-02 7.483591908249821245e+03 3.378158674811536457e+03 1.875427583950706321e+03
8.200119539239680844e-02 6.308137670352972236e+03 2.847570364480146054e+03 1.580870992624224527e+03
9.205734862752627812e-02 4.889014598688976548e+03 2.206974945732629749e+03 1.225238908733912240e+03
1.033467304443183715e-01 3.743962389106386581e+03 1.690090529070095499e+03 9.382846592437481377e+02
1.160205768769771578e-01 3.193316178253885482e+03 1.441526338545795852e+03 8.002913458889983076e+02
1.302486706739022226e-01 2.954914527480437755e+03 1.333912142662026099e+03 7.405488191444885615e+02
1.462216157596530064e-01 2.442725500374479907e+03 1.102702842342137501e+03 6.121891472241410384e+02
1.641533906237988560e-01 1.775012005244179363e+03 8.012839194537726826e+02 4.448505659430818469e+02
1.842842148426375448e-01 1.483291709461298979e+03 6.695959716197444322e+02 3.717414510527675588e+02
2.068837671345900298e-01 1.284086506145112025e+03 5.796706730345241567e+02 3.218176642175219513e+02
2.322547980593316352e-01 9.431517669308200311e+02 4.257644220897709033e+02 2.363732645302658284e+02
2.607371857574901086e-01 7.938799271688747012e+02 3.583795152356992162e+02 1.989629899539830831e+02
2.927124890628471365e-01 6.119563538377041141e+02 2.762545071574053850e+02 1.533693997805109177e+02
3.286090589819373742e-01 4.929240202449461776e+02 2.225201405006149002e+02 1.235375152413049875e+02
3.689077770159973624e-01 3.800282057965678177e+02 1.715558245297227131e+02 9.524346583418916623e+01
4.141484971975938345e-01 3.015425484728103811e+02 1.361251973232268995e+02 7.557329095163653676e+01
4.649372781414354283e-01 2.345893055720192137e+02 1.059005751321228956e+02 5.879335648868811859e+01
5.219545019921476570e-01 1.817933655914891347e+02 8.206695193987874859e+01 4.556153131424299119e+01
5.859639890329354506e-01 1.407385014185698253e+02 6.353359099935701693e+01 3.527227618986513136e+01
6.578232300572349756e-01 1.086145306512154463e+02 4.903187529122407540e+01 2.722128335438575419e+01
7.384948735793578356e-01 8.357625493946268591e+01 3.772885080961849980e+01 2.094612237210719385e+01
8.290596217703356530e-01 6.406725443342953952e+01 2.892189888100910267e+01 1.605672753033784517e+01
9.307307078768926045e-01 4.898738158587965330e+01 2.211439060804889323e+01 1.227736665416551176e+01
1.044870149067508081e+00 3.736366364219205138e+01 1.686709575765346258e+01 9.364195789735290987e+00
1.173006992433692330e+00 2.842369568133235802e+01 1.283132538546237100e+01 7.123635061195275675e+00
1.316857798575541416e+00 2.157015359783392938e+01 9.737427558551893014e+00 5.405979904912540768e+00
1.478349637175967013e+00 1.633226496839489883e+01 7.372882871780810810e+00 4.093243842283816214e+00
1.659645902619409696e+00 1.233956942695778203e+01 5.570457602445675782e+00 3.092581954129181021e+00
1.863175295489004624e+00 9.303661324304385971e+00 4.199956730022911700e+00 2.331713280436485292e+00
2.091664358187257822e+00 7.000927762680682065e+00 3.160433085978310075e+00 1.754594975985047878e+00
2.348174000537423645e+00 5.258331163774547790e+00 2.373771915153108925e+00 1.317859873947340166e+00
2.636140504673786467e+00 3.942457706530495098e+00 1.779746378512438554e+00 9.880715400781749924e-01
2.959421558534973240e+00 2.950856600597755897e+00 1.332107236009030471e+00 7.395533868127235344e-01
3.322347934639153344e+00 2.205086351074256434e+00 9.954436908197498157e-01 5.526460784548724581e-01
3.729781506445900785e+00 1.645248385700984528e+00 7.427156692263922055e-01 4.123376585127302429e-01
4.187180379509764627e+00 1.225732098970267581e+00 5.533331211956696860e-01 3.071970876921318316e-01
4.700672009942531204e+00 9.118957188832437222e-01 4.116577435981847999e-01 2.285423709037925633e-01
5.277135289701610610e+00 6.774951776996083197e-01 3.058421834670282391e-01 1.697961476524407209e-01
5.924292698344328478e+00 5.026946557899166779e-01 2.269318862164629025e-01 1.259870780450348116e-01
6.650813755741415534e+00 3.725325099445950250e-01 1.681726863233856673e-01 9.336541477176850401e-02
7.466431161634059954e+00 2.757447224284662601e-01 1.244797043489200422e-01 6.910814228762078570e-02
8.382071177875818790e+00 2.038699869122240216e-01 9.203325789556933423e-02 5.109466306373028344e-02
9.410000000000001918e+00 1.505641772188371086e-01 6.796938362887035290e-02 3.773498455897357495e-02
