1.000000000230258569e-04 3.663006022666936133e+03 1.718057235432398329e+03 9.950762869907251797e+02
1.115486563971542785e-04 4.052365422239696272e+03 1.899530422903869749e+03 1.099679317121609301e+03
1.244310274114527074e-04 4.484222317942679183e+03 2.100547348852439882e+03 1.215405497542299599e+03
1.388011391866901154e-04 4.963372606769382401e+03 2.323291820997411833e+03 1.343468416100174636e+03
1.548308057910457113e-04 5.495049578875732550e+03 2.570176171082758628e+03 1.485212109638423499e+03
1.727116835090306587e-04 6.084748755015827555e+03 2.843818894167935923e+03 1.642113803476928297e+03
1.926575623508681512e-04 6.738421055131886533e+03 3.147106625563083981e+03 1.815808770955668251e+03
2.149069222004190347e-04 7.462255496496197338e+03 3.483140198448133560e+03 2.008080319197245899e+03
2.397257841638464457e-04 8.262056443375442541e+03 3.855057304615825615e+03 2.220810984524981450e+03
2.674108912107391479e-04 9.143552930895419195e+03 4.266156535863428871e+03 2.456034130005260522e+03
2.982932561365508645e-04 1.011223846360323296e+04 4.719807130807268550e+03 2.715896429609711959e+03
3.327421192670277522e-04 1.117284049997034344e+04 5.219123818369570472e+03 3.002509212656704676e+03
3.711693632243215748e-04 1.232931388020719714e+04 5.767071228764588341e+03 3.318019852987436934e+03
4.140344375392690035e-04 1.358522561513218898e+04 6.366513517144299840e+03 3.664600401559359852e+03
4.618498519902246974e-04 1.494536548479086014e+04 7.020390871462379437e+03 4.044371947430961427e+03
5.151873043487156757e-04 1.641464435277528537e+04 7.731492239022991271e+03 4.459384520463378067e+03
5.746845157973842983e-04 1.799849948737450541e+04 8.502631943542091904e+03 4.911680694151092212e+03
6.410528557468661917e-04 1.970616197917762474e+04 9.337799972532817264e+03 5.403652229242627982e+03
7.150858472165629249e-04 2.154923515286364636e+04 1.024158676613767602e+04 5.937823718339213883e+03
7.976686544726134401e-04 2.354098916862964688e+04 1.121902510950315263e+04 6.516827788253042854e+03
8.897886663605780169e-04 2.569565820936362798e+04 1.227602327399635215e+04 7.143782572705715211e+03
9.925473018708411317e-04 2.802917096230692914e+04 1.341928017232283673e+04 7.822137625371128706e+03
1.107173179088194286e-03 3.055860970781741344e+04 1.465591270437370076e+04 8.555463154400133135e+03
1.235036804978161722e-03 3.329654004225810786e+04 1.599156007868508641e+04 9.346769612537811554e+03
1.377666961646263968e-03 3.625315932800376322e+04 1.743108048336883076e+04 1.019872831842386040e+04
1.536768984990051967e-03 3.943692282339600206e+04 1.897860035254633112e+04 1.111358106808496996e+04
1.714245154289869167e-03 4.284854209355181956e+04 2.063454524008620865e+04 1.209153270455626080e+04
1.912217436523370962e-03 4.648203043024699582e+04 2.239620950240413731e+04 1.313105177010919397e+04
2.133052857342773462e-03 5.032521794749859691e+04 2.425804254808503902e+04 1.422898825027196835e+04
2.379391802059096454e-03 5.435491147725212795e+04 2.620905979238021609e+04 1.537891463763025604e+04
2.654179585009814029e-03 5.853689870260796306e+04 2.823294505945919809e+04 1.657123432205193239e+04
2.960701664764286197e-03 6.282637991882127244e+04 3.030836441547083450e+04 1.779338604138102528e+04
3.302622926212283368e-03 6.716494517950854788e+04 3.240738338829135319e+04 1.902937399113361244e+04
3.684031499205906151e-03 7.147785877307713963e+04 3.449361557056281890e+04 2.025821237669911352e+04
4.109487637665882979e-03 7.568418779420387000e+04 3.652834160544172482e+04 2.145653933111422884e+04
4.584078243567925488e-03 7.969033809262880823e+04 3.846658190713910881e+04 2.259818142648860885e+04
5.113477687716873853e-03 8.339364623556684819e+04 4.025897318361523503e+04 2.365427493405184941e+04
5.704015654503047893e-03 8.668504324817338784e+04 4.185301678924316366e+04 2.459404831963388642e+04
6.362752821816417166e-03 8.945120315729716094e+04 4.319411111400762456e+04 2.538550187331814595e+04
7.097565280973966440e-03 9.157781699642987223e+04 4.422715251169630210e+04 2.599630333215091377e+04
7.917238706014356406e-03 9.295201719630678417e+04 4.489774194673488819e+04 2.639449475152360537e+04
8.831573398280912271e-03 9.346189079813008721e+04 4.515183478046004166e+04 2.654832996055978219e+04
9.851501462242475554e-03 9.298434428239199042e+04 4.492994717233230040e+04 2.642279117439577385e+04
1.098921751354712747e-02 9.150807081874407595e+04 4.422653509613098868e+04 2.601457550380305838e+04
1.225832448210000328e-02 8.877342391784139909e+04 4.291574112112590228e+04 2.524942483914182230e+04
1.367399625343743499e-02 8.480406840984200244e+04 4.100871903164846299e+04 2.413372657458462345e+04
1.525315909299450497e-02 7.973932519904467335e+04 3.857209425359038141e+04 2.270631866129934133e+04
1.701469402243795462e-02 7.368988630178042513e+04 3.565881549503438146e+04 2.099804913951778872e+04
1.897966256774625410e-02 6.687630044228740735e+04 3.237486145424573988e+04 1.907097984185244786e+04
2.117155857815964867e-02 5.966027142728630861e+04 2.889459290064814559e+04 1.702748748266626717e+04
2.361658912683562567e-02 5.249645527965738438e+04 2.543753138745047181e+04 1.499657685593335555e+04
2.634398785175567220e-02 4.584305556142170099e+04 2.222552315596753033e+04 1.310900521857051717e+04
2.938636448329653983e-02 4.010382715000258031e+04 1.945444214783181451e+04 1.148038502166486796e+04
3.278009473753994152e-02 3.550378851352262427e+04 1.723387065632870508e+04 1.017557785301356125e+04
3.656575523702054742e-02 3.199414560960665403e+04 1.554091781227425781e+04 9.181388492928523192e+03
4.078860865897657173e-02 2.920958818344944666e+04 1.419880402434680218e+04 8.393731611247178080e+03
4.549914491170512637e-02 2.643456490309682704e+04 1.286003334802069730e+04 7.607294674446779936e+03
5.075368480951484434e-02 2.304242708621070415e+04 1.121925121477531138e+04 6.641216643322627533e+03
5.661505346402430361e-02 1.898379150927313458e+04 9.251318283794280433e+03 5.480137908986631373e+03
6.315333144310807112e-02 1.504394704353435191e+04 7.338094805757790709e+03 4.349918320961300196e+03
7.044669267860774464e-02 1.222977925415691061e+04 5.971073307789658429e+03 3.542117404710086248e+03
7.858233914112514040e-02 1.071527475121573480e+04 5.236690683839268786e+03 3.108708450195401838e+03
8.765754345719625751e-02 9.508973293469272903e+03 4.651682876498139194e+03 2.763391943440763043e+03
9.778081193473929511e-02 7.663518055065185763e+03 3.752555152936370632e+03 2.230810813179510660e+03
1.090731819023149224e-01 5.870225062514964520e+03 2.877209039107196531e+03 1.711596587047070898e+03
1.216696688736408766e-01 4.981684382282433944e+03 2.444005689744821211e+03 1.454839822436770191e+03
1.357208808401622890e-01 4.200759070148274986e+03 2.062773930431107146e+03 1.228666936140324879e+03
1.513948189927238619e-01 3.210268713904729793e+03 1.577785695728458904e+03 9.403397690818803767e+02
1.688788864024014236e-01 2.675183965774562239e+03 1.315908245460503622e+03 7.846942472174503109e+02
1.883821286769788717e-01 2.118581980942545670e+03 1.042948381111048093e+03 6.222408567116510767e+02
2.101377333831422056e-01 1.697481093065088544e+03 8.362705753841759133e+02 4.991669132990626849e+02
2.344058181183555356e-01 1.343657096727969019e+03 6.624182239014168090e+02 3.955640781972596187e+02
2.614765405675759102e-01 1.071973651106030729e+03 5.288190928023652759e+02 3.159075007179576460e+02
2.916735677297306317e-01 8.413163457809810097e+02 4.152774569461075203e+02 2.481662705300621781e+02
3.253579457932418983e-01 6.624827580655525026e+02 3.271802582552604690e+02 1.955811203831305818e+02
3.629324169301749725e-01 5.199819634990547002e+02 2.569283829611934493e+02 1.536287511155707364e+02
4.048462346221089470e-01 4.064871247261755229e+02 2.009373521368849538e+02 1.201787461532328081e+02
4.516005350914485406e-01 3.168538460612019776e+02 1.566906374139206264e+02 9.373539789167118386e+01
5.037543290608768043e-01 2.462638755726551949e+02 1.218249174608714043e+02 7.289179639723336379e+01
5.619311854805180140e-01 1.908503940776660670e+02 9.444140146696108218e+01 5.651663400373659840e+01
6.268266871357865977e-01 1.475657206447864951e+02 7.304200495924835934e+01 4.371679310198788926e+01
6.992167472777639503e-01 1.138263532522646244e+02 5.635510285295404032e+01 3.373354781843264050e+01
7.799668867126374749e-01 8.759118384316602146e+01 4.337513451096656780e+01 2.596660543300223623e+01
8.700425822703268253e-01 6.725228188716207001e+01 3.330930357824593102e+01 1.994246542967461977e+01
9.705208103821856280e-01 5.152762351296274090e+01 2.552501830529530835e+01 1.528313850813874808e+01
1.082602923786821769e+00 3.939976053524262767e+01 1.951989663168342304e+01 1.168832142184204770e+01
1.207629015322442267e+00 3.006784613511407045e+01 1.489827271391817831e+01 8.921426599289961956e+00
1.347093940544190405e+00 2.290365708283760782e+01 1.134960580501471483e+01 6.796715904144456033e+00
1.502665190738521561e+00 1.741554929675490726e+01 8.630760678787995133e+00 5.168733058363481625e+00
1.676202830030598223e+00 1.322000816236490728e+01 6.552002433029129769e+00 3.923945654347326339e+00
1.869781734959676811e+00 1.001889145951758664e+01 4.965782265467912460e+00 2.974049341635333743e+00
2.085716402426663674e+00 7.581078302103231970e+00 3.757686485251110931e+00 2.250560332047697898e+00
2.326588622626292402e+00 5.727886681843143535e+00 2.839239374172710217e+00 1.700513679698077318e+00
2.595278347831105226e+00 4.321527072971468542e+00 2.142199257523497380e+00 1.283053017280535446e+00
2.894998126105261083e+00 3.256003292796089799e+00 1.614061139158133651e+00 9.667410257964172970e-01
3.229331511649635278e+00 2.449967520928153508e+00 1.214523427817198353e+00 7.274455254914314883e-01
3.602275911025628830e+00 1.841139904114065029e+00 9.127272789851617052e-01 5.466875514195079777e-01
4.018290377542188097e+00 1.381934267240592984e+00 6.850918354660413545e-01 4.103456877215779786e-01
4.482348925252354732e+00 1.036055917350564570e+00 5.136301341990618941e-01 3.076479369283459109e-01
5.000000000000000888e+00 7.758766823349293462e-01 3.846492049184921380e-01 2.303935796684791204e-01
