1.000000000230258569e-04 6.404161693675260949e+02 3.120059967518425879e+02 1.831600680139190160e+02
1.122634227564673579e-04 7.164961548809068290e+02 3.488250588632923268e+02 2.047350128199360881e+02
1.260307608609534901e-04 8.017626543918846664e+02 3.900085221039325916e+02 2.288534058829767730e+02
1.414864458359461712e-04 8.973597556359568443e+02 4.360786366999465713e+02 2.558153630108380980e+02
1.588375267953347550e-04 1.004579065114020409e+03 4.876208842048868064e+02 2.859564016497661214e+02
1.783164441611049004e-04 1.124853692286185151e+03 5.452882204190913171e+02 3.196505010243442939e+02
2.001841435067871621e-04 1.259765491193058551e+03 6.098077518701489907e+02 3.573141170919191723e+02
2.247335712646909519e-04 1.411074664182335255e+03 6.819908269872430537e+02 3.994115025751717667e+02
2.522935991264941354e-04 1.580641350921238427e+03 7.627247326719578950e+02 4.464547742290849897e+02
2.832334297096662638e-04 1.770417040238667141e+03 8.529781728434774095e+02 4.990083513229649839e+02
3.179675425093897337e-04 1.982479467530472903e+03 9.538135263481049151e+02 5.576953699123145043e+02
3.569612463934728852e-04 2.218882006713411556e+03 1.066348464474604725e+03 6.231865672612892695e+02
4.007369130231864672e-04 2.481633050752087911e+03 1.191760547930829944e+03 6.962052420063479303e+02
4.498809747048478080e-04 2.772731060201714172e+03 1.331299408338813919e+03 7.775329570660978789e+02
5.050517804175268938e-04 3.094255920114126639e+03 1.486257872729562223e+03 8.679880457248108314e+02
5.669884152586394726e-04 3.448283761275966754e+03 1.657967940296210372e+03 9.684300893737869274e+02
6.365206014554368984e-04 3.836940139777821969e+03 1.847817195359011293e+03 1.079764713348580244e+03
7.145798135793877959e-04 4.262965449396821896e+03 2.057329722959993887e+03 1.202944171507008377e+03
8.022117568662883325e-04 4.729467351304871045e+03 2.288117165131533056e+03 1.338958480322008882e+03
9.005903758055168549e-04 5.239885366119166065e+03 2.541881952963377444e+03 1.488837401856242650e+03
1.011033580661806338e-03 5.798236196226892389e+03 2.820500175368601504e+03 1.653672215744427149e+03
1.135020902606864940e-03 6.409048982959195200e+03 3.125968641816500622e+03 1.834589701895920825e+03
1.274213313974418031e-03 7.076995733261826899e+03 3.460302951839276830e+03 2.032713238261157585e+03
1.430475479156914512e-03 7.806254080295802851e+03 3.825381964212761886e+03 2.249108077774716548e+03
1.605900734223756829e-03 8.600984153448102006e+03 4.223023071001998687e+03 2.484787637624031049e+03
1.802839129895710598e-03 9.464653697541503789e+03 4.654721944589621671e+03 2.740579782394118411e+03
2.023928913547812410e-03 1.039918429710960118e+04 5.121339061640273940e+03 3.016970632712547740e+03
2.272131871983379750e-03 1.140547881260018949e+04 5.623245576883360627e+03 3.314159803239973826e+03
2.550773008441800313e-03 1.248279366658795698e+04 6.160029523736610827e+03 3.631883398696642871e+03
2.863585085365514225e-03 1.362820515573115881e+04 6.730252996908242494e+03 3.969271048484374660e+03
3.214758629634808552e-03 1.483667706734109015e+04 7.331472153310206522e+03 4.324862114410833783e+03
3.608998070155939632e-03 1.610020174545810005e+04 7.959729585349404260e+03 4.696345581275056247e+03
4.051584759838999447e-03 1.740741081895207753e+04 8.609350450427071337e+03 5.080450508427618843e+03
4.548447726227339283e-03 1.874372969624127654e+04 9.273069718864771858e+03 5.472920656224669983e+03
5.106243098575769836e-03 2.009048501617463262e+04 9.941759291175654653e+03 5.868204469481586784e+03
5.732443275407110572e-03 2.142458540848132543e+04 1.060402284389475608e+04 6.259646646367973517e+03
6.435437027063155117e-03 2.271816825358346978e+04 1.124605475446348282e+04 6.639102536111554400e+03
7.224641874254610074e-03 2.393842102324899679e+04 1.185163036933971125e+04 6.996992316369241962e+03
8.110630248067678127e-03 2.504735157842645640e+04 1.240194328379060789e+04 7.322226464044324530e+03
9.105271121505569346e-03 2.600191230035822082e+04 1.287568811213633671e+04 7.602210584052418199e+03
1.022188900990466699e-02 2.675415406564613659e+04 1.324914470747411178e+04 7.822971435844749976e+03
1.147544247024383408e-02 2.725247350894358533e+04 1.349669150486884973e+04 7.969354343334214718e+03
1.288272449057868002e-02 2.744324823847425432e+04 1.359182818484706149e+04 8.025699832644375419e+03
1.446258745407916733e-02 2.727401375521012233e+04 1.350854114285609830e+04 7.976667928770356411e+03
1.623619569135818438e-02 2.669876704071038330e+04 1.322405949025106383e+04 7.808801482497508914e+03
1.822730900435978393e-02 2.568575559322411937e+04 1.272265140456728477e+04 7.512815564107886530e+03
2.046260095998037737e-02 2.422801160066860029e+04 1.200087161029155868e+04 7.086674673520614306e+03
2.297201621738221775e-02 2.235582948412561018e+04 1.107372937599465695e+04 6.539241850997190340e+03
2.578917167586586637e-02 2.014830591423351871e+04 9.980409532882562416e+03 5.893658116167468506e+03
2.895180681720203528e-02 1.773900311458649230e+04 8.787080468019163163e+03 5.189002024406719102e+03
3.250228927534733192e-02 1.530883602315002645e+04 7.583370442687913965e+03 4.478202079528799914e+03
3.648818240631140908e-02 1.306079346303012244e+04 6.469839264322724375e+03 3.820645216286056439e+03
4.096288246151627566e-02 1.117720251006796389e+04 5.536817522752244258e+03 3.269677389993923043e+03
4.598633390041809155e-02 9.768637863369454863e+03 4.839091204889995424e+03 2.857654140764067961e+03
5.162583242493973962e-02 8.825815194371776670e+03 4.372067156052716200e+03 2.581865874794942556e+03
5.795692649341043640e-02 8.182107580567773766e+03 4.053208308360641695e+03 2.393573104728032831e+03
6.506442939097074885e-02 7.534943199286431991e+03 3.732632386027377834e+03 2.204264678625493616e+03
7.304355541444980393e-02 6.539025590610340259e+03 3.239287200372875759e+03 1.912927619783610680e+03
8.200119539239680844e-02 5.194712183942776392e+03 2.573351001059184000e+03 1.519667278652218783e+03
9.205734862752627812e-02 3.920897662057537673e+03 1.942333988260472552e+03 1.147026990701492423e+03
1.033467304443183715e-01 3.165320974785749968e+03 1.568038656249311316e+03 9.259911825520761113e+02
1.160205768769771578e-01 2.885108193288406255e+03 1.429228547731081107e+03 8.440186101626530899e+02
1.302486706739022226e-01 2.536396505722981601e+03 1.256484707359648837e+03 7.420064673224273974e+02
1.462216157596530064e-01 1.886384515324293488e+03 9.344814089213722355e+02 5.518503185502488577e+02
1.641533906237988560e-01 1.451855507347248476e+03 7.192239747238656946e+02 4.247319044604551550e+02
1.842842148426375448e-01 1.295510007471742256e+03 6.417735186452043763e+02 3.789942746163107472e+02
2.068837671345900298e-01 9.898157933096579200e+02 4.903380064160675147e+02 2.895652678122861516e+02
2.322547980593316352e-01 7.781186921733318513e+02 3.854669663937738164e+02 2.276345738429520793e+02
2.607371857574901086e-01 6.374385968920173582e+02 3.157765006121935585e+02 1.864794575688270868e+02
2.927124890628471365e-01 4.889587459533464084e+02 2.422221166959480456e+02 1.430424420910660501e+02
3.286090589819373742e-01 3.892452574157592267e+02 1.928257537420954293e+02 1.138718048281244108e+02
3.689077770159973624e-01 3.046825171982543452e+02 1.509347462873533345e+02 8.913339613155839913e+01
4.141484971975938345e-01 2.357846553480785019e+02 1.168038915180684540e+02 6.897768374627493415e+01
4.649372781414354283e-01 1.834017047244796856e+02 9.085423718513369806e+01 5.365330696994589488e+01
5.219545019921476570e-01 1.419968405017762336e+02 7.034294327425611471e+01 4.154051499798099201e+01
5.859639890329354506e-01 1.094687373863451541e+02 5.422905110447465660e+01 3.202457207595008271e+01
6.578232300572349756e-01 8.415099768528675384e+01 4.168705188823918917e+01 2.461797859076313344e+01
7.384948735793578356e-01 6.447073074115735380e+01 3.193776401138098464e+01 1.886061009674773814e+01
8.290596217703356530e-01 4.924628890152150973e+01 2.439581904174157501e+01 1.440677276302669085e+01
9.307307078768926045e-01 3.752893287437684222e+01 1.859122857845847321e+01 1.097891379382229005e+01
1.044870149067508081e+00 2.852804237007140031e+01 1.413233431636110105e+01 8.345746297959170334e+00
1.173006992433692330e+00 2.163214452887536865e+01 1.071621968896823240e+01 6.328385437393483137e+00
1.316857798575541416e+00 1.636588989757969514e+01 8.107401513612504829e+00 4.787767472766999433e+00
1.478349637175967013e+00 1.235518636478996690e+01 6.120562238099256369e+00 3.614454165044626688e+00
1.659645902619409696e+00 9.308116132450832581e+00 4.611092197351122302e+00 2.723047363377546048e+00
1.863175295489004624e+00 6.998730573669545763e+00 3.467059589179969592e+00 2.047446918764255219e+00
2.091664358187257822e+00 5.252520563254715391e+00 2.602014894780432908e+00 1.536600922373492661e+00
2.348174000537423645e+00 3.935001856742385673e+00 1.949337084431088440e+00 1.151166770454483235e+00
2.636140504673786467e+00 2.942963783842689640e+00 1.457897396538260892e+00 8.609506725867945853e-01
2.959421558534973240e+00 2.197460875584896112e+00 1.088587277472994108e+00 6.428573028873988404e-01
3.322347934639153344e+00 1.638272606256699016e+00 8.115743385307987445e-01 4.792693465967985955e-01
3.729781506445900785e+00 1.219578277051397430e+00 6.041598022366319043e-01 3.567822258213242947e-01
4.187180379509764627e+00 9.066093369292911319e-01 4.491199362336523726e-01 2.652245866201888291e-01
4.700672009942531204e+00 6.730458421798639623e-01 3.334162888484942799e-01 1.968966390542682410e-01
5.277135289701610610e+00 4.990087479739684917e-01 2.472010904371595430e-01 1.459828622844982216e-01
5.924292698344328478e+00 3.695152317636229977e-01 1.830520634455941598e-01 1.081001128967699759e-01
6.650813755741415534e+00 2.732994230683609693e-01 1.353882724151679873e-01 7.995261030453301720e-02
7.466431161634059954e+00 2.019060609123071726e-01 1.000211247070732501e-01 5.906679857791108379e-02
8.382071177875818790e+00 1.489993487195191979e-01 7.381197289793733907e-02 4.358917176679812794e-02
9.410000000000001918e+00 1.098401431260567357e-01 5.441312270633871101e-02 3.213332017071940383e-02
