1.000000000230258569e-04 8.427135841949580026e+02 4.000924102691260487e+02 2.262483702910514012e+02
1.115026695290953366e-04 9.386864116644203477e+02 4.457316307641371509e+02 2.520758328972235347e+02
1.243284530925187648e-04 1.045514762495136210e+03 4.965569406204455163e+02 2.808445990575291376e+02
1.386295441504667143e-04 1.164406401628711137e+03 5.531517491012469918e+02 3.128874586104838045e+02
1.545756424481938766e-04 1.296700564185317489e+03 6.161631716093219211e+02 3.485738716346859860e+02
1.723559677317991945e-04 1.443882107493055855e+03 6.863083451918616902e+02 3.883136218869329355e+02
1.921815050694108094e-04 1.607596234127333446e+03 7.643825529902157996e+02 4.325616414771863560e+02
2.142875084442451923e-04 1.789675339058901272e+03 8.512679028638424370e+02 4.818221797666568591e+02
2.389362923277018713e-04 1.992167755607696563e+03 9.479427858122319321e+02 5.366534183027800964e+02
2.664203443578849946e-04 2.217351768852606710e+03 1.055491567480887170e+03 5.976737583212586742e+02
2.970657960592480913e-04 2.467778083472091112e+03 1.175117619716978197e+03 6.655670300789092835e+02
3.312362927876497001e-04 2.746321308226449219e+03 1.308158082028807030e+03 7.410879193326982204e+02
3.693373088223966556e-04 3.056199535185374771e+03 1.456095760862682482e+03 8.250701303806858959e+02
4.118209588090659132e-04 3.400992478232783469e+03 1.620569577936684709e+03 9.184310244028108627e+02
4.591913626466918256e-04 3.784653428746395093e+03 1.803383887025982858e+03 1.022174774255586158e+03
5.120106274801957584e-04 4.211581607175306090e+03 2.006530932066835021e+03 1.137403944655119176e+03
5.709055177816341068e-04 4.686564586724814035e+03 2.232180203730589255e+03 1.265317455589419524e+03
6.365748926688486646e-04 5.214605890521612309e+03 2.482637769138786553e+03 1.407197188309214653e+03
7.097979987143026312e-04 5.801090491221882075e+03 2.760395126073173742e+03 1.564427208536354328e+03
7.914437166483044659e-04 6.451703261164358992e+03 3.068099281388622330e+03 1.738480766979790815e+03
8.824808716799498404e-04 7.172124279677215782e+03 3.408443652759185170e+03 1.930873269772988806e+03
9.839897297802024153e-04 7.968159507751728597e+03 3.784221636795028644e+03 2.143185871131876411e+03
1.097174816344422205e-03 8.845683551723863275e+03 4.198287890674489063e+03 2.377042201056299746e+03
1.223379209343287413e-03 9.810442346042367717e+03 4.653420415017666528e+03 2.634028152512035831e+03
1.364100476567608111e-03 1.086798567027494209e+04 5.152327737740250086e+03 2.915701985139687167e+03
1.521008446081769522e-03 1.202353304027849663e+04 5.697583279330101504e+03 3.223554383173659517e+03
1.695965020753673102e-03 1.328178277437374527e+04 6.291463295653373279e+03 3.558892928858085270e+03
1.891046271984591709e-03 1.464671944254313530e+04 6.935893946545008475e+03 3.922826138066302974e+03
2.108567074807741158e-03 1.612135701230301675e+04 7.632345059268184741e+03 4.316207656733458862e+03
2.351108576680822643e-03 1.770732645080508155e+04 8.381628998472608146e+03 4.739512603084654074e+03
2.621548825923003187e-03 1.940466316701150208e+04 9.183799834346555144e+03 5.192784343973167779e+03
2.923096923239734257e-03 2.121144549592368639e+04 1.003797753902943805e+04 5.675539804645332879e+03
3.259331101584665453e-03 2.312288353612740320e+04 1.094189592601269032e+04 6.186529036340573839e+03
3.634241186222156913e-03 2.513120115343633734e+04 1.189184825683735107e+04 6.723698745785098254e+03
4.052275938830490927e-03 2.722525057315196318e+04 1.288264544890832440e+04 7.284035989784744743e+03
4.518395847440812539e-03 2.939154442671564539e+04 1.390804774020527839e+04 7.864087963633965046e+03
5.038131988628217865e-03 3.160228611049340543e+04 1.495482320991085544e+04 8.456399977068707813e+03
5.617651660426248826e-03 3.383207649408803991e+04 1.601097946431979835e+04 9.054200765745430544e+03
6.263831564778516575e-03 3.604233863562643819e+04 1.705825828973953685e+04 9.647154185674762630e+03
6.984339407925946493e-03 3.819702483534696512e+04 1.807964974373444784e+04 1.022567240478918575e+04
7.787724887016851671e-03 4.024545302991788776e+04 1.905121996615162425e+04 1.077626553878923005e+04
8.683521142606049834e-03 4.212542025754264614e+04 1.994346861471102602e+04 1.128220751685072537e+04
9.682357880899711625e-03 4.376961655376441195e+04 2.072454882952824119e+04 1.172544571604827979e+04
1.079608750807801998e-02 4.510021841895057150e+04 2.135758674864653949e+04 1.208509631135176278e+04
1.203792577343234388e-02 4.603121809780294279e+04 2.180188434690979921e+04 1.233814479295982164e+04
1.342260859021738965e-02 4.647180007234798541e+04 2.201417497358366745e+04 1.246000140317057594e+04
1.496656689508787767e-02 4.633213208342197322e+04 2.195172060105700803e+04 1.242635188648643634e+04
1.668812162103823840e-02 4.553046800152016658e+04 2.157579585142829455e+04 1.221528201553032159e+04
1.860770109743517184e-02 4.400602124406092480e+04 2.085724804634533211e+04 1.181019328530424355e+04
2.074808345685756270e-02 4.173789954541739280e+04 1.978583944793996852e+04 1.120508212649277630e+04
2.313466692519383291e-02 3.876585266016100650e+04 1.838031632559280115e+04 1.041053097681540021e+04
2.579577120231610690e-02 3.520773133146128384e+04 1.669630130229189308e+04 9.457978024408674173e+03
2.876297350957714855e-02 3.126990936397128462e+04 1.483153367841935687e+04 8.402717753757582614e+03
3.207148329174031032e-02 2.723812494997420799e+04 1.292145715736581406e+04 7.321468390941082362e+03
3.576056001963404812e-02 2.344183726536800168e+04 1.112238135524423524e+04 6.302815721824662432e+03
3.987397905126498221e-02 2.019242285392977647e+04 9.582149436466697807e+03 5.430582322452001790e+03
4.446055107939526907e-02 1.770772452999118104e+04 8.404309558170602031e+03 4.763527925063797738e+03
4.957470132945773766e-02 1.603887088799839330e+04 7.613309637950514116e+03 4.315587465749352305e+03
5.527711538069327024e-02 1.501521419531330321e+04 7.128326244632661655e+03 4.041012738510647523e+03
6.163545927395905344e-02 1.418720866229831881e+04 6.736044422933549868e+03 3.818918324845166808e+03
6.872518245115814828e-02 1.294279726953475983e+04 6.145876713654320156e+03 3.484566665364206074e+03
7.663041305413779980e-02 1.092894049107615319e+04 5.190115342362235424e+03 2.942851448685265495e+03
8.544495620686157200e-02 8.490850103092883728e+03 4.032640064856646859e+03 2.286673631116104843e+03
9.527340712667957401e-02 6.522065994319492347e+03 3.097838353089751763e+03 1.756686254741601715e+03
1.062323922731101822e-01 5.591838402031939040e+03 2.656193605630533511e+03 1.506306323043691918e+03
1.184519532618636822e-01 5.312750846523396831e+03 2.523786937031384696e+03 1.431271740247529124e+03
1.320770899659224340e-01 4.627437970332930490e+03 2.198359470376573427e+03 1.246757453919821273e+03
1.472694811144383831e-01 3.401898394914966048e+03 1.616223132848239857e+03 9.166350494769376382e+02
1.642094028064348954e-01 2.702766262440609808e+03 1.284126271389504154e+03 7.283048422878937345e+02
1.830978677048002712e-01 2.509556794363834342e+03 1.192375134542705155e+03 6.762811572243347200e+02
2.041590102946942431e-01 1.936287807651083085e+03 9.200264424105763510e+02 5.218217997330228854e+02
2.276427465103479653e-01 1.521103003320018388e+03 7.227722997065823165e+02 4.099490727053369028e+02
2.538277392899435103e-01 1.317642072281122410e+03 6.261108275217219443e+02 3.551280522137467983e+02
2.830247052484705095e-01 9.947633196735663432e+02 4.726969611612423137e+02 2.681150306993367849e+02
3.155801017062329072e-01 8.375177668025903586e+02 3.979834039696135051e+02 2.257392645477799817e+02
3.518802378240603601e-01 6.501889156038864712e+02 3.089705822645269677e+02 1.752517974288799110e+02
3.923558586288135031e-01 5.215745853602837769e+02 2.478561523980911829e+02 1.405878392908615240e+02
4.374872563241952172e-01 4.166187584458442643e+02 1.979825252336643757e+02 1.122993449260198702e+02
4.878099695387512202e-01 3.280480770150272747e+02 1.558940848638345074e+02 8.842636440127402864e+01
5.439211381395319123e-01 2.583326794180574097e+02 1.227650765276001152e+02 6.963515955409319247e+01
6.064865890189676811e-01 2.034021480400689370e+02 9.666153863201560625e+01 5.482877751118314080e+01
6.762487369363893164e-01 1.593311050783072460e+02 7.571835267561564820e+01 4.294940532753182083e+01
7.540353941672404137e-01 1.244945891016334230e+02 5.916339540236180738e+01 3.355907733644934154e+01
8.407695934971151086e-01 9.709528674746525212e+01 4.614263484909948687e+01 2.617338821902656676e+01
9.374805411223435803e-01 7.554763567249351297e+01 3.590264679104001999e+01 2.036500526587522586e+01
1.045315829426528564e+00 5.863700570377610433e+01 2.786624862725312823e+01 1.580654752346906733e+01
1.165555054552403824e+00 4.541207944316641232e+01 2.158137168675440876e+01 1.224159397476281796e+01
1.299625000357985227e+00 3.509863025173689266e+01 1.668009683758181083e+01 9.461453418108119351e+00
1.449116568932995452e+00 2.707370241653304888e+01 1.286638724237439213e+01 7.298207249031382737e+00
1.615803658576671964e+00 2.084373025186215855e+01 9.905692717943098913e+00 5.618813632765822241e+00
1.801664213246928048e+00 1.601837181228418672e+01 7.612515170654207353e+00 4.318054057461390371e+00
2.008903693258128342e+00 1.228896255499589785e+01 5.840168742339417740e+00 3.312725002721268464e+00
2.239981245735629400e+00 9.412351397504695072e+00 4.473100263450633385e+00 2.537281891043784654e+00
2.497638885371206374e+00 7.197769512966976535e+00 3.420650369410697778e+00 1.940300053288458892e+00
2.784934031744384253e+00 5.495969575929910533e+00 2.611892059613530659e+00 1.481547415815582802e+00
3.105275789304232426e+00 4.190490785297924070e+00 1.991479714177321503e+00 1.129630256015774270e+00
3.462465400517639402e+00 3.190692988004891539e+00 1.516338408269687354e+00 8.601152126694586730e-01
3.860741352209485999e+00 2.426218388294788753e+00 1.153031511997939296e+00 6.540360852610450637e-01
4.304829670336041580e+00 1.842572321219417164e+00 8.756609462531422805e-01 4.967027529436419120e-01
4.799999999999999822e+00 1.397628834144457377e+00 6.642069274323705308e-01 3.767593628772074044e-01
