1.000000000230258569e-04 3.847249475188501719e+02 1.649115945063171864e+02 9.165948036156488854e+01
1.122634227564673579e-04 4.286814800825638372e+02 1.836966995822035074e+02 1.020987108884947219e+02
1.260307608609534901e-04 4.776893425757257319e+02 2.046203231072976791e+02 1.137257182075944257e+02
1.414864458359461712e-04 5.323368806170340122e+02 2.279254253284296965e+02 1.266752418736065806e+02
1.588375267953347550e-04 5.932812867041232039e+02 2.538822994434788143e+02 1.410971317900899464e+02
1.783164441611049004e-04 6.612549768394366083e+02 2.827913249732372947e+02 1.571578608166132938e+02
2.001841435067871621e-04 7.370760002945021370e+02 3.149865553652538779e+02 1.750424972075278163e+02
2.247335712646909519e-04 8.216499087484364736e+02 3.508388611890385960e+02 1.949565033181982017e+02
2.522935991264941354e-04 9.159700561236242038e+02 3.907592530558271164e+02 2.171276517768088183e+02
2.832334297096662638e-04 1.021135475211391167e+03 4.352038534612677267e+02 2.418087090473527780e+02
3.179675425093897337e-04 1.138336840477064698e+03 4.846766541007119145e+02 2.692793202414415532e+02
3.569612463934728852e-04 1.268847256731417929e+03 5.397331147832937859e+02 2.998482964052424222e+02
4.007369130231864672e-04 1.414047081437198358e+03 6.009868825176225755e+02 3.338571693954483521e+02
4.498809747048478080e-04 1.575414216034978608e+03 6.691106930234808488e+02 3.716812921791822077e+02
5.050517804175268938e-04 1.754520745797819245e+03 7.448403550909653177e+02 4.137324226564511491e+02
5.669884152586394726e-04 1.953047487630515434e+03 8.289827221818712815e+02 4.604630388697806325e+02
6.365206014554368984e-04 2.172854759056510375e+03 9.224145113732695336e+02 5.123647861928081966e+02
7.145798135793877959e-04 2.415989822224463751e+03 1.026087077913416124e+03 5.699713409931164279e+02
8.022117568662883325e-04 2.684670110595243841e+03 1.141033096849890171e+03 6.338624750860410586e+02
9.005903758055168549e-04 2.981379832877018998e+03 1.268359680227491936e+03 7.046566106758214119e+02
1.011033580661806338e-03 3.308872101157232919e+03 1.409253199196725518e+03 7.830139384946122618e+02
1.135020902606864940e-03 3.670133517405223756e+03 1.564978977935457351e+03 8.696374773288929418e+02
1.274213313974418031e-03 4.068279030563539436e+03 1.736848177470249084e+03 9.652553460423682736e+02
1.430475479156914512e-03 4.506603410847253144e+03 1.926224643027742786e+03 1.070623748709058191e+03
1.605900734223756829e-03 4.988529192677030551e+03 2.134505277578527057e+03 1.186516269042388558e+03
1.802839129895710598e-03 5.517287151277575504e+03 2.363034168957473412e+03 1.313679117954760386e+03
2.023928913547812410e-03 6.096028551240829984e+03 2.613116049838448362e+03 1.452836704308742810e+03
2.272131871983379750e-03 6.727686264755335287e+03 2.885957632890582317e+03 1.604658533633136358e+03
2.550773008441800313e-03 7.414570310835037162e+03 3.182529635953840170e+03 1.769683203409911130e+03
2.863585085365514225e-03 8.158453389812823843e+03 3.503578969044006044e+03 1.948324547801308427e+03
3.214758629634808552e-03 8.960287215216038021e+03 3.849502985050402913e+03 2.140802630482724908e+03
3.608998070155939632e-03 9.819766624172501906e+03 4.220164938572133906e+03 2.347042689575715485e+03
4.051584759838999447e-03 1.073534064443363241e+04 4.614902623657046206e+03 2.566678363980146514e+03
4.548447726227339283e-03 1.170372201927215792e+04 5.032332889348302160e+03 2.798937070623447198e+03
5.106243098575769836e-03 1.271964639212525617e+04 5.470155963777169745e+03 3.042558573403950049e+03
5.732443275407110572e-03 1.377548071592803171e+04 5.925116604214338622e+03 3.295717651112622661e+03
6.435437027063155117e-03 1.486074410203457228e+04 6.392721195288323543e+03 3.555925767636133969e+03
7.224641874254610074e-03 1.596175201343355911e+04 6.867097137420810213e+03 3.819919690371272281e+03
8.110630248067678127e-03 1.706116201313744386e+04 7.340794724059119289e+03 4.083558998957092626e+03
9.105271121505569346e-03 1.813727083859884442e+04 7.804485931586495099e+03 4.341660198996977670e+03
1.022188900990466699e-02 1.916532790571691658e+04 8.247535984000976896e+03 4.588310400394683711e+03
1.147544247024383408e-02 2.011076807206008380e+04 8.655077792375528588e+03 4.815239674838878273e+03
1.288272449057868002e-02 2.093799907683224228e+04 9.011792486452110097e+03 5.013929446840456876e+03
1.446258745407916733e-02 2.160868336510951485e+04 9.301194827432289458e+03 5.175206824574146594e+03
1.623619569135818438e-02 2.208002199801083043e+04 9.504845101481207166e+03 5.288813639574522313e+03
1.822730900435978393e-02 2.230779655585614819e+04 9.603706795677677292e+03 5.344148522914542809e+03
2.046260095998037737e-02 2.225348394320504303e+04 9.581182953911818913e+03 5.331969058159585984e+03
2.297201621738221775e-02 2.188839670228754767e+04 9.424890716282126959e+03 5.245377965601865981e+03
2.578917167586586637e-02 2.120253850232471814e+04 9.130482854597517871e+03 5.081923633392840202e+03
2.895180681720203528e-02 2.021387916708237390e+04 8.705672506186076134e+03 4.845882738962432086e+03
3.250228927534733192e-02 1.897541010970431671e+04 8.173236474005802847e+03 4.549913436194508904e+03
3.648818240631140908e-02 1.757670707463600411e+04 7.571703453312004058e+03 4.215437227555146819e+03
4.096288246151627566e-02 1.613478291126651129e+04 6.951439047370677144e+03 3.870480638350344634e+03
4.598633390041809155e-02 1.477047620700437983e+04 6.364496026662923214e+03 3.544020879568470718e+03
5.162583242493973962e-02 1.357045678212339044e+04 5.848215166097320434e+03 3.256852144966646847e+03
5.795692649341043640e-02 1.254895543902136887e+04 5.408748001588935040e+03 3.012409219252273488e+03
6.506442939097074885e-02 1.159666845903565445e+04 4.999002209719880739e+03 2.784470336536408922e+03
7.304355541444980393e-02 1.053809383963953042e+04 4.543312889012808228e+03 2.530887908334270378e+03
8.200119539239680844e-02 9.243834379580264795e+03 3.985864257973299118e+03 2.220560214242822440e+03
9.205734862752627812e-02 7.806492533953482962e+03 3.366546279411491014e+03 1.875697185512013220e+03
1.033467304443183715e-01 6.539024757871716247e+03 2.820317348432673498e+03 1.571491842320996511e+03
1.160205768769771578e-01 5.669666579481412555e+03 2.445661774277327822e+03 1.362837967091198152e+03
1.302486706739022226e-01 5.026991467595373251e+03 2.168692655305207154e+03 1.208584984047718535e+03
1.462216157596530064e-01 4.240774418277640507e+03 1.829713180296183282e+03 1.019743464558321193e+03
1.641533906237988560e-01 3.403260641669246070e+03 1.468512354115667904e+03 8.184868212471483275e+02
1.842842148426375448e-01 2.866416631584245806e+03 1.236980138235591085e+03 6.894781295708781954e+02
2.068837671345900298e-01 2.419800788253407973e+03 1.044336651334485850e+03 5.821293295162640788e+02
2.322547980593316352e-01 1.920881746047872866e+03 8.290781295018726951e+02 4.621611667532907290e+02
2.607371857574901086e-01 1.595512202547164406e+03 6.886929376517922492e+02 3.839195241710763185e+02
2.927124890628471365e-01 1.274672977574017978e+03 5.502394141354934618e+02 3.067473831592473061e+02
3.286090589819373742e-01 1.033024564443938743e+03 4.459516820977244720e+02 2.486163858642553350e+02
3.689077770159973624e-01 8.197145348520813286e+02 3.538842570111562509e+02 1.972941746865260768e+02
4.141484971975938345e-01 6.543544041243925449e+02 2.825077824893981528e+02 1.575045029866139430e+02
4.649372781414354283e-01 5.174212829797957056e+02 2.233973580327027832e+02 1.245514613816980471e+02
5.219545019921476570e-01 4.070124423108441079e+02 1.757339334778168620e+02 9.797906976033034709e+01
5.859639890329354506e-01 3.189539130981665949e+02 1.377172057342579023e+02 7.678420814026485175e+01
6.578232300572349756e-01 2.489034493080687866e+02 1.074735671622274396e+02 5.992255392712303319e+01
7.384948735793578356e-01 1.934901357532698398e+02 8.354849462187891618e+01 4.658343654695801916e+01
8.290596217703356530e-01 1.497967297909665945e+02 6.468291610954572946e+01 3.606500561294854634e+01
9.307307078768926045e-01 1.155678295580057551e+02 4.990346148731963183e+01 2.782467067360726176e+01
1.044870149067508081e+00 8.886437165111497904e+01 3.837310008106562975e+01 2.139580777299610048e+01
1.173006992433692330e+00 6.810973000846982472e+01 2.941121110283179263e+01 1.639897458237398098e+01
1.316857798575541416e+00 5.204347918976372256e+01 2.247366199361009720e+01 1.253081312882126142e+01
1.478349637175967013e+00 3.965343600873667640e+01 1.712345922867519477e+01 9.547688937492067041e+00
1.659645902619409696e+00 3.013118995239113218e+01 1.301156464731447038e+01 7.254999777831938168e+00
1.863175295489004624e+00 2.283665195435390061e+01 9.861607994525192211e+00 5.498655944916801985e+00
2.091664358187257822e+00 1.726578627728698123e+01 7.455957149378144244e+00 4.157315437653037904e+00
2.348174000537423645e+00 1.302363466977886652e+01 5.624070196637359409e+00 3.135890624305078145e+00
2.636140504673786467e+00 9.802153683728915823e+00 4.232931536736227685e+00 2.360216569920268626e+00
2.959421558534973240e+00 7.362101778857176093e+00 3.179234157003165251e+00 1.772692812283772179e+00
3.322347934639153344e+00 5.518462462495683063e+00 2.383085138681975579e+00 1.328773319098449202e+00
3.729781506445900785e+00 4.128688876958511500e+00 1.782929816672865098e+00 9.941362457110446416e-01
4.187180379509764627e+00 3.083356394386640442e+00 1.331515863341765860e+00 7.424345766640414457e-01
4.700672009942531204e+00 2.298734616718699719e+00 9.926860126907653958e-01 5.535079507455670234e-01
5.277135289701610610e+00 1.710968690952015647e+00 7.388656990559512305e-01 4.119813760756534382e-01
5.924292698344328478e+00 1.271500242561202976e+00 5.490857815179812640e-01 3.061627824455481761e-01
6.650813755741415534e+00 9.435022317822591154e-01 4.074430700528051119e-01 2.271847888130701654e-01
7.466431161634059954e+00 6.991164776139331405e-01 3.019074102537282478e-01 1.683395630984582392e-01
8.382071177875818790e+00 5.173245691074602748e-01 2.234022468026492236e-01 1.245661568007201403e-01
9.410000000000001918e+00 3.823044542153351544e-01 1.650949937039379589e-01 9.205482310003748614e-02
