1.000000000230258569e-04 9.481496894751880973e+02 4.419437808787723725e+02 2.545264163349160356e+02
1.115026695290953366e-04 1.052427538380511123e+03 4.903192658585029449e+02 2.823455905231074894e+02
1.243284530925187648e-04 1.168323153515945251e+03 5.440123012780844647e+02 3.132088023369771577e+02
1.386295441504667143e-04 1.297165079453261797e+03 6.036131195040951525e+02 3.474498875953105426e+02
1.545756424481938766e-04 1.440439428496001483e+03 6.697784453362460226e+02 3.854394159800975217e+02
1.723559677317991945e-04 1.599802284655003632e+03 7.432382035025565301e+02 4.275884759434354123e+02
1.921815050694108094e-04 1.777067669606783738e+03 8.247996085416169763e+02 4.743518705480111066e+02
2.142875084442451923e-04 1.974239993192382599e+03 9.153577156278159919e+02 5.262334332487836264e+02
2.389362923277018713e-04 2.193523382648652387e+03 1.015902562097085934e+03 5.837906043892065782e+02
2.664203443578849946e-04 2.437226479574452696e+03 1.127508131840142141e+03 6.476341003183965768e+02
2.970657960592480913e-04 2.707805379872471804e+03 1.251347744910226538e+03 7.184353826059881385e+02
3.312362927876497001e-04 3.007878273081157658e+03 1.388702096110915818e+03 7.969318356409720536e+02
3.693373088223966556e-04 3.340059820555856732e+03 1.540916600488534414e+03 8.839146624272764257e+02
4.118209588090659132e-04 3.706971882010417175e+03 1.709415245368059459e+03 9.802372891986731247e+02
4.591913626466918256e-04 4.111277419288749115e+03 1.895714813558069636e+03 1.086822546655941096e+03
5.120106274801957584e-04 4.555765879458902418e+03 2.101392027309551395e+03 1.204639820134757429e+03
5.709055177816341068e-04 5.043297579190646502e+03 2.328080083135241239e+03 1.334708296034406885e+03
6.365748926688486646e-04 5.576760756420684629e+03 2.577477593284389513e+03 1.478105457645598790e+03
7.097979987143026312e-04 6.159608750089340901e+03 2.851420493201848785e+03 1.635962953896370664e+03
7.914437166483044659e-04 6.795850736545089603e+03 3.151872237977603163e+03 1.809461692192106057e+03
8.824808716799498404e-04 7.489812791932421533e+03 3.480881200042847013e+03 1.999826425261442409e+03
9.839897297802024153e-04 8.246297825508963797e+03 3.840636042401868053e+03 2.208329862154000239e+03
1.097174816344422205e-03 9.070639921153004252e+03 4.233466285619262635e+03 2.436284249923261541e+03
1.223379209343287413e-03 9.968627635018610817e+03 4.661788483208831167e+03 2.685018073389609981e+03
1.364100476567608111e-03 1.094557894989692795e+04 5.127854635053343372e+03 2.955772111571822734e+03
1.521008446081769522e-03 1.200609414528416346e+04 5.633663269434000540e+03 3.249653094576103285e+03
1.695965020753673102e-03 1.315452822253656086e+04 6.181039387056105625e+03 3.567645645597961447e+03
1.891046271984591709e-03 1.439361946758398335e+04 6.771108736986067015e+03 3.910350234650552920e+03
2.108567074807741158e-03 1.572378918529118891e+04 7.404015464784892174e+03 4.277836255343585435e+03
2.351108576680822643e-03 1.714375145611321204e+04 8.079115743003487296e+03 4.669720374083518436e+03
2.621548825923003187e-03 1.864949371459125905e+04 8.794506688746565487e+03 5.084890549524214293e+03
2.923096923239734257e-03 2.023350922085106868e+04 9.546676208662764111e+03 5.521302913588301635e+03
3.259331101584665453e-03 2.188505621167696881e+04 1.033062713600834650e+04 5.976058384800231579e+03
3.634241186222156913e-03 2.358989198750238211e+04 1.113968420331647940e+04 6.445324424399244890e+03
4.052275938830490927e-03 2.533004296473607974e+04 1.196533535585573918e+04 6.924269024964958589e+03
4.518395847440812539e-03 2.708366924016041958e+04 1.279725266820835168e+04 7.407034347610772784e+03
5.038131988628217865e-03 2.882538884150722879e+04 1.362362939276097677e+04 7.886644220914368816e+03
5.617651660426248826e-03 3.052703349700087711e+04 1.443118369176475426e+04 8.355442132909623979e+03
6.263831564778516575e-03 3.215684399710356956e+04 1.520499029779599005e+04 8.804845461472770694e+03
6.984339407925946493e-03 3.368022655549077899e+04 1.592875076467903273e+04 9.225450670987247577e+03
7.787724887016851671e-03 3.505942523421506485e+04 1.658469097784273981e+04 9.606988719733561084e+03
8.683521142606049834e-03 3.625288589081555256e+04 1.715320763514113060e+04 9.938137787784031389e+03
9.682357880899711625e-03 3.722823636082760640e+04 1.761902900368495102e+04 1.021005406252313514e+04
1.079608750807801998e-02 3.789975986118939909e+04 1.794152555614487210e+04 1.039915232680783811e+04
1.203792577343234388e-02 3.822351623354200274e+04 1.809988579506253154e+04 1.049333941804883398e+04
1.342260859021738965e-02 3.817318346713485516e+04 1.808158737707918772e+04 1.048535503059003713e+04
1.496656689508787767e-02 3.769934709544423822e+04 1.786299866051867139e+04 1.036137042387942893e+04
1.668812162103823840e-02 3.675961142912416108e+04 1.742383163011572105e+04 1.010952454113302156e+04
1.860770109743517184e-02 3.533320191643065482e+04 1.675402138000884588e+04 9.723895474518205447e+03
2.074808345685756270e-02 3.342661255560254358e+04 1.585637810426649958e+04 9.206021901937607254e+03
2.313466692519383291e-02 3.107330039115215186e+04 1.474629103745443899e+04 8.564594138359549106e+03
2.579577120231610690e-02 2.835332069434816367e+04 1.346156768321849449e+04 7.821438628817834797e+03
2.876297350957714855e-02 2.539252395603125842e+04 1.206168903939001211e+04 7.010986068624260042e+03
3.207148329174031032e-02 2.236061372396213847e+04 1.062699698163688299e+04 6.179733459002937707e+03
3.576056001963404812e-02 1.945387266343200463e+04 9.250602966599173669e+03 5.381724334353521954e+03
3.987397905126498221e-02 1.686469408345656120e+04 8.024027557645160414e+03 4.670264856871456686e+03
4.446055107939526907e-02 1.473886192631589620e+04 7.016777571784985412e+03 4.085894398163506594e+03
4.957470132945773766e-02 1.313083345428366738e+04 6.255083486743535104e+03 3.644045494992931708e+03
5.527711538069327024e-02 1.196364927789130888e+04 5.702630738328106418e+03 3.323730259149607718e+03
6.163545927395905344e-02 1.101258697489099723e+04 5.252580330716833487e+03 3.062809744641335328e+03
6.872518245115814828e-02 9.963932291224256915e+03 4.755368061994969139e+03 2.774108001336859616e+03
7.663041305413779980e-02 8.549732424083002115e+03 4.082927336589008974e+03 2.382848018639131624e+03
8.544495620686157200e-02 6.877471543783215566e+03 3.286300554143349018e+03 1.918710477889718959e+03
9.527340712667957401e-02 5.384312727236332648e+03 2.574301095376953526e+03 1.503591169900244495e+03
1.062323922731101822e-01 4.456289091662870305e+03 2.131781073399894467e+03 1.245578546289346150e+03
1.184519532618636822e-01 4.010936864173459981e+03 1.919744577125004980e+03 1.122068090916327037e+03
1.320770899659224340e-01 3.526536507926019112e+03 1.688733721176103245e+03 9.873544435060347269e+02
1.472694811144383831e-01 2.746508549443588436e+03 1.315815153043120517e+03 7.695409104109953660e+02
1.642094028064348954e-01 2.124172800418973566e+03 1.018100699782577294e+03 5.955812700073664701e+02
1.830978677048002712e-01 1.856327715485289218e+03 8.900769974534387075e+02 5.208116915084646052e+02
2.041590102946942431e-01 1.519795696216764100e+03 7.289801471445441621e+02 4.266395139167534580e+02
2.276427465103479653e-01 1.167853151386185118e+03 5.603533153807884446e+02 3.280118650358299419e+02
2.538277392899435103e-01 9.853428209465037071e+02 4.729229569673488527e+02 2.768796433451180974e+02
2.830247052484705095e-01 7.675679130243127020e+02 3.684987513193095765e+02 2.157749170493783311e+02
3.155801017062329072e-01 6.241215059928453002e+02 2.997036317179945399e+02 1.755147026883090291e+02
3.518802378240603601e-01 4.902284972215130665e+02 2.354580861232632003e+02 1.379064189080700658e+02
3.923558586288135031e-01 3.919879696638349742e+02 1.883081693400473569e+02 1.103018409959041719e+02
4.374872563241952172e-01 3.088185273310235175e+02 1.483785788546747995e+02 8.692045605113182205e+01
4.878099695387512202e-01 2.429700669604719110e+02 1.167570613141662790e+02 6.840151087937516650e+01
5.439211381395319123e-01 1.908516293360439704e+02 9.172349926121002284e+01 5.373911502093470460e+01
6.064865890189676811e-01 1.494224767875977875e+02 7.182041641060331472e+01 4.208052156003925148e+01
6.762487369363893164e-01 1.166335172295819973e+02 5.606553878658905177e+01 3.285102746739731572e+01
7.540353941672404137e-01 9.079473146651199045e+01 4.364838787481587445e+01 2.557631005672187285e+01
8.407695934971151086e-01 7.050839598361571348e+01 3.389832755022985822e+01 1.986378775773266270e+01
9.374805411223435803e-01 5.461777491917792560e+01 2.626013195951139778e+01 1.538836884798340243e+01
1.045315829426528564e+00 4.220962249716190939e+01 2.029532167796759978e+01 1.189327868381851339e+01
1.165555054552403824e+00 3.254976702944534850e+01 1.565130439310099497e+01 9.172010178071225539e+00
1.299625000357985227e+00 2.504854237987583687e+01 1.204482299624285702e+01 7.058644835281770114e+00
1.449116568932995452e+00 1.923754994969377208e+01 9.250828540925414956e+00 5.421347564624835691e+00
1.615803658576671964e+00 1.474648367174374819e+01 7.091370478782846654e+00 4.155865604798649748e+00
1.801664213246928048e+00 1.128332998333086046e+01 5.426102956739326189e+00 3.179971426878968277e+00
2.008903693258128342e+00 8.618518166402735048e+00 4.144678476535657019e+00 2.429009451979794676e+00
2.239981245735629400e+00 6.572177220063919911e+00 3.160630409547072972e+00 1.852314257204867198e+00
2.497638885371206374e+00 5.003783738150898941e+00 2.406401471266060188e+00 1.410298904275816945e+00
2.784934031744384253e+00 3.803911012144188586e+00 1.829380727632486270e+00 1.072133672996527176e+00
3.105275789304232426e+00 2.887571309229080008e+00 1.388704854580267822e+00 8.138721952834938600e-01
3.462465400517639402e+00 2.188934135492869526e+00 1.052719969472079464e+00 6.169646161260111672e-01
3.860741352209485999e+00 1.657125494745444128e+00 7.969626721050346863e-01 4.670746860871015094e-01
4.304829670336041580e+00 1.252924596464667806e+00 6.025726866963462269e-01 3.531495379921016364e-01
4.799999999999999822e+00 9.461568719830220076e-01 4.550396159419367037e-01 2.666853206235279550e-01
