1.000000000230258569e-04 3.539177107206534401e+03 1.553792830186684569e+03 8.808005308016543040e+02
1.115486563971542785e-04 3.960598269998059095e+03 1.736460705448679846e+03 9.841255639029983513e+02
1.244310274114527074e-04 4.433039494617011769e+03 1.940649391477786139e+03 1.099558611138217884e+03
1.388011391866901154e-04 4.962701174151697160e+03 2.168891934837362896e+03 1.228510845846976963e+03
1.548308057910457113e-04 5.556394100315545074e+03 2.424004384482175738e+03 1.372552529923349539e+03
1.727116835090306587e-04 6.221348828544346361e+03 2.709092202264083426e+03 1.533423966157493624e+03
1.926575623508681512e-04 6.965422259855014090e+03 3.027600130742556303e+03 1.713059134740366289e+03
2.149069222004190347e-04 7.796983314635622264e+03 3.383318106421830180e+03 1.913597257104643177e+03
2.397257841638464457e-04 8.724505698303530153e+03 3.780340713055811193e+03 2.137381204559169873e+03
2.674108912107391479e-04 9.756739559352585275e+03 4.223137854215487096e+03 2.386991621340594975e+03
2.982932561365508645e-04 1.090280345973813019e+04 4.716563977131670072e+03 2.665255115063765061e+03
3.327421192670277522e-04 1.217243393340466719e+04 5.265805840473153694e+03 2.975219647907656963e+03
3.711693632243215748e-04 1.357568332925610412e+04 5.876431321493149881e+03 3.320194083377228253e+03
4.140344375392690035e-04 1.512326314741426540e+04 6.554430472380515312e+03 3.703756977996526530e+03
4.618498519902246974e-04 1.682817750030837487e+04 7.306299193276377991e+03 4.129727004397651399e+03
5.151873043487156757e-04 1.870494676065549720e+04 8.139002357704234782e+03 4.602186411138126459e+03
5.746845157973842983e-04 2.076952482147392220e+04 9.059972743941129011e+03 5.125476920909374712e+03
6.410528557468661917e-04 2.303996223855879362e+04 1.007716474384523281e+04 5.704150098816916397e+03
7.150858472165629249e-04 2.553638773197495175e+04 1.119902196935786742e+04 6.342968917635849721e+03
7.976686544726134401e-04 2.828051756265973017e+04 1.243434022277229633e+04 7.046848035014249945e+03
8.897886663605780169e-04 3.129298874390534911e+04 1.379172225569792681e+04 7.820614474357081235e+03
9.925473018708411317e-04 3.459445296310230333e+04 1.527967385422394364e+04 8.669013454474945320e+03
1.107173179088194286e-03 3.820546949209746526e+04 1.690642597207517974e+04 9.596594019177309747e+03
1.235036804978161722e-03 4.214245552883845085e+04 1.867882815247592225e+04 1.060719197933538635e+04
1.377666961646263968e-03 4.641834749537365860e+04 2.060236692580777162e+04 1.170389489795844565e+04
1.536768984990051967e-03 5.104266738524938410e+04 2.268100214064737520e+04 1.288891464645965425e+04
1.714245154289869167e-03 5.601912113361975935e+04 2.491624327871529749e+04 1.416307584293178843e+04
1.912217436523370962e-03 6.134493746123518940e+04 2.730684521711300113e+04 1.552564015391461544e+04
2.133052857342773462e-03 6.701000129131747235e+04 2.984840520263971121e+04 1.697409150765237064e+04
2.379391802059096454e-03 7.299415999582462246e+04 3.253212908616028653e+04 1.850356480435212143e+04
2.654179585009814029e-03 7.926634406846252386e+04 3.534449087291673641e+04 2.010663428697978452e+04
2.960701664764286197e-03 8.578470764295774279e+04 3.826691274991455430e+04 2.177290786888378716e+04
3.302622926212283368e-03 9.249477659730582673e+04 4.127472627312626719e+04 2.348787656354543651e+04
3.684031499205906151e-03 9.933363565199865843e+04 4.434045303309870360e+04 2.523617783449096169e+04
4.109487637665882979e-03 1.061786815792806301e+05 4.740950575299221236e+04 2.698679513152741129e+04
4.584078243567925488e-03 1.129200590859103395e+05 5.043290010466500098e+04 2.871189280739123933e+04
5.113477687716873853e-03 1.194242757321590325e+05 5.335111969787072303e+04 3.037761625719851872e+04
5.704015654503047893e-03 1.255452975769111072e+05 5.609917727066866064e+04 3.194712523378230981e+04
6.362752821816417166e-03 1.310880121992179484e+05 5.858976319387942931e+04 3.337072375134361937e+04
7.097565280973966440e-03 1.358427492498965003e+05 6.072904071406896401e+04 3.459481335746982950e+04
7.917238706014356406e-03 1.395826102863908163e+05 6.241560293786375405e+04 3.556156900368968491e+04
8.831573398280912271e-03 1.420586255360370560e+05 6.353833195846524177e+04 3.620764409814104147e+04
9.851501462242475554e-03 1.430170158106243471e+05 6.398300415079153754e+04 3.646774840224548097e+04
1.098921751354712747e-02 1.422191369473284285e+05 6.364211891845883656e+04 3.628008795381063101e+04
1.225832448210000328e-02 1.394669098113391665e+05 6.242694871264512039e+04 3.559394256660695828e+04
1.367399625343743499e-02 1.346383762497880962e+05 6.028193870463983330e+04 3.437752375194458000e+04
1.525315909299450497e-02 1.277398956334217073e+05 5.720863855751576193e+04 3.263102571083114890e+04
1.701469402243795462e-02 1.189653103754840558e+05 5.329319564623786573e+04 3.040324748252751669e+04
1.897966256774625410e-02 1.087328607182776759e+05 4.872238336913144303e+04 2.780070159724129553e+04
2.117155857815964867e-02 9.769316760148189496e+04 4.378708463547571591e+04 2.498899521742910292e+04
2.361658912683562567e-02 8.667636587086140935e+04 3.885919828317846259e+04 2.218040350303667947e+04
2.634398785175567220e-02 7.656651891502548824e+04 3.433522783005279780e+04 1.960129381546142031e+04
2.938636448329653983e-02 6.810617201032521552e+04 3.054858055792342202e+04 1.744219358913242104e+04
3.278009473753994152e-02 6.166695127634391247e+04 2.766658421020408787e+04 1.579889209082411435e+04
3.656575523702054742e-02 5.702733242078899639e+04 2.559053364441497979e+04 1.461527408160209416e+04
4.078860865897657173e-02 5.326729645833159884e+04 2.390804942514828872e+04 1.365600678990612869e+04
4.549914491170512637e-02 4.884035285797947290e+04 2.192519002339896542e+04 1.252478533694209000e+04
5.075368480951484434e-02 4.253175259485300921e+04 1.909645252346602501e+04 1.090994736535144511e+04
5.661505346402430361e-02 3.476067446723436296e+04 1.560976578359907035e+04 8.918767936443675353e+03
6.315333144310807112e-02 2.767284451271399303e+04 1.242866707627242249e+04 7.101785076728249805e+03
7.044669267860774464e-02 2.327408064662393008e+04 1.045441326607917290e+04 5.974112543183632624e+03
7.858233914112514040e-02 2.121857740175748768e+04 9.532224626038932911e+03 5.447472591013136480e+03
8.765754345719625751e-02 1.882534195274403100e+04 8.457973419012269005e+03 4.833824130991869424e+03
9.778081193473929511e-02 1.480500579314899733e+04 6.652307039093955609e+03 3.802048202388475602e+03
1.090731819023149224e-01 1.164800322557389882e+04 5.234207425662249079e+03 2.991674583152754167e+03
1.216696688736408766e-01 1.033503047838159728e+04 4.644537611675466906e+03 2.654738004182237091e+03
1.357208808401622890e-01 8.488634615655648304e+03 3.815012968138111319e+03 2.180663519748583894e+03
1.513948189927238619e-01 6.615478169735576557e+03 2.973331315758172877e+03 1.699603336394480721e+03
1.688788864024014236e-01 5.656925053069914611e+03 2.542629865231368058e+03 1.453440257166737410e+03
1.883821286769788717e-01 4.426548405038142846e+03 1.989691745378852374e+03 1.137387111216916082e+03
2.101377333831422056e-01 3.654424476277065878e+03 1.642687102690352503e+03 9.390407475386444958e+02
2.344058181183555356e-01 2.887833632456246050e+03 1.298138715160918537e+03 7.420902102552852284e+02
2.614765405675759102e-01 2.332772835379589196e+03 1.048654623052291754e+03 5.994778369027054623e+02
2.916735677297306317e-01 1.856518491166807507e+03 8.345816378060943634e+02 4.771046549243452546e+02
3.253579457932418983e-01 1.472385584384486947e+03 6.619101608809427262e+02 3.783968263676042625e+02
3.629324169301749725e-01 1.166359626483907959e+03 5.243445328845164113e+02 2.997561121956586589e+02
4.048462346221089470e-01 9.209692013406946671e+02 4.140329719611416976e+02 2.366947579343171242e+02
4.516005350914485406e-01 7.251365461759575055e+02 3.259976014637297226e+02 1.863675246012342086e+02
5.037543290608768043e-01 5.689751459433778109e+02 2.557948320622033975e+02 1.462342847403332371e+02
5.619311854805180140e-01 4.452291404647100990e+02 2.001636840933340409e+02 1.144310908040913688e+02
6.268266871357865977e-01 3.475957350626604239e+02 1.562711777077422823e+02 8.933852368522468623e+01
6.992167472777639503e-01 2.707170418793808153e+02 1.217088884850068098e+02 6.957978819063134779e+01
7.799668867126374749e-01 2.103403012726176371e+02 9.456512972984427279e+01 5.406205431459670763e+01
8.700425822703268253e-01 1.630697976445979975e+02 7.331343794076217080e+01 4.191270341387074438e+01
9.705208103821856280e-01 1.261608111394292564e+02 5.671994457115079058e+01 3.242637149794045826e+01
1.082602923786821769e+00 9.741131937219165593e+01 4.379472241022023837e+01 2.503714157522107087e+01
1.207629015322442267e+00 7.506995139497551861e+01 3.375042768749332112e+01 1.929490347073721068e+01
1.347093940544190405e+00 5.774787310053395117e+01 2.596269194575601347e+01 1.484271481210923760e+01
1.502665190738521561e+00 4.434614638646733198e+01 1.993747109730657385e+01 1.139813817654915695e+01
1.676202830030598223e+00 3.399839988429469884e+01 1.528527085235401017e+01 8.738505422400020706e+00
1.869781734959676811e+00 2.602407208034206931e+01 1.170012208144914112e+01 6.688897554583142835e+00
2.085716402426663674e+00 1.989008691958110830e+01 8.942359990654127344e+00 5.112300553134506487e+00
2.326588622626292402e+00 1.517999227081955738e+01 6.824757050512741507e+00 3.901678538285489051e+00
2.595278347831105226e+00 1.156929922325933369e+01 5.201431288228722138e+00 2.973632297750004039e+00
2.894998126105261083e+00 8.805792124455809500e+00 3.958990362425324872e+00 2.263335809755209649e+00
3.229331511649635278e+00 6.693898453471438970e+00 3.009506827388113592e+00 1.720521062594115858e+00
3.602275911025628830e+00 5.082314670330021933e+00 2.284956448745592450e+00 1.306299150501914585e+00
4.018290377542188097e+00 3.854226153606073790e+00 1.732820938293735180e+00 9.906459265577937101e-01
4.482348925252354732e+00 2.919618533685181649e+00 1.312631109967209220e+00 7.504254144061162091e-01
5.000000000000000888e+00 2.209261054977014638e+00 9.932617683800657460e-01 5.678434692552093432e-01
