1.000000000230258569e-04 3.576866303124846809e+02 1.599053535893988851e+02 9.090116140016210977e+01
1.115026695290953366e-04 3.978637562797933356e+02 1.777855634116467627e+02 1.010514872201101468e+02
1.243284530925187648e-04 4.426079488198749914e+02 1.976708744331274090e+02 1.123326931788380278e+02
1.386295441504667143e-04 4.924543448483968859e+02 2.197925119882080480e+02 1.248752436773993537e+02
1.545756424481938766e-04 5.479988039327444085e+02 2.444010882231149822e+02 1.388181355849577869e+02
1.723559677317991945e-04 6.099045836036423225e+02 2.717769565794658888e+02 1.543166664752047552e+02
1.921815050694108094e-04 6.789205443548385119e+02 3.022385519870322810e+02 1.715442127368103513e+02
2.142875084442451923e-04 7.558621230450977464e+02 3.361345456546110313e+02 1.906908431457435142e+02
2.389362923277018713e-04 8.416200509736448794e+02 3.738477764875737535e+02 2.119749203586076476e+02
2.664203443578849946e-04 9.371863261946489274e+02 4.158155615497834106e+02 2.356322117609820168e+02
2.970657960592480913e-04 1.043597908279372177e+03 4.625043082165515216e+02 2.619196472552967521e+02
3.312362927876497001e-04 1.161984274065896670e+03 5.144316361408898501e+02 2.911282583356578471e+02
3.693373088223966556e-04 1.293497853394156209e+03 5.721669011923627295e+02 3.235721057058842121e+02
4.118209588090659132e-04 1.439351191111640219e+03 6.363122156481391585e+02 3.596070808351316828e+02
4.591913626466918256e-04 1.600786068473820251e+03 7.074994398248114749e+02 3.996039214704672986e+02
5.120106274801957584e-04 1.779069221852549163e+03 7.864311830405433739e+02 4.439846803540192468e+02
5.709055177816341068e-04 1.975583122920250844e+03 8.738514019456422375e+02 4.931987144540364625e+02
6.365748926688486646e-04 2.191769722281298073e+03 9.705398023035122606e+02 5.477366542331144501e+02
7.097979987143026312e-04 2.429236523656180907e+03 1.077316916099750188e+03 6.081153366270468723e+02
7.914437166483044659e-04 2.689801581278549747e+03 1.195104138496803444e+03 6.748949070006988222e+02
8.824808716799498404e-04 2.975644204771946079e+03 1.324894876454502764e+03 7.486829184931402779e+02
9.839897297802024153e-04 3.289148365520600692e+03 1.467750094519716185e+03 8.301076622850083595e+02
1.097174816344422205e-03 3.632992151598241890e+03 1.624804693683181313e+03 9.198414069534981081e+02
1.223379209343287413e-03 4.010172418349362943e+03 1.797311118538534629e+03 1.018598490536525446e+03
1.364100476567608111e-03 4.423918195709594329e+03 1.986631236826761551e+03 1.127059796869139063e+03
1.521008446081769522e-03 4.877386220920887354e+03 2.194027492151089973e+03 1.245968854594721279e+03
1.695965020753673102e-03 5.373739746204661060e+03 2.420847960092107314e+03 1.376047972160545669e+03
1.891046271984591709e-03 5.916063535995706843e+03 2.668368036241833124e+03 1.517970804798606878e+03
2.108567074807741158e-03 6.506991001723747104e+03 2.937759231258315594e+03 1.672340392182275764e+03
2.351108576680822643e-03 7.148613236616900394e+03 3.229902562317725824e+03 1.839685414919967798e+03
2.621548825923003187e-03 7.842156985754562811e+03 3.545386866124853441e+03 2.020314970142083894e+03
2.923096923239734257e-03 8.588304589359622696e+03 3.884451580911497331e+03 2.214342461709222789e+03
3.259331101584665453e-03 9.386256073141057641e+03 4.246848555735167793e+03 2.421697495909836107e+03
3.634241186222156913e-03 1.023418162739714171e+04 4.631785155160815521e+03 2.641911961980731576e+03
4.052275938830490927e-03 1.112886531929143530e+04 5.037761587834282182e+03 2.874155486550170735e+03
4.518395847440812539e-03 1.206524597413322044e+04 5.462669262391330449e+03 3.117187911080048252e+03
5.038131988628217865e-03 1.303654455540659910e+04 5.903353760574324042e+03 3.369239443046687484e+03
5.617651660426248826e-03 1.403392785130048651e+04 6.355789453284682168e+03 3.628125712318058049e+03
6.263831564778516575e-03 1.504599449863242990e+04 6.814952832701237639e+03 3.890826680156568727e+03
6.984339407925946493e-03 1.605880707579496266e+04 7.274579086966827163e+03 4.153801139059366506e+03
7.787724887016851671e-03 1.705496251056949041e+04 7.726800624788660571e+03 4.412488786338233695e+03
8.683521142606049834e-03 1.801387879753630477e+04 8.162077965668208890e+03 4.661707959151206524e+03
9.682357880899711625e-03 1.891003869173794737e+04 8.569227238363755532e+03 4.894878987661159044e+03
1.079608750807801998e-02 1.969995929079829511e+04 8.931752679486162378e+03 5.102648491236568589e+03
1.203792577343234388e-02 2.036798382055218099e+04 9.238934958972622553e+03 5.279921371170255043e+03
1.342260859021738965e-02 2.087082302144600908e+04 9.470891445243307317e+03 5.414013248412158646e+03
1.496656689508787767e-02 2.116461829393224616e+04 9.610935094910706539e+03 5.494380021398580539e+03
1.668812162103823840e-02 2.121647176023008797e+04 9.641146804397547385e+03 5.514079864578600791e+03
1.860770109743517184e-02 2.099180037466250360e+04 9.545119749884128396e+03 5.462016294397093588e+03
2.074808345685756270e-02 2.046354924294752345e+04 9.312077471941496697e+03 5.330891127576955114e+03
2.313466692519383291e-02 1.962069639484859727e+04 8.937073233833625636e+03 5.117964265064219035e+03
2.579577120231610690e-02 1.848338111417408800e+04 8.426498403089703061e+03 4.828210726768787936e+03
2.876297350957714855e-02 1.709363379142326448e+04 7.799975620859514493e+03 4.470491795309059853e+03
3.207148329174031032e-02 1.554093104875385870e+04 7.097658049347398446e+03 4.069992213414747766e+03
3.576056001963404812e-02 1.391756937680601914e+04 6.361773892817310298e+03 3.648010999258930951e+03
3.987397905126498221e-02 1.238068855751909359e+04 5.663842349939008272e+03 3.249219298719889139e+03
4.446055107939526907e-02 1.103137123499806512e+04 5.049417347184255050e+03 2.897698806792844607e+03
4.957470132945773766e-02 9.938034287252532522e+03 4.555824576793460437e+03 2.615203108039724611e+03
5.527711538069327024e-02 9.114413554175875106e+03 4.185513109337032802e+03 2.403834161602464064e+03
6.163545927395905344e-02 8.462105008068052484e+03 3.894608796529749725e+03 2.238952422148824553e+03
6.872518245115814828e-02 7.797421053466791818e+03 3.599249181335771027e+03 2.072480120401095519e+03
7.663041305413779980e-02 6.946900676202761133e+03 3.210882299949285880e+03 1.849472984196261677e+03
8.544495620686157200e-02 5.887618107749641240e+03 2.712957183682541199e+03 1.561824801537056828e+03
9.527340712667957401e-02 4.833719953937501487e+03 2.206982494549507464e+03 1.266823617584647081e+03
1.062323922731101822e-01 4.063017246926264306e+03 1.836126054208925098e+03 1.049414378633538036e+03
1.184519532618636822e-01 3.624853406833742611e+03 1.637788810770108739e+03 9.365850621205808011e+02
1.320770899659224340e-01 3.275008284140325941e+03 1.487265783191590117e+03 8.525267728996121832e+02
1.472694811144383831e-01 2.777675509053415226e+03 1.247465211193643654e+03 7.116169651170985162e+02
1.642094028064348954e-01 2.281123810829137255e+03 9.955960130581840986e+02 5.604207718998794689e+02
1.830978677048002712e-01 1.993974750786408094e+03 8.629563955507650235e+02 4.839912896237996165e+02
2.041590102946942431e-01 1.749982245950877541e+03 7.548254630112423911e+02 4.229490851271229417e+02
2.276427465103479653e-01 1.471546749673796285e+03 6.119019672853534075e+02 3.362983313343469831e+02
2.538277392899435103e-01 1.285139639602381294e+03 5.264629569472151616e+02 2.873421235825016993e+02
2.830247052484705095e-01 1.115090750575940092e+03 4.448623116045955612e+02 2.394282392972603759e+02
3.155801017062329072e-01 9.677976835669090860e+02 3.750963025428685000e+02 1.988397034006336241e+02
3.518802378240603601e-01 8.492193296517425551e+02 3.194187953073786730e+02 1.666859361004928815e+02
3.923558586288135031e-01 7.461364566035654207e+02 2.718341258410433170e+02 1.395607231629670935e+02
4.374872563241952172e-01 6.580885513638578459e+02 2.314033480106950265e+02 1.163522101843780092e+02
4.878099695387512202e-01 5.842851808684810067e+02 1.984230441515036318e+02 9.756752412490523341e+01
5.439211381395319123e-01 5.217874197164206862e+02 1.709296042992773721e+02 8.201222526464847817e+01
6.064865890189676811e-01 4.678061206764021449e+02 1.479188846973034970e+02 6.921395900983557681e+01
6.762487369363893164e-01 4.208547547369798849e+02 1.286028506081874809e+02 5.867739317999160420e+01
7.540353941672404137e-01 3.796078957908410416e+02 1.123236497329760510e+02 4.992661877258238690e+01
8.407695934971151086e-01 3.432007147644234806e+02 9.863852330795469925e+01 4.269332797503921739e+01
9.374805411223435803e-01 3.104122256221471048e+02 8.699935156871971742e+01 3.665874204809806969e+01
1.045315829426528564e+00 2.804789470699903404e+02 7.703110570808385660e+01 3.162871154897475634e+01
1.165555054552403824e+00 2.527775155010263290e+02 6.841124134204629570e+01 2.740647466450363012e+01
1.299625000357985227e+00 2.269372278053726575e+02 6.088948904297507170e+01 2.385983197125035460e+01
1.449116568932995452e+00 2.027795256431939492e+02 5.428397696297651720e+01 2.085825426817291017e+01
1.615803658576671964e+00 1.800776223252809700e+02 4.839192134550384594e+01 1.828805096871816716e+01
1.801664213246928048e+00 1.587979648849909040e+02 4.308488625363560232e+01 1.608094832622219883e+01
2.008903693258128342e+00 1.389801252607957167e+02 3.825435779998017694e+01 1.416141111783638351e+01
2.239981245735629400e+00 1.206559117115030517e+02 3.382090384778405223e+01 1.248708735945898418e+01
2.497638885371206374e+00 1.039790782244634642e+02 2.973692529828339914e+01 1.101270586179108868e+01
2.784934031744384253e+00 8.893639267522931391e+01 2.595307777165911745e+01 9.699446460994623820e+00
3.105275789304232426e+00 7.552409961647116177e+01 2.244830393262420642e+01 8.517821307183925938e+00
3.462465400517639402e+00 6.372463001597436971e+01 1.923360596559798807e+01 7.437913292096311579e+00
3.860741352209485999e+00 5.345510998487336707e+01 1.632785619371658115e+01 6.446397412311277719e+00
4.304829670336041580e+00 4.460680135647611877e+01 1.375333915062680568e+01 5.536972277445716628e+00
4.799999999999999822e+00 3.704359812024753751e+01 1.152733827719191062e+01 4.725783839906330996e+00
