1.000000000230258569e-04 4.907560545788884383e+02 2.166073116173000699e+02 1.222902647666459615e+02
1.115026695290953366e-04 5.452441105950673546e+02 2.405648465469483028e+02 1.357960715881755789e+02
1.243284530925187648e-04 6.058406726878689597e+02 2.671775713018138845e+02 1.507901987282500897e+02
1.386295441504667143e-04 6.732496963727626280e+02 2.967486774889788990e+02 1.674413405262062895e+02
1.545756424481938766e-04 7.482430080390331568e+02 3.296056836464109665e+02 1.859287879546630222e+02
1.723559677317991945e-04 8.317016813605065408e+02 3.661171705801795042e+02 2.064563052135572434e+02
1.921815050694108094e-04 9.245939243889164345e+02 4.066957526389600162e+02 2.292466988461399922e+02
2.142875084442451923e-04 1.027958641029214959e+03 4.517938078598888865e+02 2.545448136298790018e+02
2.389362923277018713e-04 1.142963939677722465e+03 5.019145980785796155e+02 2.826335197605534404e+02
2.664203443578849946e-04 1.270861427547188441e+03 5.576122240756390056e+02 3.138143578038229862e+02
2.970657960592480913e-04 1.412984043735119940e+03 6.194913190589127225e+02 3.484189351897609299e+02
3.312362927876497001e-04 1.570753933447239660e+03 6.881975087863830822e+02 3.868096791898746005e+02
3.693373088223966556e-04 1.745656269198176460e+03 7.644608281324947257e+02 4.293899424803056490e+02
4.118209588090659132e-04 1.939183080761579049e+03 8.490177628093434805e+02 4.766082251504021770e+02
4.591913626466918256e-04 2.152944389727541875e+03 9.426533288041757714e+02 5.289258685557952049e+02
5.120106274801957584e-04 2.388535215999952470e+03 1.046219078073551373e+03 5.868697816510435814e+02
5.709055177816341068e-04 2.647652822490467315e+03 1.160591587229496326e+03 6.509689921108464432e+02
6.365748926688486646e-04 2.932159705641173332e+03 1.286713324478058439e+03 7.218184156007954471e+02
7.097979987143026312e-04 3.243969992544013166e+03 1.425508445384296465e+03 8.000058540470907928e+02
7.914437166483044659e-04 3.585294808972351348e+03 1.578061327051901117e+03 8.861732223494678919e+02
8.824808716799498404e-04 3.958672471551562921e+03 1.745464866967803346e+03 9.809758693594662873e+02
9.839897297802024153e-04 4.366829470342451714e+03 1.928944004113157462e+03 1.085134145568305485e+03
1.097174816344422205e-03 4.812764794705241002e+03 2.129742573658479614e+03 1.199351387247066441e+03
1.223379209343287413e-03 5.299844160365274547e+03 2.349260648310284978e+03 1.324364864712486906e+03
1.364100476567608111e-03 5.831502707678355364e+03 2.588935781096747633e+03 1.460897202269567060e+03
1.521008446081769522e-03 6.410958795149360412e+03 2.850075166145168168e+03 1.609690997332057805e+03
1.695965020753673102e-03 7.041384456799849431e+03 3.134078212510148205e+03 1.771468607697345533e+03
1.891046271984591709e-03 7.725986446452616292e+03 3.442235760636203850e+03 1.946917269265289633e+03
2.108567074807741158e-03 8.467060503710639750e+03 3.775610197718438940e+03 2.136585838441223586e+03
2.351108576680822643e-03 9.266416232805817344e+03 4.134938809773634603e+03 2.340922120316870405e+03
2.621548825923003187e-03 1.012478738196577979e+04 4.520598466759398434e+03 2.560098380106439890e+03
2.923096923239734257e-03 1.104232574463980745e+04 4.932621932889494019e+03 2.794143531170213919e+03
3.259331101584665453e-03 1.201746148096197248e+04 5.370453173851215070e+03 3.042816231399546723e+03
3.634241186222156913e-03 1.304711904436102304e+04 5.832671858997607160e+03 3.305312537704251554e+03
4.052275938830490927e-03 1.412714546833329223e+04 6.317423155378389310e+03 3.580599663256578424e+03
4.518395847440812539e-03 1.525070937309108194e+04 6.821776383596479718e+03 3.866976084769198678e+03
5.038131988628217865e-03 1.640879409165986726e+04 7.341618309864328694e+03 4.162154227778448330e+03
5.617651660426248826e-03 1.758990968052135941e+04 7.871741832936659193e+03 4.463276899461620815e+03
6.263831564778516575e-03 1.877932298158857884e+04 8.405693070408520725e+03 4.766483705691993237e+03
6.984339407925946493e-03 1.995921078094945551e+04 8.935399385545641053e+03 5.067282745180291386e+03
7.787724887016851671e-03 2.110812509216056787e+04 9.451367033604154130e+03 5.360245875609813993e+03
8.683521142606049834e-03 2.220168610718315176e+04 9.942195489371186341e+03 5.639156695091715847e+03
9.682357880899711625e-03 2.321040602359747572e+04 1.039501760810459382e+04 5.896505853936542735e+03
1.079608750807801998e-02 2.408045536811111742e+04 1.079092526878294848e+04 6.122633538096979464e+03
1.203792577343234388e-02 2.480120955686461457e+04 1.111869778914836388e+04 6.309880884290823815e+03
1.342260859021738965e-02 2.532305106403882382e+04 1.135805336399059888e+04 6.447202187313981995e+03
1.496656689508787767e-02 2.560325108785636985e+04 1.149363627919002283e+04 6.524805493114804449e+03
1.668812162103823840e-02 2.562510394089562396e+04 1.150712584302178584e+04 6.534984541600272678e+03
1.860770109743517184e-02 2.533715871122159660e+04 1.138109627179547533e+04 6.466902695115111783e+03
2.074808345685756270e-02 2.471643174417396585e+04 1.110548826107096829e+04 6.313810397868909604e+03
2.313466692519383291e-02 2.372464589115860144e+04 1.067442036693833325e+04 6.069193395697861888e+03
2.579577120231610690e-02 2.243302424610198068e+04 1.009651890062715029e+04 5.743914026425659358e+03
2.876297350957714855e-02 2.085331640857785533e+04 9.392240285019383009e+03 5.344911402311103302e+03
3.207148329174031032e-02 1.908205637085305352e+04 8.599739143293931193e+03 4.896471037791820891e+03
3.576056001963404812e-02 1.721649927606357232e+04 7.763769784848475865e+03 4.420179702677673049e+03
3.987397905126498221e-02 1.541675739739865458e+04 6.954479991070550568e+03 3.961375024603466045e+03
4.446055107939526907e-02 1.379111535420205473e+04 6.225551120242719662e+03 3.545538228012740547e+03
4.957470132945773766e-02 1.242475727845535039e+04 5.612408752455340618e+03 3.195646228170679024e+03
5.527711538069327024e-02 1.133926355145084199e+04 5.127391157642015969e+03 2.919294018288670941e+03
6.163545927395905344e-02 1.045191373627052599e+04 4.727090064095457819e+03 2.692225985386707180e+03
6.872518245115814828e-02 9.561050336386362687e+03 4.334403352342818835e+03 2.468674834377868137e+03
7.663041305413779980e-02 8.527388954150046629e+03 3.867046771516641002e+03 2.202116540870851622e+03
8.544495620686157200e-02 7.313192571338738162e+03 3.302319531435042336e+03 1.878911667139887641e+03
9.527340712667957401e-02 6.104191580761437763e+03 2.726746040882255784e+03 1.546815631111295943e+03
1.062323922731101822e-01 5.146423504760113246e+03 2.272587662057918351e+03 1.282826682144444476e+03
1.184519532618636822e-01 4.518231174165440279e+03 1.988517154097266030e+03 1.120414204952386626e+03
1.320770899659224340e-01 4.034631715875746067e+03 1.778493454510260790e+03 1.001640450381017672e+03
1.472694811144383831e-01 3.463275410294622816e+03 1.510886741172137818e+03 8.464199825656251051e+02
1.642094028064348954e-01 2.894997060180729477e+03 1.227505739887325490e+03 6.792444704379637415e+02
1.830978677048002712e-01 2.507241036505919510e+03 1.043788701008648786e+03 5.739715858551327301e+02
2.041590102946942431e-01 2.192899884730336453e+03 9.069849160104349721e+02 4.964596478133303776e+02
2.276427465103479653e-01 1.879849054706711058e+03 7.513905135774510882e+02 4.047412597753612999e+02
2.538277392899435103e-01 1.637046932744254718e+03 6.377795326063362609e+02 3.393343429499982449e+02
2.830247052484705095e-01 1.429209190809752272e+03 5.422866982985186723e+02 2.848988810816521777e+02
3.155801017062329072e-01 1.251126847302410170e+03 4.588789391440678855e+02 2.365577355376062769e+02
3.518802378240603601e-01 1.100649692412450577e+03 3.910386621107686551e+02 1.983031159035293456e+02
3.923558586288135031e-01 9.722391038786009858e+02 3.334996610718509942e+02 1.657715000285734845e+02
4.374872563241952172e-01 8.632159480226152937e+02 2.853697035287823951e+02 1.387907290339616679e+02
4.878099695387512202e-01 7.699136292612045054e+02 2.454693053791970669e+02 1.165315684338962967e+02
5.439211381395319123e-01 6.913916821381568525e+02 2.124511733598822047e+02 9.830301506569846026e+01
6.064865890189676811e-01 6.227435631676137291e+02 1.847616891817351359e+02 8.328616517312113388e+01
6.762487369363893164e-01 5.620444527248032500e+02 1.613874134850953510e+02 7.084990747377987930e+01
7.540353941672404137e-01 5.078557373515772611e+02 1.415791866235372822e+02 6.051487780515106607e+01
8.407695934971151086e-01 4.587691980930654836e+02 1.248315624370001728e+02 5.191414982842066195e+01
9.374805411223435803e-01 4.140683927272532401e+02 1.105059227250620211e+02 4.476199210891624602e+01
1.045315829426528564e+00 3.725145598653663228e+02 9.813584862885616644e+01 3.876588504193465923e+01
1.165555054552403824e+00 3.336509811461961021e+02 8.733461627660848592e+01 3.372223423640113538e+01
1.299625000357985227e+00 2.971011146808241392e+02 7.779936293702441219e+01 2.945200599962629795e+01
1.449116568932995452e+00 2.628603240939485772e+02 6.933489948601692276e+01 2.582225532941700408e+01
1.615803658576671964e+00 2.309364085957087696e+02 6.170724930583092060e+01 2.270961573294499658e+01
1.801664213246928048e+00 2.013312717786307928e+02 5.477029960611603343e+01 2.001278238498551332e+01
2.008903693258128342e+00 1.741263337983394592e+02 4.839450444360645776e+01 1.765738825225902531e+01
2.239981245735629400e+00 1.493986480898399236e+02 4.250115234191304836e+01 1.557434298028228525e+01
2.497638885371206374e+00 1.273923024668366821e+02 3.705192779266063496e+01 1.371944841364451406e+01
2.784934031744384253e+00 1.078265391326851841e+02 3.199730153903135133e+01 1.203826397009839688e+01
3.105275789304232426e+00 9.061887056524702189e+01 2.733330085842161594e+01 1.049600539103831665e+01
3.462465400517639402e+00 7.563421349329624377e+01 2.309652171042479907e+01 9.074124010823283015e+00
3.860741352209485999e+00 6.274707310090553847e+01 1.932831899549629284e+01 7.767197977413658805e+00
4.304829670336041580e+00 5.183427119630127322e+01 1.605806160211883338e+01 6.594220591589185609e+00
4.799999999999999822e+00 4.271009716630599939e+01 1.328960787226099249e+01 5.574134450467147062e+00
