1.000000000230258569e-04 9.898297316718256980e+02 4.440928105537980173e+02 2.478734844141368683e+02
1.115026695290953366e-04 1.096133310986652305e+03 4.918673890154277615e+02 2.745382766601576918e+02
1.243284530925187648e-04 1.213789250831043773e+03 5.447713571582648910e+02 3.040664901497307824e+02
1.386295441504667143e-04 1.344020157239705213e+03 6.033583794480675806e+02 3.367672796281684668e+02
1.545756424481938766e-04 1.488133815417107371e+03 6.682400061422808903e+02 3.729786996323086896e+02
1.723559677317991945e-04 1.647626168425264268e+03 7.400930471223026643e+02 4.130766365619488170e+02
1.921815050694108094e-04 1.824034184940186606e+03 8.196312150198607469e+02 4.574644664023918494e+02
2.142875084442451923e-04 2.019197334288492584e+03 9.077033007747536431e+02 5.066057647138162565e+02
2.389362923277018713e-04 2.235055067268929633e+03 1.005200092619921861e+03 5.610066637600193644e+02
2.664203443578849946e-04 2.473765491363244564e+03 1.113112606775328913e+03 6.212180838162699956e+02
2.970657960592480913e-04 2.737721039935757290e+03 1.232536616251103624e+03 6.878432789504062157e+02
3.312362927876497001e-04 3.029534798501612386e+03 1.364626180817308523e+03 7.615317369009641197e+02
3.693373088223966556e-04 3.352150780151674098e+03 1.510681941582058244e+03 8.430186288815325497e+02
4.118209588090659132e-04 3.708675032889657814e+03 1.672068320458364951e+03 9.330802731315152414e+02
4.591913626466918256e-04 4.102595966086265435e+03 1.850314174011554542e+03 1.032568584756108294e+03
5.120106274801957584e-04 4.537543982906938254e+03 2.046993646638863311e+03 1.142395042257032401e+03
5.709055177816341068e-04 5.017552048441927582e+03 2.263837323165516864e+03 1.263538675540724171e+03
6.365748926688486646e-04 5.546814926469781312e+03 2.502590241843472086e+03 1.397015822175996391e+03
7.097979987143026312e-04 6.129779760347585579e+03 2.765213371546586586e+03 1.543925114688704525e+03
7.914437166483044659e-04 6.771141844425304043e+03 3.053782624176903937e+03 1.705424086246372099e+03
8.824808716799498404e-04 7.475470646283626593e+03 3.370306403141046758e+03 1.882630856607070655e+03
9.839897297802024153e-04 8.247545672080355871e+03 3.716913100524333913e+03 2.076738049069105273e+03
1.097174816344422205e-03 9.092056128223093765e+03 4.095762741819597522e+03 2.288945662819472545e+03
1.223379209343287413e-03 1.001368846497669620e+04 4.508933259322140657e+03 2.520401013714042620e+03
1.364100476567608111e-03 1.101664285932455095e+04 4.958447658059554669e+03 2.772166945667105210e+03
1.521008446081769522e-03 1.210459161231199141e+04 5.445991067741307234e+03 3.045170353412581790e+03
1.695965020753673102e-03 1.328062310397678630e+04 5.973037325710927689e+03 3.340214068378587854e+03
1.891046271984591709e-03 1.454640950760443411e+04 6.540318448138224085e+03 3.657705610151148448e+03
2.108567074807741158e-03 1.590223282709583691e+04 7.148051883546905628e+03 3.997806510536560381e+03
2.351108576680822643e-03 1.734731599935876147e+04 7.796010957638261971e+03 4.360399281238438562e+03
2.621548825923003187e-03 1.887787331169271783e+04 8.482494993351543599e+03 4.744534990079137060e+03
2.923096923239734257e-03 2.048877151443547700e+04 9.205182994179063826e+03 5.148881111956176937e+03
3.259331101584665453e-03 2.217201219529695300e+04 9.960628398441442187e+03 5.571614593532018262e+03
3.634241186222156913e-03 2.391640907170729406e+04 1.074366826945150387e+04 6.009784070389519911e+03
4.052275938830490927e-03 2.570830522184141228e+04 1.154834626230914728e+04 6.460130696833269212e+03
4.518395847440812539e-03 2.752996712741563169e+04 1.236682330253178588e+04 6.918320181549712288e+03
5.038131988628217865e-03 2.936015165334521225e+04 1.318946158788818684e+04 7.378993157875867837e+03
5.617651660426248826e-03 3.117461672367943174e+04 1.400555718814500324e+04 7.836275183592349094e+03
6.263831564778516575e-03 3.294435205510810192e+04 1.480211777557269852e+04 8.282685523782660312e+03
6.984339407925946493e-03 3.463553331543556851e+04 1.556403764514457907e+04 8.709953330967180591e+03
7.787724887016851671e-03 3.621000274086064746e+04 1.627416017788006866e+04 9.108482796817717826e+03
8.683521142606049834e-03 3.762449716314017132e+04 1.691299061015271946e+04 9.467499333024472435e+03
9.682357880899711625e-03 3.883025978870603285e+04 1.745859437964782046e+04 9.774615982869709114e+03
1.079608750807801998e-02 3.972040331476549909e+04 1.787493844465920483e+04 1.001225160879742361e+04
1.203792577343234388e-02 4.031349015044517000e+04 1.815504825234708187e+04 1.017182360624823559e+04
1.342260859021738965e-02 4.052896242385802907e+04 1.826644131783843113e+04 1.023774201356676895e+04
1.496656689508787767e-02 4.030877966709144675e+04 1.818670329217515246e+04 1.020405273189852051e+04
1.668812162103823840e-02 3.965226436940172425e+04 1.790307588508331173e+04 1.005094434667358655e+04
1.860770109743517184e-02 3.850560495202330640e+04 1.739800731531467318e+04 9.772244177512493479e+03
2.074808345685756270e-02 3.687459391849779786e+04 1.666961005362975266e+04 9.365908831363680292e+03
2.313466692519383291e-02 3.470832009421780094e+04 1.571540496990970496e+04 8.839727949654836266e+03
2.579577120231610690e-02 3.217986954424017677e+04 1.457980635500165408e+04 8.201374780234731588e+03
2.876297350957714855e-02 2.933876279658702333e+04 1.330199532062937033e+04 7.491021227249616459e+03
3.207148329174031032e-02 2.635196070580002197e+04 1.195541444544338628e+04 6.737302714595353791e+03
3.576056001963404812e-02 2.339284581939635973e+04 1.061999963577892413e+04 5.982546086996831036e+03
3.987397905126498221e-02 2.069526114047683950e+04 9.398973126933206004e+03 5.296254073474854522e+03
4.446055107939526907e-02 1.838086018169369345e+04 8.348608982356399792e+03 4.707696831647859653e+03
4.957470132945773766e-02 1.650402023442106656e+04 7.504079234646958867e+03 4.230282685250521354e+03
5.527711538069327024e-02 1.503314482016659713e+04 6.841131508472031783e+03 3.858034034042114399e+03
6.163545927395905344e-02 1.375205213070291211e+04 6.264138074283678179e+03 3.535999648581769634e+03
6.872518245115814828e-02 1.237891725563918226e+04 5.645782091377954202e+03 3.182601097761420533e+03
7.663041305413779980e-02 1.078071717139284010e+04 4.902543537560795812e+03 2.761604452059601954e+03
8.544495620686157200e-02 9.060755950682236289e+03 4.080534557495523586e+03 2.288778186187703341e+03
9.527340712667957401e-02 7.552740739433796080e+03 3.347649084549559120e+03 1.865046408696137632e+03
1.062323922731101822e-01 6.473723767983972721e+03 2.840249396760892068e+03 1.576482280231942468e+03
1.184519532618636822e-01 5.728997947039278188e+03 2.517765454922804111e+03 1.396606018220163605e+03
1.320770899659224340e-01 5.031280683926819620e+03 2.201027675580290634e+03 1.216880418435571755e+03
1.472694811144383831e-01 4.255729928917070538e+03 1.814306393544789671e+03 9.896658538530260785e+02
1.642094028064348954e-01 3.615012463360656966e+03 1.497221504630755362e+03 8.047342537097484865e+02
1.830978677048002712e-01 3.159787431513243973e+03 1.296469666200863458e+03 6.949737566976289145e+02
2.041590102946942431e-01 2.738614845904422964e+03 1.098379568507587692e+03 5.806742551928455214e+02
2.276427465103479653e-01 2.367076949425156727e+03 9.167106245100868591e+02 4.749841363327759041e+02
2.538277392899435103e-01 2.077095303467665872e+03 7.856807002033083336e+02 4.022645925975098748e+02
2.830247052484705095e-01 1.816586603334485517e+03 6.641460935773939127e+02 3.327378410624728531e+02
3.155801017062329072e-01 1.601456650275686570e+03 5.674954894030419155e+02 2.788287313674734946e+02
3.518802378240603601e-01 1.413067696079892130e+03 4.840941785581226213e+02 2.323478271451380408e+02
3.923558586288135031e-01 1.255649736773031918e+03 4.156978958229178716e+02 1.947898498694624720e+02
4.374872563241952172e-01 1.120188191580281000e+03 3.580515958644229499e+02 1.634453570190416372e+02
4.878099695387512202e-01 1.002452615905558218e+03 3.097237033031476017e+02 1.375602263846566586e+02
5.439211381395319123e-01 9.025217745546906372e+02 2.697014306821208720e+02 1.164443067207423184e+02
6.064865890189676811e-01 8.139459045763911718e+02 2.359529780298609865e+02 9.904724107122591192e+01
6.762487369363893164e-01 7.345607441382138632e+02 2.072785279077359348e+02 8.461754245207730207e+01
7.540353941672404137e-01 6.626769214579786649e+02 1.827331814652782498e+02 7.259735860501771754e+01
8.407695934971151086e-01 5.966230590231070892e+02 1.617000666082484486e+02 6.263485729008856850e+01
9.374805411223435803e-01 5.357410976827484319e+02 1.434714051617641246e+02 5.428191620047426369e+01
1.045315829426528564e+00 4.786733256299694403e+02 1.274841509204743488e+02 4.725021689183434859e+01
1.165555054552403824e+00 4.250877505302696591e+02 1.132809589859760848e+02 4.129343692896257778e+01
1.299625000357985227e+00 3.747227880917423022e+02 1.005221486193728566e+02 3.623278100767227983e+01
1.449116568932995452e+00 3.277759773457959795e+02 8.900697339935925356e+01 3.186969812117756362e+01
1.615803658576671964e+00 2.844371751887360915e+02 7.849038821892052908e+01 2.807435108170290050e+01
1.801664213246928048e+00 2.447976702295139546e+02 6.885546527880055123e+01 2.477144836741423717e+01
2.008903693258128342e+00 2.089690156852877863e+02 5.996792422035383652e+01 2.182746915948974120e+01
2.239981245735629400e+00 1.770967786519934180e+02 5.179877465766602285e+01 1.918937098287158349e+01
2.497638885371206374e+00 1.492722683294664137e+02 4.433527468654277470e+01 1.680876516049878333e+01
2.784934031744384253e+00 1.249848577596658856e+02 3.756617884385474326e+01 1.461923370378018383e+01
3.105275789304232426e+00 1.039869481426819107e+02 3.150052037877597755e+01 1.259909363179650832e+01
3.462465400517639402e+00 8.597086764812578963e+01 2.615479508642700068e+01 1.074638507922014341e+01
3.860741352209485999e+00 7.065829101795952738e+01 2.153470055303055730e+01 9.066521173940991218e+00
4.304829670336041580e+00 5.786277339345060966e+01 1.761979268107054963e+01 7.593782141404168406e+00
4.799999999999999822e+00 4.732356375895613354e+01 1.436006040470415357e+01 6.334977610418239813e+00
