1.000000000230258569e-04 1.482588923768799418e+02 6.352720740489512963e+01 3.594944849122698116e+01
1.115026695290953366e-04 1.650810434921624505e+02 7.070282931841309448e+01 4.000322705436901316e+01
1.243284530925187648e-04 1.838399786031036740e+02 7.869370740992715696e+01 4.451403350618596733e+01
1.386295441504667143e-04 2.047661976564735653e+02 8.759505505652268198e+01 4.953556054378931606e+01
1.545756424481938766e-04 2.281245525976141550e+02 9.751474445736408825e+01 5.512541380655893164e+01
1.723559677317991945e-04 2.542018762535876704e+02 1.085687420637212028e+02 6.134958664235995229e+01
1.921815050694108094e-04 2.833340861402026576e+02 1.208928080531150329e+02 6.827911945456236253e+01
2.142875084442451923e-04 3.158782812794902952e+02 1.346320600044577418e+02 7.599299217019132868e+01
2.389362923277018713e-04 3.522412262473675355e+02 1.499539327283282546e+02 8.458382432506002147e+01
2.664203443578849946e-04 3.928554410763566125e+02 1.670399110320709610e+02 9.415049818804642712e+01
2.970657960592480913e-04 4.381847851922680661e+02 1.860913960585039604e+02 1.048005876504689979e+02
3.312362927876497001e-04 4.887316522470611631e+02 2.073251787803851869e+02 1.166585749655221633e+02
3.693373088223966556e-04 5.449962828324551083e+02 2.309863116418889604e+02 1.298554350651643858e+02
4.118209588090659132e-04 6.074927753305008764e+02 2.573238160466625573e+02 1.445448900048679093e+02
4.591913626466918256e-04 6.767583793747104437e+02 2.866001299384277559e+02 1.608816796624797405e+02
5.120106274801957584e-04 7.532917233419998411e+02 3.191050491607040271e+02 1.790464582982281172e+02
5.709055177816341068e-04 8.376238437137337769e+02 3.551365800058588320e+02 1.992148167134230050e+02
6.365748926688486646e-04 9.303130516440193105e+02 3.950102357552858052e+02 2.215919520643624594e+02
7.097979987143026312e-04 1.031959345887279142e+03 4.390390171273398323e+02 2.463804939587141121e+02
7.914437166483044659e-04 1.143266820632433109e+03 4.876034559355152851e+02 2.738030982539569322e+02
8.824808716799498404e-04 1.265112779461008131e+03 5.410933082022346525e+02 3.040940941593859748e+02
9.839897297802024153e-04 1.398529740938015948e+03 5.999565664358518688e+02 3.375298314251661509e+02
1.097174816344422205e-03 1.544632307140406510e+03 6.646637459363570315e+02 3.743724392891152206e+02
1.223379209343287413e-03 1.704856632908798019e+03 7.357656709304045535e+02 4.149157924597243436e+02
1.364100476567608111e-03 1.880713859460113326e+03 8.138604091523598072e+02 4.594826302888117766e+02
1.521008446081769522e-03 2.073866576305898434e+03 8.996020022347996701e+02 5.084348815785000966e+02
1.695965020753673102e-03 2.285962731161816919e+03 9.936615471425799342e+02 5.621430172280711304e+02
1.891046271984591709e-03 2.518776257659676048e+03 1.096739880804568202e+03 6.209929464557621941e+02
2.108567074807741158e-03 2.773926035460203821e+03 1.209545894643920747e+03 6.853700600637262141e+02
2.351108576680822643e-03 3.053114566172394007e+03 1.332778538962187440e+03 7.556628520386860828e+02
2.621548825923003187e-03 3.357613703216179601e+03 1.467035007388783470e+03 8.321826833155263330e+02
2.923096923239734257e-03 3.688829758109014620e+03 1.612836476650426903e+03 9.152603000555016024e+02
3.259331101584665453e-03 4.047643657048390651e+03 1.770660313378335104e+03 1.005186143329965830e+03
3.634241186222156913e-03 4.434519593183536017e+03 1.940653636209812930e+03 1.102068787793828960e+03
4.052275938830490927e-03 4.849838601781563739e+03 2.122978247122497123e+03 1.206000218004226781e+03
4.518395847440812539e-03 5.293227793169223332e+03 2.317612181135570609e+03 1.316891682594944314e+03
5.038131988628217865e-03 5.763601473740126494e+03 2.524000305083329749e+03 1.434499290901891982e+03
5.617651660426248826e-03 6.259152856707570209e+03 2.741371633829773600e+03 1.558351281783262493e+03
6.263831564778516575e-03 6.776871342709179771e+03 2.968468125784409949e+03 1.687719582345119079e+03
6.984339407925946493e-03 7.312733241148112938e+03 3.203597919911228018e+03 1.821598147707805538e+03
7.787724887016851671e-03 7.860933289754927500e+03 3.444233700453568417e+03 1.958564653673066005e+03
8.683521142606049834e-03 8.414358299692836226e+03 3.687188682344476547e+03 2.096888947868541436e+03
9.682357880899711625e-03 8.963595810320208329e+03 3.928487641867810453e+03 2.234199842537616405e+03
1.079608750807801998e-02 9.495317443790900143e+03 4.162663535927835255e+03 2.367233292402534971e+03
1.203792577343234388e-02 9.995151276617409167e+03 4.384136830129326881e+03 2.493752539914690715e+03
1.342260859021738965e-02 1.045000537159260784e+04 4.585020811247411075e+03 2.608338634314952287e+03
1.496656689508787767e-02 1.083763411876073587e+04 4.758069527325053059e+03 2.706496140546673814e+03
1.668812162103823840e-02 1.113975554411868688e+04 4.893648792722068720e+03 2.784480855914836866e+03
1.860770109743517184e-02 1.133939110343623724e+04 4.983560277712173956e+03 2.836876785654787909e+03
2.074808345685756270e-02 1.141106257834028838e+04 5.019962843180285745e+03 2.858283476923388207e+03
2.313466692519383291e-02 1.134667958843227279e+04 4.995607706499587039e+03 2.845094702541017341e+03
2.579577120231610690e-02 1.113404363694913991e+04 4.907427989055708167e+03 2.796010523840434871e+03
2.876297350957714855e-02 1.078346973169490593e+04 4.757396280625040163e+03 2.711241324628043913e+03
3.207148329174031032e-02 1.031219226121879365e+04 4.554623390266770912e+03 2.596647714738934155e+03
3.576056001963404812e-02 9.744255523060550331e+03 4.309112198808887115e+03 2.457436735820929698e+03
3.987397905126498221e-02 9.140998331807071736e+03 4.048751890436391477e+03 2.310222990522043801e+03
4.446055107939526907e-02 8.549117087339693171e+03 3.791925106771313949e+03 2.164222191190096964e+03
4.957470132945773766e-02 7.999177500616160614e+03 3.554648832582766772e+03 2.030496687847558860e+03
5.527711538069327024e-02 7.502155959530638938e+03 3.341099667216126363e+03 1.909088084014107380e+03
6.163545927395905344e-02 7.024540266429836265e+03 3.134588216861531237e+03 1.792609324639966644e+03
6.872518245115814828e-02 6.500605175485547989e+03 2.909549134217107621e+03 1.665698122795868358e+03
7.663041305413779980e-02 5.880164537620924420e+03 2.635983559081290878e+03 1.510012478755730399e+03
8.544495620686157200e-02 5.172096573091786013e+03 2.317627612218285321e+03 1.328293106476001185e+03
9.527340712667957401e-02 4.483229477501241490e+03 2.004372973794562085e+03 1.148359614338603023e+03
1.062323922731101822e-01 3.943908078918352658e+03 1.757942771731563880e+03 1.005705650302341724e+03
1.184519532618636822e-01 3.541648816130714295e+03 1.579577432845486101e+03 9.040343443598529802e+02
1.320770899659224340e-01 3.151517233003340152e+03 1.405544388187138566e+03 8.044159414102043684e+02
1.472694811144383831e-01 2.710930093395057156e+03 1.199454187765446932e+03 6.842826800750095799e+02
1.642094028064348954e-01 2.321295355795896739e+03 1.014450854770560795e+03 5.752798513855063902e+02
1.830978677048002712e-01 2.049546811701497973e+03 8.887345663947710364e+02 5.024348488737500702e+02
2.041590102946942431e-01 1.783336626904324248e+03 7.647353859573099726e+02 4.301432693162613532e+02
2.276427465103479653e-01 1.535114675646622800e+03 6.442633974874645446e+02 3.586574564592157230e+02
2.538277392899435103e-01 1.349858622977381401e+03 5.577415752992495754e+02 3.082063111621204143e+02
2.830247052484705095e-01 1.175021085186793698e+03 4.733693554045896690e+02 2.582853100199247933e+02
3.155801017062329072e-01 1.032801487660966586e+03 4.065410467611594640e+02 2.193132256724832416e+02
3.518802378240603601e-01 9.083924027635238190e+02 3.473595126748385269e+02 1.846281633228301189e+02
3.923558586288135031e-01 8.044926577162369767e+02 2.987345443948968864e+02 1.564627105502711117e+02
4.374872563241952172e-01 7.142588246569359853e+02 2.567391616155152292e+02 1.320066182576762799e+02
4.878099695387512202e-01 6.365628550812035655e+02 2.212808673315621775e+02 1.114394088613822476e+02
5.439211381395319123e-01 5.714867065058049320e+02 1.919061765612888735e+02 9.449604806737086449e+01
6.064865890189676811e-01 5.153153406353699211e+02 1.672660798578946242e+02 8.048267996639032162e+01
6.762487369363893164e-01 4.662441146360100674e+02 1.464516175401409441e+02 6.881894306370662662e+01
7.540353941672404137e-01 4.227238320114320231e+02 1.287569600284132321e+02 5.906219729935552465e+01
8.407695934971151086e-01 3.841566657944108556e+02 1.138356860005330731e+02 5.089522926407994419e+01
9.374805411223435803e-01 3.491617168953878263e+02 1.010622372638694060e+02 4.408252094923398090e+01
1.045315829426528564e+00 3.169728900535783396e+02 9.007601188613617182e+01 3.835169811382776572e+01
1.165555054552403824e+00 2.869599446728854559e+02 8.051783473147905568e+01 3.352872888111638616e+01
1.299625000357985227e+00 2.587453703457719030e+02 7.213278575302032891e+01 2.944066709093776524e+01
1.449116568932995452e+00 2.321432269571058669e+02 6.471237532730339126e+01 2.595893327610379231e+01
1.615803658576671964e+00 2.069244159208511178e+02 5.802321018964831723e+01 2.296410704806906011e+01
1.801664213246928048e+00 1.831208288449436452e+02 5.194021730867580544e+01 2.035813395133302350e+01
2.008903693258128342e+00 1.607984942990579498e+02 4.633875225198912773e+01 1.808276672471782476e+01
2.239981245735629400e+00 1.400211645489080183e+02 4.113913039380772574e+01 1.606579459338400895e+01
2.497638885371206374e+00 1.210524749495605761e+02 3.629968170321406262e+01 1.426519646342260650e+01
2.784934031744384253e+00 1.039065787283072808e+02 3.179224051486025004e+01 1.264349091317261653e+01
3.105275789304232426e+00 8.861305122885680419e+01 2.760833073272061355e+01 1.116424707882041467e+01
3.462465400517639402e+00 7.514742550631008555e+01 2.376227135165502702e+01 9.800082866264274273e+00
3.860741352209485999e+00 6.341526499854104060e+01 2.027876951403686689e+01 8.528152386686764785e+00
4.304829670336041580e+00 5.323919715430625388e+01 1.716620565948606369e+01 7.359229708912953249e+00
4.799999999999999822e+00 4.444935424914848454e+01 1.444350152855846581e+01 6.307669801730698467e+00
