1.000000000230258569e-04 6.260061165994617340e+02 2.844056580666414220e+02 1.563352761383429481e+02
1.115026695290953366e-04 6.958473006184970018e+02 3.164174615793434668e+02 1.739443184217447254e+02
1.243284530925187648e-04 7.733346834920653237e+02 3.520143075552225582e+02 1.935332249847569415e+02
1.386295441504667143e-04 8.592767505087344944e+02 3.915933346505299824e+02 2.153239012419435596e+02
1.545756424481938766e-04 9.545480227228105150e+02 4.355960668456924054e+02 2.395607632865640255e+02
1.723559677317991945e-04 1.060128146848803681e+03 4.845004807012556398e+02 2.665139917711788939e+02
1.921815050694108094e-04 1.177119383595271756e+03 5.388338634549548942e+02 2.964893389234873666e+02
2.142875084442451923e-04 1.306718480784474878e+03 5.991813981905658011e+02 3.298152283283681641e+02
2.389362923277018713e-04 1.450335058679360600e+03 6.661939243757342410e+02 3.668619966852656944e+02
2.664203443578849946e-04 1.609570028006684424e+03 7.406022596895637662e+02 4.080446485818113729e+02
2.970657960592480913e-04 1.786280476108557650e+03 8.232195653122009844e+02 4.538119059419078098e+02
3.312362927876497001e-04 1.982534816030798083e+03 9.149041322500883098e+02 5.046558154505288485e+02
3.693373088223966556e-04 2.200850144636677669e+03 1.016682214257216287e+03 5.611381002443906709e+02
4.118209588090659132e-04 2.444045212058893412e+03 1.129719097050928212e+03 6.238721966231827309e+02
4.591913626466918256e-04 2.715236063667306553e+03 1.255255351172189194e+03 6.935183329156052423e+02
5.120106274801957584e-04 3.017969182764326888e+03 1.394708527613117667e+03 7.708254419303557370e+02
5.709055177816341068e-04 3.356057413002879912e+03 1.549644462635427317e+03 8.565978146402794664e+02
6.365748926688486646e-04 3.733598811794293852e+03 1.721674080018947507e+03 9.516942695801529908e+02
7.097979987143026312e-04 4.154837462340292404e+03 1.912612309917011544e+03 1.057069885616849660e+03
7.914437166483044659e-04 4.624146704219179810e+03 2.124397093526852586e+03 1.173731026250537525e+03
8.824808716799498404e-04 5.145983113506688824e+03 2.358980395394885818e+03 1.302743512894310697e+03
9.839897297802024153e-04 5.724680375775777975e+03 2.618381695455657791e+03 1.445201856942704580e+03
1.097174816344422205e-03 6.364731583225932809e+03 2.904667950705317708e+03 1.602275824513097859e+03
1.223379209343287413e-03 7.070386849714815980e+03 3.219802447603075962e+03 1.775081112538396610e+03
1.364100476567608111e-03 7.845840377131976311e+03 3.565796861221655490e+03 1.964784431375467648e+03
1.521008446081769522e-03 8.694998938624745279e+03 3.944536896411544149e+03 2.172419266055956086e+03
1.695965020753673102e-03 9.621481992007915323e+03 4.357810846186826893e+03 2.398990395464997164e+03
1.891046271984591709e-03 1.062830344754610269e+04 4.806925277334144084e+03 2.645273226959512158e+03
2.108567074807741158e-03 1.171759435546560235e+04 5.293004505425250500e+03 2.911914649988470501e+03
2.351108576680822643e-03 1.289052179485195848e+04 5.816761089804892435e+03 3.199287011818454630e+03
2.621548825923003187e-03 1.414652168524432636e+04 6.377895053385397659e+03 3.507211848038048174e+03
2.923096923239734257e-03 1.548363455880312904e+04 6.975667638236312087e+03 3.835236228633948031e+03
3.259331101584665453e-03 1.689778027010564983e+04 7.608242327119794027e+03 4.182440658549777254e+03
3.634241186222156913e-03 1.838200934526705169e+04 8.272607667397433033e+03 4.547124578819762064e+03
4.052275938830490927e-03 1.992732164832337367e+04 8.964715943523156966e+03 4.927119572646563938e+03
4.518395847440812539e-03 2.152100997491798262e+04 9.678975583401484982e+03 5.319377326767230443e+03
5.038131988628217865e-03 2.314677078013239225e+04 1.040790423159888633e+04 5.719837712092761649e+03
5.617651660426248826e-03 2.478441417560908303e+04 1.114290522949844672e+04 6.123778436133863579e+03
6.263831564778516575e-03 2.641027122678415253e+04 1.187270739619550113e+04 6.525021244846523587e+03
6.984339407925946493e-03 2.799436855806159656e+04 1.258438192424996669e+04 6.916423786411777655e+03
7.787724887016851671e-03 2.950084030315163909e+04 1.326136549985928104e+04 7.289130527789539883e+03
8.683521142606049834e-03 3.088836999814651790e+04 1.388525396363501386e+04 7.632885092666932906e+03
9.682357880899711625e-03 3.210848663326569294e+04 1.443435786919747443e+04 7.935634264579773117e+03
1.079608750807801998e-02 3.306157967839058983e+04 1.487364605739819672e+04 8.179384173956043014e+03
1.203792577343234388e-02 3.375268848121989140e+04 1.519137656707293900e+04 8.357354250854927159e+03
1.342260859021738965e-02 3.409822986707299424e+04 1.535112481013728211e+04 8.448504006355558886e+03
1.496656689508787767e-02 3.401722063030955178e+04 1.532491788524301774e+04 8.434841644632859243e+03
1.668812162103823840e-02 3.344481786695899791e+04 1.508216558411046390e+04 8.305815773174450442e+03
1.860770109743517184e-02 3.237164402099096696e+04 1.461113298429702263e+04 8.051771434372964904e+03
2.074808345685756270e-02 3.077670354435788613e+04 1.390260523668481073e+04 7.666487221583663086e+03
2.313466692519383291e-02 2.869730958434036438e+04 1.297376866195637376e+04 7.157034278984368939e+03
2.579577120231610690e-02 2.617682266369478748e+04 1.184490758033001475e+04 6.539090419074169404e+03
2.876297350957714855e-02 2.339689841415839692e+04 1.059122092521582636e+04 5.848534192891622297e+03
3.207148329174031032e-02 2.050684000728156752e+04 9.287405455564694421e+03 5.131695588012245025e+03
3.576056001963404812e-02 1.774598096485977294e+04 8.039519071626151344e+03 4.439624213372369013e+03
3.987397905126498221e-02 1.533115950469512245e+04 6.951642512689458272e+03 3.840705767588475283e+03
4.446055107939526907e-02 1.345517498688668275e+04 6.096196032771372302e+03 3.367885959120819734e+03
4.957470132945773766e-02 1.207124140058325611e+04 5.484821545259457707e+03 3.032372797767804968e+03
5.527711538069327024e-02 1.116911495535874201e+04 5.086191398647840288e+03 2.814387953370587184e+03
6.163545927395905344e-02 1.039886876605906218e+04 4.757081383198556978e+03 2.638037593812669911e+03
6.872518245115814828e-02 9.492581359705613067e+03 4.353603402661381551e+03 2.417959053704648340e+03
7.663041305413779980e-02 8.173977233732678542e+03 3.743047254101766157e+03 2.077605065458919398e+03
8.544495620686157200e-02 6.609506449912566495e+03 2.996163664073877953e+03 1.657183688108892284e+03
9.527340712667957401e-02 5.273814478114474696e+03 2.351433255666065179e+03 1.291500707957554368e+03
1.062323922731101822e-01 4.516171036115158131e+03 1.996739581827033589e+03 1.092369356514189803e+03
1.184519532618636822e-01 4.136857073651150131e+03 1.847635680999508395e+03 1.017163336469337423e+03
1.320770899659224340e-01 3.666759663412879945e+03 1.640160082560494857e+03 9.041151973343852433e+02
1.472694811144383831e-01 2.980006712535091538e+03 1.288783629643427503e+03 6.996336538998726837e+02
1.642094028064348954e-01 2.479691290183016463e+03 1.041611214448709006e+03 5.566013600772370182e+02
1.830978677048002712e-01 2.203148598922655765e+03 9.362593084620842774e+02 5.044206862769260624e+02
2.041590102946942431e-01 1.883020685472523610e+03 7.775467457350450786e+02 4.129983227506659773e+02
2.276427465103479653e-01 1.589765792044837553e+03 6.335380437945858603e+02 3.292245100443668093e+02
2.538277392899435103e-01 1.396509879264659730e+03 5.517332645534809217e+02 2.867033103897296087e+02
2.830247052484705095e-01 1.198386685225799965e+03 4.543075669367118508e+02 2.295833574720235504e+02
3.155801017062329072e-01 1.048969242270293762e+03 3.887582349703002365e+02 1.949843239383401965e+02
3.518802378240603601e-01 9.140418348999019145e+02 3.264465217234628085e+02 1.599437992651805018e+02
3.923558586288135031e-01 8.054005355450557317e+02 2.779806178313144756e+02 1.339479433200590108e+02
4.374872563241952172e-01 7.131868930453299527e+02 2.373306633060263096e+02 1.118957826565048634e+02
4.878099695387512202e-01 6.325807259475666342e+02 2.029253128225678608e+02 9.326976611751938151e+01
5.439211381395319123e-01 5.634378368688865066e+02 1.742969026069504537e+02 7.802100626519360560e+01
6.064865890189676811e-01 5.041127365566001117e+02 1.505363973348269724e+02 6.563013922930613830e+01
6.762487369363893164e-01 4.525239043135982229e+02 1.306442535145814077e+02 5.547218210545389638e+01
7.540353941672404137e-01 4.065261855907184554e+02 1.137420885504117791e+02 4.702695904968806673e+01
8.407695934971151086e-01 3.661421539050990077e+02 9.954570463849999840e+01 4.003708214492660744e+01
9.374805411223435803e-01 3.291573781170047823e+02 8.737780635893072656e+01 3.422209556569973898e+01
1.045315829426528564e+00 2.952956194177252769e+02 7.692246521765490286e+01 2.936522933079533715e+01
1.165555054552403824e+00 2.638542477858358666e+02 6.782557816015076924e+01 2.529283166822250450e+01
1.299625000357985227e+00 2.345671648223033117e+02 5.984995949430487627e+01 2.186104266000318930e+01
1.449116568932995452e+00 2.072683069918393244e+02 5.281346802739731316e+01 1.895172859022665435e+01
1.615803658576671964e+00 1.816951176720718593e+02 4.651474944992938987e+01 1.646237593769038909e+01
1.801664213246928048e+00 1.579892185823518673e+02 4.084778674142624055e+01 1.431770077770252847e+01
2.008903693258128342e+00 1.361410301750640599e+02 3.570815615641978980e+01 1.246580404485827387e+01
2.239981245735629400e+00 1.163794452180117389e+02 3.104350156361965318e+01 1.085593524886663452e+01
2.497638885371206374e+00 9.867835118608657297e+01 2.679041408351021758e+01 9.446144089275660960e+00
2.784934031744384253e+00 8.303236478681701271e+01 2.292613389746900765e+01 8.210868269173333900e+00
3.105275789304232426e+00 6.940771513218301436e+01 1.943715107616044691e+01 7.121277870331480742e+00
3.462465400517639402e+00 5.770852686051093627e+01 1.632960389530222756e+01 6.150965447964676258e+00
3.860741352209485999e+00 4.777776824176592640e+01 1.360424827720383867e+01 5.275795446561891033e+00
4.304829670336041580e+00 3.937013401044502103e+01 1.125578409798278834e+01 4.490904160446196336e+00
4.799999999999999822e+00 3.229860974740483925e+01 9.273980610052804607e+00 3.797840816049125046e+00
