1.000000000230258569e-04 5.670072474728638099e+02 2.522233293308623274e+02 1.398289865044367843e+02
1.115026695290953366e-04 6.273261720939004817e+02 2.791249710049987698e+02 1.547488023691762464e+02
1.243284530925187648e-04 6.940161216119471419e+02 3.088875902227647430e+02 1.712582500864196788e+02
1.386295441504667143e-04 7.677372348570955864e+02 3.418124595643868702e+02 1.895260471088621728e+02
1.545756424481938766e-04 8.492124901577071796e+02 3.782350745533016152e+02 2.097365371722748080e+02
1.723559677317991945e-04 9.392557498843942767e+02 4.185243203741546836e+02 2.320988721196277709e+02
1.921815050694108094e-04 1.038724083179727813e+03 4.630693400596353513e+02 2.568343584016969885e+02
2.142875084442451923e-04 1.148618211478689773e+03 5.123293492076629718e+02 2.841949540427216334e+02
2.389362923277018713e-04 1.270013180031240381e+03 5.667883577648651681e+02 3.144555314441479936e+02
2.664203443578849946e-04 1.404104147166872963e+03 6.269837175002713821e+02 3.479180393179503312e+02
2.970657960592480913e-04 1.552248163377716764e+03 6.935221130882790703e+02 3.849149188366403109e+02
3.312362927876497001e-04 1.715933094801097695e+03 7.670393509312647211e+02 4.258080356008021568e+02
3.693373088223966556e-04 1.896837214433737472e+03 8.482628847708989497e+02 4.709989570900780222e+02
4.118209588090659132e-04 2.096827486039988344e+03 9.379891239550265709e+02 5.209219816480341478e+02
4.591913626466918256e-04 2.317952404585505974e+03 1.037090126435503407e+03 5.760573240428719828e+02
5.120106274801957584e-04 2.562462060170493260e+03 1.146512784493524123e+03 6.369248287314296704e+02
5.709055177816341068e-04 2.832787232394622151e+03 1.267294101338778773e+03 7.040809021383661275e+02
6.365748926688486646e-04 3.131528348927248771e+03 1.400501206894313555e+03 7.781233512801674124e+02
7.097979987143026312e-04 3.461435509014228501e+03 1.547329345786578870e+03 8.596994372907764728e+02
7.914437166483044659e-04 3.825398819219364213e+03 1.709041372843611953e+03 9.494908774211921809e+02
8.824808716799498404e-04 4.226337367070501386e+03 1.886906099693714395e+03 1.048195984494385357e+03
9.839897297802024153e-04 4.667244551687464991e+03 2.082261592676863529e+03 1.156551831171186905e+03
1.097174816344422205e-03 5.151146097461730278e+03 2.296471044299776622e+03 1.275311085847455843e+03
1.223379209343287413e-03 5.681013910429000134e+03 2.530845588161926116e+03 1.405225835262878263e+03
1.364100476567608111e-03 6.259763498934426934e+03 2.786727169842588864e+03 1.547033339321041922e+03
1.521008446081769522e-03 6.890059138496003470e+03 3.065339006640880143e+03 1.701410947035127947e+03
1.695965020753673102e-03 7.574289361128261589e+03 3.367786909514317358e+03 1.868969729490915370e+03
1.891046271984591709e-03 8.314484891181431522e+03 3.694953134808255072e+03 2.050214613771639051e+03
2.108567074807741158e-03 9.111900148160950266e+03 4.047438268693268128e+03 2.245494006216662001e+03
2.351108576680822643e-03 9.967149665637518410e+03 4.425593044811659638e+03 2.455013546112407312e+03
2.621548825923003187e-03 1.087968605750458846e+04 4.829160382556389777e+03 2.678615434784523586e+03
2.923096923239734257e-03 1.184796107252322690e+04 5.257502320286881513e+03 2.915922043600041434e+03
3.259331101584665453e-03 1.286912706639524731e+04 5.709373472099378887e+03 3.166268795264053551e+03
3.634241186222156913e-03 1.393844284589272684e+04 6.182697375730122985e+03 3.428501967900511318e+03
4.052275938830490927e-03 1.504958336878584487e+04 6.674757815217133611e+03 3.701126453302287246e+03
4.518395847440812539e-03 1.619411842696138410e+04 7.181805963205055377e+03 3.982120113880785539e+03
5.038131988628217865e-03 1.736136528135957633e+04 7.699054708494641091e+03 4.268834742218751671e+03
5.617651660426248826e-03 1.853800491371074531e+04 8.220760204099859038e+03 4.558123012438736623e+03
6.263831564778516575e-03 1.970818992557474485e+04 8.739790354784945521e+03 4.845977584986100737e+03
6.984339407925946493e-03 2.085259693070217691e+04 9.247641904334544961e+03 5.127788773332970777e+03
7.787724887016851671e-03 2.194790659236027204e+04 9.733931445629101290e+03 5.397803588644250340e+03
8.683521142606049834e-03 2.296744862638857012e+04 1.018682000002233690e+04 5.649539694662918009e+03
9.682357880899711625e-03 2.388003094069036524e+04 1.059245953760656630e+04 5.875217175553606467e+03
1.079608750807801998e-02 2.462687242087153209e+04 1.093008122045146774e+04 6.063206029354622842e+03
1.203792577343234388e-02 2.520252742088116793e+04 1.119034257947305014e+04 6.210875685599451572e+03
1.342260859021738965e-02 2.555785904328844845e+04 1.135299153510916040e+04 6.303541391911891878e+03
1.496656689508787767e-02 2.564306983981820304e+04 1.139859189981456075e+04 6.329925948131071891e+03
1.668812162103823840e-02 2.542351620510441717e+04 1.130903806682156210e+04 6.282666452760831817e+03
1.860770109743517184e-02 2.488075255680941700e+04 1.107530824708006185e+04 6.156926999891359628e+03
2.074808345685756270e-02 2.399940575480938423e+04 1.068940179169595467e+04 5.945381221680947419e+03
2.313466692519383291e-02 2.277763953541818046e+04 1.015717878481689877e+04 5.652193911758391550e+03
2.579577120231610690e-02 2.124954891912799576e+04 9.482392290552330451e+03 5.279893138552818527e+03
2.876297350957714855e-02 1.949175427635616143e+04 8.704636190467836059e+03 4.847929592220328232e+03
3.207148329174031032e-02 1.759771812306213178e+04 7.865048769445234029e+03 4.382818346643743098e+03
3.576056001963404812e-02 1.568821118737622783e+04 7.018743695093311544e+03 3.909281000324755496e+03
3.987397905126498221e-02 1.392086152976222911e+04 6.234897425634549109e+03 3.474637515772121787e+03
4.446055107939526907e-02 1.242155045829951632e+04 5.564299041656215195e+03 3.101198824276023061e+03
4.957470132945773766e-02 1.119487180084792817e+04 5.024689323757976126e+03 2.800504389316758079e+03
5.527711538069327024e-02 1.026455265738635171e+04 4.613008173606615856e+03 2.571667629680500340e+03
6.163545927395905344e-02 9.455272376914001143e+03 4.256815008963921173e+03 2.375636340235278567e+03
6.872518245115814828e-02 8.596229202250346134e+03 3.877100549235704420e+03 2.167012170808434348e+03
7.663041305413779980e-02 7.523337299416947644e+03 3.390269883278930592e+03 1.894250281370168977e+03
8.544495620686157200e-02 6.295850693599283659e+03 2.819973197955507658e+03 1.573031290141894715e+03
9.527340712667957401e-02 5.182749037678972854e+03 2.295763632116846111e+03 1.275309589024763227e+03
1.062323922731101822e-01 4.421119490122238858e+03 1.941900045957190969e+03 1.074263648253818928e+03
1.184519532618636822e-01 3.949740046263207660e+03 1.737943976944846554e+03 9.635656127151967212e+02
1.320770899659224340e-01 3.493288215005393340e+03 1.536078720438731352e+03 8.520250345597191881e+02
1.472694811144383831e-01 2.919220999733060580e+03 1.256965418968101403e+03 6.915028129707754943e+02
1.642094028064348954e-01 2.435494787159825137e+03 1.021962435513527453e+03 5.547449540541314263e+02
1.830978677048002712e-01 2.131304887691191198e+03 8.908392906944335436e+02 4.828098442165363053e+02
2.041590102946942431e-01 1.838244607054339667e+03 7.544201121264361518e+02 4.058255707191896136e+02
2.276427465103479653e-01 1.556976839377773786e+03 6.174659162217025141e+02 3.257525890215459299e+02
2.538277392899435103e-01 1.359219005526278579e+03 5.304678414980044181e+02 2.778512387454886721e+02
2.830247052484705095e-01 1.171594472553508695e+03 4.416028918275027308e+02 2.267794028198559886e+02
3.155801017062329072e-01 1.022382734566855788e+03 3.749200933438846164e+02 1.899585047482955531e+02
3.518802378240603601e-01 8.916542035367444896e+02 3.156952631856379412e+02 1.569030204158907793e+02
3.923558586288135031e-01 7.852151052007482122e+02 2.686037110005518116e+02 1.312591641863305369e+02
4.374872563241952172e-01 6.927350649845267299e+02 2.282368601390384697e+02 1.091003659475206717e+02
4.878099695387512202e-01 6.136595050167871932e+02 1.947075792643774150e+02 9.077688048572632340e+01
5.439211381395319123e-01 5.470872348592085928e+02 1.671008448061325282e+02 7.584163066062669145e+01
6.064865890189676811e-01 4.895681764606373463e+02 1.440999409257302659e+02 6.366867231647012204e+01
6.762487369363893164e-01 4.393138172103444958e+02 1.248045224670950830e+02 5.368803734926179771e+01
7.540353941672404137e-01 3.948040101998245177e+02 1.085094850167833869e+02 4.542557023228481938e+01
8.407695934971151086e-01 3.555442244666328406e+02 9.484939928316646274e+01 3.860669580898348840e+01
9.374805411223435803e-01 3.198671388015634420e+02 8.319831655169309670e+01 3.294270736405059807e+01
1.045315829426528564e+00 2.872098739593539563e+02 7.321350101398327581e+01 2.822255854519747231e+01
1.165555054552403824e+00 2.569458320056768912e+02 6.456998764503782695e+01 2.427578175407410654e+01
1.299625000357985227e+00 2.287597600112306964e+02 5.702115595026336337e+01 2.095970045322453146e+01
1.449116568932995452e+00 2.024998284634451977e+02 5.038803682379043636e+01 1.815361161295282955e+01
1.615803658576671964e+00 1.779524536330090427e+02 4.447177874676609832e+01 1.575412022913035059e+01
1.801664213246928048e+00 1.551675510627265453e+02 3.915729435295305194e+01 1.368964115999861875e+01
2.008903693258128342e+00 1.341718248931172184e+02 3.434698744491815603e+01 1.190931741182372328e+01
2.239981245735629400e+00 1.150852090305250499e+02 2.997868833885643269e+01 1.036600057604517211e+01
2.497638885371206374e+00 9.797151334408714263e+01 2.599766862722000482e+01 9.019692082150829293e+00
2.784934031744384253e+00 8.277914935431617494e+01 2.237189026460019647e+01 7.848357251213725405e+00
3.105275789304232426e+00 6.946669296226605184e+01 1.908263505284284989e+01 6.823809198638388196e+00
3.462465400517639402e+00 5.795550846017963664e+01 1.613317206777380619e+01 5.916158852684904268e+00
3.860741352209485999e+00 4.810927323188580118e+01 1.352458620904305953e+01 5.098239442070869210e+00
4.304829670336041580e+00 3.974250607449047834e+01 1.125538310810756926e+01 4.358319590732635085e+00
4.799999999999999822e+00 3.268403363384008742e+01 9.320539280533395754e+00 3.695778560878654861e+00
