1.000000000230258569e-04 7.874552574126613536e+02 3.586806581479959846e+02 2.042124632671471716e+02
1.115026695290953366e-04 8.716636164412390144e+02 3.969044388828311298e+02 2.259616659889801156e+02
1.243284530925187648e-04 9.649588178446408619e+02 4.392059509030881941e+02 2.500244922906664726e+02
1.386295441504667143e-04 1.068324178108633532e+03 4.860184334184656336e+02 2.766454257692910801e+02
1.545756424481938766e-04 1.182866357564834743e+03 5.378267080271016312e+02 3.060973099655465148e+02
1.723559677317991945e-04 1.309827250050164821e+03 5.951642678390561514e+02 3.386800084099224932e+02
1.921815050694108094e-04 1.450558991915185061e+03 6.586142616301957560e+02 3.747230639015438101e+02
2.142875084442451923e-04 1.606563252722076868e+03 7.288396782309855553e+02 4.145916227798381897e+02
2.389362923277018713e-04 1.779430954243331371e+03 8.065426751574135551e+02 4.586886440516482253e+02
2.664203443578849946e-04 1.970942386987455393e+03 8.925126717379913543e+02 5.074514366656941888e+02
2.970657960592480913e-04 2.182967866705864253e+03 9.876018004860419524e+02 5.613597252782051328e+02
3.312362927876497001e-04 2.417528589081253813e+03 1.092733402244976560e+03 6.209399092279795696e+02
3.693373088223966556e-04 2.676754470527923331e+03 1.208930770381324237e+03 6.867712489633091764e+02
4.118209588090659132e-04 2.962734339134039146e+03 1.337245133846272665e+03 7.594653808310329168e+02
4.591913626466918256e-04 3.277748518243594845e+03 1.478819242823708464e+03 8.396931959584031802e+02
5.120106274801957584e-04 3.624105434068026170e+03 1.634885603881112047e+03 9.281869500331351901e+02
5.709055177816341068e-04 4.004232975990176328e+03 1.806738354851219128e+03 1.025711346834473261e+03
6.365748926688486646e-04 4.420659431665108968e+03 1.995732736768705763e+03 1.133068047032062168e+03
7.097979987143026312e-04 4.876101843726957668e+03 2.203272429105388710e+03 1.251114585868228460e+03
7.914437166483044659e-04 5.373553917403444757e+03 2.430929706272690055e+03 1.380773398350575462e+03
8.824808716799498404e-04 5.916314313871957893e+03 2.680273114100315070e+03 1.522959412853391314e+03
9.839897297802024153e-04 6.508048167331520744e+03 2.953012413302818459e+03 1.678626329955841356e+03
1.097174816344422205e-03 7.152542116826190068e+03 3.250822078078576396e+03 1.848758073850863184e+03
1.223379209343287413e-03 7.854033967566540923e+03 3.575476745193428997e+03 2.034369014051222393e+03
1.364100476567608111e-03 8.616680570501846887e+03 3.928763184901272780e+03 2.236330239210996751e+03
1.521008446081769522e-03 9.444189734065912489e+03 4.312206019137973271e+03 2.455574129316920789e+03
1.695965020753673102e-03 1.034018370290791972e+04 4.727281255095607776e+03 2.692878598267987854e+03
1.891046271984591709e-03 1.130785635070101125e+04 5.175242962740928306e+03 2.948896920306036463e+03
2.108567074807741158e-03 1.234927229487375553e+04 5.656932805354308584e+03 3.224096378662371080e+03
2.351108576680822643e-03 1.346517031694438811e+04 6.172683403286677276e+03 3.518715050088865155e+03
2.621548825923003187e-03 1.465502112520404262e+04 6.722220430466401922e+03 3.832627561993015661e+03
2.923096923239734257e-03 1.591686255428949880e+04 7.304662188722147221e+03 4.165248901737330016e+03
3.259331101584665453e-03 1.724675398425359890e+04 7.918348579225783396e+03 4.515733200582805694e+03
3.634241186222156913e-03 1.863807005374094661e+04 8.560278000166375932e+03 4.882317079929531246e+03
4.052275938830490927e-03 2.008295456513002864e+04 9.226838681304787315e+03 5.263010773094826618e+03
4.518395847440812539e-03 2.156971823937892259e+04 9.913030791019429671e+03 5.654970439234019068e+03
5.038131988628217865e-03 2.308405323749818490e+04 1.061205104213551385e+04 6.054320880963371565e+03
5.617651660426248826e-03 2.460794815225036655e+04 1.131575206121707197e+04 6.456589074108862405e+03
6.263831564778516575e-03 2.611978865324586150e+04 1.201421924151089115e+04 6.855867282045156571e+03
6.984339407925946493e-03 2.759374024189717966e+04 1.269552080883296367e+04 7.245449331082931167e+03
7.787724887016851671e-03 2.899930047966844722e+04 1.334557793882561600e+04 7.617202229975367118e+03
8.683521142606049834e-03 3.030137545029277680e+04 1.394778455859601308e+04 7.961981300071368423e+03
9.682357880899711625e-03 3.145940317277056238e+04 1.448381116177808144e+04 8.269137302041906878e+03
1.079608750807801998e-02 3.238937354523927934e+04 1.492442897361553150e+04 8.524326835500802190e+03
1.203792577343234388e-02 3.309519825134125131e+04 1.525891210482047427e+04 8.718349925414919198e+03
1.342260859021738965e-02 3.351824059871950158e+04 1.546058718495325229e+04 8.836150124832767688e+03
1.496656689508787767e-02 3.359109634271776304e+04 1.550298322493496926e+04 8.864731441719515715e+03
1.668812162103823840e-02 3.325861259932617395e+04 1.536811681824346124e+04 8.791103889616661036e+03
1.860770109743517184e-02 3.251318446009201944e+04 1.503811846742527632e+04 8.605576468102510262e+03
2.074808345685756270e-02 3.132871892104874132e+04 1.450446961030587590e+04 8.302815620901395960e+03
2.313466692519383291e-02 2.970450224464475468e+04 1.376453853995222380e+04 7.883519191822285393e+03
2.579577120231610690e-02 2.767910704368542065e+04 1.284100344420680267e+04 7.356612190652675054e+03
2.876297350957714855e-02 2.535984256242193442e+04 1.177097960250503093e+04 6.746100834927886353e+03
3.207148329174031032e-02 2.285488423214792783e+04 1.061883650455805764e+04 6.087191867427281977e+03
3.576056001963404812e-02 2.032310919284089323e+04 9.448543449552778839e+03 5.416075466484077879e+03
3.987397905126498221e-02 1.796211713587330814e+04 8.363670343143934588e+03 4.794238333934059483e+03
4.446055107939526907e-02 1.596332509727360048e+04 7.424971025059202475e+03 4.257009795688996746e+03
4.957470132945773766e-02 1.430502287504537162e+04 6.669375942875509281e+03 3.821517828483156791e+03
5.527711538069327024e-02 1.306624851339293855e+04 6.091088848708810474e+03 3.492395254359976207e+03
6.163545927395905344e-02 1.200286272273907525e+04 5.613949526741479531e+03 3.219393975266959842e+03
6.872518245115814828e-02 1.093386400804966433e+04 5.116872166692877727e+03 2.935163635930309738e+03
7.663041305413779980e-02 9.623973061494818467e+03 4.497447664167628318e+03 2.578088182506670819e+03
8.544495620686157200e-02 8.104106530863940861e+03 3.762982394035740072e+03 2.150760721784851739e+03
9.527340712667957401e-02 6.681681931404321404e+03 3.062218159561880384e+03 1.740252027175608646e+03
1.062323922731101822e-01 5.658039637695785132e+03 2.560947411471551277e+03 1.447851750303383596e+03
1.184519532618636822e-01 5.015306339731075241e+03 2.268927141710385513e+03 1.282586071504797246e+03
1.320770899659224340e-01 4.471147222539472750e+03 2.018836119078787306e+03 1.141088704076953263e+03
1.472694811144383831e-01 3.796287919329209217e+03 1.679107886832652184e+03 9.392783306861081201e+02
1.642094028064348954e-01 3.173973722589435511e+03 1.360021694329813499e+03 7.492861609493659216e+02
1.830978677048002712e-01 2.760478747785574797e+03 1.172691454342660109e+03 6.442827453028306763e+02
2.041590102946942431e-01 2.418891766354895481e+03 1.009008801189747828e+03 5.500538943756871504e+02
2.276427465103479653e-01 2.065918114883926137e+03 8.312619975853257301e+02 4.436809117101922766e+02
2.538277392899435103e-01 1.807892103052745597e+03 7.114615619628197010e+02 3.761925068956726932e+02
2.830247052484705095e-01 1.579717511563226935e+03 6.020887722813683922e+02 3.123389221082843505e+02
3.155801017062329072e-01 1.386072865530092713e+03 5.112428960538667297e+02 2.604954484709008966e+02
3.518802378240603601e-01 1.223385999999181877e+03 4.361760279066981525e+02 2.176848449630689686e+02
3.923558586288135031e-01 1.086104650735788482e+03 3.733758107343949746e+02 1.824026142878489054e+02
4.374872563241952172e-01 9.665991499247916181e+02 3.203998157086923015e+02 1.527379427315789826e+02
4.878099695387512202e-01 8.648323210314968037e+02 2.764691888754169895e+02 1.284286975539318973e+02
5.439211381395319123e-01 7.778024756463429412e+02 2.400212689423993595e+02 1.085073616503344880e+02
6.064865890189676811e-01 7.010212900861064327e+02 2.093938045629759586e+02 9.207374328146531184e+01
6.762487369363893164e-01 6.327646581426050716e+02 1.834865319498433109e+02 7.845874891139403928e+01
7.540353941672404137e-01 5.712647341442547031e+02 1.614427013631269858e+02 6.713409335386170085e+01
8.407695934971151086e-01 5.161116367437178951e+02 1.427228801543259351e+02 5.774026707370931888e+01
9.374805411223435803e-01 4.649694479020863582e+02 1.265658381054765869e+02 4.988404991276352973e+01
1.045315829426528564e+00 4.173094307662934170e+02 1.124955459089429723e+02 4.328105083457855073e+01
1.165555054552403824e+00 3.725629381649852689e+02 1.000848029294520671e+02 3.770199269889055671e+01
1.299625000357985227e+00 3.304830552515011846e+02 8.902763580612766248e+01 3.295828254137977353e+01
1.449116568932995452e+00 2.911354269833366288e+02 7.910893955609932959e+01 2.890525313010764563e+01
1.615803658576671964e+00 2.544494897872784520e+02 7.008435205362636111e+01 2.540341618061493989e+01
1.801664213246928048e+00 2.206038284008776884e+02 6.182998388366240761e+01 2.235227194892271285e+01
2.008903693258128342e+00 1.897419003555777977e+02 5.422953028509918028e+01 1.966985498457142256e+01
2.239981245735629400e+00 1.620707059845269100e+02 4.723205215161109294e+01 1.729207664369189601e+01
2.497638885371206374e+00 1.376006499884462073e+02 4.081678370361090913e+01 1.516973079093928511e+01
2.784934031744384253e+00 1.160412392667306563e+02 3.496316841686181931e+01 1.324850024708760543e+01
3.105275789304232426e+00 9.722784884581800213e+01 2.967121559935457142e+01 1.149422571733999376e+01
3.462465400517639402e+00 8.101557145268866122e+01 2.495410245232875113e+01 9.890487056303392421e+00
3.860741352209485999e+00 6.716289854366868894e+01 2.081981249622311836e+01 8.432544416969161460e+00
4.304829670336041580e+00 5.545368962701917326e+01 1.725113466322241962e+01 7.130869450359631934e+00
4.799999999999999822e+00 4.565904301679199762e+01 1.422202611775921710e+01 6.001208602295106331e+00
