1.000000000230258569e-04 8.510155467930975419e+02 4.091336604652451570e+02 2.350430696246659465e+02
1.115026695290953366e-04 9.464693271748478764e+02 4.549820991935181951e+02 2.613814144484929329e+02
1.243284530925187648e-04 1.052647818538593810e+03 5.059624145205249874e+02 2.906648432637949782e+02
1.386295441504667143e-04 1.170731945470820847e+03 5.626427893340063520e+02 3.232204441613033055e+02
1.545756424481938766e-04 1.302075301250721850e+03 6.256588195407111925e+02 3.594125281921565715e+02
1.723559677317991945e-04 1.448153348273210213e+03 6.957086840685733478e+02 3.996422291258588757e+02
1.921815050694108094e-04 1.610606313004682988e+03 7.735523583679514559e+02 4.443528944671809882e+02
2.142875084442451923e-04 1.791291489465704217e+03 8.600673551619590853e+02 4.940389324987083910e+02
2.389362923277018713e-04 1.992198477477364122e+03 9.561929322315766058e+02 5.492439547416059895e+02
2.664203443578849946e-04 2.215572294001001865e+03 1.062986190742453800e+03 6.105741537224917010e+02
2.970657960592480913e-04 2.463872322102754424e+03 1.181617147875832188e+03 6.786913532275367515e+02
3.312362927876497001e-04 2.739765491363076308e+03 1.313338998828958211e+03 7.543330312262901316e+02
3.693373088223966556e-04 3.046175689542462806e+03 1.459569183215877274e+03 8.383053167300832911e+02
4.118209588090659132e-04 3.386294505386416859e+03 1.621834734950527036e+03 9.314861950570956424e+02
4.591913626466918256e-04 3.763551331937936538e+03 1.801838160839496823e+03 1.034854626687381597e+03
5.120106274801957584e-04 4.181643843747709070e+03 2.001426890397496436e+03 1.149473653040315867e+03
5.709055177816341068e-04 4.644623221884412487e+03 2.222637957050460500e+03 1.276519441615961341e+03
6.365748926688486646e-04 5.156587237930053561e+03 2.467523054993055666e+03 1.417175551517809936e+03
7.097979987143026312e-04 5.722203980882269207e+03 2.738472406644759303e+03 1.572800898120160582e+03
7.914437166483044659e-04 6.346456546572631851e+03 3.037949071354022180e+03 1.744811682406811997e+03
8.824808716799498404e-04 7.034548888637673372e+03 3.368616732682273323e+03 1.934715380893949032e+03
9.839897297802024153e-04 7.791880131452143360e+03 3.733026523501828251e+03 2.143969425266679991e+03
1.097174816344422205e-03 8.624140339709942054e+03 4.133921619128781458e+03 2.374165467549589266e+03
1.223379209343287413e-03 9.536797317982673121e+03 4.573946251908669183e+03 2.626833214385585507e+03
1.364100476567608111e-03 1.053571403453228231e+04 5.055737445114547882e+03 2.903484718647312093e+03
1.521008446081769522e-03 1.162594959117713734e+04 5.581641170607654203e+03 3.205409001430141416e+03
1.695965020753673102e-03 1.281212556482108994e+04 6.153724612388613423e+03 3.533882248575222093e+03
1.891046271984591709e-03 1.409730616060739521e+04 6.773368743119188366e+03 3.889614902808811166e+03
2.108567074807741158e-03 1.548387363949497740e+04 7.441621197378990473e+03 4.273261641498306744e+03
2.351108576680822643e-03 1.697184266092364851e+04 8.158446235635490666e+03 4.684852910723975583e+03
2.621548825923003187e-03 1.855898674241051776e+04 8.922777797994369394e+03 5.123731096799075203e+03
2.923096923239734257e-03 2.024095535048987585e+04 9.732533317519657430e+03 5.588678872196335760e+03
3.259331101584665453e-03 2.201025978577012211e+04 1.058407722962101434e+04 6.077703944759895421e+03
3.634241186222156913e-03 2.385533515323167376e+04 1.147228649030993074e+04 6.587791763120823816e+03
4.052275938830490927e-03 2.576138752396927885e+04 1.238992568547198425e+04 7.114948207054279010e+03
4.518395847440812539e-03 2.771073058035314170e+04 1.332870251996211118e+04 7.654375903076413124e+03
5.038131988628217865e-03 2.968034382158604785e+04 1.427734277887248754e+04 8.199636413372618335e+03
5.617651660426248826e-03 3.164287117264807239e+04 1.522287114290374120e+04 8.743548515153557673e+03
6.263831564778516575e-03 3.356576244973408757e+04 1.614962341656903845e+04 9.276869336354995539e+03
6.984339407925946493e-03 3.541035907537666208e+04 1.703946270383823867e+04 9.789095891575854694e+03
7.787724887016851671e-03 3.713394258656897728e+04 1.787124405479589041e+04 1.026825645006628292e+04
8.683521142606049834e-03 3.868449229749519873e+04 1.862038914610956272e+04 1.070019597092521690e+04
9.682357880899711625e-03 4.000570121361638303e+04 1.925928243707723232e+04 1.106901542216924463e+04
1.079608750807801998e-02 4.097843284190462145e+04 1.974183956594122355e+04 1.135203098356630107e+04
1.203792577343234388e-02 4.160352363365832571e+04 2.005778707284872871e+04 1.153714547627370848e+04
1.342260859021738965e-02 4.180006684235119610e+04 2.016472168082714779e+04 1.160277441300035389e+04
1.496656689508787767e-02 4.148787004719282413e+04 2.002888177217592965e+04 1.153271482850398024e+04
1.668812162103823840e-02 4.064477650994055875e+04 1.963773962641245089e+04 1.131130443449426457e+04
1.860770109743517184e-02 3.923583809014485450e+04 1.896993393532218761e+04 1.093093306209638467e+04
2.074808345685756270e-02 3.726628463308863866e+04 1.802806918219486033e+04 1.039317428827015101e+04
2.313466692519383291e-02 3.474669087262103130e+04 1.682938245690842814e+04 9.709146956046311971e+03
2.579577120231610690e-02 3.183905672438218608e+04 1.543130166348244347e+04 8.906431898287859440e+03
2.876297350957714855e-02 2.869529483057356993e+04 1.391285830781387085e+04 8.035023953879110195e+03
3.207148329174031032e-02 2.550967367416681736e+04 1.237661870227585496e+04 7.150746065593619278e+03
3.576056001963404812e-02 2.251785799134558692e+04 1.093032682830638259e+04 6.316501381607199619e+03
3.987397905126498221e-02 1.994798072399655939e+04 9.690337475849632028e+03 5.602495674394327580e+03
4.446055107939526907e-02 1.789948763770902588e+04 8.704133935491896409e+03 5.036189121682754376e+03
4.957470132945773766e-02 1.632362207525656777e+04 7.960598963956934313e+03 4.609912353947641350e+03
5.527711538069327024e-02 1.507370020882225072e+04 7.370863308824939850e+03 4.276190902938153158e+03
6.163545927395905344e-02 1.378505236746373521e+04 6.762728403144949880e+03 3.925139596146227632e+03
6.872518245115814828e-02 1.219094609367340308e+04 5.985841480804527237e+03 3.474297512118888335e+03
7.663041305413779980e-02 1.030422367003825093e+04 5.027426340051678380e+03 2.910862592285084247e+03
8.544495620686157200e-02 8.484563365240226631e+03 4.087197162419986398e+03 2.352668768272540547e+03
9.527340712667957401e-02 7.167558184897835417e+03 3.410924413720334996e+03 1.952529793672280448e+03
1.062323922731101822e-01 6.364350671085111571e+03 3.032637464364308926e+03 1.737895980129993632e+03
1.184519532618636822e-01 5.650050578960614075e+03 2.712361037872078668e+03 1.558914747406377955e+03
1.320770899659224340e-01 4.797201536355338249e+03 2.265483029486192208e+03 1.291318750104501987e+03
1.472694811144383831e-01 4.010911830358434599e+03 1.835252183766578355e+03 1.028089905063643300e+03
1.642094028064348954e-01 3.515059288442868819e+03 1.595595241355083999e+03 8.916020634368373976e+02
1.830978677048002712e-01 3.051467149823116870e+03 1.372413238154401824e+03 7.647728115595937197e+02
2.041590102946942431e-01 2.606629808770771433e+03 1.131860508126686682e+03 6.166444491376761334e+02
2.276427465103479653e-01 2.288077767862755991e+03 9.759312023524530559e+02 5.275826678848870870e+02
2.538277392899435103e-01 1.992340700974329138e+03 8.251643176626922696e+02 4.384275693551878703e+02
2.830247052484705095e-01 1.749467356171722713e+03 7.043885339593218760e+02 3.678872981011975298e+02
3.155801017062329072e-01 1.542360092738579169e+03 6.021998900953589100e+02 3.082754553369597943e+02
3.518802378240603601e-01 1.366514825718580369e+03 5.175014978145002260e+02 2.596234002917290127e+02
3.923558586288135031e-01 1.214139289112835741e+03 4.451306164976390960e+02 2.181734652524798719e+02
4.374872563241952172e-01 1.085916629575613570e+03 3.851855399217020022e+02 1.842490775996541856e+02
4.878099695387512202e-01 9.755181838517767119e+02 3.349421608391004952e+02 1.562422134423941031e+02
5.439211381395319123e-01 8.812276112996190705e+02 2.928836030601689231e+02 1.331475081883063183e+02
6.064865890189676811e-01 7.973861629964000031e+02 2.572853904594826417e+02 1.139606235890313854e+02
6.762487369363893164e-01 7.223447748697507222e+02 2.269873336713016840e+02 9.796947045542415822e+01
7.540353941672404137e-01 6.544363936844266618e+02 2.010193345479499385e+02 8.460226543090428208e+01
8.407695934971151086e-01 5.924479890606774006e+02 1.785869368666944581e+02 7.343425197893311918e+01
9.374805411223435803e-01 5.348268754377129426e+02 1.590691568989174129e+02 6.403661813648128032e+01
1.045315829426528564e+00 4.807279457853453550e+02 1.418166909863730609e+02 5.606611771930582933e+01
1.165555054552403824e+00 4.296067690357115794e+02 1.264118254718687808e+02 4.926286431363580220e+01
1.299625000357985227e+00 3.813422489182826780e+02 1.124834534631487770e+02 4.340155809250998686e+01
1.449116568932995452e+00 3.360915892788987094e+02 9.983044916409744474e+01 3.833086088532002123e+01
1.615803658576671964e+00 2.939540071899138525e+02 8.822211082619588751e+01 3.388655876179611681e+01
1.801664213246928048e+00 2.551613471912045839e+02 7.751118564445016546e+01 2.994957303302247809e+01
2.008903693258128342e+00 2.197601874306429579e+02 6.763393634332277315e+01 2.642303076380397187e+01
2.239981245735629400e+00 1.880310857397884661e+02 5.853312502995687083e+01 2.323721432631867501e+01
2.497638885371206374e+00 1.600710157615526157e+02 5.022169145076382790e+01 2.033780807790758516e+01
2.784934031744384253e+00 1.353516971546770264e+02 4.270228560530182449e+01 1.766520117386085076e+01
3.105275789304232426e+00 1.136832805247105824e+02 3.598019990008576485e+01 1.519506855438313053e+01
3.462465400517639402e+00 9.485381459896861145e+01 3.006096365914158142e+01 1.293255243105524954e+01
3.860741352209485999e+00 7.869200763091468787e+01 2.492616346531609395e+01 1.089471144436530992e+01
4.304829670336041580e+00 6.501805971575990384e+01 2.054822765676098228e+01 9.107613062393474124e+00
4.799999999999999822e+00 5.365174492343088986e+01 1.686138870469422457e+01 7.587416510049243001e+00
