1.000000000230258569e-04 4.793218734609474723e+02 2.221632211889910877e+02 1.244208674065468756e+02
1.115026695290953366e-04 5.347406843826029217e+02 2.479380926734358184e+02 1.388610281834139926e+02
1.243284530925187648e-04 5.965099469675258206e+02 2.766928775808548835e+02 1.549733100177861616e+02
1.386295441504667143e-04 6.653437184706748440e+02 3.087743078238329986e+02 1.729534334253164900e+02
1.545756424481938766e-04 7.420318243575931092e+02 3.445645744312959096e+02 1.930152326317246150e+02
1.723559677317991945e-04 8.274476859945972365e+02 3.844846981603257063e+02 2.153954883863248995e+02
1.921815050694108094e-04 9.225748487188966465e+02 4.290031443508995039e+02 2.403637089587889193e+02
2.142875084442451923e-04 1.028502970745129460e+03 4.786480549758393295e+02 2.682138467227474621e+02
2.389362923277018713e-04 1.146447908160613906e+03 5.339996030910975833e+02 2.992774262754835490e+02
2.664203443578849946e-04 1.277788775706490924e+03 5.957107377524927188e+02 3.339233617946129016e+02
2.970657960592480913e-04 1.424062878875702381e+03 6.644968085047843260e+02 3.725499284177863046e+02
3.312362927876497001e-04 1.586994579789037516e+03 7.411382012283128233e+02 4.156008381686129383e+02
3.693373088223966556e-04 1.768553544484086160e+03 8.265150175650688880e+02 4.635713171482487951e+02
4.118209588090659132e-04 1.970954689539242509e+03 9.216021292922338262e+02 5.170042519435978647e+02
4.591913626466918256e-04 2.196603378573607188e+03 1.027457127751422831e+03 5.764845796412840855e+02
5.120106274801957584e-04 2.448230032229814697e+03 1.145239700233356189e+03 6.426627127138298192e+02
5.709055177816341068e-04 2.728748498596105492e+03 1.276229427270808401e+03 7.162428049955570941e+02
6.365748926688486646e-04 3.041239199690124678e+03 1.421747072476850462e+03 7.979722408606040744e+02
7.097979987143026312e-04 3.389070807805855111e+03 1.583283150698215195e+03 8.886722843447953437e+02
7.914437166483044659e-04 3.775735313696550747e+03 1.762407498613607913e+03 9.892119235487812148e+02
8.824808716799498404e-04 4.204814239667229231e+03 1.960778138482331542e+03 1.100510654735426897e+03
9.839897297802024153e-04 4.680049483243368741e+03 2.180168488392653671e+03 1.223562520759142217e+03
1.097174816344422205e-03 5.205230195674845163e+03 2.422368583872878389e+03 1.359387814807847690e+03
1.223379209343287413e-03 5.784341490317535317e+03 2.689255586869331637e+03 1.509049955963059801e+03
1.364100476567608111e-03 6.421217327569719600e+03 2.982698850168357694e+03 1.673596755823414014e+03
1.521008446081769522e-03 7.119891281424548652e+03 3.304613692037310557e+03 1.854100845873509797e+03
1.695965020753673102e-03 7.884213604284925168e+03 3.656887597536423073e+03 2.051635993756742664e+03
1.891046271984591709e-03 8.717605298628262972e+03 4.041104555451649048e+03 2.267106856359851918e+03
2.108567074807741158e-03 9.623342883083147171e+03 4.458798851740799364e+03 2.501396010734780248e+03
2.351108576680822643e-03 1.060394015989430591e+04 4.911261591981174206e+03 2.755245148540455830e+03
2.621548825923003187e-03 1.166098794487294435e+04 5.399179108728173560e+03 3.029029811641524248e+03
2.923096923239734257e-03 1.279528002726573504e+04 5.922913979757609013e+03 3.322921208001002014e+03
3.259331101584665453e-03 1.400576082864027376e+04 6.482025868789984997e+03 3.636715500528026951e+03
3.634241186222156913e-03 1.528969229231494501e+04 7.075293135190540852e+03 3.969690049563137109e+03
4.052275938830490927e-03 1.664224907229383462e+04 7.700486877710966837e+03 4.320611147701795744e+03
4.518395847440812539e-03 1.805545548604131181e+04 8.353871732371861071e+03 4.687387493946926952e+03
5.038131988628217865e-03 1.951816757565831722e+04 9.030267244617612960e+03 5.067122610434365924e+03
5.617651660426248826e-03 2.101558875911556606e+04 9.722909204072500870e+03 5.456060713227664564e+03
6.263831564778516575e-03 2.252823520222785010e+04 1.042273707650766482e+04 5.849007848820759136e+03
6.984339407925946493e-03 2.403123182303887006e+04 1.111835928515819978e+04 6.239606531318810084e+03
7.787724887016851671e-03 2.549396248013069999e+04 1.179551375521209593e+04 6.619910081907655695e+03
8.683521142606049834e-03 2.687977502663000996e+04 1.243722717056753572e+04 6.980394981381441539e+03
9.682357880899711625e-03 2.814540569912659339e+04 1.302314026818506136e+04 7.309493406693194629e+03
1.079608750807801998e-02 2.920412278017895005e+04 1.352040205022193368e+04 7.590927683198496197e+03
1.203792577343234388e-02 3.005467780882009538e+04 1.391946093493300759e+04 7.816033702126846947e+03
1.342260859021738965e-02 3.062323828130394031e+04 1.418722791138344292e+04 7.966242160351452185e+03
1.496656689508787767e-02 3.082714666798254257e+04 1.428812571321035466e+04 8.023241583046942651e+03
1.668812162103823840e-02 3.057961358761038355e+04 1.418389042319857072e+04 7.970642653617439464e+03
1.860770109743517184e-02 2.988473847297804969e+04 1.387081228248186380e+04 7.799794915470163687e+03
2.074808345685756270e-02 2.870301130947386264e+04 1.333167419753947615e+04 7.502101931630599211e+03
2.313466692519383291e-02 2.708453215561985780e+04 1.258822525562284500e+04 7.082692180925056164e+03
2.579577120231610690e-02 2.500863325663802607e+04 1.163191937654596222e+04 6.550048420563502077e+03
2.876297350957714855e-02 2.267437474993796059e+04 1.054935673643901100e+04 5.941358176216710490e+03
3.207148329174031032e-02 2.019814781414945537e+04 9.401008397587185755e+03 5.297124164662178373e+03
3.576056001963404812e-02 1.780521234585723505e+04 8.289320293387108904e+03 4.669141473610309731e+03
3.987397905126498221e-02 1.568101667418873330e+04 7.303871531759052232e+03 4.117540717936360124e+03
4.446055107939526907e-02 1.403211195504307398e+04 6.533001554890757689e+03 3.679549298421041385e+03
4.957470132945773766e-02 1.277297594781419502e+04 5.959293664431591424e+03 3.359708751714732898e+03
5.527711538069327024e-02 1.191534530422279749e+04 5.570081550415816309e+03 3.140577431565748157e+03
6.163545927395905344e-02 1.108230630382155323e+04 5.198545335655886447e+03 2.937208131056433103e+03
6.872518245115814828e-02 1.007743372683784582e+04 4.736570178345196837e+03 2.673683023567346481e+03
7.663041305413779980e-02 8.657283977691426117e+03 4.058225030655949013e+03 2.287661344230980831e+03
8.544495620686157200e-02 7.063779071847144223e+03 3.278492337810150730e+03 1.841601327187408515e+03
9.527340712667957401e-02 5.779326667638702020e+03 2.644946150811570988e+03 1.478609637263340119e+03
1.062323922731101822e-01 5.058872240958834482e+03 2.305416839968917429e+03 1.286130907221828011e+03
1.184519532618636822e-01 4.624111776128276688e+03 2.128441289836639498e+03 1.191460949656761613e+03
1.320770899659224340e-01 4.041551971529962429e+03 1.852427537295747925e+03 1.032510020252063896e+03
1.472694811144383831e-01 3.313786306289582171e+03 1.469666471906056358e+03 8.055447853388905060e+02
1.642094028064348954e-01 2.823232083298330053e+03 1.229037884213454390e+03 6.679058935239071388e+02
1.830978677048002712e-01 2.492746676922245115e+03 1.093207440330631925e+03 5.983936771621779371e+02
2.041590102946942431e-01 2.132158914774724508e+03 9.036911517534709901e+02 4.838261056322400009e+02
2.276427465103479653e-01 1.826083529010588791e+03 7.548747226003549713e+02 3.994633484066053484e+02
2.538277392899435103e-01 1.599662338671155112e+03 6.514197684621193503e+02 3.425853483713068499e+02
2.830247052484705095e-01 1.383621443278082097e+03 5.432289370911504420e+02 2.792434536282200384e+02
3.155801017062329072e-01 1.216176818304221115e+03 4.663269964465739008e+02 2.368939510827621007e+02
3.518802378240603601e-01 1.067038513748602554e+03 3.955397494230153939e+02 1.966518707508153341e+02
3.923558586288135031e-01 9.454537514232258673e+02 3.391599142721704538e+02 1.651233372586659982e+02
4.374872563241952172e-01 8.401540757774703252e+02 2.911971249951318441e+02 1.387073601093950401e+02
4.878099695387512202e-01 7.490112286985748824e+02 2.507786646402210806e+02 1.164933790366543320e+02
5.439211381395319123e-01 6.705765371580104102e+02 2.169194575018114222e+02 9.827944230806708958e+01
6.064865890189676811e-01 6.024795851605390453e+02 1.885863881697800650e+02 8.329210328319828704e+01
6.762487369363893164e-01 5.429346726216201660e+02 1.647805585539400397e+02 7.090925179057988714e+01
7.540353941672404137e-01 4.893957858544276860e+02 1.444212589258800108e+02 6.056103107515693296e+01
8.407695934971151086e-01 4.422603873129501153e+02 1.272946595237614957e+02 5.198727714636449093e+01
9.374805411223435803e-01 3.985811401011823705e+02 1.124399023195852010e+02 4.480144306649177821e+01
1.045315829426528564e+00 3.582821683472392920e+02 9.955879141356517437e+01 3.876991849859206241e+01
1.165555054552403824e+00 3.206124603614558168e+02 8.824630942120913346e+01 3.368029493575073730e+01
1.299625000357985227e+00 2.852986463115719857e+02 7.821253826549106236e+01 2.936320976267252192e+01
1.449116568932995452e+00 2.522361801864838355e+02 6.925342663725737680e+01 2.568296981171840088e+01
1.615803658576671964e+00 2.211594851880406054e+02 6.111376107967077331e+01 2.250856544553937510e+01
1.801664213246928048e+00 1.922921207518480173e+02 5.369225830034979197e+01 1.975317214029201907e+01
2.008903693258128342e+00 1.657695004151309774e+02 4.690303868019944389e+01 1.734231718631668073e+01
2.239981245735629400e+00 1.418442011947102799e+02 4.071032131439108781e+01 1.522180821205576784e+01
2.497638885371206374e+00 1.204430864196275195e+02 3.503499243920925466e+01 1.333523254129100977e+01
2.784934031744384253e+00 1.015890553702627557e+02 2.990344950403560276e+01 1.164121907582480375e+01
3.105275789304232426e+00 8.519785464402080777e+01 2.530974138300701171e+01 1.010821360626185594e+01
3.462465400517639402e+00 7.117215674608104337e+01 2.126580893369140313e+01 8.717024154141917336e+00
3.860741352209485999e+00 5.923856263131041544e+01 1.774641689099397013e+01 7.454969851950666637e+00
4.304829670336041580e+00 4.910384062995433396e+01 1.471572665829844340e+01 6.325897633456297520e+00
4.799999999999999822e+00 4.051718767907890850e+01 1.213492120198231206e+01 5.341383154212296702e+00
