1.000000000230258569e-04 6.900846098282189587e+02 3.066769128826338715e+02 1.684632403208696871e+02
1.115026695290953366e-04 7.635550419186305362e+02 3.395396471969373806e+02 1.865266459441554616e+02
1.243284530925187648e-04 8.447297299008458822e+02 3.759064865984812513e+02 2.065227984880125405e+02
1.386295441504667143e-04 9.343916381999792975e+02 4.161490902113130232e+02 2.286592673224881480e+02
1.545756424481938766e-04 1.033377318151238342e+03 4.606725754782791000e+02 2.531591777151463987e+02
1.723559677317991945e-04 1.142630304188434820e+03 5.099214465973832944e+02 2.802743120460732484e+02
1.921815050694108094e-04 1.263177548579810718e+03 5.643687469029340491e+02 3.102769200416416311e+02
2.142875084442451923e-04 1.396196181645351771e+03 6.245679400476661840e+02 3.434760612624151577e+02
2.389362923277018713e-04 1.542978568937830687e+03 6.911015849605020094e+02 3.802028412539264650e+02
2.664203443578849946e-04 1.704981955770897002e+03 7.646196952737942638e+02 4.208252853330886865e+02
2.970657960592480913e-04 1.883902725173361205e+03 8.458603564572498499e+02 4.657479245157393848e+02
3.312362927876497001e-04 2.081632439502948273e+03 9.355988054221804759e+02 5.154135664885898223e+02
3.693373088223966556e-04 2.300331027895510488e+03 1.034721204560842352e+03 5.703064114350700038e+02
4.118209588090659132e-04 2.542540919775304701e+03 1.144263270869970711e+03 6.309705136511258843e+02
4.591913626466918256e-04 2.810966495931807458e+03 1.265309722035134655e+03 6.979835525018247608e+02
5.120106274801957584e-04 3.108687229820403445e+03 1.399071199692171831e+03 7.719849077391623950e+02
5.709055177816341068e-04 3.439009644161148572e+03 1.546893750824628114e+03 8.536662124943682102e+02
6.365748926688486646e-04 3.805344586911823626e+03 1.710116296339075689e+03 9.437448337124064892e+02
7.097979987143026312e-04 4.211423878884661463e+03 1.890299963582716600e+03 1.043039251575788967e+03
7.914437166483044659e-04 4.660903430086684239e+03 2.089020142668322933e+03 1.152373720789006484e+03
8.824808716799498404e-04 5.157438535276271978e+03 2.307849591534537467e+03 1.272608244400782496e+03
9.839897297802024153e-04 5.704635374459865488e+03 2.548428413128408920e+03 1.404636585494389692e+03
1.097174816344422205e-03 6.306133007440924303e+03 2.812392746972299847e+03 1.549382499970159643e+03
1.223379209343287413e-03 6.965317560155634055e+03 3.101275992317490363e+03 1.707722632088471073e+03
1.364100476567608111e-03 7.685474663383582993e+03 3.416627303607688191e+03 1.880549275535002835e+03
1.521008446081769522e-03 8.469326323791670802e+03 3.759777819324901884e+03 2.068595582556916725e+03
1.695965020753673102e-03 9.319511210356247830e+03 4.131988975019929967e+03 2.272568932406160002e+03
1.891046271984591709e-03 1.023775207597387998e+04 4.534048285886414305e+03 2.492931205824812878e+03
2.108567074807741158e-03 1.122496698525012653e+04 4.966450851311606129e+03 2.729985912547563657e+03
2.351108576680822643e-03 1.228111637586925099e+04 5.429363578848279758e+03 2.983805365145617543e+03
2.621548825923003187e-03 1.340457339017182494e+04 5.922072916786527458e+03 3.253966231800282458e+03
2.923096923239734257e-03 1.459236480855453920e+04 6.443388220440202531e+03 3.539787802782533618e+03
3.259331101584665453e-03 1.583957866978000493e+04 6.991165871232382415e+03 3.840151363131859398e+03
3.634241186222156913e-03 1.713911052940473746e+04 7.562360477944466766e+03 4.153353669980492668e+03
4.052275938830490927e-03 1.848151182051977594e+04 8.152887732268852233e+03 4.477199851007129837e+03
4.518395847440812539e-03 1.985474821771441930e+04 8.757490839472902735e+03 4.808855570204772448e+03
5.038131988628217865e-03 2.124440911327314825e+04 9.369668650748379150e+03 5.144783728485523170e+03
5.617651660426248826e-03 2.263263451115827047e+04 9.981862047457472727e+03 5.480860472025609852e+03
6.263831564778516575e-03 2.399909724204412123e+04 1.058475217689665260e+04 5.811964303846992152e+03
6.984339407925946493e-03 2.531901057029791991e+04 1.116761683075367182e+04 6.132243184819451017e+03
7.787724887016851671e-03 2.656415821820147175e+04 1.171773328833031155e+04 6.434820913456559538e+03
8.683521142606049834e-03 2.770216550000903226e+04 1.222100530559563413e+04 6.711867783794014940e+03
9.682357880899711625e-03 2.869636395522309977e+04 1.266121542536518245e+04 6.954369026716645749e+03
1.079608750807801998e-02 2.947346741370007294e+04 1.301342961846479375e+04 7.149645044100680934e+03
1.203792577343234388e-02 3.003504837237675019e+04 1.326853463507358174e+04 7.292365677293732915e+03
1.342260859021738965e-02 3.032634768062463627e+04 1.340289252656548888e+04 7.368823129649658767e+03
1.496656689508787767e-02 3.029137329696781671e+04 1.339720735961370337e+04 7.367565378581957702e+03
1.668812162103823840e-02 2.989165354702727564e+04 1.323457534984800441e+04 7.280806217693109829e+03
1.860770109743517184e-02 2.912008683998959896e+04 1.290521144986379659e+04 7.103757969009959197e+03
2.074808345685756270e-02 2.796315961542801233e+04 1.240396581373126537e+04 6.831941928663940416e+03
2.313466692519383291e-02 2.643587506840101560e+04 1.173859207587838682e+04 6.469017961928875593e+03
2.579577120231610690e-02 2.457328696760005550e+04 1.092253062789341493e+04 6.023490224359289641e+03
2.876297350957714855e-02 2.248393457166507142e+04 1.000080886479033325e+04 5.517945887717830374e+03
3.207148329174031032e-02 2.026406449724840058e+04 9.022652369766405172e+03 4.982188437990135753e+03
3.576056001963404812e-02 1.806850395123984708e+04 8.053706262895923828e+03 4.446777292914439386e+03
3.987397905126498221e-02 1.604752563243963777e+04 7.164556473196220395e+03 3.958258566989224164e+03
4.446055107939526907e-02 1.435287700129939913e+04 6.406413667393710057e+03 3.541389141941262551e+03
4.957470132945773766e-02 1.294269823841960533e+04 5.793067700335751397e+03 3.202709284072876926e+03
5.527711538069327024e-02 1.185276974980618434e+04 5.310740401882850165e+03 2.937732522258515019e+03
6.163545927395905344e-02 1.084746054143452420e+04 4.872510998475564520e+03 2.698313417536331144e+03
6.872518245115814828e-02 9.778360740801354041e+03 4.395974414292482834e+03 2.435439391855160920e+03
7.663041305413779980e-02 8.487909811268902558e+03 3.807879166193655237e+03 2.107465992293919498e+03
8.544495620686157200e-02 7.095464306476945239e+03 3.159908533015655848e+03 1.744424654157335908e+03
9.527340712667957401e-02 5.895529269186587044e+03 2.596449966013798075e+03 1.427162811537649077e+03
1.062323922731101822e-01 5.082642213090981386e+03 2.222211820084327428e+03 1.217962178714923994e+03
1.184519532618636822e-01 4.520614753421231399e+03 1.980586924220458968e+03 1.087737128635701310e+03
1.320770899659224340e-01 3.950535941280664701e+03 1.721414918505961168e+03 9.431230969227726746e+02
1.472694811144383831e-01 3.310395611234318494e+03 1.406151573979636169e+03 7.620181632476119375e+02
1.642094028064348954e-01 2.807180515714023841e+03 1.165407962579384048e+03 6.244805472933097690e+02
1.830978677048002712e-01 2.442869820482604609e+03 1.010446940651428008e+03 5.411714721247278703e+02
2.041590102946942431e-01 2.105323760396999205e+03 8.478862269469545936e+02 4.482822090238848887e+02
2.276427465103479653e-01 1.806350883205684795e+03 7.056996217646160403e+02 3.668219332406005151e+02
2.538277392899435103e-01 1.571884386124726461e+03 6.018629856194627337e+02 3.100993963518336045e+02
2.830247052484705095e-01 1.367027149447367037e+03 5.053006450383850279e+02 2.549525215853501834e+02
3.155801017062329072e-01 1.195218994820107127e+03 4.289237854499606897e+02 2.132413661399313014e+02
3.518802378240603601e-01 1.050190616022153336e+03 3.636289461312503590e+02 1.771343915772499713e+02
3.923558586288135031e-01 9.273852447436503326e+02 3.096850756500589910e+02 1.479311438269252221e+02
4.374872563241952172e-01 8.230244378388457562e+02 2.646611429781471543e+02 1.235678185745310032e+02
4.878099695387512202e-01 7.328716687814060151e+02 2.270085272748962666e+02 1.032753964629362429e+02
5.439211381395319123e-01 6.557663757726196536e+02 1.957498603110679767e+02 8.664491788722234844e+01
6.064865890189676811e-01 5.886569630491302405e+02 1.696385030927440596e+02 7.306054299424613419e+01
6.762487369363893164e-01 5.296186672166654716e+02 1.476744458132056650e+02 6.188498619275394219e+01
7.540353941672404137e-01 4.766507960597755869e+02 1.290129421422490168e+02 5.260918460680007058e+01
8.407695934971151086e-01 4.294856614063359643e+02 1.132319421640325885e+02 4.491359330991750198e+01
9.374805411223435803e-01 3.860264046887103291e+02 9.968833123184182909e+01 3.851263654594151120e+01
1.045315829426528564e+00 3.458574591491340584e+02 8.797761042006888488e+01 3.315182559547462660e+01
1.165555054552403824e+00 3.083440929361463532e+02 7.774089825559521216e+01 2.864997853812081985e+01
1.299625000357985227e+00 2.732567951973305753e+02 6.870307658987265143e+01 2.484241807370281307e+01
1.449116568932995452e+00 2.405315405898664380e+02 6.067969222414457420e+01 2.160509054215192748e+01
1.615803658576671964e+00 2.100210440582535512e+02 5.345973123637009650e+01 1.882669608155826069e+01
1.801664213246928048e+00 1.818873042439956578e+02 4.692307416620653271e+01 1.641997255500747244e+01
2.008903693258128342e+00 1.561743533149437440e+02 4.096735008947378986e+01 1.433222727839082111e+01
2.239981245735629400e+00 1.330901461387291533e+02 3.553586446425927647e+01 1.250386529208173414e+01
2.497638885371206374e+00 1.126368409852541674e+02 3.058366840560472610e+01 1.089372004355107215e+01
2.784934031744384253e+00 9.465477393210773016e+01 2.608707769797194942e+01 9.472102178417074470e+00
3.105275789304232426e+00 7.904026801227026056e+01 2.203689429828448354e+01 8.207995619054205605e+00
3.462465400517639402e+00 6.564747647382790774e+01 1.844150783209380151e+01 7.076625762167935818e+00
3.860741352209485999e+00 5.427660629444386586e+01 1.530309240137371773e+01 6.054288471169357422e+00
4.304829670336041580e+00 4.468208432209230097e+01 1.261365072426980660e+01 5.140187500891487460e+00
4.799999999999999822e+00 3.665599840645739960e+01 1.035158268076230392e+01 4.335812908432559176e+00
