1.000000000230258569e-04 6.648147172166870860e+02 3.041757292189008126e+02 1.728851443157491872e+02
1.115026695290953366e-04 7.367304866051706540e+02 3.369849735850439743e+02 1.915052824704229693e+02
1.243284530925187648e-04 8.164927863083659076e+02 3.733425676820904187e+02 2.121276874277072579e+02
1.386295441504667143e-04 9.049748647589243546e+02 4.136422331759607687e+02 2.349724689770835084e+02
1.545756424481938766e-04 1.003119586076184078e+03 4.583015709947039795e+02 2.602734474074320019e+02
1.723559677317991945e-04 1.112015144300686188e+03 5.078016616163816934e+02 2.882959701360312579e+02
1.921815050694108094e-04 1.232833292777382212e+03 5.626605912075016249e+02 3.193265613355785604e+02
2.142875084442451923e-04 1.366872763714509347e+03 6.234700158382627251e+02 3.536902857229656547e+02
2.389362923277018713e-04 1.515529158443133838e+03 6.908558403321287642e+02 3.917448055688898307e+02
2.664203443578849946e-04 1.680315382837273319e+03 7.655234621477452492e+02 4.338810094780876625e+02
2.970657960592480913e-04 1.862862714036386933e+03 8.482370453421401635e+02 4.805274005000836155e+02
3.312362927876497001e-04 2.064900202411268310e+03 9.398055746366288759e+02 5.321445466672430484e+02
3.693373088223966556e-04 2.288171142296778726e+03 1.041114328828427006e+03 5.892392610964694768e+02
4.118209588090659132e-04 2.534642867053157715e+03 1.153124453670665844e+03 6.523959132268537360e+02
4.591913626466918256e-04 2.806247940110828949e+03 1.276815880387815241e+03 7.221921529269231996e+02
5.120106274801957584e-04 3.105090048253724490e+03 1.413271706058398422e+03 7.992997333245456275e+02
5.709055177816341068e-04 3.433402413023112786e+03 1.563630285339610964e+03 8.844175778211723582e+02
6.365748926688486646e-04 3.793487795119959628e+03 1.729031622367705722e+03 9.782586263436546687e+02
7.097979987143026312e-04 4.188025873424784550e+03 1.910781947035123039e+03 1.081627917502134551e+03
7.914437166483044659e-04 4.619895444394745027e+03 2.110244100820265885e+03 1.195354786590721233e+03
8.824808716799498404e-04 5.092215005752404068e+03 2.328830411849566190e+03 1.320266020391051370e+03
9.839897297802024153e-04 5.608408563207804946e+03 2.568077650313739923e+03 1.457239164860945493e+03
1.097174816344422205e-03 6.172224704999689493e+03 2.829592290036192026e+03 1.607205822572090483e+03
1.223379209343287413e-03 6.787343233920352759e+03 3.114998031207349413e+03 1.771015460323284742e+03
1.364100476567608111e-03 7.457743263567329450e+03 3.426021800187484132e+03 1.949512792626630926e+03
1.521008446081769522e-03 8.186641680590821124e+03 3.764062402703605130e+03 2.143497051382533755e+03
1.695965020753673102e-03 8.977190183129043362e+03 4.130502818669614499e+03 2.353684988347385570e+03
1.891046271984591709e-03 9.831619774247739770e+03 4.526277273953960503e+03 2.580506764016753095e+03
2.108567074807741158e-03 1.075127303018777638e+04 4.952020075496752725e+03 2.824268666847380700e+03
2.351108576680822643e-03 1.173617125565190145e+04 5.407701682047811119e+03 3.084998851775066214e+03
2.621548825923003187e-03 1.278478578101968560e+04 5.892594265835627084e+03 3.362249587049816910e+03
2.923096923239734257e-03 1.389403294576242843e+04 6.405344670622633203e+03 3.655210990192665577e+03
3.259331101584665453e-03 1.505867737977184697e+04 6.943532694545566301e+03 3.962666215861795536e+03
3.634241186222156913e-03 1.627122781595238121e+04 7.503874669977159101e+03 4.282688278743710725e+03
4.052275938830490927e-03 1.752211784786660792e+04 8.081925355948657852e+03 4.612805035053355823e+03
4.518395847440812539e-03 1.879901322312929187e+04 8.672108965392782920e+03 4.949918488118158166e+03
5.038131988628217865e-03 2.008716869531562043e+04 9.267513076750768960e+03 5.290086720167106250e+03
5.617651660426248826e-03 2.136904379422183047e+04 9.860029979296936290e+03 5.628938308305542705e+03
6.263831564778516575e-03 2.262425727756373090e+04 1.044043860088249676e+04 5.960970885467357220e+03
6.984339407925946493e-03 2.382862508506717131e+04 1.099769689577875033e+04 6.279953351193381422e+03
7.787724887016851671e-03 2.495516036882901608e+04 1.151917413322062930e+04 6.578668027212682318e+03
8.683521142606049834e-03 2.597315812011231537e+04 1.199063427400088949e+04 6.849130159989867934e+03
9.682357880899711625e-03 2.684797961410506832e+04 1.239610444924221883e+04 7.082088704866704575e+03
1.079608750807801998e-02 2.751618405986899234e+04 1.271215689869985363e+04 7.264299481712279885e+03
1.203792577343234388e-02 2.797184837025153320e+04 1.292941478955036473e+04 7.391785416785979578e+03
1.342260859021738965e-02 2.816822198698874126e+04 1.302602694200449514e+04 7.449379244770048899e+03
1.496656689508787767e-02 2.805556168532865922e+04 1.298268775377630300e+04 7.425737479145755060e+03
1.668812162103823840e-02 2.759849218426931475e+04 1.278067892576290797e+04 7.314625177792721843e+03
1.860770109743517184e-02 2.679159534151754633e+04 1.241580569234890208e+04 7.110752373126581006e+03
2.074808345685756270e-02 2.563216770162380999e+04 1.188590245947677249e+04 6.810987424727314647e+03
2.313466692519383291e-02 2.412951197194505585e+04 1.120259752619445135e+04 6.422531182880259621e+03
2.579577120231610690e-02 2.233280525669301642e+04 1.037657215728755546e+04 5.952994340239010853e+03
2.876297350957714855e-02 2.034017144450131673e+04 9.458506739643136825e+03 5.428050297013888667e+03
3.207148329174031032e-02 1.825569436139706522e+04 8.497511333443562762e+03 4.879414889297930131e+03
3.576056001963404812e-02 1.620884945816771324e+04 7.552929723974492845e+03 4.336859590415582716e+03
3.987397905126498221e-02 1.436514643092334518e+04 6.702298218198880022e+03 3.851023070530350196e+03
4.446055107939526907e-02 1.282353957647779862e+04 5.986167216899151754e+03 3.440702392015128680e+03
4.957470132945773766e-02 1.156902489815738772e+04 5.412209427300354037e+03 3.112328016102420861e+03
5.527711538069327024e-02 1.059007272236236713e+04 4.961262121399263378e+03 2.854904124053160103e+03
6.163545927395905344e-02 9.686479072515086955e+03 4.547402868896961081e+03 2.619905512368266500e+03
6.872518245115814828e-02 8.692927971987017372e+03 4.085825246053993396e+03 2.356124695128471558e+03
7.663041305413779980e-02 7.495046132882604979e+03 3.515696167124366639e+03 2.025181460619277459e+03
8.544495620686157200e-02 6.218355165140762438e+03 2.896764634878851666e+03 1.664699950031686512e+03
9.527340712667957401e-02 5.149021106123576828e+03 2.374335181006785660e+03 1.359588763787556672e+03
1.062323922731101822e-01 4.450462582957202358e+03 2.041747103163339716e+03 1.166312543285974471e+03
1.184519532618636822e-01 3.966807609061528638e+03 1.825653513376144929e+03 1.045178951298450784e+03
1.320770899659224340e-01 3.439668456977940878e+03 1.574861345297204707e+03 8.995859241642988309e+02
1.472694811144383831e-01 2.854778057574691957e+03 1.276936004640130477e+03 7.214120984482480026e+02
1.642094028064348954e-01 2.416858542184267662e+03 1.060818465041997342e+03 5.938371417202869225e+02
1.830978677048002712e-01 2.105472899389494614e+03 9.212039968556273379e+02 5.154999417325545892e+02
2.041590102946942431e-01 1.796184640245195624e+03 7.666303468448792273e+02 4.233520555663573646e+02
2.276427465103479653e-01 1.534135125893668146e+03 6.375282758557004854e+02 3.471840289068018137e+02
2.538277392899435103e-01 1.330932785699189708e+03 5.428740314154169937e+02 2.929351732670157844e+02
2.830247052484705095e-01 1.148779594761186672e+03 4.535216689954498861e+02 2.401090875800821038e+02
3.155801017062329072e-01 1.000173181600434532e+03 3.844332410665144266e+02 2.007769615086568820e+02
3.518802378240603601e-01 8.732439498522121539e+02 3.247976481498437806e+02 1.664901723359326127e+02
3.923558586288135031e-01 7.669595522042901621e+02 2.759143771963479708e+02 1.388425569704172062e+02
4.374872563241952172e-01 6.772998743114690114e+02 2.351680101391288815e+02 1.158505799750610947e+02
4.878099695387512202e-01 6.001374606783122090e+02 2.010134766943118620e+02 9.662961002587337589e+01
5.439211381395319123e-01 5.350289015876271606e+02 1.727849794404202726e+02 8.090768385473603530e+01
6.064865890189676811e-01 4.790359462013349230e+02 1.493304566634035098e+02 6.810276283571124623e+01
6.762487369363893164e-01 4.302454459811529546e+02 1.296761470644100882e+02 5.759547143798806701e+01
7.540353941672404137e-01 3.871497929566995708e+02 1.130801702131403204e+02 4.889454070509840733e+01
8.407695934971151086e-01 3.493055559750218322e+02 9.918176523502418718e+01 4.169520104052090659e+01
9.374805411223435803e-01 3.149641187919652907e+02 8.730677905889147894e+01 3.571439759337322073e+01
1.045315829426528564e+00 2.836017361633157634e+02 7.712190541068304128e+01 3.071851036099938881e+01
1.165555054552403824e+00 2.545578264258057288e+02 6.828963312145349107e+01 2.653437905971013677e+01
1.299625000357985227e+00 2.275166102515291300e+02 6.056259708706988221e+01 2.300837452551868623e+01
1.449116568932995452e+00 2.023098093049760280e+02 5.375627317141599093e+01 2.001926354675535080e+01
1.615803658576671964e+00 1.786806652533456372e+02 4.766144539105909672e+01 1.745974605950583225e+01
1.801664213246928048e+00 1.566675691123164427e+02 4.216522232055648089e+01 1.524964093938543286e+01
2.008903693258128342e+00 1.362762164457653569e+02 3.716843905264916259e+01 1.333905743534713473e+01
2.239981245735629400e+00 1.176259481057014682e+02 3.260953709142444978e+01 1.167263419702019078e+01
2.497638885371206374e+00 1.007829660138714729e+02 2.843583354483411796e+01 1.021045280530464794e+01
2.784934031744384253e+00 8.568997102760518203e+01 2.461445814739354176e+01 8.925139658938144649e+00
3.105275789304232426e+00 7.232369970848631624e+01 2.112635199155171861e+01 7.785668575665560809e+00
3.462465400517639402e+00 6.065383186656192294e+01 1.797871361044360228e+01 6.764879727368448670e+00
3.860741352209485999e+00 5.058883009267565001e+01 1.517403938618236481e+01 5.836282000390883518e+00
4.304829670336041580e+00 4.197481595376171981e+01 1.271122566057528225e+01 4.995476844931582505e+00
4.799999999999999822e+00 3.467130024704846392e+01 1.058975582725991060e+01 4.244417569537091595e+00
