1.000000000230258569e-04 7.672836865561838522e+02 3.506099857437926062e+02 1.947349391125111140e+02
1.115026695290953366e-04 8.495616654659199867e+02 3.884280218199394312e+02 2.157502651990853337e+02
1.243284530925187648e-04 9.405341155947634206e+02 4.303068192309373217e+02 2.390280323391445449e+02
1.386295441504667143e-04 1.041108818477977366e+03 4.766822548179707724e+02 2.648129384653017269e+02
1.545756424481938766e-04 1.152256084755375468e+03 5.280348797566859957e+02 2.933717270323900834e+02
1.723559677317991945e-04 1.275061934254732250e+03 5.848830342182571940e+02 3.249974011077593445e+02
1.921815050694108094e-04 1.410725954031149058e+03 6.478034665486509311e+02 3.600235170976980612e+02
2.142875084442451923e-04 1.560569866054206841e+03 7.174318310791754811e+02 3.988024862716847565e+02
2.389362923277018713e-04 1.726113207046800881e+03 7.944763842645761542e+02 4.417390407781526847e+02
2.664203443578849946e-04 1.909022042452121241e+03 8.797081275647142320e+02 4.892699382737507108e+02
2.970657960592480913e-04 2.111211970253355958e+03 9.739811355713520697e+02 5.418659021337223294e+02
3.312362927876497001e-04 2.334826413764569679e+03 1.078220249479999211e+03 6.000559798250474159e+02
3.693373088223966556e-04 2.582353100921696296e+03 1.193473063170495379e+03 6.644211065199316408e+02
4.118209588090659132e-04 2.856514449848779805e+03 1.320902740420877763e+03 7.355928931611343842e+02
4.591913626466918256e-04 3.160371208746349566e+03 1.461767743459404073e+03 8.142554864278158675e+02
5.120106274801957584e-04 3.497262072081763563e+03 1.617448577547468858e+03 9.011630102075727109e+02
5.709055177816341068e-04 3.870773398632969474e+03 1.789454204708742282e+03 9.971140922982655184e+02
6.365748926688486646e-04 4.284767868715658551e+03 1.979334332632326095e+03 1.102972696985722450e+03
7.097979987143026312e-04 4.743126444273052584e+03 2.188783875134950449e+03 1.219649391860375317e+03
7.914437166483044659e-04 5.249886575152197111e+03 2.419615521381597318e+03 1.348113835894557269e+03
8.824808716799498404e-04 5.809125208754147025e+03 2.673641554995557271e+03 1.489359000352801786e+03
9.839897297802024153e-04 6.425005565741230384e+03 2.952803489284976877e+03 1.644454925343011155e+03
1.097174816344422205e-03 7.101373784939803045e+03 3.258938243161714126e+03 1.814442285116905850e+03
1.223379209343287413e-03 7.842301011117572671e+03 3.593883716899953924e+03 2.000371147368359971e+03
1.364100476567608111e-03 8.651362364560774949e+03 3.959423937254010980e+03 2.203250869731049988e+03
1.521008446081769522e-03 9.532286832555473666e+03 4.357333900507547696e+03 2.424065968113956842e+03
1.695965020753673102e-03 1.048813485933698030e+04 4.789179004605464797e+03 2.663703252690719182e+03
1.891046271984591709e-03 1.152164523553862273e+04 5.256149766855938651e+03 2.922870626045272729e+03
2.108567074807741158e-03 1.263469128573481248e+04 5.759263496646621206e+03 3.202160109761952299e+03
2.351108576680822643e-03 1.382825849212975118e+04 6.299111260282653348e+03 3.501920890854437403e+03
2.621548825923003187e-03 1.510178941905919237e+04 6.875477364952087555e+03 3.822028203812304582e+03
2.923096923239734257e-03 1.645392574181320742e+04 7.487762532264842775e+03 4.162116077273119117e+03
3.259331101584665453e-03 1.788070329708358258e+04 8.134291691156379784e+03 4.521330270296354684e+03
3.634241186222156913e-03 1.937613771061223451e+04 8.812309272593800415e+03 4.898108966800303278e+03
4.052275938830490927e-03 2.093208531397952902e+04 9.518152787231576440e+03 5.290455091939315025e+03
4.518395847440812539e-03 2.253673972787886669e+04 1.024653853031678409e+04 5.695430578758375304e+03
5.038131988628217865e-03 2.417488210524483293e+04 1.099048419493674555e+04 6.109199018934280502e+03
5.617651660426248826e-03 2.582700350988918581e+04 1.174134124280255674e+04 6.526958896876241852e+03
6.263831564778516575e-03 2.746976056479551698e+04 1.248819646322594053e+04 6.942543774995750027e+03
6.984339407925946493e-03 2.907384792827848651e+04 1.321783841440043216e+04 7.348633972069009360e+03
7.787724887016851671e-03 3.060362986693635321e+04 1.391394986893743589e+04 7.736271691938795811e+03
8.683521142606049834e-03 3.201823274412201135e+04 1.455793457709650829e+04 8.095106052413826546e+03
9.682357880899711625e-03 3.326920190539433679e+04 1.512783690636514439e+04 8.412767952434009203e+03
1.079608750807801998e-02 3.425506121859674022e+04 1.558825246615446849e+04 8.671549691566273395e+03
1.203792577343234388e-02 3.498464546667664399e+04 1.592823367103647070e+04 8.863838193288996990e+03
1.342260859021738965e-02 3.537758611594198010e+04 1.611284681930884653e+04 8.969162222058339466e+03
1.496656689508787767e-02 3.534984306592164648e+04 1.611061573743636654e+04 8.969980994980069227e+03
1.668812162103823840e-02 3.484148914037513168e+04 1.589617117469411278e+04 8.854707190571658430e+03
1.860770109743517184e-02 3.384112916750324075e+04 1.545382487602461697e+04 8.612862980950223573e+03
2.074808345685756270e-02 3.232364011818217114e+04 1.477327506242147683e+04 8.237897156402477776e+03
2.313466692519383291e-02 3.031608547716482644e+04 1.386734913752454304e+04 7.735070107153169374e+03
2.579577120231610690e-02 2.786852972049058371e+04 1.275908323321637181e+04 7.120992004617980456e+03
2.876297350957714855e-02 2.515146701361997111e+04 1.151909827735231920e+04 6.429897405613443880e+03
3.207148329174031032e-02 2.230931886730368933e+04 1.022311991080858206e+04 5.708691435442074180e+03
3.576056001963404812e-02 1.956896130472691220e+04 8.972142551851520693e+03 5.007887698999479653e+03
3.987397905126498221e-02 1.714697827740750654e+04 7.868664145871156506e+03 4.392913028140717870e+03
4.446055107939526907e-02 1.522778912276279880e+04 6.982836564337018899e+03 3.897792780273510743e+03
4.957470132945773766e-02 1.375523089373734911e+04 6.323999202976480774e+03 3.530723953165116654e+03
5.527711538069327024e-02 1.271894919671707248e+04 5.856400914748246578e+03 3.271293375074699725e+03
6.163545927395905344e-02 1.176458729628992478e+04 5.436560353017598572e+03 3.042012689799787040e+03
6.872518245115814828e-02 1.064650048945637900e+04 4.925030963230004090e+03 2.756892408577042715e+03
7.663041305413779980e-02 9.147264488695707769e+03 4.217420556896629932e+03 2.357528188264191613e+03
8.544495620686157200e-02 7.480536345622156659e+03 3.411162245976923259e+03 1.898834120923471801e+03
9.527340712667957401e-02 6.110587268392474471e+03 2.743475842030347849e+03 1.517046464263947655e+03
1.062323922731101822e-01 5.297651917972078991e+03 2.363653201645424815e+03 1.303088202221235861e+03
1.184519532618636822e-01 4.798152874516465999e+03 2.158568812570245882e+03 1.195659910749445316e+03
1.320770899659224340e-01 4.195252093092568430e+03 1.876800019710129845e+03 1.037241126484299912e+03
1.472694811144383831e-01 3.454205758085486650e+03 1.491866417769296277e+03 8.112737541682461142e+02
1.642094028064348954e-01 2.927816757268461060e+03 1.235772674086190364e+03 6.637108146579422510e+02
1.830978677048002712e-01 2.576793287240170685e+03 1.094412794680251864e+03 5.910196227204257866e+02
2.041590102946942431e-01 2.206687775389213130e+03 9.046749910222952167e+02 4.795403638392953098e+02
2.276427465103479653e-01 1.887557109233142910e+03 7.514261826270476377e+02 3.914847070073201394e+02
2.538277392899435103e-01 1.652170505383579211e+03 6.471215536552352887e+02 3.351992453854784912e+02
2.830247052484705095e-01 1.430180375947616312e+03 5.387756064206449764e+02 2.720486861055791792e+02
3.155801017062329072e-01 1.253977639605834383e+03 4.601613762020628542e+02 2.296242597179328868e+02
3.518802378240603601e-01 1.098816996399085383e+03 3.889063258583360039e+02 1.897140817005140150e+02
3.923558586288135031e-01 9.715825841889576395e+02 3.319073678391699787e+02 1.587030842440890126e+02
4.374872563241952172e-01 8.623758951910372161e+02 2.840671260077659781e+02 1.327695174988064650e+02
4.878099695387512202e-01 7.676638476961030619e+02 2.438416321105473799e+02 1.110042129618089746e+02
5.439211381395319123e-01 6.864663350832312290e+02 2.104442128844331137e+02 9.323148798449726371e+01
6.064865890189676811e-01 6.158507755625039408e+02 1.825287602239026228e+02 7.870130044639547862e+01
6.762487369363893164e-01 5.538112046079431821e+02 1.590473339209970618e+02 6.674370502591779086e+01
7.540353941672404137e-01 4.981325969216744625e+02 1.390423002351406296e+02 5.679802613044351034e+01
8.407695934971151086e-01 4.485252207187797922e+02 1.221103883873863793e+02 4.854922707295690998e+01
9.374805411223435803e-01 4.028968841255810389e+02 1.075398723485086236e+02 4.167363263485042069e+01
1.045315829426528564e+00 3.607214908191643872e+02 9.491627731660435074e+01 3.591343564164843372e+01
1.165555054552403824e+00 3.213998387252506177e+02 8.385316959967492778e+01 3.106378708035128255e+01
1.299625000357985227e+00 2.846177590068550671e+02 7.406523398392120328e+01 2.695758611926407511e+01
1.449116568932995452e+00 2.503324369795327300e+02 6.535535570458075938e+01 2.346020188988750377e+01
1.615803658576671964e+00 2.183939192610760358e+02 5.749959953596682283e+01 2.045095552250553794e+01
1.801664213246928048e+00 1.889233627140088743e+02 5.038001246904720887e+01 1.784250121503232478e+01
2.008903693258128342e+00 1.620479495144937516e+02 4.389025136631232016e+01 1.557153477596034996e+01
2.239981245735629400e+00 1.379391910931177279e+02 3.798101559844288033e+01 1.358012590403784081e+01
2.497638885371206374e+00 1.165775705544015324e+02 3.260307725346071805e+01 1.182292060969167125e+01
2.784934031744384253e+00 9.784950157558594697e+01 2.773855296960011074e+01 1.026762133360748486e+01
3.105275789304232426e+00 8.162891454683096981e+01 2.337878927657217787e+01 8.882651510096470915e+00
3.462465400517639402e+00 6.776298192679627164e+01 1.952745473066584481e+01 7.642100626515205164e+00
3.860741352209485999e+00 5.599406744434953254e+01 1.618019842391576901e+01 6.524236060985447061e+00
4.304829670336041580e+00 4.608146629804754468e+01 1.331836329775942573e+01 5.526654182889125799e+00
4.799999999999999822e+00 3.778196158811822869e+01 1.091365296144831909e+01 4.652791821088918311e+00
