1.000000000230258569e-04 3.223812662082123666e+02 1.315873145418327965e+02 7.199825235861369777e+01
1.115026695290953366e-04 3.579458626771968284e+02 1.461102521963431968e+02 7.994124678682305785e+01
1.243284530925187648e-04 3.974364974192096156e+02 1.622376673119728991e+02 8.876050913461692460e+01
1.386295441504667143e-04 4.412772756235557381e+02 1.801451800050813290e+02 9.855205356467662625e+01
1.545756424481938766e-04 4.899511142666533487e+02 2.000343958942035840e+02 1.094239833427349566e+02
1.723559677317991945e-04 5.439979278262686648e+02 2.221219918687708059e+02 1.214959084495954471e+02
1.921815050694108094e-04 6.040028947064056410e+02 2.466492564643016578e+02 1.348983556233814340e+02
2.142875084442451923e-04 6.706223541054109774e+02 2.738895086583595457e+02 1.497773156063946089e+02
2.389362923277018713e-04 7.445695462397443407e+02 3.041363723475247411e+02 1.662962483388078567e+02
2.664203443578849946e-04 8.266531597264254287e+02 3.377213140116412546e+02 1.846342835619161633e+02
2.970657960592480913e-04 9.177506742977400336e+02 3.750107960792183235e+02 2.049891421803836522e+02
3.312362927876497001e-04 1.018816873076226670e+03 4.163934677103513877e+02 2.275740731055845174e+02
3.693373088223966556e-04 1.130930279845575114e+03 4.623140834812008393e+02 2.526328969113862968e+02
4.118209588090659132e-04 1.255239204559623658e+03 5.132432637053484541e+02 2.804267570990760419e+02
4.591913626466918256e-04 1.393004799891936273e+03 5.697001941155325540e+02 3.112433249538996165e+02
5.120106274801957584e-04 1.545604636374029724e+03 6.322490729508923550e+02 3.454010191815085022e+02
5.709055177816341068e-04 1.714548958272727077e+03 7.015012318453947273e+02 3.832377181884732522e+02
6.365748926688486646e-04 1.901436245764537716e+03 7.781070692484463507e+02 4.251339685277598619e+02
7.097979987143026312e-04 2.108031782972940618e+03 8.627786211699911973e+02 4.714850482215736065e+02
7.914437166483044659e-04 2.336310737649288058e+03 9.562982137572467991e+02 5.227252028758268807e+02
8.824808716799498404e-04 2.588269218977243327e+03 1.059466765151905520e+03 5.793035831463793102e+02
9.839897297802024153e-04 2.866078108578308274e+03 1.173176275555296343e+03 6.417138975551029034e+02
1.097174816344422205e-03 3.172090761650615150e+03 1.298376695308776334e+03 7.104686097225506956e+02
1.223379209343287413e-03 3.508690390752141411e+03 1.436044527890786867e+03 7.861116132957100717e+02
1.364100476567608111e-03 3.878377713671875426e+03 1.587213051767196475e+03 8.691820755003020622e+02
1.521008446081769522e-03 4.283733194780053054e+03 1.752920993481856613e+03 9.602537777179783234e+02
1.695965020753673102e-03 4.727307190856836314e+03 1.934226422867757719e+03 1.059890459546433476e+03
1.891046271984591709e-03 5.211455486034988098e+03 2.132142604467286674e+03 1.168637379721818888e+03
2.108567074807741158e-03 5.738524708818147701e+03 2.347601738665151970e+03 1.287013941555076826e+03
2.351108576680822643e-03 6.310460889687226882e+03 2.581466331099670697e+03 1.415509075779414843e+03
2.621548825923003187e-03 6.928920340146037233e+03 2.834374433707713251e+03 1.554467708344711127e+03
2.923096923239734257e-03 7.594971151903192549e+03 3.106841185424840660e+03 1.704147723261922920e+03
3.259331101584665453e-03 8.309106746502942769e+03 3.399070895107472552e+03 1.864688778289834318e+03
3.634241186222156913e-03 9.070873738196607519e+03 3.710854955088575934e+03 2.035983291004529292e+03
4.052275938830490927e-03 9.878988776124317155e+03 4.041788442036881406e+03 2.217762198428383726e+03
4.518395847440812539e-03 1.073101896095021584e+04 4.390754571559239594e+03 2.409460911147713887e+03
5.038131988628217865e-03 1.162283986500695028e+04 4.756061307343403314e+03 2.610145940891269220e+03
5.617651660426248826e-03 1.254895499948674660e+04 5.135489306608019433e+03 2.818579511430620641e+03
6.263831564778516575e-03 1.350155352425697856e+04 5.525858853123108020e+03 3.032964420516315840e+03
6.984339407925946493e-03 1.447052470054141304e+04 5.923052710362405378e+03 3.251098312855800032e+03
7.787724887016851671e-03 1.544340093498250644e+04 6.322003868681087624e+03 3.470131320036814031e+03
8.683521142606049834e-03 1.640445126707221789e+04 6.716280140679541546e+03 3.686677945355630527e+03
9.682357880899711625e-03 1.733502445631974115e+04 7.098206184352839955e+03 3.896462444609354861e+03
1.079608750807801998e-02 1.820159573700914916e+04 7.456661029956678249e+03 4.094244256437270906e+03
1.203792577343234388e-02 1.898564328259766990e+04 7.782921094665032797e+03 4.273855479475799257e+03
1.342260859021738965e-02 1.966037679134978680e+04 8.062917800553625966e+03 4.428418997249704262e+03
1.496656689508787767e-02 2.018985030948061103e+04 8.285239919381536311e+03 4.552788251475668403e+03
1.668812162103823840e-02 2.054455844115760920e+04 8.438444881493658613e+03 4.638550927336110362e+03
1.860770109743517184e-02 2.069400528906627005e+04 8.505826467981465612e+03 4.677112200792724252e+03
2.074808345685756270e-02 2.059903550026968514e+04 8.474985135135269957e+03 4.662008371411121516e+03
2.313466692519383291e-02 2.023343821525721796e+04 8.334510540862946073e+03 4.586831382968448452e+03
2.579577120231610690e-02 1.959881159201690389e+04 8.084482631781144846e+03 4.451032192178819059e+03
2.876297350957714855e-02 1.871305561954661607e+04 7.725951244712392509e+03 4.256565750542997193e+03
3.207148329174031032e-02 1.758974534515523192e+04 7.274474663075802709e+03 4.009856315581002036e+03
3.576056001963404812e-02 1.629897942696202517e+04 6.751805463917269662e+03 3.722634496868567112e+03
3.987397905126498221e-02 1.493515103954973893e+04 6.199865744039121637e+03 3.420436195484327527e+03
4.446055107939526907e-02 1.361548037455998565e+04 5.655637745094025377e+03 3.122162410938616631e+03
4.957470132945773766e-02 1.239815173063254588e+04 5.160967126839544107e+03 2.849134585288392373e+03
5.527711538069327024e-02 1.137595264420034800e+04 4.735975572439792813e+03 2.617333269055982328e+03
6.163545927395905344e-02 1.049759188847299629e+04 4.379668877194933884e+03 2.419690142886364811e+03
6.872518245115814828e-02 9.697086335411477194e+03 4.054254307123582294e+03 2.241187951624821380e+03
7.663041305413779980e-02 8.836242985748291176e+03 3.702200673638586522e+03 2.049028816987611663e+03
8.544495620686157200e-02 7.822230510014124775e+03 3.279619777733416868e+03 1.816135678988532163e+03
9.527340712667957401e-02 6.720057196516732802e+03 2.804572936041534376e+03 1.551219879784064005e+03
1.062323922731101822e-01 5.721760061132566079e+03 2.360621103637771284e+03 1.301018935051933340e+03
1.184519532618636822e-01 4.970159127865343180e+03 2.032509111373992482e+03 1.115971734053150840e+03
1.320770899659224340e-01 4.447145049932441907e+03 1.814614142040323941e+03 9.960978209320522865e+02
1.472694811144383831e-01 3.923725702667276437e+03 1.600293778489028909e+03 8.784324005356631915e+02
1.642094028064348954e-01 3.354568456972388049e+03 1.339808432830894162e+03 7.298639925518651808e+02
1.830978677048002712e-01 2.882988711584443990e+03 1.119750966826312151e+03 6.027521014370880721e+02
2.041590102946942431e-01 2.540302877263917253e+03 9.781716712430377356e+02 5.250400579548906990e+02
2.276427465103479653e-01 2.223645164646233297e+03 8.381919386799025915e+02 4.457671305236521562e+02
2.538277392899435103e-01 1.934643825951229246e+03 7.042043603612409015e+02 3.677918791480683467e+02
2.830247052484705095e-01 1.707804753578509008e+03 6.089791390493680865e+02 3.153539608176600950e+02
3.155801017062329072e-01 1.508352107960947933e+03 5.190876426918534889e+02 2.632460657164704685e+02
3.518802378240603601e-01 1.337758706352524541e+03 4.466620544078741659e+02 2.228840940405513606e+02
3.923558586288135031e-01 1.190334188983464401e+03 3.835018531903584744e+02 1.871243948417439071e+02
4.374872563241952172e-01 1.064968364699506310e+03 3.314196198397063995e+02 1.582558263502750719e+02
4.878099695387512202e-01 9.563795768724710342e+02 2.872714252920170566e+02 1.338280995100254245e+02
5.439211381395319123e-01 8.640004612024121116e+02 2.506000222991675344e+02 1.138044139702852249e+02
6.064865890189676811e-01 7.818756359452482911e+02 2.196609226945936655e+02 9.716919660103224032e+01
6.762487369363893164e-01 7.085367559551525574e+02 1.934051417046060806e+02 8.328831614945401896e+01
7.540353941672404137e-01 6.416021243109782972e+02 1.709204540254552569e+02 7.166155028881210853e+01
8.407695934971151086e-01 5.804745069662432115e+02 1.516192728827745384e+02 6.196803019371802890e+01
9.374805411223435803e-01 5.235983240646052082e+02 1.349806701734976571e+02 5.385623509009555931e+01
1.045315829426528564e+00 4.700599413487242373e+02 1.204135249473667244e+02 4.702598482849185757e+01
1.165555054552403824e+00 4.194995601231867681e+02 1.075299511742310443e+02 4.124608127423610426e+01
1.299625000357985227e+00 3.716797141195647214e+02 9.598104023499155346e+01 3.632085988622846884e+01
1.449116568932995452e+00 3.268319859060501926e+02 8.557090177065771286e+01 3.210999503752314865e+01
1.615803658576671964e+00 2.851154996327627487e+02 7.607177265011222289e+01 2.846856005329677686e+01
1.801664213246928048e+00 2.467370179335624982e+02 6.731940196973033608e+01 2.528444927214233218e+01
2.008903693258128342e+00 2.118123633465265812e+02 5.922348490182140779e+01 2.246100804556462549e+01
2.239981245735629400e+00 1.805190779019330591e+02 5.169062447147335604e+01 1.992327969007683919e+01
2.497638885371206374e+00 1.530266619558316563e+02 4.473130584174552382e+01 1.761782714648208525e+01
2.784934031744384253e+00 1.288269012156437725e+02 3.834088245207619394e+01 1.547458866146030054e+01
3.105275789304232426e+00 1.077336822065580861e+02 3.253192758013756958e+01 1.346221948686660852e+01
3.462465400517639402e+00 8.954384615020344995e+01 2.733456178966293137e+01 1.158051294191136371e+01
3.860741352209485999e+00 7.403831750411866608e+01 2.276763992643926571e+01 9.849455554254452849e+00
4.304829670336041580e+00 6.100762635342352525e+01 1.884088083534137681e+01 8.306209938299877749e+00
4.799999999999999822e+00 5.020500031897947224e+01 1.552042092605538137e+01 6.982928603682624136e+00
