0.001000 7610.249900 
0.001077 8083.171371 
0.001159 8582.904306 
0.001248 9110.537826 
0.001343 9667.179127 
0.001446 10253.638573 
0.001557 10870.713801 
0.001676 11518.891905 
0.001804 12198.519585 
0.001943 12909.699763 
0.002091 13652.022281 
0.002251 14425.206867 
0.002424 15228.146540 
0.002609 16059.830347 
0.002809 16918.333442 
0.003024 17801.658017 
0.003256 18707.201780 
0.003505 19631.354123 
0.003773 20570.669601 
0.004062 21521.060676 
0.004373 22475.614027 
0.004708 23429.621783 
0.005069 24376.838218 
0.005457 25305.948569 
0.005875 26210.548277 
0.006325 27078.489730 
0.006809 27897.664461 
0.007330 28655.945529 
0.007891 29340.381032 
0.008496 29936.024747 
0.009146 30429.313142 
0.009846 30805.437564 
0.010600 31044.661957 
0.011412 31131.073341 
0.012286 31038.474064 
0.013226 30768.519660 
0.014239 30306.202126 
0.015329 29656.837235 
0.016503 28809.686716 
0.017767 27797.911480 
0.019127 26605.863432 
0.020592 25306.467260 
0.022168 23884.802326 
0.023866 22427.664482 
0.025693 20973.515107 
0.027660 19563.381975 
0.029778 18281.801323 
0.032058 17153.969428 
0.034513 16184.591402 
0.037155 15358.803014 
0.040000 14624.501636 
0.041074 14369.567818 
0.042148 14120.157358 
0.043221 13873.327117 
0.044295 13626.069274 
0.045369 13376.622996 
0.046443 13123.448173 
0.047517 12865.635743 
0.048591 12602.807865 
0.049664 12335.059646 
0.050738 12062.158499 
0.051812 11784.884196 
0.052886 11504.069161 
0.053960 11220.611011 
0.055034 10935.702971 
0.056107 10650.758843 
0.057181 10366.597205 
0.058255 10084.773927 
0.059329 9806.635411 
0.060403 9533.512120 
0.061477 9266.649295 
0.062550 9007.481847 
0.063624 8756.568771 
0.064698 8515.194944 
0.065772 8284.153326 
0.066846 8064.187023 
0.067919 7856.020762 
0.068993 7659.746942 
0.070067 7475.822397 
0.071141 7304.417580 
0.072215 7145.517311 
0.073289 6998.938746 
0.074362 6864.527118 
0.075436 6741.557534 
0.076510 6629.558124 
0.077584 6527.748008 
0.078658 6435.247796 
0.079732 6350.986650 
0.080805 6273.823943 
0.081879 6202.320279 
0.082953 6135.165928 
0.084027 6070.864867 
0.085101 6007.969270 
0.086174 5945.061443 
0.087248 5880.674962 
0.088322 5813.659299 
0.089396 5742.945106 
0.090470 5667.804394 
0.091544 5587.713283 
0.092617 5502.642374 
0.093691 5412.525190 
0.094765 5317.915857 
0.095839 5219.524492 
0.096913 5118.285430 
0.097987 5015.259563 
0.099060 4911.691081 
0.100134 4808.547685 
0.101208 4707.023544 
0.102282 4608.117667 
0.103356 4512.676434 
0.104430 4421.339723 
0.105503 4334.680684 
0.106577 4252.802675 
0.107651 4175.901983 
0.108725 4103.921451 
0.109799 4036.667049 
0.110872 3973.928229 
0.111946 3915.216460 
0.113020 3860.238944 
0.114094 3808.577669 
0.115168 3759.891659 
0.116242 3713.834558 
0.117315 3670.168462 
0.118389 3628.559743 
0.119463 3588.854319 
0.120537 3550.856845 
0.121611 3514.402516 
0.122685 3479.321806 
0.123758 3445.453198 
0.124832 3412.521169 
0.125906 3380.318261 
0.126980 3348.602771 
0.128054 3317.088298 
0.129128 3285.521659 
0.130201 3253.657147 
0.131275 3221.231225 
0.132349 3188.086218 
0.133423 3154.110428 
0.134497 3119.245856 
0.135570 3083.531862 
0.136644 3046.961915 
0.137718 3009.704023 
0.138792 2971.918366 
0.139866 2933.803615 
0.140940 2895.564855 
0.142013 2857.461786 
0.143087 2819.615042 
0.144161 2782.256391 
0.145235 2745.564386 
0.146309 2709.660127 
0.147383 2674.673262 
0.148456 2640.714651 
0.149530 2607.772093 
0.150604 2575.923673 
0.151678 2545.181252 
0.152752 2515.550560 
0.153826 2487.003512 
0.154899 2459.550572 
0.155973 2433.104301 
0.157047 2407.647785 
0.158121 2383.127201 
0.159195 2359.493802 
0.160268 2336.711906 
0.161342 2314.673170 
0.162416 2293.342530 
0.163490 2272.655533 
0.164564 2252.542293 
0.165638 2232.929690 
0.166711 2213.787421 
0.167785 2195.011280 
0.168859 2176.559793 
0.169933 2158.377442 
0.171007 2140.412250 
0.172081 2122.624970 
0.173154 2104.989052 
0.174228 2087.434868 
0.175302 2069.965085 
0.176376 2052.552054 
0.177450 2035.187910 
0.178523 2017.873896 
0.179597 2000.586930 
0.180671 1983.345532 
0.181745 1966.155600 
0.182819 1949.040995 
0.183893 1932.007852 
0.184966 1915.087268 
0.186040 1898.278569 
0.187114 1881.612007 
0.188188 1865.105421 
0.189262 1848.779989 
0.190336 1832.659115 
0.191409 1816.764959 
0.192483 1801.084569 
0.193557 1785.654032 
0.194631 1770.467682 
0.195705 1755.546131 
0.196779 1740.895330 
0.197852 1726.522606 
0.198926 1712.405023 
0.200000 1698.554296 
0.201000 1685.902566 
0.205353 1633.375839 
0.209800 1583.602916 
0.214344 1536.124793 
0.218986 1490.477965 
0.223729 1446.296413 
0.228574 1403.393168 
0.233524 1361.712496 
0.238582 1321.293532 
0.243749 1282.223997 
0.249028 1244.562077 
0.254421 1208.328511 
0.259931 1173.490568 
0.265560 1139.974197 
0.271312 1107.672665 
0.277187 1076.499119 
0.283190 1046.338866 
0.289324 1017.107410 
0.295589 988.756002 
0.301991 961.226003 
0.308531 934.499468 
0.315213 908.555565 
0.322040 883.386825 
0.329014 858.989995 
0.336140 835.350129 
0.343420 812.464907 
0.350857 790.326452 
0.358456 768.916492 
0.366219 748.219556 
0.374150 728.218031 
0.382253 708.890611 
0.390531 690.210926 
0.398989 672.159863 
0.407630 654.715998 
0.416458 637.853240 
0.425478 621.549352 
0.434692 605.785822 
0.444106 590.537637 
0.453724 575.786056 
0.463551 561.508386 
0.473590 547.689839 
0.483846 534.309991 
0.494325 521.349974 
0.505031 508.794547 
0.515968 496.626186 
0.527143 484.829060 
0.538559 473.388453 
0.550223 462.289005 
0.562139 451.487300 
0.574313 441.033377 
0.586751 430.874051 
0.599459 420.989339 
0.612441 411.380510 
0.625705 402.041867 
0.639256 392.936182 
0.653100 384.120302 
0.667244 375.555076 
0.681695 367.185951 
0.696459 359.042778 
0.711542 351.101457 
0.726952 343.367570 
0.742696 335.884425 
0.758780 328.517099 
0.775213 321.324189 
0.792002 314.309793 
0.809154 307.446717 
0.826678 300.742701 
0.844582 294.179054 
0.862873 287.757845 
0.881560 281.472032 
0.900652 275.316679 
0.920158 269.285991 
0.940086 263.375140 
0.960445 257.579193 
0.981246 251.891986 
1.002497 246.310771 
1.024208 240.830603 
1.046389 235.446767 
1.069051 230.156122 
1.092204 224.954370 
1.115858 219.838576 
1.140024 214.805409 
1.164714 209.851577 
1.189938 204.975083 
1.215709 200.172531 
1.242037 195.442384 
1.268936 190.782051 
1.296418 186.190399 
1.324494 181.665678 
1.353179 177.205965 
1.382485 172.810927 
1.412426 168.479206 
1.443015 164.209779 
1.474266 160.003136 
1.506195 155.857352 
1.538814 151.773838 
1.572141 147.751058 
1.606189 143.789793 
1.640974 139.889782 
1.676513 136.051444 
1.712821 132.274984 
1.749916 128.560687 
1.787814 124.908657 
1.826533 121.319580 
1.866090 117.793805 
1.906504 114.331480 
1.947794 110.933242 
1.989977 107.599529 
2.033075 104.330375 
2.077105 101.126521 
2.122089 97.987900 
2.168047 94.914972 
2.215001 91.907951 
2.262972 88.966604 
2.311981 86.091699 
2.362052 83.282899 
2.413207 80.540247 
2.465470 77.863570 
2.518865 75.252778 
2.573416 72.707643 
2.629149 70.228137 
2.686089 67.813671 
2.744262 65.463869 
2.803695 63.178539 
2.864414 60.956690 
2.926449 58.798079 
2.989828 56.701683 
3.054579 54.667125 
3.120732 52.693327 
3.188318 50.779505 
3.257368 48.924563 
3.327913 47.127715 
3.399986 45.387613 
3.473620 43.703291 
3.548848 42.073487 
3.625706 40.497020 
3.704229 38.972740 
3.784451 37.499391 
3.866412 36.075389 
3.950147 34.699872 
4.035696 33.371259 
4.123097 32.088387 
4.212391 30.849954 
4.303620 29.654711 
4.396824 28.501551 
4.492046 27.389262 
4.589331 26.316643 
4.688722 25.282678 
4.790267 24.286292 
4.894010 23.326456 
5.000000 22.402163 
