0.001000 19239.228617 
0.001077 20315.835381 
0.001159 21451.080672 
0.001248 22648.292719 
0.001343 23909.711137 
0.001446 25237.536715 
0.001557 26632.867355 
0.001676 28096.501874 
0.001804 29628.185561 
0.001943 31226.339050 
0.002091 32888.330046 
0.002251 34610.777161 
0.002424 36388.158705 
0.002609 38213.805376 
0.002809 40079.794577 
0.003024 41975.981097 
0.003256 43891.785645 
0.003505 45813.154041 
0.003773 47726.365171 
0.004062 49616.305614 
0.004373 51462.323983 
0.004708 53249.067132 
0.005069 54957.597386 
0.005457 56562.025596 
0.005875 58045.017549 
0.006325 59382.440087 
0.006809 60547.342807 
0.007330 61512.468541 
0.007891 62249.277065 
0.008496 62723.516952 
0.009146 62898.064222 
0.009846 62754.130192 
0.010600 62258.511702 
0.011412 61391.493630 
0.012286 60144.248491 
0.013226 58498.521842 
0.014239 56452.825759 
0.015329 54029.780190 
0.016503 51424.628621 
0.017767 48440.375314 
0.019127 45264.790156 
0.020592 41820.980519 
0.022168 38437.853978 
0.023866 35193.300385 
0.025693 32195.713218 
0.027660 29505.634532 
0.029778 27168.211087 
0.032058 25261.271512 
0.034513 23755.638116 
0.037155 22508.440510 
0.040000 21376.392660 
0.041074 20972.674057 
0.042148 20570.372218 
0.043221 20163.841445 
0.044295 19746.919049 
0.045369 19315.928874 
0.046443 18867.971735 
0.047517 18401.623093 
0.048591 17916.779194 
0.049664 17415.153475 
0.050738 16898.122397 
0.051812 16369.352483 
0.052886 15832.920472 
0.053960 15293.215964 
0.055034 14755.091856 
0.056107 14223.956033 
0.057181 13703.676337 
0.058255 13199.299014 
0.059329 12714.928686 
0.060403 12254.158054 
0.061477 11819.934467 
0.062550 11414.932050 
0.063624 11040.059548 
0.064698 10696.712494 
0.065772 10385.123396 
0.066846 10104.972260 
0.067919 9855.577091 
0.068993 9635.001248 
0.070067 9441.469839 
0.071141 9272.637817 
0.072215 9125.687056 
0.073289 8997.513982 
0.074362 8884.964177 
0.075436 8784.351023 
0.076510 8692.322024 
0.077584 8605.456654 
0.078658 8520.514121 
0.079732 8434.588017 
0.080805 8345.172916 
0.081879 8250.034446 
0.082953 8147.746363 
0.084027 8037.291710 
0.085101 7918.321901 
0.086174 7791.066693 
0.087248 7655.875435 
0.088322 7513.931980 
0.089396 7366.437789 
0.090470 7214.930649 
0.091544 7060.961197 
0.092617 6906.204889 
0.093691 6751.895357 
0.094765 6599.493182 
0.095839 6450.153101 
0.096913 6304.889863 
0.097987 6164.457091 
0.099060 6029.542553 
0.100134 5900.349410 
0.101208 5777.243773 
0.102282 5660.377876 
0.103356 5549.795592 
0.104430 5445.442187 
0.105503 5347.319046 
0.106577 5255.111145 
0.107651 5168.749604 
0.108725 5088.032626 
0.109799 5012.764669 
0.110872 4942.753410 
0.111946 4877.602407 
0.113020 4817.078898 
0.114094 4760.792609 
0.115168 4708.353062 
0.116242 4659.310377 
0.117315 4613.172404 
0.118389 4569.327697 
0.119463 4527.222263 
0.120537 4486.279390 
0.121611 4445.900838 
0.122685 4405.526151 
0.123758 4364.671373 
0.124832 4322.810209 
0.125906 4279.583505 
0.126980 4234.736001 
0.128054 4188.077345 
0.129128 4139.534487 
0.130201 4089.172542 
0.131275 4037.030973 
0.132349 3983.374247 
0.133423 3928.496185 
0.134497 3872.746600 
0.135570 3816.568923 
0.136644 3760.266497 
0.137718 3704.310270 
0.138792 3649.096811 
0.139866 3595.003872 
0.140940 3542.362275 
0.142013 3491.488540 
0.143087 3442.504321 
0.144161 3395.624237 
0.145235 3350.945231 
0.146309 3308.487888 
0.147383 3268.247886 
0.148456 3230.202771 
0.149530 3194.155862 
0.150604 3160.004760 
0.151678 3127.591315 
0.152752 3096.728761 
0.153826 3067.207354 
0.154899 3038.881008 
0.155973 3011.481747 
0.157047 2984.859967 
0.158121 2958.841190 
0.159195 2933.264080 
0.160268 2908.026723 
0.161342 2882.968686 
0.162416 2858.022713 
0.163490 2833.121238 
0.164564 2808.218727 
0.165638 2783.271774 
0.166711 2758.320298 
0.167785 2733.299897 
0.168859 2708.270419 
0.169933 2683.251075 
0.171007 2658.273242 
0.172081 2633.389606 
0.173154 2608.654723 
0.174228 2584.070950 
0.175302 2559.706450 
0.176376 2535.599920 
0.177450 2511.795900 
0.178523 2488.325241 
0.179597 2465.201473 
0.180671 2442.451946 
0.181745 2420.099080 
0.182819 2398.162714 
0.183893 2376.637835 
0.184966 2355.557361 
0.186040 2334.875545 
0.187114 2314.621147 
0.188188 2294.771470 
0.189262 2275.324524 
0.190336 2256.273049 
0.191409 2237.609855 
0.192483 2219.292565 
0.193557 2201.326780 
0.194631 2183.688100 
0.195705 2166.371011 
0.196779 2149.357178 
0.197852 2132.645829 
0.198926 2116.188076 
0.200000 2099.993638 
0.201000 2085.137522 
0.205353 2022.744549 
0.209800 1962.394819 
0.214344 1903.886190 
0.218986 1847.203463 
0.223729 1792.412844 
0.228574 1739.628925 
0.233524 1688.907289 
0.238582 1640.232752 
0.243749 1593.527087 
0.249028 1548.653269 
0.254421 1505.446368 
0.259931 1463.742654 
0.265560 1423.400336 
0.271312 1384.314170 
0.277187 1346.424018 
0.283190 1309.668004 
0.289324 1274.015930 
0.295589 1239.458872 
0.301991 1205.971717 
0.308531 1173.542425 
0.315213 1142.148271 
0.322040 1111.771647 
0.329014 1082.387144 
0.336140 1053.954391 
0.343420 1026.446622 
0.350857 999.831374 
0.358456 974.068975 
0.366219 949.134049 
0.374150 924.997752 
0.382253 901.631667 
0.390531 879.008418 
0.398989 857.100508 
0.407630 835.891145 
0.416458 815.356580 
0.425478 795.471407 
0.434692 776.218473 
0.444106 757.577057 
0.453724 739.522897 
0.463551 722.030214 
0.473590 705.086916 
0.483846 688.669136 
0.494325 672.752197 
0.505031 657.318600 
0.515968 642.346192 
0.527143 627.816214 
0.538559 613.709150 
0.550223 600.015033 
0.562139 586.741424 
0.574313 573.790367 
0.586751 561.223353 
0.599459 548.946716 
0.612441 537.029180 
0.625705 525.394821 
0.639256 514.023292 
0.653100 502.943387 
0.667244 492.118605 
0.681695 481.569982 
0.696459 471.273974 
0.711542 461.219117 
0.726952 451.393206 
0.742696 441.665930 
0.758780 432.263586 
0.775213 423.057963 
0.792002 414.024269 
0.809154 405.190367 
0.826678 396.534407 
0.844582 388.039914 
0.862873 379.706225 
0.881560 371.526850 
0.900652 363.494376 
0.920158 355.604442 
0.940086 347.851352 
0.960445 340.230182 
0.981246 332.733322 
1.002497 325.360105 
1.024208 318.104890 
1.046389 310.962577 
1.069051 303.930106 
1.092204 297.004758 
1.115858 290.182558 
1.140024 283.461351 
1.164714 276.837071 
1.189938 270.309487 
1.215709 263.875386 
1.242037 257.533090 
1.268936 251.281212 
1.296418 245.118984 
1.324494 239.045512 
1.353179 233.058585 
1.382485 227.159808 
1.412426 221.347300 
1.443015 215.621462 
1.474266 209.982372 
1.506195 204.429408 
1.538814 198.963403 
1.572141 193.584445 
1.606189 188.293373 
1.640974 183.090102 
1.676513 177.975573 
1.712821 172.949408 
1.749916 168.012645 
1.787814 163.166197 
1.826533 158.409897 
1.866090 153.744312 
1.906504 149.169516 
1.947794 144.686719 
1.989977 140.295111 
2.033075 135.995842 
2.077105 131.788156 
2.122089 127.672701 
2.168047 123.649237 
2.215001 119.717695 
2.262972 115.877277 
2.311981 112.128854 
2.362052 108.471083 
2.413207 104.904248 
2.465470 101.427069 
2.518865 98.039384 
2.573416 94.740537 
2.629149 91.529508 
2.686089 88.405713 
2.744262 85.367839 
2.803695 82.415578 
2.864414 79.547140 
2.926449 76.761864 
2.989828 74.058151 
3.054579 71.435065 
3.120732 68.891161 
3.188318 66.425149 
3.257368 64.034995 
3.327913 61.719901 
3.399986 59.477992 
3.473620 57.307503 
3.548848 55.207045 
3.625706 53.174786 
3.704229 51.209194 
3.784451 49.308642 
3.866412 47.470991 
3.950147 45.695021 
4.035696 43.978777 
4.123097 42.320570 
4.212391 40.718905 
4.303620 39.171986 
4.396824 37.678417 
4.492046 36.236685 
4.589331 34.845260 
4.688722 33.502749 
4.790267 32.207928 
4.894010 30.959400 
5.000000 29.755828 
