0.001000 10575.800883 
0.001077 11273.807068 
0.001159 12014.647451 
0.001248 12800.167835 
0.001343 13632.056800 
0.001446 14511.570364 
0.001557 15440.104677 
0.001676 16418.394208 
0.001804 17447.077253 
0.001943 18526.161728 
0.002091 19655.388486 
0.002251 20833.911304 
0.002424 22060.105691 
0.002609 23332.193425 
0.002809 24647.079313 
0.003024 26001.302932 
0.003256 27390.585145 
0.003505 28809.445194 
0.003773 30251.278509 
0.004062 31709.719239 
0.004373 33173.910679 
0.004708 34635.960425 
0.005069 36085.197263 
0.005457 37505.071098 
0.005875 38883.729400 
0.006325 40203.261487 
0.006809 41445.790855 
0.007330 42590.607740 
0.007891 43618.627582 
0.008496 44503.848227 
0.009146 45232.117468 
0.009846 45762.935827 
0.010600 46083.379255 
0.011412 46161.791262 
0.012286 45988.049414 
0.013226 45553.770363 
0.014239 44823.623901 
0.015329 43792.996577 
0.016503 42491.336211 
0.017767 40928.457535 
0.019127 39120.445832 
0.020592 37080.025345 
0.022168 34949.564019 
0.023866 32756.826697 
0.025693 30605.931658 
0.027660 28530.081348 
0.029778 26591.036290 
0.032058 24879.093622 
0.034513 23428.967569 
0.037155 22190.262574 
0.040000 21060.138284 
0.041074 20661.664691 
0.042148 20271.317770 
0.043221 19885.502902 
0.044295 19500.808133 
0.045369 19115.286863 
0.046443 18726.972276 
0.047517 18334.510099 
0.048591 17936.699307 
0.049664 17533.411476 
0.050738 17123.866130 
0.051812 16708.609324 
0.052886 16288.345022 
0.053960 15864.142736 
0.055034 15437.380725 
0.056107 15010.168388 
0.057181 14583.663667 
0.058255 14160.447106 
0.059329 13742.819224 
0.060403 13333.123012 
0.061477 12933.692967 
0.062550 12547.255083 
0.063624 12175.198052 
0.064698 11819.928369 
0.065772 11483.044142 
0.066846 11165.974193 
0.067919 10870.013289 
0.068993 10595.244122 
0.070067 10342.174480 
0.071141 10110.648097 
0.072215 9900.141723 
0.073289 9709.708166 
0.074362 9538.309667 
0.075436 9384.044381 
0.076510 9245.272372 
0.077584 9119.942794 
0.078658 9005.903183 
0.079732 8900.878459 
0.080805 8802.582882 
0.081879 8708.551579 
0.082953 8616.667971 
0.084027 8524.820860 
0.085101 8431.221075 
0.086174 8334.335399 
0.087248 8232.766843 
0.088322 8125.746753 
0.089396 8012.702599 
0.090470 7893.576126 
0.091544 7768.559621 
0.092617 7638.392730 
0.093691 7503.659074 
0.094765 7365.521253 
0.095839 7225.257475 
0.096913 7084.131579 
0.097987 6943.455481 
0.099060 6804.554507 
0.100134 6668.359390 
0.101208 6535.962190 
0.102282 6408.157452 
0.103356 6285.548635 
0.104430 6168.547207 
0.105503 6057.479142 
0.106577 5952.173928 
0.107651 5852.637176 
0.108725 5758.658355 
0.109799 5669.913185 
0.110872 5586.110723 
0.111946 5506.673887 
0.113020 5431.282106 
0.114094 5359.476546 
0.115168 5290.903760 
0.116242 5225.208186 
0.117315 5162.115507 
0.118389 5101.279499 
0.119463 5042.518785 
0.120537 4985.641959 
0.121611 4930.513501 
0.122685 4876.976300 
0.123758 4824.949637 
0.124832 4774.183077 
0.125906 4724.597920 
0.126980 4676.038160 
0.128054 4628.318183 
0.129128 4581.272803 
0.130201 4534.731229 
0.131275 4488.439608 
0.132349 4442.232020 
0.133423 4395.929103 
0.134497 4349.389626 
0.135570 4302.511697 
0.136644 4255.119818 
0.137718 4207.216299 
0.138792 4158.802293 
0.139866 4109.948898 
0.140940 4060.739522 
0.142013 4011.390066 
0.143087 3961.991283 
0.144161 3912.802284 
0.145235 3864.086414 
0.146309 3816.059706 
0.147383 3768.979669 
0.148456 3723.110737 
0.149530 3678.533647 
0.150604 3635.459159 
0.151678 3593.979866 
0.152752 3554.181117 
0.153826 3516.049552 
0.154899 3479.609868 
0.155973 3444.716770 
0.157047 3411.310513 
0.158121 3379.252743 
0.159195 3348.401456 
0.160268 3318.633654 
0.161342 3289.731351 
0.162416 3261.574724 
0.163490 3234.020479 
0.164564 3206.926330 
0.165638 3180.182067 
0.166711 3153.730726 
0.167785 3127.431717 
0.168859 3101.262568 
0.169933 3075.187936 
0.171007 3049.174657 
0.172081 3023.233509 
0.173154 2997.384193 
0.174228 2971.588744 
0.175302 2945.909919 
0.176376 2920.366578 
0.177450 2894.992930 
0.178523 2869.840119 
0.179597 2844.901441 
0.180671 2820.226504 
0.181745 2795.845406 
0.182819 2771.793390 
0.183893 2748.074312 
0.184966 2724.736012 
0.186040 2701.748839 
0.187114 2679.149530 
0.188188 2656.938537 
0.189262 2635.124186 
0.190336 2613.701579 
0.191409 2592.681828 
0.192483 2572.026937 
0.193557 2551.751247 
0.194631 2531.835462 
0.195705 2512.282220 
0.196779 2493.074800 
0.197852 2474.214289 
0.198926 2455.653953 
0.200000 2437.393877 
0.201000 2420.667387 
0.205353 2350.531719 
0.209800 2282.850367 
0.214344 2217.223320 
0.218986 2153.425305 
0.223729 2091.414311 
0.228574 2031.308391 
0.233524 1973.272200 
0.238582 1917.477919 
0.243749 1864.041949 
0.249028 1812.985676 
0.254421 1764.224110 
0.259931 1717.579753 
0.265560 1672.820082 
0.271312 1629.684468 
0.277187 1587.953978 
0.283190 1547.410999 
0.289324 1507.894637 
0.295589 1469.328820 
0.301991 1431.642055 
0.308531 1394.828169 
0.315213 1358.896815 
0.322040 1323.880275 
0.329014 1289.823470 
0.336140 1256.744290 
0.343420 1224.678525 
0.350857 1193.637599 
0.358456 1163.610620 
0.366219 1134.587777 
0.374150 1106.545653 
0.382253 1079.450206 
0.390531 1053.261477 
0.398989 1027.937425 
0.407630 1003.440951 
0.416458 979.724861 
0.425478 956.750215 
0.434692 934.481752 
0.444106 912.882831 
0.453724 891.919905 
0.463551 871.558692 
0.473590 851.778197 
0.483846 832.551369 
0.494325 813.850335 
0.505031 795.655676 
0.515968 777.945901 
0.527143 760.699745 
0.538559 743.900656 
0.550223 727.482246 
0.562139 711.486656 
0.574313 695.910380 
0.586751 680.686261 
0.599459 665.815195 
0.612441 651.399335 
0.625705 637.249266 
0.639256 623.410824 
0.653100 609.867987 
0.667244 596.650323 
0.681695 583.707418 
0.696459 571.048147 
0.711542 558.617802 
0.726952 546.448931 
0.742696 534.539222 
0.758780 522.823209 
0.775213 511.325218 
0.792002 500.040543 
0.809154 488.925490 
0.826678 478.061242 
0.844582 467.354379 
0.862873 456.827525 
0.881560 446.474809 
0.900652 436.287828 
0.920158 426.263309 
0.940086 416.393613 
0.960445 406.677013 
0.981246 397.103969 
1.002497 387.675502 
1.024208 378.384810 
1.046389 369.228874 
1.069051 360.205028 
1.092204 351.311193 
1.115858 342.544191 
1.140024 333.903855 
1.164714 325.384597 
1.189938 316.989993 
1.215709 308.716491 
1.242037 300.564339 
1.268936 292.533045 
1.296418 284.622451 
1.324494 276.834122 
1.353179 269.166258 
1.382485 261.621432 
1.412426 254.200023 
1.443015 246.901986 
1.474266 239.729927 
1.506195 232.682802 
1.538814 225.763998 
1.572141 218.972884 
1.606189 212.311778 
1.640974 205.780666 
1.676513 199.380960 
1.712821 193.113681 
1.749916 186.978976 
1.787814 180.977874 
1.826533 175.110888 
1.866090 169.378166 
1.906504 163.779379 
1.947794 158.315345 
1.989977 152.985222 
2.033075 147.789066 
2.077105 142.726293 
2.122089 137.795948 
2.168047 132.997644 
2.215001 128.329816 
2.262972 123.791398 
2.311981 119.381757 
2.362052 115.098986 
2.413207 110.941917 
2.465470 106.908239 
2.518865 102.996562 
2.573416 99.205039 
2.629149 95.531574 
2.686089 91.974234 
2.744262 88.530572 
2.803695 85.198991 
2.864414 81.976283 
2.926449 78.860681 
2.989828 75.849575 
3.054579 72.940662 
3.120732 70.131468 
3.188318 67.419288 
3.257368 64.801350 
3.327913 62.275560 
3.399986 59.839065 
3.473620 57.489278 
3.548848 55.223843 
3.625706 53.040020 
3.704229 50.935627 
3.784451 48.908033 
3.866412 46.954636 
3.950147 45.073487 
4.035696 43.261986 
4.123097 41.517904 
4.212391 39.839188 
4.303620 38.223593 
4.396824 36.669182 
4.492046 35.173948 
4.589331 33.735914 
4.688722 32.353334 
4.790267 31.024421 
4.894010 29.747316 
5.000000 28.520476 
