0.001000 32242.403845 
0.001077 33852.556253 
0.001159 35540.221945 
0.001248 37307.918602 
0.001343 39158.015284 
0.001446 41091.755498 
0.001557 43109.741112 
0.001676 45211.186818 
0.001804 47394.541500 
0.001943 49655.871047 
0.002091 51990.923413 
0.002251 54392.332519 
0.002424 56850.993405 
0.002609 59356.434463 
0.002809 61893.226509 
0.003024 64445.688197 
0.003256 66994.477681 
0.003505 69516.606924 
0.003773 71989.600847 
0.004062 74387.367154 
0.004373 76677.206806 
0.004708 78833.720788 
0.005069 80826.791977 
0.005457 82621.717882 
0.005875 84189.597064 
0.006325 85497.514127 
0.006809 86517.500950 
0.007330 87219.833566 
0.007891 87574.011957 
0.008496 87554.232990 
0.009146 87127.076237 
0.009846 86279.424882 
0.010600 84981.680281 
0.011412 83230.432428 
0.012286 80999.184020 
0.013226 78276.528926 
0.014239 75099.093597 
0.015329 71490.414473 
0.016503 67524.342084 
0.017767 63271.701741 
0.019127 58805.823800 
0.020592 54233.395436 
0.022168 49847.030746 
0.023866 45475.365098 
0.025693 41328.570538 
0.027660 37509.295256 
0.029778 34118.195441 
0.032058 31339.153821 
0.034513 29060.153259 
0.037155 27111.093191 
0.040000 25401.654031 
0.041074 24823.666953 
0.042148 24266.881918 
0.043221 23722.654997 
0.044295 23180.556775 
0.045369 22634.136334 
0.046443 22078.581312 
0.047517 21510.306984 
0.048591 20927.139339 
0.049664 20330.108537 
0.050738 19719.999470 
0.051812 19099.836915 
0.052886 18473.415362 
0.053960 17845.349691 
0.055034 17220.336197 
0.056107 16603.673678 
0.057181 15999.082090 
0.058255 15411.591369 
0.059329 14845.388510 
0.060403 14303.877426 
0.061477 13789.834473 
0.062550 13305.959650 
0.063624 12852.977410 
0.064698 12432.305956 
0.065772 12044.022491 
0.066846 11687.876691 
0.067919 11363.328396 
0.068993 11068.383975 
0.070067 10801.497549 
0.071141 10560.536216 
0.072215 10343.077654 
0.073289 10146.432507 
0.074362 9968.037950 
0.075436 9804.783391 
0.076510 9654.093239 
0.077584 9513.197040 
0.078658 9379.703233 
0.079732 9251.275075 
0.080805 9126.022559 
0.081879 9001.973036 
0.082953 8877.792621 
0.084027 8752.246685 
0.085101 8624.449381 
0.086174 8493.863677 
0.087248 8359.805707 
0.088322 8222.202806 
0.089396 8080.929128 
0.090470 7936.148467 
0.091544 7788.086049 
0.092617 7637.287825 
0.093691 7484.039845 
0.094765 7329.136660 
0.095839 7173.370152 
0.096913 7017.668733 
0.097987 6863.002298 
0.099060 6710.502134 
0.100134 6560.980532 
0.101208 6415.560615 
0.102282 6275.140290 
0.103356 6140.515295 
0.104430 6012.343823 
0.105503 5891.152134 
0.106577 5777.013041 
0.107651 5670.068559 
0.108725 5570.191554 
0.109799 5477.085946 
0.110872 5390.368540 
0.111946 5309.355607 
0.113020 5233.506262 
0.114094 5162.127388 
0.115168 5094.581724 
0.116242 5030.242645 
0.117315 4968.575672 
0.118389 4908.964954 
0.119463 4851.031627 
0.120537 4794.385719 
0.121611 4738.737942 
0.122685 4683.867378 
0.123758 4629.612621 
0.124832 4575.742468 
0.125906 4522.174179 
0.126980 4468.841697 
0.128054 4415.661217 
0.129128 4362.592819 
0.130201 4309.627607 
0.131275 4256.663163 
0.132349 4203.724342 
0.133423 4150.840754 
0.134497 4098.043358 
0.135570 4045.422567 
0.136644 3992.950691 
0.137718 3940.756935 
0.138792 3888.946592 
0.139866 3837.638791 
0.140940 3786.937681 
0.142013 3737.027370 
0.143087 3687.918136 
0.144161 3639.786858 
0.145235 3592.739341 
0.146309 3546.860855 
0.147383 3502.241721 
0.148456 3458.981716 
0.149530 3417.027298 
0.150604 3376.457291 
0.151678 3337.249344 
0.152752 3299.407632 
0.153826 3262.867969 
0.154899 3227.625997 
0.155973 3193.534884 
0.157047 3160.541469 
0.158121 3128.559212 
0.159195 3097.491821 
0.160268 3067.269307 
0.161342 3037.734399 
0.162416 3008.829472 
0.163490 2980.469078 
0.164564 2952.568010 
0.165638 2925.045669 
0.166711 2897.889237 
0.167785 2870.979027 
0.168859 2844.316848 
0.169933 2817.862202 
0.171007 2791.592820 
0.172081 2765.512794 
0.173154 2739.639132 
0.174228 2713.915251 
0.175302 2688.393635 
0.176376 2663.072378 
0.177450 2637.987111 
0.178523 2613.155410 
0.179597 2588.572836 
0.180671 2564.277101 
0.181745 2540.282382 
0.182819 2516.626254 
0.183893 2493.302362 
0.184966 2470.351654 
0.186040 2447.750048 
0.187114 2425.535197 
0.188188 2403.701244 
0.189262 2382.253012 
0.190336 2361.203332 
0.191409 2340.553205 
0.192483 2320.274060 
0.193557 2300.381247 
0.194631 2280.855153 
0.195705 2261.701323 
0.196779 2242.905551 
0.197852 2224.475395 
0.198926 2206.359289 
0.200000 2188.566733 
0.201000 2172.285588 
0.205353 2104.298105 
0.209800 2039.126692 
0.214344 1976.294675 
0.218986 1915.490284 
0.223729 1856.545568 
0.228574 1799.450677 
0.233524 1744.266838 
0.238582 1691.087924 
0.243749 1639.984028 
0.249028 1590.968506 
0.254421 1543.991367 
0.259931 1498.954050 
0.265560 1455.730695 
0.271312 1414.173726 
0.277187 1374.163880 
0.283190 1335.553798 
0.289324 1298.221076 
0.295589 1262.080455 
0.301991 1227.030226 
0.308531 1193.025088 
0.315213 1160.022306 
0.322040 1128.006838 
0.329014 1096.973903 
0.336140 1066.906940 
0.343420 1037.798565 
0.350857 1009.640513 
0.358456 982.407461 
0.366219 956.086851 
0.374150 930.660928 
0.382253 906.096053 
0.390531 882.368817 
0.398989 859.444834 
0.407630 837.296262 
0.416458 815.888939 
0.425478 795.192379 
0.434692 775.180563 
0.444106 755.818713 
0.453724 737.080904 
0.463551 718.935955 
0.473590 701.364817 
0.483846 684.339086 
0.494325 667.831094 
0.505031 651.823964 
0.515968 636.292835 
0.527143 621.216406 
0.538559 606.577036 
0.550223 592.386152 
0.562139 578.506642 
0.574313 565.061219 
0.586751 551.940752 
0.599459 538.683326 
0.612441 526.301080 
0.625705 514.244723 
0.639256 502.497327 
0.653100 491.083127 
0.667244 479.957672 
0.681695 468.988070 
0.696459 458.318358 
0.711542 447.922359 
0.726952 437.755649 
0.742696 427.729817 
0.758780 418.007742 
0.775213 408.491558 
0.792002 399.173868 
0.809154 389.992651 
0.826678 381.053084 
0.844582 372.287342 
0.862873 363.691554 
0.881560 355.258557 
0.900652 346.982031 
0.920158 338.857621 
0.940086 330.877968 
0.960445 323.040897 
0.981246 315.337985 
1.002497 307.768004 
1.024208 300.325753 
1.046389 293.007266 
1.069051 285.809250 
1.092204 278.729000 
1.115858 271.762687 
1.140024 264.909301 
1.164714 258.163905 
1.189938 251.527888 
1.215709 244.996828 
1.242037 238.570737 
1.268936 232.247831 
1.296418 226.026713 
1.324494 219.908366 
1.353179 213.890052 
1.382485 207.972936 
1.412426 202.156226 
1.443015 196.439375 
1.474266 190.823438 
1.506195 185.307273 
1.538814 179.892261 
1.572141 174.577667 
1.606189 169.364968 
1.640974 164.253024 
1.676513 159.243057 
1.712821 154.334724 
1.749916 149.528261 
1.787814 144.824489 
1.826533 140.222686 
1.866090 135.723354 
1.906504 131.326003 
1.947794 127.030884 
1.989977 122.837418 
2.033075 118.745797 
2.077105 114.754960 
2.122089 110.864897 
2.168047 107.074971 
2.215001 103.383942 
2.262972 99.791324 
2.311981 96.296632 
2.362052 92.898314 
2.413207 89.596036 
2.465470 86.387778 
2.518865 83.272846 
2.573416 80.249972 
2.629149 77.317791 
2.686089 74.475010 
2.744262 71.719596 
2.803695 69.050926 
2.864414 66.466640 
2.926449 63.965526 
2.989828 61.545644 
3.054579 59.205496 
3.120732 56.943316 
3.188318 54.757323 
3.257368 52.645345 
3.327913 50.606010 
3.399986 48.637284 
3.473620 46.737248 
3.548848 44.904086 
3.625706 43.135872 
3.704229 41.430885 
3.784451 39.787312 
3.866412 38.203013 
3.950147 36.676613 
4.035696 35.206112 
4.123097 33.789764 
4.212391 32.426081 
4.303620 31.113240 
4.396824 29.849717 
4.492046 28.634016 
4.589331 27.464514 
4.688722 26.340018 
4.790267 25.258878 
4.894010 24.219876 
5.000000 23.221618 
