0.001000 12389.910987 
0.001077 13087.022753 
0.001159 13816.436545 
0.001248 14578.960611 
0.001343 15375.182812 
0.001446 16205.405612 
0.001557 17069.528465 
0.001676 17967.239413 
0.001804 18897.951710 
0.001943 19860.255169 
0.002091 20852.652843 
0.002251 21873.108773 
0.002424 22918.610935 
0.002609 23986.161391 
0.002809 25071.924256 
0.003024 26171.059518 
0.003256 27278.871067 
0.003505 28388.724655 
0.003773 29494.635228 
0.004062 30589.991814 
0.004373 31664.969829 
0.004708 32712.961665 
0.005069 33723.760956 
0.005457 34685.652881 
0.005875 35589.086905 
0.006325 36420.425810 
0.006809 37164.831165 
0.007330 37807.340087 
0.007891 38331.655753 
0.008496 38722.200776 
0.009146 38962.288842 
0.009846 39039.104186 
0.010600 38934.445012 
0.011412 38641.901932 
0.012286 38148.059080 
0.013226 37434.568170 
0.014239 36499.514351 
0.015329 35333.136179 
0.016503 33961.588839 
0.017767 32405.748139 
0.019127 30684.186846 
0.020592 28851.305167 
0.022168 26923.764619 
0.023866 24999.056597 
0.025693 23135.094872 
0.027660 21328.565128 
0.029778 19674.316670 
0.032058 18230.558946 
0.034513 17002.623620 
0.037155 15955.898525 
0.040000 15040.716750 
0.041074 14732.813085 
0.042148 14438.023675 
0.043221 14152.108636 
0.044295 13870.556004 
0.045369 13590.009881 
0.046443 13307.600600 
0.047517 13021.314221 
0.048591 12729.544031 
0.049664 12431.802880 
0.050738 12127.496569 
0.051812 11817.235643 
0.052886 11501.932646 
0.053960 11182.884815 
0.055034 10861.741679 
0.056107 10540.509401 
0.057181 10220.530845 
0.058255 9904.105325 
0.059329 9593.159730 
0.060403 9289.478122 
0.061477 8994.784524 
0.062550 8710.869834 
0.063624 8438.439668 
0.064698 8178.831731 
0.065772 7932.809283 
0.066846 7700.961164 
0.067919 7483.820907 
0.068993 7281.097382 
0.070067 7092.884061 
0.071141 6918.947181 
0.072215 6758.851861 
0.073289 6611.958393 
0.074362 6477.712476 
0.075436 6355.004145 
0.076510 6243.016377 
0.077584 6140.641148 
0.078658 6046.769650 
0.079732 5960.192942 
0.080805 5879.690517 
0.081879 5803.836896 
0.082953 5731.424848 
0.084027 5661.139094 
0.085101 5591.814499 
0.086174 5522.382246 
0.087248 5451.686736 
0.088322 5379.016958 
0.089396 5303.630190 
0.090470 5225.127457 
0.091544 5143.203787 
0.092617 5057.949127 
0.093691 4969.314766 
0.094765 4877.746582 
0.095839 4783.754162 
0.096913 4687.983627 
0.097987 4591.160856 
0.099060 4494.137280 
0.100134 4397.555154 
0.101208 4302.271883 
0.102282 4209.009499 
0.103356 4118.411235 
0.104430 4031.014221 
0.105503 3947.314439 
0.106577 3867.460521 
0.107651 3791.726107 
0.108725 3720.176310 
0.109799 3652.776657 
0.110872 3589.492355 
0.111946 3530.012725 
0.113020 3474.185648 
0.114094 3421.745246 
0.115168 3372.429274 
0.116242 3325.972189 
0.117315 3282.150378 
0.118389 3240.631729 
0.119463 3201.233994 
0.120537 3163.719512 
0.121611 3127.882463 
0.122685 3093.498520 
0.123758 3060.386776 
0.124832 3028.266729 
0.125906 2996.938512 
0.126980 2966.194832 
0.128054 2935.800840 
0.129128 2905.547434 
0.130201 2875.256244 
0.131275 2844.705302 
0.132349 2813.767221 
0.133423 2782.348970 
0.134497 2750.365168 
0.135570 2717.828124 
0.136644 2684.683287 
0.137718 2651.004961 
0.138792 2616.885169 
0.139866 2582.430485 
0.140940 2547.784487 
0.142013 2513.117743 
0.143087 2478.516506 
0.144161 2444.174221 
0.145235 2410.248444 
0.146309 2376.865721 
0.147383 2344.169579 
0.148456 2312.299002 
0.149530 2281.278204 
0.150604 2251.224260 
0.151678 2222.177116 
0.152752 2194.189727 
0.153826 2167.257914 
0.154899 2141.410821 
0.155973 2116.586462 
0.157047 2092.758898 
0.158121 2069.898467 
0.159195 2047.932702 
0.160268 2026.825509 
0.161342 2006.461171 
0.162416 1986.784329 
0.163490 1967.723654 
0.164564 1949.197888 
0.165638 1931.125431 
0.166711 1913.464124 
0.167785 1896.105624 
0.168859 1879.012911 
0.169933 1862.128721 
0.171007 1845.406804 
0.172081 1828.811904 
0.173154 1812.329830 
0.174228 1795.902586 
0.175302 1779.534529 
0.176376 1763.212324 
0.177450 1746.942540 
0.178523 1730.730429 
0.179597 1714.565017 
0.180671 1698.468504 
0.181745 1682.455071 
0.182819 1666.548628 
0.183893 1650.755117 
0.184966 1635.114876 
0.186040 1619.613624 
0.187114 1604.291068 
0.188188 1589.153616 
0.189262 1574.221504 
0.190336 1559.511982 
0.191409 1545.043118 
0.192483 1530.799015 
0.193557 1516.802417 
0.194631 1503.052735 
0.195705 1489.558179 
0.196779 1476.318584 
0.197852 1463.344474 
0.198926 1450.606244 
0.200000 1438.112343 
0.201000 1426.702744 
0.205353 1379.304611 
0.209800 1334.308223 
0.214344 1291.298267 
0.218986 1249.904336 
0.223729 1209.852049 
0.228574 1171.017501 
0.233524 1133.374105 
0.238582 1096.956041 
0.243749 1061.831629 
0.249028 1028.035430 
0.254421 995.573136 
0.259931 964.405532 
0.265560 934.465639 
0.271312 905.664991 
0.277187 877.928748 
0.283190 851.164778 
0.289324 825.302047 
0.295589 800.293671 
0.301991 776.086937 
0.308531 752.652174 
0.315213 729.961211 
0.322040 707.997858 
0.329014 686.750909 
0.336140 666.203233 
0.343420 646.344772 
0.350857 627.164489 
0.358456 608.642820 
0.366219 590.767124 
0.374150 573.519954 
0.382253 556.881000 
0.390531 540.831311 
0.398989 525.350660 
0.407630 510.420194 
0.416458 496.017662 
0.425478 482.122701 
0.434692 468.718050 
0.444106 455.781869 
0.453724 443.296154 
0.463551 431.240480 
0.473590 419.600176 
0.483846 408.357253 
0.494325 397.492086 
0.505031 386.992888 
0.515968 376.842454 
0.527143 367.024932 
0.538559 357.528081 
0.550223 348.303026 
0.562139 339.446475 
0.574313 330.831833 
0.586751 322.479306 
0.599459 314.368654 
0.612441 306.566081 
0.625705 298.959018 
0.639256 291.577446 
0.653100 284.432767 
0.667244 277.511299 
0.681695 270.784238 
0.696459 264.191850 
0.711542 257.827531 
0.726952 251.627971 
0.742696 245.586115 
0.758780 239.737186 
0.775213 234.044599 
0.792002 228.505544 
0.809154 223.131634 
0.826678 217.865602 
0.844582 212.738069 
0.862873 207.738473 
0.881560 202.861235 
0.900652 198.101578 
0.920158 193.454486 
0.940086 188.915383 
0.960445 184.480727 
0.981246 180.144388 
1.002497 175.903882 
1.024208 171.755021 
1.046389 167.693515 
1.069051 163.715861 
1.092204 159.819362 
1.115858 156.000227 
1.140024 152.255692 
1.164714 148.582338 
1.189938 144.978681 
1.215709 141.441235 
1.242037 137.967808 
1.268936 134.556424 
1.296418 131.205073 
1.324494 127.912407 
1.353179 124.675681 
1.382485 121.494655 
1.412426 118.367233 
1.443015 115.292652 
1.474266 112.269481 
1.506195 109.297242 
1.538814 106.374989 
1.572141 103.501830 
1.606189 100.677579 
1.640974 97.901573 
1.676513 95.173496 
1.712821 92.493115 
1.749916 89.859866 
1.787814 87.273979 
1.826533 84.735129 
1.866090 82.243184 
1.906504 79.797986 
1.947794 77.399829 
1.989977 75.048383 
2.033075 72.743653 
2.077105 70.485705 
2.122089 68.274508 
2.168047 66.110062 
2.215001 63.992395 
2.262972 61.921128 
2.311981 59.896562 
2.362052 57.918602 
2.413207 55.987119 
2.465470 54.101685 
2.518865 52.262553 
2.573416 50.469337 
2.629149 48.721927 
2.686089 47.020041 
2.744262 45.363276 
2.803695 43.751695 
2.864414 42.184553 
2.926449 40.661721 
2.989828 39.182617 
3.054579 37.746829 
3.120732 36.353881 
3.188318 35.003197 
3.257368 33.694081 
3.327913 32.426070 
3.399986 31.198344 
3.473620 30.010220 
3.548848 28.860918 
3.625706 27.749690 
3.704229 26.675773 
3.784451 25.638346 
3.866412 24.636353 
3.950147 23.669206 
4.035696 22.735907 
4.123097 21.835588 
4.212391 20.967430 
4.303620 20.130495 
4.396824 19.324049 
4.492046 18.547253 
4.589331 17.799205 
4.688722 17.079214 
4.790267 16.386457 
4.894010 15.720222 
5.000000 15.079697 
