0.001000 9974.481237 
0.001077 10580.882697 
0.001159 11220.552066 
0.001248 11894.417430 
0.001343 12603.334195 
0.001446 13347.735316 
0.001557 14127.905439 
0.001676 14943.646522 
0.001804 15794.416743 
0.001943 16679.314325 
0.002091 17596.776687 
0.002251 18544.866131 
0.002424 19521.030104 
0.002609 20522.153728 
0.002809 21544.582255 
0.003024 22583.613725 
0.003256 23634.861884 
0.003505 24691.843208 
0.003773 25748.865830 
0.004062 26799.310204 
0.004373 27833.331277 
0.004708 28844.403795 
0.005069 29822.824834 
0.005457 30757.107657 
0.005875 31637.252741 
0.006325 32451.001263 
0.006809 33186.105226 
0.007330 33827.250006 
0.007891 34360.820711 
0.008496 34768.835470 
0.009146 35038.088761 
0.009846 35153.480626 
0.010600 35103.038279 
0.011412 34879.003325 
0.012286 34459.637948 
0.013226 33863.462174 
0.014239 33044.168524 
0.015329 32029.403424 
0.016503 30813.382110 
0.017767 29432.199207 
0.019127 27912.135518 
0.020592 26292.959925 
0.022168 24600.066963 
0.023866 22890.394024 
0.025693 21206.886516 
0.027660 19619.606566 
0.029778 18167.414616 
0.032058 16882.650991 
0.034513 15769.507364 
0.037155 14804.651943 
0.040000 13942.595412 
0.041074 13646.669215 
0.042148 13360.311520 
0.043221 13080.327621 
0.044295 12803.193970 
0.045369 12526.636235 
0.046443 12248.775166 
0.047517 11968.170325 
0.048591 11683.800849 
0.049664 11395.575261 
0.050738 11102.971674 
0.051812 10806.623695 
0.052886 10507.303188 
0.053960 10206.096308 
0.055034 9904.371626 
0.056107 9603.910827 
0.057181 9305.784352 
0.058255 9012.034584 
0.059329 8724.405466 
0.060403 8444.549410 
0.061477 8174.071402 
0.062550 7914.684241 
0.063624 7667.117851 
0.064698 7432.671562 
0.065772 7212.085896 
0.066846 7005.881212 
0.067919 6814.448616 
0.068993 6637.377004 
0.070067 6474.476187 
0.071141 6325.205882 
0.072215 6188.741063 
0.073289 6064.081527 
0.074362 5950.193910 
0.075436 5845.622064 
0.076510 5749.192697 
0.077584 5659.579637 
0.078658 5575.564688 
0.079732 5495.979189 
0.080805 5419.810645 
0.081879 5345.995970 
0.082953 5273.811623 
0.084027 5202.555782 
0.085101 5131.718808 
0.086174 5060.868260 
0.087248 4989.498978 
0.088322 4917.365176 
0.089396 4844.121446 
0.090470 4769.538760 
0.091544 4693.366256 
0.092617 4615.499144 
0.093691 4535.659680 
0.094765 4453.886994 
0.095839 4370.284305 
0.096913 4285.058245 
0.097987 4198.569801 
0.099060 4111.388746 
0.100134 4023.983203 
0.101208 3937.154228 
0.102282 3851.662757 
0.103356 3768.277939 
0.104430 3687.712033 
0.105503 3610.673700 
0.106577 3537.511194 
0.107651 3468.639568 
0.108725 3404.217127 
0.109799 3344.264036 
0.110872 3288.665733 
0.111946 3237.046381 
0.113020 3189.084307 
0.114094 3144.332181 
0.115168 3102.334328 
0.116242 3062.630893 
0.117315 3024.823851 
0.118389 2988.469692 
0.119463 2953.278525 
0.120537 2918.999735 
0.121611 2885.439447 
0.122685 2852.456189 
0.123758 2819.982276 
0.124832 2787.876356 
0.125906 2756.135187 
0.126980 2724.713592 
0.128054 2693.579236 
0.129128 2662.682685 
0.130201 2632.003754 
0.131275 2601.451780 
0.132349 2570.977566 
0.133423 2540.533884 
0.134497 2510.064537 
0.135570 2479.546860 
0.136644 2448.875511 
0.137718 2418.060768 
0.138792 2387.095063 
0.139866 2355.992081 
0.140940 2324.788973 
0.142013 2293.571691 
0.143087 2262.363325 
0.144161 2231.281905 
0.145235 2200.447330 
0.146309 2169.962379 
0.147383 2139.962419 
0.148456 2110.594540 
0.149530 2081.906571 
0.150604 2054.035364 
0.151678 2027.065192 
0.152752 2001.069097 
0.153826 1976.087681 
0.154899 1952.177089 
0.155973 1929.295596 
0.157047 1907.449296 
0.158121 1886.605013 
0.159195 1866.708433 
0.160268 1847.710672 
0.161342 1829.504425 
0.162416 1812.013125 
0.163490 1795.145663 
0.164564 1778.811348 
0.165638 1762.905852 
0.166711 1747.362859 
0.167785 1732.062169 
0.168859 1716.945320 
0.169933 1701.939418 
0.171007 1686.991775 
0.172081 1672.057501 
0.173154 1657.110965 
0.174228 1642.105784 
0.175302 1627.043766 
0.176376 1611.927143 
0.177450 1596.759414 
0.178523 1581.568085 
0.179597 1566.348659 
0.180671 1551.140830 
0.181745 1535.974477 
0.182819 1520.881497 
0.183893 1505.888229 
0.184966 1491.046783 
0.186040 1476.352259 
0.187114 1461.853552 
0.188188 1447.568614 
0.189262 1433.521443 
0.190336 1419.731104 
0.191409 1406.218766 
0.192483 1392.973418 
0.193557 1380.014963 
0.194631 1367.340427 
0.195705 1354.957191 
0.196779 1342.857614 
0.197852 1331.046206 
0.198926 1319.494139 
0.200000 1308.202087 
0.201000 1297.918178 
0.205353 1255.399953 
0.209800 1215.080293 
0.214344 1176.261131 
0.218986 1138.423317 
0.223729 1101.289593 
0.228574 1064.857640 
0.233524 1029.276579 
0.238582 994.784072 
0.243749 961.611553 
0.249028 929.905986 
0.254421 899.726636 
0.259931 871.027978 
0.265560 843.700380 
0.271312 817.579389 
0.277187 792.517254 
0.283190 768.348461 
0.289324 744.948783 
0.295589 722.241014 
0.301991 700.154907 
0.308531 678.669629 
0.315213 657.775614 
0.322040 637.483151 
0.329014 617.810361 
0.336140 598.767663 
0.343420 580.371346 
0.350857 562.627284 
0.358456 545.529906 
0.366219 529.072795 
0.374150 513.240155 
0.382253 498.010633 
0.390531 483.361864 
0.398989 469.265833 
0.407630 455.700123 
0.416458 442.634412 
0.425478 430.043699 
0.434692 417.907617 
0.444106 406.200934 
0.453724 394.902294 
0.463551 383.991200 
0.473590 373.453949 
0.483846 363.272911 
0.494325 353.430162 
0.505031 343.915815 
0.515968 334.714237 
0.527143 325.813957 
0.538559 317.202735 
0.550223 308.869844 
0.562139 300.841103 
0.574313 293.031086 
0.586751 285.455675 
0.599459 278.168042 
0.612441 271.060911 
0.625705 264.203805 
0.639256 257.540665 
0.653100 251.084449 
0.667244 244.825224 
0.681695 238.746065 
0.696459 232.868946 
0.711542 227.151475 
0.726952 221.589994 
0.742696 216.182400 
0.758780 210.954192 
0.775213 205.872940 
0.792002 200.928206 
0.809154 196.118950 
0.826678 191.446519 
0.844582 186.899789 
0.862873 182.473194 
0.881560 178.161475 
0.900652 173.960049 
0.920158 169.864353 
0.940086 165.869752 
0.960445 161.972989 
0.981246 158.168005 
1.002497 154.452461 
1.024208 150.822533 
1.046389 147.274037 
1.069051 143.803249 
1.092204 140.407849 
1.115858 137.084008 
1.140024 133.828877 
1.164714 130.639459 
1.189938 127.513614 
1.215709 124.448299 
1.242037 121.441389 
1.268936 118.490342 
1.296418 115.593629 
1.324494 112.749557 
1.353179 109.955582 
1.382485 107.211016 
1.412426 104.513793 
1.443015 101.862746 
1.474266 99.256908 
1.506195 96.695246 
1.538814 94.176620 
1.572141 91.700479 
1.606189 89.265976 
1.640974 86.872611 
1.676513 84.520005 
1.712821 82.207440 
1.749916 79.934581 
1.787814 77.701436 
1.826533 75.507506 
1.866090 73.352531 
1.906504 71.236533 
1.947794 69.159596 
1.989977 67.120978 
2.033075 65.121180 
2.077105 63.159975 
2.122089 61.237264 
2.168047 59.353153 
2.215001 57.507595 
2.262972 55.700126 
2.311981 53.931331 
2.362052 52.200857 
2.413207 50.508804 
2.465470 48.854825 
2.518865 47.239112 
2.573416 45.661490 
2.629149 44.121834 
2.686089 42.620065 
2.744262 41.155849 
2.803695 39.729420 
2.864414 38.340198 
2.926449 36.988093 
2.989828 35.672757 
3.054579 34.394062 
3.120732 33.151465 
3.188318 31.944850 
3.257368 30.773519 
3.327913 29.637301 
3.399986 28.535612 
3.473620 27.467888 
3.548848 26.433668 
3.625706 25.432383 
3.704229 24.463442 
3.784451 23.526296 
3.866412 22.620092 
3.950147 21.744420 
4.035696 20.898533 
4.123097 20.081737 
4.212391 19.293356 
4.303620 18.532719 
4.396824 17.799157 
4.492046 17.092053 
4.589331 16.410708 
4.688722 15.754462 
4.790267 15.122702 
4.894010 14.514759 
5.000000 13.930035 
