0.001000 8506.339298 
0.001077 9023.877253 
0.001159 9571.354564 
0.001248 10150.441642 
0.001343 10762.644305 
0.001446 11409.321792 
0.001557 12091.782141 
0.001676 12811.161506 
0.001804 13568.280751 
0.001943 14363.750311 
0.002091 15197.924079 
0.002251 16070.935884 
0.002424 16982.183538 
0.002609 17930.935385 
0.002809 18915.620871 
0.003024 19934.464171 
0.003256 20984.719784 
0.003505 22062.460817 
0.003773 23163.793050 
0.004062 24283.945501 
0.004373 25414.487526 
0.004708 26549.431274 
0.005069 27680.284292 
0.005457 28794.238422 
0.005875 29880.954128 
0.006325 30926.240937 
0.006809 31916.083512 
0.007330 32833.456626 
0.007891 33660.650139 
0.008496 34378.098471 
0.009146 34965.712314 
0.009846 35405.710285 
0.010600 35670.885523 
0.011412 35742.673365 
0.012286 35595.538476 
0.013226 35221.951071 
0.014239 34607.872856 
0.015329 33753.861491 
0.016503 32662.987355 
0.017767 31340.588453 
0.019127 29854.653353 
0.020592 28194.762064 
0.022168 26453.446505 
0.023866 24681.082943 
0.025693 22929.693704 
0.027660 21286.016255 
0.029778 19819.912417 
0.032058 18581.918253 
0.034513 17564.368068 
0.037155 16717.018045 
0.040000 15966.924897 
0.041074 15704.047338 
0.042148 15444.262011 
0.043221 15183.313644 
0.044295 14917.137655 
0.045369 14643.091559 
0.046443 14359.096720 
0.047517 14063.894432 
0.048591 13756.868454 
0.049664 13438.434027 
0.050738 13108.825485 
0.051812 12769.451563 
0.052886 12422.177172 
0.053960 12069.026597 
0.055034 11712.494024 
0.056107 11355.403603 
0.057181 10999.818236 
0.058255 10648.810810 
0.059329 10305.056946 
0.060403 9971.032742 
0.061477 9649.084046 
0.062550 9341.607196 
0.063624 9049.785901 
0.064698 8775.455063 
0.065772 8519.705097 
0.066846 8283.329084 
0.067919 8066.937662 
0.068993 7870.180539 
0.070067 7692.932918 
0.071141 7534.500874 
0.072215 7393.870830 
0.073289 7269.706793 
0.074362 7160.490445 
0.075436 7064.174810 
0.076510 6978.838374 
0.077584 6902.316465 
0.078658 6832.387361 
0.079732 6766.850707 
0.080805 6703.599632 
0.081879 6640.540466 
0.082953 6575.989978 
0.084027 6508.445557 
0.085101 6436.777110 
0.086174 6360.229850 
0.087248 6278.201146 
0.088322 6190.640732 
0.089396 6097.694901 
0.090470 5999.784399 
0.091544 5897.500982 
0.092617 5791.722252 
0.093691 5683.061999 
0.094765 5572.485407 
0.095839 5460.884496 
0.096913 5349.109096 
0.097987 5237.945763 
0.099060 5128.236183 
0.100134 5020.473322 
0.101208 4915.346229 
0.102282 4813.396115 
0.103356 4715.079253 
0.104430 4620.780559 
0.105503 4530.879829 
0.106577 4445.442686 
0.107651 4364.689409 
0.108725 4288.698405 
0.109799 4217.445668 
0.110872 4150.923012 
0.111946 4088.852448 
0.113020 4031.093752 
0.114094 3977.376438 
0.115168 3927.410272 
0.116242 3880.865045 
0.117315 3837.409151 
0.118389 3796.596639 
0.119463 3758.078364 
0.120537 3721.447871 
0.121611 3686.331622 
0.122685 3652.334943 
0.123758 3619.113719 
0.124832 3586.257266 
0.125906 3553.443668 
0.126980 3520.414194 
0.128054 3486.894406 
0.129128 3452.673317 
0.130201 3417.618620 
0.131275 3381.571692 
0.132349 3344.506802 
0.133423 3306.434812 
0.134497 3267.421726 
0.135570 3227.615795 
0.136644 3187.089779 
0.137718 3146.069238 
0.138792 3104.756374 
0.139866 3063.382444 
0.140940 3022.159606 
0.142013 2981.363166 
0.143087 2941.102268 
0.144161 2901.605000 
0.145235 2863.049396 
0.146309 2825.548416 
0.147383 2789.222730 
0.148456 2754.186076 
0.149530 2720.406281 
0.150604 2687.954833 
0.151678 2656.824734 
0.152752 2627.003812 
0.153826 2598.433179 
0.154899 2571.098541 
0.155973 2544.873249 
0.157047 2519.704422 
0.158121 2495.504277 
0.159195 2472.186061 
0.160268 2449.672225 
0.161342 2427.829825 
0.162416 2406.594827 
0.163490 2385.876678 
0.164564 2365.596340 
0.165638 2345.666064 
0.166711 2326.057035 
0.167785 2306.652747 
0.168859 2287.437949 
0.169933 2268.361046 
0.171007 2249.385503 
0.172081 2230.492505 
0.173154 2211.679381 
0.174228 2192.893269 
0.175302 2174.154729 
0.176376 2155.465082 
0.177450 2136.833384 
0.178523 2118.270587 
0.179597 2099.778267 
0.180671 2081.373424 
0.181745 2063.081306 
0.182819 2044.925372 
0.183893 2026.913408 
0.184966 2009.084533 
0.186040 1991.426845 
0.187114 1973.969163 
0.188188 1956.728812 
0.189262 1939.717959 
0.190336 1922.949995 
0.191409 1906.443524 
0.192483 1890.175815 
0.193557 1874.171404 
0.194631 1858.425244 
0.195705 1842.948518 
0.196779 1827.736852 
0.197852 1812.801102 
0.198926 1798.104748 
0.200000 1783.666090 
0.201000 1770.448407 
0.205353 1715.286863 
0.209800 1662.563686 
0.214344 1611.981828 
0.218986 1563.304805 
0.223729 1516.378315 
0.228574 1471.155909 
0.233524 1427.635648 
0.238582 1385.826904 
0.243749 1345.726481 
0.249028 1307.284285 
0.254421 1270.393579 
0.259931 1234.921379 
0.265560 1200.713297 
0.271312 1167.615673 
0.277187 1135.517886 
0.283190 1104.311561 
0.289324 1073.928939 
0.295589 1044.347188 
0.301991 1015.540697 
0.308531 987.512448 
0.315213 960.270943 
0.322040 933.827789 
0.329014 908.198354 
0.336140 883.377941 
0.343420 859.373696 
0.350857 836.179813 
0.358456 813.775946 
0.366219 792.145605 
0.374150 771.266659 
0.382253 751.112672 
0.390531 731.652670 
0.398989 712.861104 
0.407630 694.709260 
0.416458 677.170006 
0.425478 660.211583 
0.434692 643.815513 
0.444106 627.953044 
0.453724 612.602508 
0.463551 597.738260 
0.473590 583.346004 
0.483846 569.402515 
0.494325 555.888239 
0.505031 542.787934 
0.515968 530.084218 
0.527143 517.760375 
0.538559 505.801114 
0.550223 494.226761 
0.562139 482.979420 
0.574313 472.025892 
0.586751 461.413432 
0.599459 451.013566 
0.612441 440.974987 
0.625705 431.162793 
0.639256 421.622725 
0.653100 412.329771 
0.667244 403.303846 
0.681695 394.477696 
0.696459 385.886612 
0.711542 377.509182 
0.726952 369.353622 
0.742696 361.357989 
0.758780 353.568940 
0.775213 345.959322 
0.792002 338.508155 
0.809154 331.236208 
0.826678 324.127703 
0.844582 317.163204 
0.862873 310.343947 
0.881560 303.663807 
0.900652 297.116176 
0.920158 290.696583 
0.940086 284.398747 
0.960445 278.218417 
0.981246 272.149324 
1.002497 266.188634 
1.024208 260.330972 
1.046389 254.572180 
1.069051 248.908553 
1.092204 243.336297 
1.115858 237.851671 
1.140024 232.452617 
1.164714 227.134540 
1.189938 221.896699 
1.215709 216.735405 
1.242037 211.648821 
1.268936 206.635099 
1.296418 201.692768 
1.324494 196.820257 
1.353179 192.015982 
1.382485 187.279639 
1.412426 182.610228 
1.443015 178.006788 
1.474266 173.469679 
1.506195 168.997384 
1.538814 164.591507 
1.572141 160.250679 
1.606189 155.975940 
1.640974 151.766799 
1.676513 147.624230 
1.712821 143.548217 
1.749916 139.539165 
1.787814 135.597714 
1.826533 131.724347 
1.866090 127.919217 
1.906504 124.182928 
1.947794 120.516173 
1.989977 116.919085 
2.033075 113.392176 
2.077105 109.935749 
2.122089 106.550141 
2.168047 103.235712 
2.215001 99.992248 
2.262972 96.819913 
2.311981 93.719506 
2.362052 90.690375 
2.413207 87.732709 
2.465470 84.846034 
2.518865 82.030320 
2.573416 79.285342 
2.629149 76.611037 
2.686089 74.006450 
2.744262 71.471264 
2.803695 69.005273 
2.864414 66.607270 
2.926449 64.277007 
2.989828 62.013235 
3.054579 59.815637 
3.120732 57.683036 
3.188318 55.614484 
3.257368 53.608610 
3.327913 51.664866 
3.399986 49.781741 
3.473620 47.958006 
3.548848 46.192496 
3.625706 44.483932 
3.704229 42.830998 
3.784451 41.232522 
3.866412 39.686726 
3.950147 38.192725 
4.035696 36.748800 
4.123097 35.353961 
4.212391 34.006602 
4.303620 32.705591 
4.396824 31.449593 
4.492046 30.237531 
4.589331 29.068023 
4.688722 27.940064 
4.790267 26.852473 
4.894010 25.804205 
5.000000 24.794218 
