0.001000 25913.184324 
0.001077 26960.528550 
0.001159 28042.339215 
0.001248 29159.721249 
0.001343 30313.651092 
0.001446 31504.174983 
0.001557 32731.077688 
0.001676 33993.347542 
0.001804 35289.994854 
0.001943 36618.757055 
0.002091 37976.922877 
0.002251 39361.213244 
0.002424 40767.547913 
0.002609 42191.243224 
0.002809 43626.225073 
0.003024 45065.970917 
0.003256 46502.859503 
0.003505 47928.629370 
0.003773 49333.222633 
0.004062 50707.116689 
0.004373 52036.892462 
0.004708 53311.797838 
0.005069 54520.573849 
0.005457 55641.847979 
0.005875 56664.850906 
0.006325 57566.889377 
0.006809 58329.704859 
0.007330 58935.025048 
0.007891 59365.486738 
0.008496 59593.837424 
0.009146 59599.381835 
0.009846 59355.034416 
0.010600 58846.989735 
0.011412 58046.698814 
0.012286 56954.036634 
0.013226 55547.567990 
0.014239 53832.965558 
0.015329 51834.893651 
0.016503 49521.960531 
0.017767 46970.659111 
0.019127 44199.359434 
0.020592 41272.805761 
0.022168 38331.116203 
0.023866 35415.974649 
0.025693 32599.049379 
0.027660 29949.632951 
0.029778 27569.157607 
0.032058 25550.009776 
0.034513 23854.755768 
0.037155 22414.951576 
0.040000 21152.935960 
0.041074 20722.473878 
0.042148 20305.987106 
0.043221 19897.563637 
0.044295 19491.218459 
0.045369 19083.392098 
0.046443 18671.065756 
0.047517 18252.104206 
0.048591 17825.376445 
0.049664 17391.080110 
0.050738 16948.641903 
0.051812 16499.317396 
0.052886 16044.664122 
0.053960 15586.528028 
0.055034 15126.973245 
0.056107 14668.752288 
0.057181 14213.561505 
0.058255 13764.260919 
0.059329 13323.370962 
0.060403 12893.344872 
0.061477 12476.440107 
0.062550 12075.147942 
0.063624 11690.618337 
0.064698 11324.984765 
0.065772 10979.569851 
0.066846 10655.442667 
0.067919 10353.638851 
0.068993 10074.002056 
0.070067 9816.830361 
0.071141 9581.838546 
0.072215 9368.361979 
0.073289 9175.318477 
0.074362 9001.572598 
0.075436 8845.132437 
0.076510 8704.261220 
0.077584 8576.783549 
0.078658 8460.412849 
0.079732 8352.758678 
0.080805 8251.455509 
0.081879 8154.002245 
0.082953 8058.290911 
0.084027 7962.297557 
0.085101 7864.396383 
0.086174 7763.338071 
0.087248 7658.003438 
0.088322 7548.019041 
0.089396 7433.180086 
0.090470 7313.730810 
0.091544 7190.141906 
0.092617 7063.279217 
0.093691 6933.757931 
0.094765 6802.594519 
0.095839 6670.736349 
0.096913 6539.083880 
0.097987 6408.417033 
0.099060 6279.534640 
0.100134 6152.814920 
0.101208 6028.848488 
0.102282 5908.038254 
0.103356 5790.697244 
0.104430 5677.100717 
0.105503 5567.593713 
0.106577 5462.170939 
0.107651 5361.115348 
0.108725 5264.600415 
0.109799 5172.786768 
0.110872 5085.856668 
0.111946 5003.705919 
0.113020 4926.440826 
0.114094 4853.946949 
0.115168 4786.098728 
0.116242 4722.646862 
0.117315 4663.309992 
0.118389 4607.599381 
0.119463 4555.094880 
0.120537 4505.298466 
0.121611 4457.716679 
0.122685 4411.828249 
0.123758 4367.193837 
0.124832 4323.301152 
0.125906 4279.795666 
0.126980 4236.395797 
0.128054 4192.832081 
0.129128 4148.940024 
0.130201 4104.631316 
0.131275 4059.764576 
0.132349 4014.363277 
0.133423 3968.440561 
0.134497 3922.055199 
0.135570 3875.309516 
0.136644 3828.202563 
0.137718 3780.868539 
0.138792 3733.422196 
0.139866 3685.997090 
0.140940 3638.703269 
0.142013 3591.735529 
0.143087 3545.126257 
0.144161 3499.076131 
0.145235 3453.733317 
0.146309 3409.210785 
0.147383 3365.655927 
0.148456 3323.220308 
0.149530 3281.907650 
0.150604 3241.851596 
0.151678 3203.090925 
0.152752 3165.676897 
0.153826 3129.600875 
0.154899 3094.901362 
0.155973 3061.462724 
0.157047 3029.270842 
0.158121 2998.252798 
0.159195 2968.328978 
0.160268 2939.438104 
0.161342 2911.420325 
0.162416 2884.216593 
0.163490 2857.721239 
0.164564 2831.832248 
0.165638 2806.460035 
0.166711 2781.556599 
0.167785 2756.983181 
0.168859 2732.710337 
0.169933 2708.674301 
0.171007 2684.828318 
0.172081 2661.151475 
0.173154 2637.626641 
0.174228 2614.194781 
0.175302 2590.882034 
0.176376 2567.678872 
0.177450 2544.598943 
0.178523 2521.667738 
0.179597 2498.864636 
0.180671 2476.233727 
0.181745 2453.790921 
0.182819 2431.573335 
0.183893 2409.588395 
0.184966 2387.883634 
0.186040 2366.444842 
0.187114 2345.315231 
0.188188 2324.501053 
0.189262 2304.025404 
0.190336 2283.907837 
0.191409 2264.159253 
0.192483 2244.761925 
0.193557 2225.735701 
0.194631 2207.073316 
0.195705 2188.785960 
0.196779 2170.864805 
0.197852 2153.314347 
0.198926 2136.095900 
0.200000 2119.216312 
0.201000 2103.800174 
0.205353 2039.733245 
0.209800 1978.695979 
0.214344 1920.001452 
0.218986 1863.109234 
0.223729 1807.684155 
0.228574 1753.649566 
0.233524 1701.097731 
0.238582 1650.205758 
0.243749 1601.174699 
0.249028 1554.132381 
0.254421 1509.124976 
0.259931 1466.087039 
0.265560 1424.893624 
0.271312 1385.363658 
0.277187 1347.324637 
0.283190 1310.580602 
0.289324 1274.976705 
0.295589 1240.409858 
0.301991 1206.784837 
0.308531 1174.061436 
0.315213 1142.215453 
0.322040 1111.246597 
0.329014 1081.163917 
0.336140 1051.968955 
0.343420 1023.674981 
0.350857 996.284869 
0.358456 969.786098 
0.366219 944.176024 
0.374150 919.432635 
0.382253 895.530345 
0.390531 872.444709 
0.398989 850.140537 
0.407630 828.591293 
0.416458 807.762811 
0.425478 787.620999 
0.434692 768.140600 
0.444106 749.286738 
0.453724 731.033291 
0.463551 713.348931 
0.473590 696.216974 
0.483846 679.606156 
0.494325 663.494993 
0.505031 647.863795 
0.515968 632.689549 
0.527143 617.953999 
0.538559 603.639134 
0.550223 589.848335 
0.562139 576.285622 
0.574313 563.117164 
0.586751 550.307586 
0.599459 537.734072 
0.612441 525.533189 
0.625705 513.714147 
0.639256 502.179622 
0.653100 490.916623 
0.667244 479.932599 
0.681695 469.288381 
0.696459 458.821842 
0.711542 448.594857 
0.726952 438.598596 
0.742696 428.837110 
0.758780 419.273803 
0.775213 409.914621 
0.792002 400.744579 
0.809154 391.762980 
0.826678 382.989758 
0.844582 374.365000 
0.862873 365.907573 
0.881560 357.609932 
0.900652 349.465733 
0.920158 341.470163 
0.940086 333.616367 
0.960445 325.901407 
0.981246 318.317685 
1.002497 310.862707 
1.024208 303.531335 
1.046389 296.319921 
1.069051 289.224162 
1.092204 282.241929 
1.115858 275.369396 
1.140024 268.604150 
1.164714 261.942110 
1.189938 255.384309 
1.215709 248.926311 
1.242037 242.567337 
1.268936 236.306366 
1.296418 230.141587 
1.324494 224.073442 
1.353179 218.099357 
1.382485 212.220785 
1.412426 206.436753 
1.443015 200.746703 
1.474266 195.151425 
1.506195 189.650150 
1.538814 184.244356 
1.572141 178.933471 
1.606189 173.718201 
1.640974 168.598718 
1.676513 163.575806 
1.712821 158.649355 
1.749916 153.819958 
1.787814 149.088420 
1.826533 144.454275 
1.866090 139.918360 
1.906504 135.480156 
1.947794 131.140572 
1.989977 126.899061 
2.033075 122.755731 
2.077105 118.710484 
2.122089 114.762925 
2.168047 110.912805 
2.215001 107.159398 
2.262972 103.502394 
2.311981 99.941298 
2.362052 96.475159 
2.413207 93.103596 
2.465470 89.824951 
2.518865 86.638855 
2.573416 83.544076 
2.629149 80.539418 
2.686089 77.623907 
2.744262 74.795771 
2.803695 72.054348 
2.864414 69.397570 
2.926449 66.824481 
2.989828 64.333115 
3.054579 61.922147 
3.120732 59.589973 
3.188318 57.334725 
3.257368 55.154653 
3.327913 53.048217 
3.399986 51.013404 
3.473620 49.048539 
3.548848 47.151691 
3.625706 45.321062 
3.704229 43.554851 
3.784451 41.851310 
3.866412 40.208317 
3.950147 38.624436 
4.035696 37.097685 
4.123097 35.626327 
4.212391 34.208738 
4.303620 32.843130 
4.396824 31.528092 
4.492046 30.261927 
4.589331 29.043162 
4.688722 27.870326 
4.790267 26.742056 
4.894010 25.656953 
5.000000 24.613680 
