0.001000 15171.098863 
0.001077 16024.377056 
0.001159 16917.108363 
0.001248 17850.083290 
0.001343 18823.978358 
0.001446 19838.719667 
0.001557 20894.128749 
0.001676 21989.435041 
0.001804 23123.117371 
0.001943 24292.840084 
0.002091 25496.046762 
0.002251 26728.675113 
0.002424 27985.867250 
0.002609 29262.434936 
0.002809 30551.442508 
0.003024 31845.118744 
0.003256 33135.497053 
0.003505 34412.466364 
0.003773 35666.188927 
0.004062 36886.171843 
0.004373 38058.731227 
0.004708 39174.107675 
0.005069 40218.913297 
0.005457 41177.991715 
0.005875 42039.590894 
0.006325 42788.493194 
0.006809 43409.542870 
0.007330 43887.328232 
0.007891 44207.187299 
0.008496 44351.164518 
0.009146 44298.876666 
0.009846 44040.027675 
0.010600 43557.109818 
0.011412 42839.950848 
0.012286 41872.788054 
0.013226 40659.045840 
0.014239 39193.204837 
0.015329 37515.118554 
0.016503 35697.146094 
0.017767 33648.642710 
0.019127 31474.748979 
0.020592 29172.952208 
0.022168 26831.124127 
0.023866 24579.407845 
0.025693 22469.292363 
0.027660 20503.518451 
0.029778 18777.233743 
0.032058 17299.578799 
0.034513 16083.911176 
0.037155 15072.279419 
0.040000 14168.259281 
0.041074 13855.668648 
0.042148 13552.415075 
0.043221 13255.627376 
0.044295 12961.868613 
0.045369 12668.580170 
0.046443 12373.285063 
0.047517 12074.212668 
0.048591 11769.824663 
0.049664 11459.582657 
0.050738 11142.765635 
0.051812 10819.944714 
0.052886 10492.028217 
0.053960 10160.383177 
0.055034 9826.851285 
0.056107 9493.830210 
0.057181 9163.095865 
0.058255 8837.453994 
0.059329 8519.342071 
0.060403 8211.150186 
0.061477 7915.086970 
0.062550 7633.336843 
0.063624 7366.991626 
0.064698 7117.620431 
0.065772 6886.095870 
0.066846 6672.920122 
0.067919 6478.404626 
0.068993 6301.941357 
0.070067 6143.136960 
0.071141 6001.152657 
0.072215 5874.856845 
0.073289 5762.878098 
0.074362 5663.779404 
0.075436 5575.706445 
0.076510 5496.978209 
0.077584 5425.763989 
0.078658 5360.226234 
0.079732 5298.570521 
0.080805 5239.113617 
0.081879 5180.159418 
0.082953 5120.334877 
0.084027 5058.416309 
0.085101 4993.470212 
0.086174 4924.856451 
0.087248 4852.044098 
0.088322 4775.002916 
0.089396 4693.837942 
0.090470 4608.951142 
0.091544 4520.894221 
0.092617 4430.460457 
0.093691 4338.251761 
0.094765 4245.153228 
0.095839 4151.944674 
0.096913 4059.337611 
0.097987 3967.920304 
0.099060 3878.272817 
0.100134 3790.621891 
0.101208 3705.314735 
0.102282 3622.539710 
0.103356 3542.438574 
0.104430 3465.123689 
0.105503 3390.768481 
0.106577 3319.383085 
0.107651 3251.201803 
0.108725 3186.426866 
0.109799 3125.268977 
0.110872 3067.994558 
0.111946 3014.672566 
0.113020 2965.460574 
0.114094 2920.362903 
0.115168 2879.274622 
0.116242 2841.962756 
0.117315 2808.089570 
0.118389 2777.127631 
0.119463 2748.540240 
0.120537 2721.711742 
0.121611 2696.006600 
0.122685 2670.820612 
0.123758 2645.641846 
0.124832 2619.970827 
0.125906 2593.488344 
0.126980 2565.995959 
0.128054 2537.401218 
0.129128 2507.717809 
0.130201 2477.068435 
0.131275 2445.556218 
0.132349 2413.399906 
0.133423 2380.811919 
0.134497 2347.977057 
0.135570 2315.101470 
0.136644 2282.274282 
0.137718 2249.634903 
0.138792 2217.277392 
0.139866 2185.274574 
0.140940 2153.677353 
0.142013 2122.570707 
0.143087 2091.928036 
0.144161 2061.840503 
0.145235 2032.359963 
0.146309 2003.536710 
0.147383 1975.438466 
0.148456 1948.154006 
0.149530 1921.680538 
0.150604 1896.102427 
0.151678 1871.449851 
0.152752 1847.761759 
0.153826 1825.031016 
0.154899 1803.283601 
0.155973 1782.452187 
0.157047 1762.515270 
0.158121 1743.421473 
0.159195 1725.107189 
0.160268 1707.515607 
0.161342 1690.533589 
0.162416 1674.098666 
0.163490 1658.125650 
0.164564 1642.538934 
0.165638 1627.255028 
0.166711 1612.231538 
0.167785 1597.370445 
0.168859 1582.641117 
0.169933 1567.996141 
0.171007 1553.408432 
0.172081 1538.853335 
0.173154 1524.328439 
0.174228 1509.801221 
0.175302 1495.290737 
0.176376 1480.802688 
0.177450 1466.350175 
0.178523 1451.956259 
0.179597 1437.624818 
0.180671 1423.382039 
0.181745 1409.251165 
0.182819 1395.259655 
0.183893 1381.417579 
0.184966 1367.763941 
0.186040 1354.287985 
0.187114 1341.018309 
0.188188 1327.966412 
0.189262 1315.140554 
0.190336 1302.552780 
0.191409 1290.213065 
0.192483 1278.103249 
0.193557 1266.236131 
0.194631 1254.605280 
0.195705 1243.211990 
0.196779 1232.050261 
0.197852 1221.122942 
0.198926 1210.398026 
0.200000 1199.879923 
0.201000 1190.268841 
0.205353 1150.236083 
0.209800 1111.912007 
0.214344 1074.876000 
0.218986 1038.848397 
0.223729 1003.696415 
0.228574 969.451316 
0.233524 936.218138 
0.238582 904.135865 
0.243749 873.335799 
0.249028 843.884900 
0.254421 815.793743 
0.259931 789.009537 
0.265560 763.439157 
0.271312 738.962440 
0.277187 715.470181 
0.283190 692.841151 
0.289324 670.980168 
0.295589 649.822754 
0.301991 629.309111 
0.308531 609.412424 
0.315213 590.115710 
0.322040 571.418679 
0.329014 553.326393 
0.336140 535.837842 
0.343420 518.958572 
0.350857 502.686369 
0.358456 487.010582 
0.366219 471.923416 
0.374150 457.408289 
0.382253 443.446546 
0.390531 430.017000 
0.398989 417.095516 
0.407630 404.661814 
0.416458 392.691482 
0.425478 381.161446 
0.434692 370.053851 
0.444106 359.346546 
0.453724 349.020824 
0.463551 339.057979 
0.473590 329.444891 
0.483846 320.165719 
0.494325 311.204150 
0.505031 302.549316 
0.515968 294.188275 
0.527143 286.108460 
0.538559 278.299778 
0.550223 270.779068 
0.562139 263.486071 
0.574313 256.426019 
0.586751 249.593825 
0.599459 242.961446 
0.612441 236.573775 
0.625705 230.384429 
0.639256 224.400425 
0.653100 218.588404 
0.667244 212.913070 
0.681695 207.457370 
0.696459 202.187004 
0.711542 197.081011 
0.726952 192.131594 
0.742696 187.326336 
0.758780 182.665280 
0.775213 178.140859 
0.792002 173.744365 
0.809154 169.473642 
0.826678 165.323289 
0.844582 161.294053 
0.862873 157.376686 
0.881560 153.565887 
0.900652 149.857774 
0.920158 146.248211 
0.940086 142.732542 
0.960445 139.307822 
0.981246 135.968990 
1.002497 132.713680 
1.024208 129.538205 
1.046389 126.438789 
1.069051 123.412389 
1.092204 120.456050 
1.115858 117.566812 
1.140024 114.741803 
1.164714 111.978263 
1.189938 109.274449 
1.215709 106.626919 
1.242037 104.034057 
1.268936 101.493477 
1.296418 99.003464 
1.324494 96.562164 
1.353179 94.167391 
1.382485 91.818195 
1.412426 89.512681 
1.443015 87.249647 
1.474266 85.027800 
1.506195 82.845941 
1.538814 80.703337 
1.572141 78.598688 
1.606189 76.531639 
1.640974 74.501012 
1.676513 72.506439 
1.712821 70.547099 
1.749916 68.622547 
1.787814 66.732560 
1.826533 64.876484 
1.866090 63.054006 
1.906504 61.264764 
1.947794 59.508699 
1.989977 57.785352 
2.033075 56.094680 
2.077105 54.436379 
2.122089 52.810477 
2.168047 51.216719 
2.215001 49.654922 
2.262972 48.124892 
2.311981 46.626800 
2.362052 45.160466 
2.413207 43.725700 
2.465470 42.322338 
2.518865 40.950486 
2.573416 39.609929 
2.629149 38.300640 
2.686089 37.022403 
2.744262 35.775098 
2.803695 34.558816 
2.864414 33.373162 
2.926449 32.218063 
2.989828 31.093281 
3.054579 29.998688 
3.120732 28.934101 
3.188318 27.899131 
3.257368 26.893511 
3.327913 25.917067 
3.399986 24.969327 
3.473620 24.049977 
3.548848 23.158641 
3.625706 22.294828 
3.704229 21.458193 
3.784451 20.648319 
3.866412 19.864512 
3.950147 19.106487 
4.035696 18.373614 
4.123097 17.665404 
4.212391 16.981316 
4.303620 16.320818 
4.396824 15.683404 
4.492046 15.068520 
4.589331 14.475623 
4.688722 13.904220 
4.790267 13.353771 
4.894010 12.823759 
5.000000 12.313668 
