0.001000 6219.892435 
0.001077 6679.069531 
0.001159 7167.031561 
0.001248 7684.663867 
0.001343 8232.833369 
0.001446 8812.172320 
0.001557 9423.146549 
0.001676 10066.222479 
0.001804 10741.254270 
0.001943 11447.940497 
0.002091 12185.727404 
0.002251 12953.456310 
0.002424 13749.292798 
0.002609 14571.325865 
0.002809 15416.682580 
0.003024 16282.023127 
0.003256 17163.524844 
0.003505 18056.030449 
0.003773 18954.712212 
0.004062 19854.082068 
0.004373 20745.714870 
0.004708 21623.789827 
0.005069 22480.340083 
0.005457 23304.887308 
0.005875 24089.928983 
0.006325 24825.004926 
0.006809 25499.055031 
0.007330 26101.037914 
0.007891 26617.902948 
0.008496 27035.595693 
0.009146 27340.497116 
0.009846 27516.039054 
0.010600 27551.319344 
0.011412 27435.003885 
0.012286 27157.623027 
0.013226 26706.183248 
0.014239 26090.629656 
0.015329 25296.799336 
0.016503 24414.347886 
0.017767 23314.018669 
0.019127 22084.684877 
0.020592 20713.128583 
0.022168 19342.857729 
0.023866 17953.673377 
0.025693 16643.267746 
0.027660 15365.573279 
0.029778 14197.674520 
0.032058 13198.215416 
0.034513 12376.469270 
0.037155 11673.763550 
0.040000 11040.560805 
0.041074 10826.597688 
0.042148 10622.847481 
0.043221 10426.698975 
0.044295 10234.749948 
0.045369 10044.048064 
0.046443 9851.434208 
0.047517 9654.198815 
0.048591 9450.201627 
0.049664 9238.202688 
0.050738 9017.004567 
0.051812 8786.744474 
0.052886 8548.041993 
0.053960 8302.159900 
0.055034 8050.950316 
0.056107 7796.866814 
0.057181 7541.933132 
0.058255 7289.062180 
0.059329 7040.815299 
0.060403 6799.674279 
0.061477 6567.851184 
0.062550 6347.435089 
0.063624 6139.496318 
0.064698 5945.292065 
0.065772 5765.467547 
0.066846 5600.224385 
0.067919 5449.526389 
0.068993 5312.551458 
0.070067 5188.621936 
0.071141 5076.717883 
0.072215 4975.658107 
0.073289 4884.158171 
0.074362 4801.005428 
0.075436 4724.787683 
0.076510 4654.409602 
0.077584 4588.779625 
0.078658 4526.984600 
0.079732 4468.206686 
0.080805 4411.800253 
0.081879 4357.061753 
0.082953 4303.552361 
0.084027 4250.774297 
0.085101 4198.307250 
0.086174 4145.734727 
0.087248 4092.511437 
0.088322 4038.231022 
0.089396 3982.396469 
0.090470 3924.602007 
0.091544 3864.471321 
0.092617 3801.808199 
0.093691 3736.341230 
0.094765 3668.146694 
0.095839 3597.395686 
0.096913 3524.429629 
0.097987 3449.735656 
0.099060 3373.991654 
0.100134 3297.775157 
0.101208 3221.900599 
0.102282 3147.125004 
0.103356 3074.191811 
0.104430 3003.749019 
0.105503 2936.428316 
0.106577 2872.563122 
0.107651 2812.553348 
0.108725 2756.592186 
0.109799 2704.774852 
0.110872 2657.098457 
0.111946 2613.355808 
0.113020 2573.352480 
0.114094 2536.784093 
0.115168 2503.305886 
0.116242 2472.519481 
0.117315 2444.030862 
0.118389 2417.380568 
0.119463 2392.182795 
0.120537 2368.057640 
0.121611 2344.658925 
0.122685 2321.695222 
0.123758 2298.933292 
0.124832 2276.146222 
0.125906 2253.209243 
0.126980 2230.033716 
0.128054 2206.572687 
0.129128 2182.805195 
0.130201 2158.741000 
0.131275 2134.359089 
0.132349 2109.696981 
0.133423 2084.776045 
0.134497 2059.607311 
0.135570 2034.221972 
0.136644 2008.575420 
0.137718 1982.707295 
0.138792 1956.622684 
0.139866 1930.353963 
0.140940 1903.934958 
0.142013 1877.447111 
0.143087 1850.912281 
0.144161 1824.450247 
0.145235 1798.166873 
0.146309 1772.181633 
0.147383 1746.610779 
0.148456 1721.607701 
0.149530 1697.237832 
0.150604 1673.634624 
0.151678 1650.883121 
0.152752 1629.063926 
0.153826 1608.213774 
0.154899 1588.385298 
0.155973 1569.539458 
0.157047 1551.677927 
0.158121 1534.758871 
0.159195 1518.722901 
0.160268 1503.518235 
0.161342 1489.024960 
0.162416 1475.171026 
0.163490 1461.857991 
0.164564 1448.993794 
0.165638 1436.471241 
0.166711 1424.227759 
0.167785 1412.145194 
0.168859 1400.168085 
0.169933 1388.230620 
0.171007 1376.279378 
0.172081 1364.278413 
0.173154 1352.207383 
0.174228 1340.026061 
0.175302 1327.742499 
0.176376 1315.359941 
0.177450 1302.887170 
0.178523 1290.353001 
0.179597 1277.764031 
0.180671 1265.153670 
0.181745 1252.556523 
0.182819 1240.004612 
0.183893 1227.525086 
0.184966 1215.162454 
0.186040 1202.925501 
0.187114 1190.848373 
0.188188 1178.958280 
0.189262 1167.271133 
0.190336 1155.808387 
0.191409 1144.587306 
0.192483 1133.599491 
0.193557 1122.864463 
0.194631 1112.375721 
0.195705 1102.142905 
0.196779 1092.157044 
0.197852 1082.424369 
0.198926 1072.916272 
0.200000 1063.632558 
0.201000 1055.186811 
0.205353 1020.356269 
0.209800 987.403085 
0.214344 955.680835 
0.218986 924.701854 
0.223729 894.206417 
0.228574 864.181587 
0.233524 834.761643 
0.238582 806.158043 
0.243749 778.585957 
0.249028 752.188646 
0.254421 727.031994 
0.259931 703.095007 
0.265560 680.296919 
0.271312 658.515366 
0.277187 637.632014 
0.283190 617.519503 
0.289324 598.074654 
0.295589 579.233236 
0.301991 560.936253 
0.308531 543.163137 
0.315213 525.901659 
0.322040 509.158500 
0.329014 492.944610 
0.336140 477.265496 
0.343420 462.129142 
0.350857 447.540249 
0.358456 433.488421 
0.366219 419.967111 
0.374150 406.960950 
0.382253 394.453904 
0.390531 382.423727 
0.398989 370.848691 
0.407630 359.708741 
0.416458 348.982093 
0.425478 338.646639 
0.434692 328.685947 
0.444106 319.079724 
0.453724 309.812084 
0.463551 300.865701 
0.473590 292.229658 
0.483846 283.890415 
0.494325 275.833618 
0.505031 268.049861 
0.515968 260.528035 
0.527143 253.259066 
0.538559 246.232652 
0.550223 239.437124 
0.562139 232.859530 
0.574313 226.510284 
0.586751 220.369695 
0.599459 214.441506 
0.612441 208.743742 
0.625705 203.178192 
0.639256 197.796584 
0.653100 192.588271 
0.667244 187.519022 
0.681695 182.518907 
0.696459 177.801824 
0.711542 173.233148 
0.726952 168.801768 
0.742696 164.511620 
0.758780 160.350782 
0.775213 156.315467 
0.792002 152.407245 
0.809154 148.613813 
0.826678 144.929077 
0.844582 141.348732 
0.862873 137.871742 
0.881560 134.493532 
0.900652 131.210318 
0.920158 128.018446 
0.940086 124.913532 
0.960445 121.893029 
0.981246 118.952061 
1.002497 116.088608 
1.024208 113.299238 
1.046389 110.580257 
1.069051 107.929119 
1.092204 105.342720 
1.115858 102.818568 
1.140024 100.354039 
1.164714 97.946119 
1.189938 95.593110 
1.215709 93.292092 
1.242037 91.041310 
1.268936 88.838288 
1.296418 86.681553 
1.324494 84.569153 
1.353179 82.498984 
1.382485 80.470005 
1.412426 78.480396 
1.443015 76.528549 
1.474266 74.613675 
1.506195 72.734170 
1.538814 70.889364 
1.572141 69.077589 
1.606189 67.298659 
1.640974 65.551475 
1.676513 63.835142 
1.712821 62.149302 
1.749916 60.492983 
1.787814 58.866019 
1.826533 57.267678 
1.866090 55.697610 
1.906504 54.155382 
1.947794 52.640810 
1.989977 51.153523 
2.033075 49.693269 
2.077105 48.259861 
2.122089 46.853145 
2.168047 45.472894 
2.215001 44.118986 
2.262972 42.791158 
2.311981 41.489605 
2.362052 40.214095 
2.413207 38.964628 
2.465470 37.740921 
2.518865 36.543119 
2.573416 35.371162 
2.629149 34.224912 
2.686089 33.104377 
2.744262 32.009457 
2.803695 30.940322 
2.864414 29.896614 
2.926449 28.878431 
2.989828 27.885626 
3.054579 26.918133 
3.120732 25.975926 
3.188318 25.058767 
3.257368 24.166403 
3.327913 23.298887 
3.399986 22.455818 
3.473620 21.637028 
3.548848 20.842333 
3.625706 20.071272 
3.704229 19.323766 
3.784451 18.599413 
3.866412 17.897719 
3.950147 17.218511 
4.035696 16.561315 
4.123097 15.925786 
4.212391 15.311428 
4.303620 14.717917 
4.396824 14.144795 
4.492046 13.591684 
4.589331 13.058085 
4.688722 12.543631 
4.790267 12.047900 
4.894010 11.570440 
5.000000 11.110823 
