0.001000 51135.515067 
0.001077 52270.229851 
0.001159 53411.262255 
0.001248 54561.917040 
0.001343 55724.223657 
0.001446 56899.569447 
0.001557 58086.347784 
0.001676 59282.808469 
0.001804 60485.526353 
0.001943 61689.645514 
0.002091 62889.803729 
0.002251 64078.964146 
0.002424 65249.613509 
0.002609 66392.670710 
0.002809 67498.244472 
0.003024 68556.203987 
0.003256 69555.589983 
0.003505 70484.323044 
0.003773 71332.059947 
0.004062 72086.735742 
0.004373 72734.793788 
0.004708 73266.590502 
0.005069 73668.536857 
0.005457 73929.258813 
0.005875 74035.146714 
0.006325 73973.291371 
0.006809 73732.519914 
0.007330 73296.154061 
0.007891 72651.333511 
0.008496 71778.432356 
0.009146 70656.706961 
0.009846 69266.754894 
0.010600 67603.499582 
0.011412 65651.601547 
0.012286 63425.584569 
0.013226 60898.694471 
0.014239 58087.040671 
0.015329 55132.594737 
0.016503 51854.367660 
0.017767 48429.458120 
0.019127 44839.912398 
0.020592 41147.424359 
0.022168 37521.049357 
0.023866 34078.400214 
0.025693 30858.518323 
0.027660 27900.295735 
0.029778 25312.249106 
0.032058 23153.244335 
0.034513 21409.822453 
0.037155 20014.036426 
0.040000 18859.277361 
0.041074 18480.086698 
0.042148 18118.356239 
0.043221 17767.745077 
0.044295 17421.241062 
0.045369 17073.697310 
0.046443 16720.754857 
0.047517 16358.785866 
0.048591 15985.301322 
0.049664 15599.159030 
0.050738 15199.187226 
0.051812 14786.077045 
0.052886 14361.038787 
0.053960 13926.058578 
0.055034 13483.770479 
0.056107 13037.561986 
0.057181 12590.023232 
0.058255 12145.134242 
0.059329 11706.664550 
0.060403 11278.132004 
0.061477 10862.896622 
0.062550 10464.458587 
0.063624 10084.715317 
0.064698 9726.327967 
0.065772 9390.951451 
0.066846 9079.769118 
0.067919 8793.688650 
0.068993 8532.292474 
0.070067 8295.454980 
0.071141 8082.407028 
0.072215 7891.925518 
0.073289 7722.436235 
0.074362 7572.236624 
0.075436 7439.018112 
0.076510 7320.735938 
0.077584 7215.064372 
0.078658 7119.763567 
0.079732 7032.531563 
0.080805 6951.284127 
0.081879 6873.872806 
0.082953 6798.534451 
0.084027 6723.613466 
0.085101 6647.751773 
0.086174 6569.863907 
0.087248 6488.865969 
0.088322 6404.217689 
0.089396 6315.371312 
0.090470 6222.148266 
0.091544 6124.460486 
0.092617 6022.552159 
0.093691 5916.545862 
0.094765 5806.982704 
0.095839 5694.464742 
0.096913 5579.738076 
0.097987 5463.581647 
0.099060 5346.964252 
0.100134 5230.590693 
0.101208 5115.433224 
0.102282 5002.339008 
0.103356 4892.053979 
0.104430 4785.252260 
0.105503 4682.564374 
0.106577 4584.207374 
0.107651 4490.543579 
0.108725 4401.701572 
0.109799 4317.704830 
0.110872 4238.542546 
0.111946 4163.889668 
0.113020 4093.607463 
0.114094 4027.440814 
0.115168 3965.126359 
0.116242 3906.410297 
0.117315 3851.087681 
0.118389 3798.855229 
0.119463 3749.547851 
0.120537 3702.972175 
0.121611 3658.952789 
0.122685 3617.303169 
0.123758 3577.847782 
0.124832 3540.299284 
0.125906 3504.438576 
0.126980 3470.010796 
0.128054 3436.716347 
0.129128 3404.250225 
0.130201 3372.307541 
0.131275 3340.520694 
0.132349 3308.614027 
0.133423 3276.300524 
0.134497 3243.356708 
0.135570 3209.593192 
0.136644 3174.801890 
0.137718 3138.939925 
0.138792 3101.968898 
0.139866 3063.941003 
0.140940 3024.940265 
0.142013 2985.166714 
0.143087 2944.723321 
0.144161 2903.883840 
0.145235 2862.902350 
0.146309 2822.036020 
0.147383 2781.560638 
0.148456 2741.762482 
0.149530 2702.787115 
0.150604 2664.884913 
0.151678 2628.221595 
0.152752 2592.932729 
0.153826 2559.110207 
0.154899 2526.835970 
0.155973 2496.071959 
0.157047 2466.820066 
0.158121 2439.041003 
0.159195 2412.660492 
0.160268 2387.609271 
0.161342 2363.721396 
0.162416 2340.917826 
0.163490 2319.060590 
0.164564 2298.026303 
0.165638 2277.682306 
0.166711 2257.937894 
0.167785 2238.633066 
0.168859 2219.692862 
0.169933 2201.014403 
0.171007 2182.520806 
0.172081 2164.154680 
0.173154 2145.867885 
0.174228 2127.585728 
0.175302 2109.306825 
0.176376 2090.996999 
0.177450 2072.662109 
0.178523 2054.314157 
0.179597 2035.929569 
0.180671 2017.541055 
0.181745 1999.166305 
0.182819 1980.839244 
0.183893 1962.576394 
0.184966 1944.425185 
0.186040 1926.383736 
0.187114 1908.495965 
0.188188 1890.791762 
0.189262 1873.294267 
0.190336 1856.031403 
0.191409 1839.031030 
0.192483 1822.288041 
0.193557 1805.831391 
0.194631 1789.661776 
0.195705 1773.805811 
0.196779 1758.258495 
0.197852 1743.035380 
0.198926 1728.112028 
0.200000 1713.493517 
0.201000 1700.164061 
0.205353 1645.057506 
0.209800 1593.138575 
0.214344 1543.796090 
0.218986 1496.406074 
0.223729 1450.467286 
0.228574 1405.701620 
0.233524 1362.026250 
0.238582 1319.515112 
0.243749 1278.332965 
0.249028 1238.634749 
0.254421 1200.535781 
0.259931 1164.066731 
0.265560 1129.192516 
0.271312 1095.815881 
0.277187 1063.825281 
0.283190 1033.063585 
0.289324 1003.397445 
0.295589 974.723910 
0.301991 946.937924 
0.308531 919.979931 
0.315213 893.805759 
0.322040 868.393596 
0.329014 843.740167 
0.336140 819.835745 
0.343420 796.685998 
0.350857 774.296782 
0.358456 752.653475 
0.366219 731.755192 
0.374150 711.586238 
0.382253 692.128982 
0.390531 673.363888 
0.398989 655.263482 
0.407630 637.806331 
0.416458 620.964770 
0.425478 604.711214 
0.434692 589.021898 
0.444106 573.870708 
0.453724 559.233237 
0.463551 545.085687 
0.473590 531.409222 
0.483846 518.182158 
0.494325 505.382462 
0.505031 492.996051 
0.515968 481.002231 
0.527143 469.385773 
0.538559 458.130109 
0.550223 447.219328 
0.562139 436.671072 
0.574313 426.403380 
0.586751 416.448662 
0.599459 406.872442 
0.612441 397.457902 
0.625705 388.319150 
0.639256 379.443203 
0.653100 370.809631 
0.667244 362.417096 
0.681695 354.245034 
0.696459 346.319498 
0.711542 338.603041 
0.726952 331.043034 
0.742696 323.734988 
0.758780 316.589858 
0.775213 309.619446 
0.792002 302.810109 
0.809154 296.153579 
0.826678 289.653664 
0.844582 283.317837 
0.862873 277.124927 
0.881560 271.067689 
0.900652 265.140705 
0.920158 259.338289 
0.940086 253.655856 
0.960445 248.088293 
0.981246 242.629754 
1.002497 237.277128 
1.024208 232.025846 
1.046389 226.871230 
1.069051 221.809699 
1.092204 216.837645 
1.115858 211.951929 
1.140024 207.149025 
1.164714 202.425494 
1.189938 197.779739 
1.215709 193.208434 
1.242037 188.709407 
1.268936 184.280861 
1.296418 179.920495 
1.324494 175.627648 
1.353179 171.399153 
1.382485 167.235485 
1.412426 163.134430 
1.443015 159.095339 
1.474266 155.118027 
1.506195 151.200871 
1.538814 147.344265 
1.572141 143.547204 
1.606189 139.809812 
1.640974 136.131732 
1.676513 132.513357 
1.712821 128.953843 
1.749916 125.453744 
1.787814 122.013101 
1.826533 118.631579 
1.866090 115.309735 
1.906504 112.047503 
1.947794 108.845260 
1.989977 105.702658 
2.033075 102.620343 
2.077105 99.597769 
2.122089 96.635815 
2.168047 93.733756 
2.215001 90.892000 
2.262972 88.110297 
2.311981 85.388928 
2.362052 82.727511 
2.413207 80.126250 
2.465470 77.584522 
2.518865 75.102241 
2.573416 72.679415 
2.629149 70.315594 
2.686089 68.010356 
2.744262 65.763272 
2.803695 63.574227 
2.864414 61.442388 
2.926449 59.367439 
2.989828 57.348579 
3.054579 55.385452 
3.120732 53.477272 
3.188318 51.623371 
3.257368 49.822774 
3.327913 48.074873 
3.399986 46.378791 
3.473620 44.733611 
3.548848 43.138360 
3.625706 41.592044 
3.704229 40.093863 
3.784451 38.642811 
3.866412 37.237536 
3.950147 35.877358 
4.035696 34.561029 
4.123097 33.287567 
4.212391 32.055893 
4.303620 30.865004 
4.396824 29.713905 
4.492046 28.601565 
4.589331 27.527039 
4.688722 26.489391 
4.790267 25.487710 
4.894010 24.521095 
5.000000 23.588625 
