0.001000 35570.865953 
0.001077 36902.834941 
0.001159 38270.035956 
0.001248 39673.281087 
0.001343 41112.416628 
0.001446 42585.882178 
0.001557 44092.277146 
0.001676 45628.821788 
0.001804 47192.220218 
0.001943 48778.388614 
0.002091 50382.461695 
0.002251 51998.345640 
0.002424 53619.195866 
0.002609 55239.098437 
0.002809 56847.354969 
0.003024 58434.954439 
0.003256 59991.743140 
0.003505 61503.037314 
0.003773 62960.332749 
0.004062 64349.359153 
0.004373 65651.362681 
0.004708 66853.051253 
0.005069 67935.396349 
0.005457 68878.230024 
0.005875 69663.460194 
0.006325 70266.219525 
0.006809 70663.966902 
0.007330 70836.165027 
0.007891 70758.545053 
0.008496 70406.018686 
0.009146 69751.074088 
0.009846 68774.197885 
0.010600 67463.599962 
0.011412 65807.690870 
0.012286 63792.668493 
0.013226 61406.156265 
0.014239 58664.018575 
0.015329 55628.364149 
0.016503 52271.309247 
0.017767 48698.179233 
0.019127 44989.892314 
0.020592 41277.413379 
0.022168 37609.714393 
0.023866 34100.951150 
0.025693 30808.659516 
0.027660 27862.116061 
0.029778 25383.490783 
0.032058 23370.396575 
0.034513 21740.365031 
0.037155 20402.971974 
0.040000 19256.803962 
0.041074 18866.163280 
0.042148 18484.532368 
0.043221 18104.852953 
0.044295 17719.726750 
0.045369 17324.450218 
0.046443 16915.289406 
0.047517 16489.998991 
0.048591 16047.728732 
0.049664 15589.489070 
0.050738 15115.940929 
0.051812 14629.957742 
0.052886 14135.029423 
0.053960 13635.024328 
0.055034 13134.253397 
0.056107 12637.562807 
0.057181 12148.520144 
0.058255 11671.854282 
0.059329 11211.525660 
0.060403 10771.111837 
0.061477 10353.620817 
0.062550 9961.843997 
0.063624 9596.870737 
0.064698 9260.400739 
0.065772 8952.981207 
0.066846 8674.651744 
0.067919 8425.111577 
0.068993 8202.883457 
0.070067 8006.663241 
0.071141 7834.575975 
0.072215 7684.320371 
0.073289 7553.290082 
0.074362 7438.810235 
0.075436 7337.724482 
0.076510 7247.174869 
0.077584 7164.123469 
0.078658 7085.788118 
0.079732 7009.513941 
0.080805 6933.049310 
0.081879 6854.303465 
0.082953 6771.789726 
0.084027 6684.358165 
0.085101 6591.338480 
0.086174 6492.484748 
0.087248 6387.643899 
0.088322 6277.253467 
0.089396 6161.778634 
0.090470 6041.948663 
0.091544 5918.540823 
0.092617 5792.549433 
0.093691 5664.614246 
0.094765 5535.742984 
0.095839 5406.826818 
0.096913 5278.747728 
0.097987 5152.339954 
0.099060 5028.507074 
0.100134 4907.800598 
0.101208 4791.040184 
0.102282 4678.851431 
0.103356 4571.782307 
0.104430 4470.263226 
0.105503 4374.706335 
0.106577 4285.132708 
0.107651 4201.694287 
0.108725 4124.314333 
0.109799 4052.820577 
0.110872 3986.963806 
0.111946 3926.238706 
0.113020 3870.251119 
0.114094 3818.481379 
0.115168 3770.395754 
0.116242 3725.445555 
0.117315 3683.138011 
0.118389 3642.875473 
0.119463 3604.215261 
0.120537 3566.703874 
0.121611 3529.955165 
0.122685 3493.612219 
0.123758 3457.400070 
0.124832 3421.001011 
0.125906 3384.216724 
0.126980 3346.901568 
0.128054 3308.928977 
0.129128 3270.215625 
0.130201 3230.748506 
0.131275 3190.466083 
0.132349 3149.435660 
0.133423 3107.735455 
0.134497 3065.472435 
0.135570 3022.812109 
0.136644 2979.829575 
0.137718 2936.737943 
0.138792 2893.714933 
0.139866 2850.952769 
0.140940 2808.631047 
0.142013 2766.974902 
0.143087 2726.068885 
0.144161 2686.109938 
0.145235 2647.230929 
0.146309 2609.546100 
0.147383 2573.144137 
0.148456 2538.132589 
0.149530 2504.477043 
0.150604 2472.232071 
0.151678 2441.392427 
0.152752 2411.942011 
0.153826 2383.818929 
0.154899 2356.999327 
0.155973 2331.348450 
0.157047 2306.795809 
0.158121 2283.247459 
0.159195 2260.599025 
0.160268 2238.756640 
0.161342 2217.569396 
0.162416 2196.953711 
0.163490 2176.806450 
0.164564 2157.027532 
0.165638 2137.522181 
0.166711 2118.243180 
0.167785 2099.074821 
0.168859 2079.992413 
0.169933 2060.941620 
0.171007 2041.893731 
0.172081 2022.836172 
0.173154 2003.772265 
0.174228 1984.664175 
0.175302 1965.545376 
0.176376 1946.434385 
0.177450 1927.355513 
0.178523 1908.341668 
0.179597 1889.399848 
0.180671 1870.579000 
0.181745 1851.910176 
0.182819 1833.431000 
0.183893 1815.163227 
0.184966 1797.154333 
0.186040 1779.401728 
0.187114 1761.938741 
0.188188 1744.787526 
0.189262 1727.959569 
0.190336 1711.468295 
0.191409 1695.333532 
0.192483 1679.526025 
0.193557 1664.068168 
0.194631 1648.945415 
0.195705 1634.163176 
0.196779 1619.709264 
0.197852 1605.586435 
0.198926 1591.754919 
0.200000 1578.216805 
0.201000 1565.866941 
0.205353 1514.627045 
0.209800 1465.805365 
0.214344 1418.721373 
0.218986 1372.911786 
0.223729 1328.145486 
0.228574 1284.436878 
0.233524 1241.929048 
0.238582 1200.827950 
0.243749 1161.333061 
0.249028 1123.557386 
0.254421 1087.540647 
0.259931 1053.229833 
0.265560 1020.514658 
0.271312 989.235946 
0.277187 959.247274 
0.283190 930.379798 
0.289324 902.496459 
0.295589 875.505571 
0.301991 849.319896 
0.308531 823.900486 
0.315213 799.221121 
0.322040 775.273947 
0.329014 752.063320 
0.336140 729.584166 
0.343420 707.843793 
0.350857 686.842495 
0.358456 666.569703 
0.366219 647.019360 
0.374150 628.176199 
0.382253 610.017590 
0.390531 592.522875 
0.398989 575.667145 
0.407630 559.426188 
0.416458 543.772973 
0.425478 528.679967 
0.434692 514.126034 
0.444106 500.084568 
0.453724 486.532138 
0.463551 473.444956 
0.473590 460.806810 
0.483846 448.595231 
0.494325 436.789549 
0.505031 425.375505 
0.515968 414.333571 
0.527143 403.648769 
0.538559 393.305809 
0.550223 383.307972 
0.562139 373.611597 
0.574313 364.203804 
0.586751 355.103649 
0.599459 346.196615 
0.612441 337.621704 
0.625705 329.295550 
0.639256 321.236938 
0.653100 313.383738 
0.667244 305.756533 
0.681695 298.361566 
0.696459 291.142316 
0.711542 284.140818 
0.726952 277.323171 
0.742696 270.704469 
0.758780 264.247779 
0.775213 257.957714 
0.792002 251.835415 
0.809154 245.872140 
0.826678 240.060409 
0.844582 234.371270 
0.862873 228.819076 
0.881560 223.397136 
0.900652 218.101420 
0.920158 212.926184 
0.940086 207.866629 
0.960445 202.919130 
0.981246 198.077670 
1.002497 193.339285 
1.024208 188.700318 
1.046389 184.155867 
1.069051 179.702594 
1.092204 175.337829 
1.115858 171.057752 
1.140024 166.859527 
1.164714 162.739603 
1.189938 158.696768 
1.215709 154.727579 
1.242037 150.830360 
1.268936 147.002647 
1.296418 143.242911 
1.324494 139.549275 
1.353179 135.920152 
1.382485 132.354394 
1.412426 128.850569 
1.443015 125.407457 
1.474266 122.024699 
1.506195 118.701043 
1.538814 115.436000 
1.572141 112.228806 
1.606189 109.079041 
1.640974 105.986189 
1.676513 102.950163 
1.712821 99.970370 
1.749916 97.046628 
1.787814 94.179028 
1.826533 91.366874 
1.866090 88.610477 
1.906504 85.909505 
1.947794 83.263841 
1.989977 80.673323 
2.033075 78.137955 
2.077105 75.657444 
2.122089 73.231873 
2.168047 70.860819 
2.215001 68.544234 
2.262972 66.281655 
2.311981 64.073303 
2.362052 61.918664 
2.413207 59.817641 
2.465470 57.769509 
2.518865 55.774259 
2.573416 53.831417 
2.629149 51.940720 
2.686089 50.101456 
2.744262 48.313275 
2.803695 46.575842 
2.864414 44.888353 
2.926449 43.250417 
2.989828 41.661099 
3.054579 40.120047 
3.120732 38.626413 
3.188318 37.179553 
3.257368 35.778381 
3.327913 34.422460 
3.399986 33.110698 
3.473620 31.842243 
3.548848 30.616199 
3.625706 29.431528 
3.704229 28.287412 
3.784451 27.182897 
3.866412 26.116667 
3.950147 25.088090 
4.035696 24.095984 
4.123097 23.139405 
4.212391 22.217338 
4.303620 21.328790 
4.396824 20.472869 
4.492046 19.648644 
4.589331 18.855139 
4.688722 18.091574 
4.790267 17.356993 
4.894010 16.650619 
5.000000 15.971619 
