0.001000 14048.828012 
0.001077 14990.264131 
0.001159 15986.433739 
0.001248 17038.763980 
0.001343 18148.674660 
0.001446 19316.929306 
0.001557 20544.060050 
0.001676 21829.992157 
0.001804 23173.907788 
0.001943 24574.148296 
0.002091 26028.385419 
0.002251 27532.819254 
0.002424 29082.867510 
0.002609 30672.348558 
0.002809 32294.125470 
0.003024 33938.917585 
0.003256 35597.183132 
0.003505 37255.894658 
0.003773 38903.540720 
0.004062 40525.760799 
0.004373 42104.487196 
0.004708 43625.910453 
0.005069 45072.643375 
0.005457 46423.417474 
0.005875 47662.351565 
0.006325 48768.134312 
0.006809 49720.332812 
0.007330 50500.001377 
0.007891 51085.236153 
0.008496 51457.884375 
0.009146 51594.355588 
0.009846 51478.744277 
0.010600 51094.203538 
0.011412 50418.447513 
0.012286 49440.457686 
0.013226 48153.471080 
0.014239 46560.989983 
0.015329 44662.946780 
0.016503 42529.034712 
0.017767 40196.350054 
0.019127 37756.496890 
0.020592 35183.244140 
0.022168 32517.164174 
0.023866 29889.550968 
0.025693 27371.759387 
0.027660 25061.159469 
0.029778 23061.602394 
0.032058 21330.884221 
0.034513 19872.643688 
0.037155 18615.191136 
0.040000 17448.687871 
0.041074 17038.638284 
0.042148 16639.217939 
0.043221 16248.608305 
0.044295 15863.583017 
0.045369 15481.692112 
0.046443 15100.682098 
0.047517 14718.749592 
0.048591 14334.191258 
0.049664 13946.442590 
0.050738 13554.514242 
0.051812 13158.938962 
0.052886 12760.487733 
0.053960 12360.521430 
0.055034 11960.884339 
0.056107 11564.084873 
0.057181 11171.922079 
0.058255 10787.372276 
0.059329 10413.059606 
0.060403 10051.504682 
0.061477 9705.150530 
0.062550 9376.342617 
0.063624 9066.139577 
0.064698 8776.161666 
0.065772 8507.224822 
0.066846 8259.700109 
0.067919 8033.672866 
0.068993 7828.194617 
0.070067 7642.530732 
0.071141 7475.407309 
0.072215 7325.185973 
0.073289 7190.024060 
0.074362 7068.040557 
0.075436 6956.913750 
0.076510 6854.648366 
0.077584 6759.157112 
0.078658 6668.461993 
0.079732 6580.779792 
0.080805 6494.566947 
0.081879 6408.308174 
0.082953 6320.978123 
0.084027 6231.702009 
0.085101 6139.902691 
0.086174 6045.286630 
0.087248 5947.521004 
0.088322 5846.741516 
0.089396 5743.062206 
0.090470 5636.792608 
0.091544 5528.287574 
0.092617 5418.109114 
0.093691 5306.526992 
0.094765 5194.177900 
0.095839 5081.642525 
0.096913 4969.529015 
0.097987 4858.429702 
0.099060 4749.069569 
0.100134 4641.895465 
0.101208 4537.618097 
0.102282 4436.827611 
0.103356 4340.075198 
0.104430 4247.827040 
0.105503 4160.574959 
0.106577 4078.473948 
0.107651 4001.808187 
0.108725 3930.668622 
0.109799 3865.021877 
0.110872 3804.775337 
0.111946 3749.530595 
0.113020 3698.969443 
0.114094 3652.574561 
0.115168 3609.790969 
0.116242 3569.971456 
0.117315 3532.462332 
0.118389 3496.521200 
0.119463 3461.523726 
0.120537 3426.851146 
0.121611 3391.978296 
0.122685 3356.493341 
0.123758 3320.123817 
0.124832 3282.633901 
0.125906 3244.005644 
0.126980 3204.316504 
0.128054 3163.719255 
0.129128 3122.430339 
0.130201 3080.752931 
0.131275 3038.877606 
0.132349 2997.100198 
0.133423 2955.641789 
0.134497 2914.677655 
0.135570 2874.369038 
0.136644 2834.719463 
0.137718 2795.794070 
0.138792 2757.598895 
0.139866 2720.124153 
0.140940 2683.336143 
0.142013 2647.259197 
0.143087 2611.804040 
0.144161 2577.013546 
0.145235 2542.918493 
0.146309 2509.546522 
0.147383 2476.964050 
0.148456 2445.258557 
0.149530 2414.418381 
0.150604 2384.536403 
0.151678 2355.649905 
0.152752 2327.794868 
0.153826 2300.966214 
0.154899 2275.177978 
0.155973 2250.352216 
0.157047 2226.455956 
0.158121 2203.421866 
0.159195 2181.170689 
0.160268 2159.630706 
0.161342 2138.669790 
0.162416 2118.217497 
0.163490 2098.179046 
0.164564 2078.474845 
0.165638 2059.017645 
0.166711 2039.778916 
0.167785 2020.659380 
0.168859 2001.645731 
0.169933 1982.704107 
0.171007 1963.818338 
0.172081 1944.991081 
0.173154 1926.241021 
0.174228 1907.541796 
0.175302 1888.936495 
0.176376 1870.447048 
0.177450 1852.098748 
0.178523 1833.929223 
0.179597 1815.943202 
0.180671 1798.175360 
0.181745 1780.655622 
0.182819 1763.408574 
0.183893 1746.444170 
0.184966 1729.796038 
0.186040 1713.444902 
0.187114 1697.415439 
0.188188 1681.706914 
0.189262 1666.321400 
0.190336 1651.259811 
0.191409 1636.522490 
0.192483 1622.078566 
0.193557 1607.933297 
0.194631 1594.068279 
0.195705 1580.478211 
0.196779 1567.148298 
0.197852 1554.074451 
0.198926 1541.220049 
0.200000 1528.581525 
0.201000 1517.001867 
0.205353 1468.395616 
0.209800 1421.268097 
0.214344 1375.264000 
0.218986 1330.279312 
0.223729 1286.386509 
0.228574 1243.788347 
0.233524 1202.705146 
0.238582 1163.314333 
0.243749 1125.728935 
0.249028 1089.952237 
0.254421 1055.911553 
0.259931 1023.466346 
0.265560 992.452721 
0.271312 962.686690 
0.277187 934.021382 
0.283190 906.304409 
0.289324 879.423620 
0.295589 853.312067 
0.301991 827.908680 
0.308531 803.196094 
0.315213 779.169796 
0.322040 755.842773 
0.329014 733.234332 
0.336140 711.349095 
0.343420 690.203079 
0.350857 669.795565 
0.358456 650.118772 
0.366219 631.161002 
0.374150 612.908652 
0.382253 595.333419 
0.390531 578.410679 
0.398989 562.109817 
0.407630 546.405836 
0.416458 531.266261 
0.425478 516.663462 
0.434692 502.573950 
0.444106 488.970177 
0.453724 475.828532 
0.463551 463.126297 
0.473590 450.846437 
0.483846 438.970927 
0.494325 427.478336 
0.505031 416.356729 
0.515968 405.589605 
0.527143 395.161590 
0.538559 385.060745 
0.550223 375.271062 
0.562139 365.771630 
0.574313 356.577660 
0.586751 347.643146 
0.599459 338.846883 
0.612441 330.454519 
0.625705 322.331268 
0.639256 314.427892 
0.653100 306.749704 
0.667244 299.275182 
0.681695 292.020150 
0.696459 284.951174 
0.711542 278.107971 
0.726952 271.456358 
0.742696 264.963921 
0.758780 258.656797 
0.775213 252.512530 
0.792002 246.520112 
0.809154 240.695610 
0.826678 234.979446 
0.844582 229.425979 
0.862873 224.005535 
0.881560 218.712370 
0.900652 213.541216 
0.920158 208.487709 
0.940086 203.546371 
0.960445 198.713434 
0.981246 193.983201 
1.002497 189.352789 
1.024208 184.818052 
1.046389 180.374636 
1.069051 176.019224 
1.092204 171.748820 
1.115858 167.559920 
1.140024 163.449753 
1.164714 159.415091 
1.189938 155.454220 
1.215709 151.563812 
1.242037 147.742239 
1.268936 143.987172 
1.296418 140.297252 
1.324494 136.670851 
1.353179 133.105844 
1.382485 129.601929 
1.412426 126.157175 
1.443015 122.770962 
1.474266 119.442564 
1.506195 116.171012 
1.538814 112.956015 
1.572141 109.796650 
1.606189 106.693118 
1.640974 103.644691 
1.676513 100.651458 
1.712821 97.712938 
1.749916 94.829047 
1.787814 91.999927 
1.826533 89.225318 
1.866090 86.505300 
1.906504 83.839642 
1.947794 81.228550 
1.989977 78.671896 
2.033075 76.169548 
2.077105 73.721626 
2.122089 71.327944 
2.168047 68.988578 
2.215001 66.703163 
2.262972 64.471467 
2.311981 62.293707 
2.362052 60.169432 
2.413207 58.098581 
2.465470 56.080375 
2.518865 54.115045 
2.573416 52.202017 
2.629149 50.340951 
2.686089 48.531334 
2.744262 46.772617 
2.803695 45.064577 
2.864414 43.406433 
2.926449 41.797628 
2.989828 40.237413 
3.054579 38.725341 
3.120732 37.260533 
3.188318 35.842307 
3.257368 34.469681 
3.327913 33.142075 
3.399986 31.858370 
3.473620 30.617796 
3.548848 29.419375 
3.625706 28.262141 
3.704229 27.145204 
3.784451 26.067553 
3.866412 25.028011 
3.950147 24.025834 
4.035696 23.059892 
4.123097 22.129191 
4.212391 21.232722 
4.303620 20.369581 
4.396824 19.538767 
4.492046 18.739380 
4.589331 17.970494 
4.688722 17.231213 
4.790267 16.520638 
4.894010 15.837966 
5.000000 15.182325 
