0.001000 13830.995247 
0.001077 14651.732780 
0.001159 15512.714743 
0.001248 16414.952762 
0.001343 17359.148395 
0.001446 18345.658891 
0.001557 19374.774318 
0.001676 20446.250834 
0.001804 21559.564899 
0.001943 22713.724385 
0.002091 23907.194759 
0.002251 25138.062191 
0.002424 26403.704024 
0.002609 27700.850334 
0.002809 29025.891930 
0.003024 30373.618398 
0.003256 31739.092287 
0.003505 33115.156353 
0.003773 34494.942287 
0.004062 35870.734942 
0.004373 37230.309614 
0.004708 38564.859385 
0.005069 39862.355295 
0.005457 41105.518018 
0.005875 42282.972734 
0.006325 43376.521221 
0.006809 44367.574982 
0.007330 45239.888658 
0.007891 45977.314968 
0.008496 46551.269563 
0.009146 46946.985598 
0.009846 47133.481929 
0.010600 47096.091550 
0.011412 46816.988100 
0.012286 46284.759159 
0.013226 45468.245518 
0.014239 44386.217407 
0.015329 43009.245381 
0.016503 41370.635554 
0.017767 39497.647381 
0.019127 37437.762176 
0.020592 35213.132319 
0.022168 32908.359691 
0.023866 30578.790435 
0.025693 28315.652936 
0.027660 26171.371928 
0.029778 24240.709962 
0.032058 22574.009581 
0.034513 21168.190784 
0.037155 19973.242362 
0.040000 18900.088661 
0.041074 18525.275871 
0.042148 18158.166792 
0.043221 17794.500424 
0.044295 17430.000018 
0.045369 17062.082420 
0.046443 16688.472748 
0.047517 16307.758958 
0.048591 15919.234899 
0.049664 15523.300602 
0.050738 15119.776698 
0.051812 14710.171657 
0.052886 14296.106376 
0.053960 13879.518970 
0.055034 13462.771293 
0.056107 13048.742918 
0.057181 12639.306963 
0.058255 12237.467465 
0.059329 11845.753913 
0.060403 11466.632635 
0.061477 11102.236427 
0.062550 10754.814905 
0.063624 10425.242710 
0.064698 10115.137105 
0.065772 9825.253580 
0.066846 9556.017068 
0.067919 9307.664625 
0.068993 9079.371818 
0.070067 8870.664738 
0.071141 8680.554244 
0.072215 8507.762354 
0.073289 8350.804888 
0.074362 8208.179702 
0.075436 8077.862514 
0.076510 7958.230479 
0.077584 7847.501691 
0.078658 7743.969232 
0.079732 7645.954186 
0.080805 7552.007462 
0.081879 7460.528263 
0.082953 7370.345581 
0.084027 7280.259511 
0.085101 7189.321425 
0.086174 7096.699035 
0.087248 7001.520150 
0.088322 6903.304377 
0.089396 6801.583931 
0.090470 6696.135837 
0.091544 6586.863371 
0.092617 6474.023716 
0.093691 6357.661832 
0.094765 6238.385312 
0.095839 6116.837753 
0.096913 5993.839086 
0.097987 5870.269215 
0.099060 5747.184405 
0.100134 5625.381959 
0.101208 5505.925772 
0.102282 5389.708334 
0.103356 5277.523091 
0.104430 5170.033276 
0.105503 5067.846996 
0.106577 4971.138828 
0.107651 4880.196723 
0.108725 4795.058904 
0.109799 4715.651172 
0.110872 4641.807071 
0.111946 4573.058854 
0.113020 4509.078298 
0.114094 4449.357423 
0.115168 4393.403008 
0.116242 4340.681832 
0.117315 4290.696857 
0.118389 4242.853818 
0.119463 4196.717156 
0.120537 4151.859690 
0.121611 4107.912830 
0.122685 4064.588592 
0.123758 4021.676564 
0.124832 3978.921591 
0.125906 3936.253763 
0.126980 3893.613151 
0.128054 3850.972809 
0.129128 3808.325637 
0.130201 3765.722260 
0.131275 3723.096213 
0.132349 3680.510518 
0.133423 3637.956489 
0.134497 3595.429819 
0.135570 3552.950553 
0.136644 3510.406706 
0.137718 3467.819684 
0.138792 3425.175807 
0.139866 3382.486712 
0.140940 3339.765315 
0.142013 3297.125404 
0.143087 3254.554889 
0.144161 3212.212768 
0.145235 3170.240036 
0.146309 3128.780097 
0.147383 3088.000845 
0.148456 3048.106749 
0.149530 3009.160845 
0.150604 2971.350729 
0.151678 2934.787109 
0.152752 2899.564716 
0.153826 2865.723744 
0.154899 2833.340883 
0.155973 2802.335177 
0.157047 2772.700233 
0.158121 2744.375922 
0.159195 2717.276734 
0.160268 2691.328416 
0.161342 2666.360126 
0.162416 2642.285974 
0.163490 2618.974223 
0.164564 2596.299900 
0.165638 2574.140376 
0.166711 2552.422486 
0.167785 2530.985776 
0.168859 2509.783567 
0.169933 2488.731402 
0.171007 2467.768337 
0.172081 2446.862429 
0.173154 2425.990391 
0.174228 2405.097054 
0.175302 2384.202414 
0.176376 2363.305172 
0.177450 2342.420451 
0.178523 2321.578410 
0.179597 2300.776978 
0.180671 2280.058380 
0.181745 2259.455521 
0.182819 2239.003883 
0.183893 2218.733906 
0.184966 2198.689934 
0.186040 2178.868190 
0.187114 2159.317476 
0.188188 2140.055953 
0.189262 2121.101464 
0.190336 2102.480257 
0.191409 2084.209425 
0.192483 2066.266862 
0.193557 2048.683960 
0.194631 2031.444670 
0.195705 2014.565812 
0.196779 1998.032515 
0.197852 1981.851428 
0.198926 1965.989128 
0.200000 1950.442846 
0.201000 1936.251760 
0.205353 1877.299367 
0.209800 1821.086990 
0.214344 1766.890602 
0.218986 1714.155014 
0.223729 1662.569620 
0.228574 1612.118489 
0.233524 1562.950400 
0.238582 1515.316413 
0.243749 1469.477891 
0.249028 1425.602419 
0.254421 1383.759369 
0.259931 1343.889184 
0.265560 1305.849114 
0.271312 1269.431739 
0.277187 1234.437509 
0.283190 1200.640174 
0.289324 1167.864480 
0.295589 1135.996882 
0.301991 1104.933168 
0.308531 1074.638386 
0.315213 1045.096830 
0.322040 1016.320309 
0.329014 988.339418 
0.336140 961.168724 
0.343420 934.835134 
0.350857 909.357992 
0.358456 884.732253 
0.366219 860.956514 
0.374150 838.013735 
0.382253 815.880780 
0.390531 794.529709 
0.398989 773.925113 
0.407630 754.037854 
0.416458 734.830479 
0.425478 716.268519 
0.434692 698.321524 
0.444106 680.959126 
0.453724 664.151337 
0.463551 647.868434 
0.473590 632.092099 
0.483846 616.797179 
0.494325 601.960339 
0.505031 587.564150 
0.515968 573.589405 
0.527143 560.019196 
0.538559 546.836773 
0.550223 534.080929 
0.562139 521.617255 
0.574313 509.503349 
0.586751 497.757129 
0.599459 486.272874 
0.612441 475.141765 
0.625705 464.254042 
0.639256 453.673274 
0.653100 443.362575 
0.667244 433.260150 
0.681695 423.382978 
0.696459 413.811303 
0.711542 404.459878 
0.726952 395.334361 
0.742696 386.438428 
0.758780 377.715336 
0.775213 369.184384 
0.792002 360.824140 
0.809154 352.622288 
0.826678 344.634752 
0.844582 336.802593 
0.862873 329.128778 
0.881560 321.604871 
0.900652 314.225819 
0.920158 306.986095 
0.940086 299.879856 
0.960445 292.903472 
0.981246 286.049493 
1.002497 279.315494 
1.024208 272.697379 
1.046389 266.190370 
1.069051 259.790648 
1.092204 253.495761 
1.115858 247.301451 
1.140024 241.206371 
1.164714 235.206273 
1.189938 229.300589 
1.215709 223.486267 
1.242037 217.762022 
1.268936 212.126209 
1.296418 206.577808 
1.324494 201.115951 
1.353179 195.739183 
1.382485 190.448369 
1.412426 185.241655 
1.443015 180.119471 
1.474266 175.082019 
1.506195 170.128173 
1.538814 165.259887 
1.572141 160.475883 
1.606189 155.777554 
1.640974 151.164444 
1.676513 146.637467 
1.712821 142.196578 
1.749916 137.842264 
1.787814 133.575437 
1.826533 129.395562 
1.866090 125.303222 
1.906504 121.298765 
1.947794 117.382421 
1.989977 113.554119 
2.033075 109.813700 
2.077105 106.161692 
2.122089 102.597291 
2.168047 99.120827 
2.215001 95.731331 
2.262972 92.428778 
2.311981 89.212870 
2.362052 86.082760 
2.413207 83.038124 
2.465470 80.077670 
2.518865 77.200992 
2.573416 74.407191 
2.629149 71.695263 
2.686089 69.064162 
2.744262 66.512569 
2.803695 64.039758 
2.864414 61.644013 
2.926449 59.324530 
2.989828 57.079428 
3.054579 54.907656 
3.120732 52.807630 
3.188318 50.777906 
3.257368 48.816686 
3.327913 46.922732 
3.399986 45.093988 
3.473620 43.329174 
3.548848 41.626500 
3.625706 39.984166 
3.704229 38.400666 
3.784451 36.874370 
3.866412 35.403282 
3.950147 33.986102 
4.035696 32.621086 
4.123097 31.306544 
4.212391 30.041002 
4.303620 28.822851 
4.396824 27.650697 
4.492046 26.523063 
4.589331 25.438510 
4.688722 24.395769 
4.790267 23.393456 
4.894010 22.430321 
5.000000 21.505128 
