0.001000 5926.420048 
0.001077 6388.363292 
0.001159 6880.842878 
0.001248 7404.950357 
0.001343 7961.640796 
0.001446 8551.771015 
0.001557 9176.220287 
0.001676 9835.720473 
0.001804 10530.612913 
0.001943 11261.235107 
0.002091 12027.708735 
0.002251 12829.688254 
0.002424 13666.622629 
0.002609 14537.414530 
0.002809 15440.809256 
0.003024 16374.490731 
0.003256 17336.402923 
0.003505 18322.750916 
0.003773 19330.043289 
0.004062 20353.892614 
0.004373 21386.801604 
0.004708 22423.062029 
0.005069 23455.669245 
0.005457 24473.142247 
0.005875 25466.778614 
0.006325 26424.008822 
0.006809 27333.022669 
0.007330 28180.429674 
0.007891 28950.456830 
0.008496 29623.953964 
0.009146 30184.043960 
0.009846 30610.582119 
0.010600 30896.336956 
0.011412 31022.740557 
0.012286 30967.372983 
0.013226 30713.541232 
0.014239 30258.329668 
0.015329 29580.951203 
0.016503 28709.944654 
0.017767 27639.852219 
0.019127 26414.348368 
0.020592 25073.281355 
0.022168 23638.397020 
0.023866 22154.934370 
0.025693 20693.471601 
0.027660 19290.233523 
0.029778 18041.601645 
0.032058 16963.337499 
0.034513 16044.616240 
0.037155 15266.176497 
0.040000 14553.288811 
0.041074 14294.876490 
0.042148 14035.587706 
0.043221 13773.068273 
0.044295 13504.929952 
0.045369 13230.125781 
0.046443 12948.156475 
0.047517 12658.955406 
0.048591 12362.772062 
0.049664 12060.626151 
0.050738 11752.972712 
0.051812 11441.106258 
0.052886 11126.457791 
0.053960 10810.630495 
0.055034 10495.254046 
0.056107 10182.387564 
0.057181 9873.202420 
0.058255 9569.860253 
0.059329 9274.170400 
0.060403 8987.839522 
0.061477 8712.483125 
0.062550 8449.846951 
0.063624 8200.649527 
0.064698 7966.224965 
0.065772 7747.326151 
0.066846 7544.424688 
0.067919 7357.884101 
0.068993 7187.209654 
0.070067 7032.143940 
0.071141 6891.963162 
0.072215 6765.663148 
0.073289 6652.005781 
0.074362 6549.671671 
0.075436 6456.920051 
0.076510 6372.230593 
0.077584 6293.915707 
0.078658 6220.397209 
0.079732 6150.119632 
0.080805 6081.748189 
0.081879 6013.921349 
0.082953 5945.648748 
0.084027 5876.070818 
0.085101 5804.542825 
0.086174 5730.642425 
0.087248 5653.907074 
0.088322 5574.249507 
0.089396 5491.587036 
0.090470 5405.985480 
0.091544 5317.564220 
0.092617 5226.689526 
0.093691 5133.478402 
0.094765 5038.412298 
0.095839 4941.985227 
0.096913 4844.741841 
0.097987 4747.266333 
0.099060 4650.279662 
0.100134 4554.289110 
0.101208 4460.041611 
0.102282 4368.154103 
0.103356 4279.235513 
0.104430 4193.798698 
0.105503 4112.341042 
0.106577 4035.056855 
0.107651 3962.244186 
0.108725 3894.008438 
0.109799 3830.353828 
0.110872 3771.241552 
0.111946 3716.365481 
0.113020 3665.505783 
0.114094 3618.311068 
0.115168 3574.406567 
0.116242 3533.366965 
0.117315 3494.782713 
0.118389 3458.152454 
0.119463 3423.074799 
0.120537 3389.156896 
0.121611 3356.032297 
0.122685 3323.394500 
0.123758 3291.002414 
0.124832 3258.583242 
0.125906 3226.001873 
0.126980 3193.162508 
0.128054 3159.983699 
0.129128 3126.422103 
0.130201 3092.497571 
0.131275 3058.155775 
0.132349 3023.429985 
0.133423 2988.357645 
0.134497 2952.955490 
0.135570 2917.287003 
0.136644 2881.320200 
0.137718 2845.132243 
0.138792 2808.775591 
0.139866 2772.341834 
0.140940 2735.906467 
0.142013 2699.627265 
0.143087 2663.560840 
0.144161 2627.888727 
0.145235 2592.767383 
0.146309 2558.354934 
0.147383 2524.800418 
0.148456 2492.297018 
0.149530 2460.882413 
0.150604 2430.706650 
0.151678 2401.833077 
0.152752 2374.314308 
0.153826 2348.145248 
0.154899 2323.339632 
0.155973 2299.788785 
0.157047 2277.434063 
0.158121 2256.181397 
0.159195 2235.904417 
0.160268 2216.488871 
0.161342 2197.760147 
0.162416 2179.598260 
0.163490 2161.866666 
0.164564 2144.434697 
0.165638 2127.179756 
0.166711 2110.031467 
0.167785 2092.856871 
0.168859 2075.613750 
0.169933 2058.253369 
0.171007 2040.738647 
0.172081 2023.064810 
0.173154 2005.245968 
0.174228 1987.264445 
0.175302 1969.167060 
0.176376 1950.990489 
0.177450 1932.778616 
0.178523 1914.592785 
0.179597 1896.449276 
0.180671 1878.416352 
0.181745 1860.544547 
0.182819 1842.880331 
0.183893 1825.456199 
0.184966 1808.330891 
0.186040 1791.500384 
0.187114 1775.004463 
0.188188 1758.863375 
0.189262 1743.086276 
0.190336 1727.684275 
0.191409 1712.667704 
0.192483 1698.004407 
0.193557 1683.706176 
0.194631 1669.756432 
0.195705 1656.145218 
0.196779 1642.856745 
0.197852 1629.880350 
0.198926 1617.174281 
0.200000 1604.732710 
0.201000 1593.371487 
0.205353 1545.982677 
0.209800 1500.199346 
0.214344 1455.305103 
0.218986 1410.973449 
0.223729 1367.219031 
0.228574 1324.329510 
0.233524 1282.675129 
0.238582 1242.609338 
0.243749 1204.383301 
0.249028 1168.094829 
0.254421 1133.704025 
0.259931 1101.055093 
0.265560 1069.930571 
0.271312 1040.079431 
0.277187 1011.288761 
0.283190 983.352358 
0.289324 956.127929 
0.295589 929.536173 
0.301991 903.523254 
0.308531 878.089362 
0.315213 853.251964 
0.322040 829.045861 
0.329014 805.513528 
0.336140 782.682594 
0.343420 760.582176 
0.350857 739.231692 
0.358456 718.628739 
0.366219 698.769794 
0.374150 679.637442 
0.382253 661.207542 
0.390531 643.452657 
0.398989 626.341090 
0.407630 609.842010 
0.416458 593.922540 
0.425478 578.550964 
0.434692 563.701527 
0.444106 549.344304 
0.453724 535.454566 
0.463551 522.008603 
0.473590 508.988712 
0.483846 496.374727 
0.494325 484.146814 
0.505031 472.291483 
0.515968 460.793859 
0.527143 449.638738 
0.538559 438.813102 
0.550223 428.349303 
0.562139 418.182122 
0.574313 408.263781 
0.586751 398.628179 
0.599459 389.286994 
0.612441 380.157017 
0.625705 371.302021 
0.639256 362.713162 
0.653100 354.351532 
0.667244 346.191424 
0.681695 338.296824 
0.696459 330.564100 
0.711542 323.040936 
0.726952 315.708238 
0.742696 308.562866 
0.758780 301.591933 
0.775213 294.789733 
0.792002 288.134120 
0.809154 281.661334 
0.826678 275.310670 
0.844582 269.118204 
0.862873 263.063045 
0.881560 257.138758 
0.900652 251.340274 
0.920158 245.662753 
0.940086 240.100143 
0.960445 234.649080 
0.981246 229.303313 
1.002497 224.059952 
1.024208 218.914599 
1.046389 213.862567 
1.069051 208.900685 
1.092204 204.025569 
1.115858 199.233161 
1.140024 194.521751 
1.164714 189.887004 
1.189938 185.327969 
1.215709 180.841128 
1.242037 176.424723 
1.268936 172.076368 
1.296418 167.794923 
1.324494 163.579270 
1.353179 159.427077 
1.382485 155.338259 
1.412426 151.311597 
1.443015 147.346000 
1.474266 143.441484 
1.506195 139.597113 
1.538814 135.813457 
1.572141 132.089624 
1.606189 128.425889 
1.640974 124.822154 
1.676513 121.278869 
1.712821 117.795867 
1.749916 114.373403 
1.787814 111.012148 
1.826533 107.712044 
1.866090 104.473296 
1.906504 101.296278 
1.947794 98.181450 
1.989977 95.129099 
2.033075 92.139156 
2.077105 89.212134 
2.122089 86.348090 
2.168047 83.547315 
2.215001 80.809470 
2.262972 78.134698 
2.311981 75.523386 
2.362052 72.975062 
2.413207 70.489950 
2.465470 68.067315 
2.518865 65.707311 
2.573416 63.409499 
2.629149 61.173572 
2.686089 58.999030 
2.744262 56.885263 
2.803695 54.832073 
2.864414 52.838393 
2.926449 50.903815 
2.989828 49.027442 
3.054579 47.208567 
3.120732 45.446347 
3.188318 43.739822 
3.257368 42.087896 
3.327913 40.489696 
3.399986 38.944048 
3.473620 37.449917 
3.548848 36.006114 
3.625706 34.611403 
3.704229 33.264732 
3.784451 31.964933 
3.866412 30.710482 
3.950147 29.500476 
4.035696 28.333593 
4.123097 27.208608 
4.212391 26.124315 
4.303620 25.079592 
4.396824 24.073281 
4.492046 23.104296 
4.589331 22.171475 
4.688722 21.273902 
4.790267 20.410435 
4.894010 19.580087 
5.000000 18.781978 
