1.000000000230258569e-04 7.647743760230696353e-05 5.229827280572862946e-06 6.621380848059743585e-07
1.115026695290953366e-04 9.533836359310043918e-05 6.519414725403294142e-06 8.254614414227035013e-07
1.243284530925187648e-04 1.188692154983073124e-04 8.128410570407140767e-06 1.029339401270590315e-06
1.386295441504667143e-04 1.482114640225518087e-04 1.013472294175699062e-05 1.283528916928844410e-06
1.545756424481938766e-04 1.847766362175207178e-04 1.263469704326780629e-05 1.600099892584694317e-06
1.723559677317991945e-04 2.303588788095112250e-04 1.575098153239196108e-05 1.994578809672020725e-06
1.921815050694108094e-04 2.871834821576157992e-04 1.963578088748363371e-05 2.486301895032738685e-06
2.142875084442451923e-04 3.579983447252743645e-04 2.447705043095993460e-05 3.099150561070018739e-06
2.389362923277018713e-04 4.462726751626178157e-04 3.051195309922150045e-05 3.863147838956138003e-06
2.664203443578849946e-04 5.563046738643606659e-04 3.803427102866407949e-05 4.815433470639618463e-06
2.970657960592480913e-04 6.933915385616273852e-04 4.740609261943973252e-05 6.001780036513082450e-06
3.312362927876497001e-04 8.642138584491476649e-04 5.908419819888877100e-05 7.479996895654039690e-06
3.693373088223966556e-04 1.077052356208696438e-03 7.363489254430533038e-05 9.321795602090787725e-06
4.118209588090659132e-04 1.342092855452392541e-03 9.175484274237533100e-05 1.161540825478368788e-05
4.591913626466918256e-04 1.672178586886730045e-03 1.143224239967821632e-04 1.447204815008262813e-05
5.120106274801957584e-04 2.083245195763083757e-03 1.424275251338258386e-04 1.802969370601203991e-05
5.709055177816341068e-04 2.594835389345462318e-03 1.774068153963526129e-04 2.245757968921680003e-05
6.365748926688486646e-04 3.231364903967914870e-03 2.209299420883326093e-04 2.796709134145203279e-05
7.097979987143026312e-04 4.022982179094469757e-03 2.750582031012527295e-04 3.481919759451557184e-05
7.914437166483044659e-04 5.006534411677421303e-03 3.423106229547556723e-04 4.333281947310752003e-05
8.824808716799498404e-04 6.228574247643337003e-03 4.258700629407030647e-04 5.391089695194750675e-05
9.839897297802024153e-04 7.747120098883897299e-03 5.297034164186698035e-04 6.705556108954624506e-05
1.097174816344422205e-03 9.633043032408750150e-03 6.586558015442278702e-04 8.338001123320282204e-05
1.223379209343287413e-03 1.197631198829185450e-02 8.188785923266550526e-04 1.036629037116654217e-04
1.364100476567608111e-03 1.488979423129421775e-02 1.018090116076564300e-03 1.288814281679151463e-04
1.521008446081769522e-03 1.851106082722253632e-02 1.265699004306952702e-03 1.602267991529515712e-04
1.695965020753673102e-03 2.301347268121389789e-02 1.573561618215535418e-03 1.992000273958183243e-04
1.891046271984591709e-03 2.861375273641897365e-02 1.956499286507096258e-03 2.476774246815693914e-04
2.108567074807741158e-03 3.557423775600909721e-02 2.432452942684903974e-03 3.079303351114504039e-04
2.351108576680822643e-03 4.422647728915762855e-02 3.024099171398120234e-03 3.828297863037732895e-04
2.621548825923003187e-03 5.498813511621847283e-02 3.760007654818764422e-03 4.759929670399287716e-04
2.923096923239734257e-03 6.836090436536323978e-02 4.674497864471049979e-03 5.917650694300391478e-04
3.259331101584665453e-03 8.498118700208578957e-02 5.811111513139621820e-03 7.356592686846852303e-04
3.634241186222156913e-03 1.056604554996738443e-01 7.225378371913393494e-03 9.147072962605307112e-04
4.052275938830490927e-03 1.313647904717072379e-01 8.983415316379250726e-03 1.137281869432626991e-03
4.518395847440812539e-03 1.633132835249853088e-01 1.116868195958886645e-02 1.413952337316004559e-03
5.038131988628217865e-03 2.030270553550508339e-01 1.388534211218939163e-02 1.757911951699497877e-03
5.617651660426248826e-03 2.523940442097227788e-01 1.726272800442529842e-02 2.185543916311871726e-03
6.263831564778516575e-03 3.137534771321952576e-01 2.146116427047672914e-02 2.717160676638741279e-03
6.984339407925946493e-03 3.900197149669111241e-01 2.668050338979810476e-02 3.378087323653744534e-03
7.787724887016851671e-03 4.848088338967500022e-01 3.316890528549265582e-02 4.199778779820917407e-03
8.683521142606049834e-03 6.025911716951668495e-01 4.123342741786473198e-02 5.221167065428744536e-03
9.682357880899711625e-03 7.489638054212264251e-01 5.125893893728061812e-02 6.491069440471619600e-03
1.079608750807801998e-02 9.307996828320028726e-01 6.371871828196162824e-02 8.069544589488941710e-03
1.203792577343234388e-02 1.156681055370427202e+00 7.920475272385374410e-02 1.003176226095092716e-02
1.342260859021738965e-02 1.437178184864023933e+00 9.844775041892717127e-02 1.247057446835242445e-02
1.496656689508787767e-02 1.785466137749608606e+00 1.223608909185713856e-01 1.550212426354846684e-02
1.668812162103823840e-02 2.217734573601774173e+00 1.520700921737443423e-01 1.926978337814944098e-02
1.860770109743517184e-02 2.753919862021575682e+00 1.889677011986350408e-01 2.395110447378101526e-02
2.074808345685756270e-02 3.419021927580615738e+00 2.348082535791036207e-01 2.977019375248346478e-02
2.313466692519383291e-02 4.242961299845774192e+00 2.917065254987392109e-01 3.699784530908800662e-02
2.579577120231610690e-02 5.263272007294290233e+00 3.623353280481751426e-01 4.597716414355090819e-02
2.876297350957714855e-02 6.525136808471870609e+00 4.499467476462086779e-01 5.712713830143911764e-02
3.207148329174031032e-02 8.084309023179230280e+00 5.586022176730693900e-01 7.097317476291209459e-02
3.576056001963404812e-02 1.000713716794052743e+01 6.932180818294000346e-01 8.815489621838423773e-02
3.987397905126498221e-02 1.237458038446675346e+01 8.599081698339432478e-01 1.094728092052719148e-01
4.446055107939526907e-02 1.528235928157118906e+01 1.066092815339288791e+00 1.359068797141844698e-01
4.957470132945773766e-02 1.884390469329991902e+01 1.320848231123818550e+00 1.686681624100856425e-01
5.527711538069327024e-02 2.319002005788024690e+01 1.635094683827446715e+00 2.092337027484063583e-01
6.163545927395905344e-02 2.847297014057949127e+01 2.022188188884683768e+00 2.594382065049103403e-01
6.872518245115814828e-02 3.485761783884845499e+01 2.497728442249353975e+00 3.214737752700784768e-01
7.663041305413779980e-02 4.252473502325119625e+01 3.080382050655771309e+00 3.980308705936295155e-01
8.544495620686157200e-02 5.165135596493018966e+01 3.791248666870160378e+00 4.922677694876256282e-01
9.527340712667957401e-02 6.241153462637612392e+01 4.654905723965839570e+00 6.080192232434455946e-01
1.062323922731101822e-01 7.494200928166355880e+01 5.698020481027924689e+00 7.497175299276932492e-01
1.184519532618636822e-01 8.937892597764403035e+01 6.953415446225335472e+00 9.230699897150316247e-01
1.320770899659224340e-01 1.057398486413958381e+02 8.452227120087854928e+00 1.134218949492378670e+00
1.472694811144383831e-01 1.238631523959825245e+02 1.021897538047369380e+01 1.389290360563904869e+00
1.642094028064348954e-01 1.434589320225682059e+02 1.227382327396003348e+01 1.694918093151727589e+00
1.830978677048002712e-01 1.642910231316168392e+02 1.464510913982508100e+01 2.060250446196050689e+00
2.041590102946942431e-01 1.859587647697585453e+02 1.734625442413823748e+01 2.494051343027308576e+00
2.276427465103479653e-01 2.074692870368328386e+02 2.032411109077361289e+01 2.997094200528920283e+00
2.538277392899435103e-01 2.287154431026951897e+02 2.358819183983541734e+01 3.580424540673277534e+00
2.830247052484705095e-01 2.489810324066629619e+02 2.706384779438747046e+01 4.243324160568590742e+00
3.155801017062329072e-01 2.677111657321490839e+02 3.065879476087457078e+01 4.980993429401280537e+00
3.518802378240603601e-01 2.848900696832910171e+02 3.431926805934404001e+01 5.792254415865301098e+00
3.923558586288135031e-01 2.999058465429994840e+02 3.790843640203831910e+01 6.657644470004157711e+00
4.374872563241952172e-01 3.126366403791525954e+02 4.134644576114791903e+01 7.561387550229113685e+00
4.878099695387512202e-01 3.230429709798417548e+02 4.457265741707257689e+01 8.485610325587757075e+00
5.439211381395319123e-01 3.307105324322494653e+02 4.748969904953105470e+01 9.401658345720193211e+00
6.064865890189676811e-01 3.354910664616414806e+02 5.004589652167192071e+01 1.028734097718219687e+01
6.762487369363893164e-01 3.372434323742888864e+02 5.220027872728205409e+01 1.112304834017742650e+01
7.540353941672404137e-01 3.357442948866407733e+02 5.390266254200624019e+01 1.188858677056551016e+01
8.407695934971151086e-01 3.307958811075293397e+02 5.509916190050654450e+01 1.256687651027796448e+01
9.374805411223435803e-01 3.223600964853694109e+02 5.576750801052725137e+01 1.314567566064168602e+01
1.045315829426528564e+00 3.103977080588694548e+02 5.585706043246579355e+01 1.360942187664090142e+01
1.165555054552403824e+00 2.950309568499513375e+02 5.534436098218267830e+01 1.394899779098593484e+01
1.299625000357985227e+00 2.765615449879492189e+02 5.420308521809799629e+01 1.415053561913474311e+01
1.449116568932995452e+00 2.554692484817549882e+02 5.243294716914811460e+01 1.420731588959667313e+01
1.615803658576671964e+00 2.324254025315851777e+02 5.004804370491586241e+01 1.410837061187494434e+01
1.801664213246928048e+00 2.082242138833200329e+02 4.709424439745893665e+01 1.384997479825057809e+01
2.008903693258128342e+00 1.837635971695540889e+02 4.365016869232657371e+01 1.342958763210812911e+01
2.239981245735629400e+00 1.598860366992329034e+02 3.982438026160767919e+01 1.285190303673931034e+01
2.497638885371206374e+00 1.373457098209014191e+02 3.575424309186858807e+01 1.212759184723777572e+01
2.784934031744384253e+00 1.166781498212887129e+02 3.158951992371243023e+01 1.127540837968068743e+01
3.105275789304232426e+00 9.821584617299532738e+01 2.748477331709148075e+01 1.032226866343043170e+01
3.462465400517639402e+00 8.205908675427514254e+01 2.357415077753500654e+01 9.301045718870355472e+00
3.860741352209485999e+00 6.814008995447053962e+01 1.996596287206334708e+01 8.249220265446867373e+00
4.304829670336041580e+00 5.628745739259026237e+01 1.672604565188748893e+01 7.204098925258398900e+00
4.799999999999999822e+00 4.627457676057238700e+01 1.388410531466097275e+01 6.200511252078086954e+00
