1.000000000230258569e-04 -1.555119210365774052e-04 -1.083906199994544295e-05 -1.391551457174955431e-06
1.115026695290953366e-04 -1.896303026569512440e-04 -1.345159775212323439e-05 -1.734659939245375426e-06
1.243284530925187648e-04 -2.357980253577807161e-04 -1.676231731551069970e-05 -2.163026678658752644e-06
1.386295441504667143e-04 -3.012333364154073934e-04 -2.100234246427135076e-05 -2.697348733704529877e-06
1.545756424481938766e-04 -3.918707127468223916e-04 -2.641497539457304811e-05 -3.363136869438676513e-06
1.723559677317991945e-04 -4.961510165344407142e-04 -3.303831792322853289e-05 -4.192555692839050607e-06
1.921815050694108094e-04 -5.896426321214676136e-04 -4.077629569110285956e-05 -5.225326361824045307e-06
2.142875084442451923e-04 -6.537072826517942303e-04 -4.967412249357039400e-05 -6.510858199249014433e-06
2.389362923277018713e-04 -7.676501361402188195e-04 -6.124998714085450047e-05 -8.114447155094239861e-06
2.664203443578849946e-04 -1.089267407905936125e-03 -7.823097615755614243e-05 -1.011871046330270474e-05
2.970657960592480913e-04 -1.771166834487303277e-03 -1.033836597912340949e-04 -1.262419254999258555e-05
3.312362927876497001e-04 -2.485505257141085167e-03 -1.328057212504063500e-04 -1.574198796561177005e-05
3.693373088223966556e-04 -2.489370554940251168e-03 -1.568784408050305501e-04 -1.959963799436081899e-05
4.118209588090659132e-04 -8.841684109484049259e-04 -1.656695282008513459e-04 -2.435823782320767350e-05
4.591913626466918256e-04 1.951381900425985805e-03 -1.831529825722100213e-04 -3.029999049886100693e-05
5.120106274801957584e-04 4.478700342133379309e-03 -2.656093639075152169e-04 -3.783261541911997483e-05
5.709055177816341068e-04 4.751507836772361770e-03 -4.760733046396126156e-04 -4.744282853152981261e-05
6.365748926688486646e-04 4.198653733965329593e-03 -7.021905795454586041e-04 -5.931948686566101969e-05
7.097979987143026312e-04 7.725161410689906916e-03 -6.465557551109668566e-04 -7.334749921028560493e-05
7.914437166483044659e-04 2.183097997203731211e-02 8.896541237390920287e-05 -8.825138274914934300e-05
8.824808716799498404e-04 4.573712667001927912e-02 1.571768718804378295e-03 -8.911291308777435916e-05
9.839897297802024153e-04 7.023310912336455658e-02 3.488443014362019312e-03 -4.476397418784472393e-05
1.097174816344422205e-03 8.198180586259695701e-02 5.346958132804502384e-03 8.656533987050352152e-05
1.223379209343287413e-03 7.637846273610193748e-02 6.829199860703738523e-03 3.204304838391180965e-04
1.364100476567608111e-03 6.049482288653962314e-02 7.852678163544624113e-03 6.371111931002815254e-04
1.521008446081769522e-03 4.584853894266416319e-02 8.353605193178736954e-03 1.000582000301619701e-03
1.695965020753673102e-03 3.930864375479359296e-02 8.376547060606753803e-03 1.370419166164538183e-03
1.891046271984591709e-03 3.997667054863995872e-02 8.124347113607655047e-03 1.703460535622980387e-03
2.108567074807741158e-03 4.547531588923447998e-02 7.920104146933226730e-03 1.943858525237374124e-03
2.351108576680822643e-03 5.352295825287001207e-02 7.963113971527491231e-03 2.121905893773146090e-03
2.621548825923003187e-03 6.252422875877527986e-02 8.198188029382436071e-03 2.413300186162814498e-03
2.923096923239734257e-03 7.030007866887899581e-02 8.517578562077687820e-03 3.067315027692529839e-03
3.259331101584665453e-03 7.901795598172611790e-02 9.114789858358562924e-03 3.969283994820216321e-03
3.634241186222156913e-03 9.908889909547724528e-02 1.075048055690785986e-02 4.303507953864027513e-03
4.052275938830490927e-03 1.385205756578216096e-01 1.242239053726734710e-02 2.558319189574831398e-03
4.518395847440812539e-03 1.661745510464243125e-01 1.057714293756362167e-02 9.382510143041145056e-04
5.038131988628217865e-03 2.109628574417001801e-01 1.678605603046889883e-02 2.712490959311253391e-03
5.617651660426248826e-03 2.570956661547825206e-01 1.867403467167605413e-02 2.620493894482933683e-03
6.263831564778516575e-03 3.208260396604600828e-01 2.301345424166356679e-02 3.321403430618374841e-03
6.984339407925946493e-03 3.961898169873165898e-01 2.700702379752328852e-02 3.425070435696397908e-03
7.787724887016851671e-03 4.933039469706272939e-01 3.423500984536076430e-02 4.485806469347153325e-03
8.683521142606049834e-03 6.146314236284524668e-01 4.360573966732772533e-02 5.879290211396437371e-03
9.682357880899711625e-03 7.615258220721443649e-01 5.313279814163252013e-02 7.004861006862483919e-03
1.079608750807801998e-02 9.464758029462245759e-01 6.618683172837336315e-02 8.627035326753684785e-03
1.203792577343234388e-02 1.177208294415322598e+00 8.253595643691369332e-02 1.078031222641584463e-02
1.342260859021738965e-02 1.461709868126490619e+00 1.019578461664423230e-01 1.306935770026029786e-02
1.496656689508787767e-02 1.815588876026595244e+00 1.268752700816548895e-01 1.637761212259647436e-02
1.668812162103823840e-02 2.254405851370393066e+00 1.574087092330955784e-01 2.019256332005170407e-02
1.860770109743517184e-02 2.799068108415667666e+00 1.956316076666553272e-01 2.510069610343634849e-02
2.074808345685756270e-02 3.474582019069202943e+00 2.432697811273101252e-01 3.131105491047492251e-02
2.313466692519383291e-02 4.310274150117038516e+00 3.020229801641107770e-01 3.880787268826679792e-02
2.579577120231610690e-02 5.344945387740153819e+00 3.752531588688725606e-01 4.829899263768311357e-02
2.876297350957714855e-02 6.623162695141218137e+00 4.658835478312539635e-01 6.000935156680498039e-02
3.207148329174031032e-02 8.200759652150736656e+00 5.782368482250603847e-01 7.452909453422762454e-02
3.576056001963404812e-02 1.014350574827221863e+01 7.173142988622203120e-01 9.253080991629758500e-02
3.987397905126498221e-02 1.253132511668081861e+01 8.894712586143214139e-01 1.149025772374443477e-01
4.446055107939526907e-02 1.545778288755900576e+01 1.102229422892378352e+00 1.426160066989723418e-01
4.957470132945773766e-02 1.903222488902065379e+01 1.364851074889884330e+00 1.769690933065248828e-01
5.527711538069327024e-02 2.337863206929068838e+01 1.688294425801359466e+00 2.194414621562827961e-01
6.163545927395905344e-02 2.863847166651066800e+01 2.086075505550979869e+00 2.719755433818136225e-01
6.872518245115814828e-02 3.495902747809850553e+01 2.573648026310365822e+00 3.368000999371361104e-01
7.663041305413779980e-02 4.249396533739127335e+01 3.169466732036198664e+00 4.167161487584962742e-01
8.544495620686157200e-02 5.137894260423763626e+01 3.893887274931330467e+00 5.149106492322061968e-01
9.527340712667957401e-02 6.172632790977968398e+01 4.770170732417682302e+00 6.352685059284794988e-01
1.062323922731101822e-01 7.358344734984802926e+01 5.822680943316299818e+00 7.822217340715269529e-01
1.184519532618636822e-01 8.695829926235819585e+01 7.080446635998214333e+00 9.613943212589219911e-01
1.320770899659224340e-01 1.016925490451167207e+02 8.568516172497311345e+00 1.178727350281178587e+00
1.472694811144383831e-01 1.173954798518138887e+02 1.030187848238006154e+01 1.439847919811654720e+00
1.642094028064348954e-01 1.334932292138855701e+02 1.228672432992698305e+01 1.750565025427476940e+00
1.830978677048002712e-01 1.494049795181977061e+02 1.453127986315121234e+01 2.118725501652534149e+00
2.041590102946942431e-01 1.643588418342092154e+02 1.702064355840309418e+01 2.550971112883757996e+00
2.276427465103479653e-01 1.770867308896679333e+02 1.966515687023911596e+01 3.044682947665762640e+00
2.538277392899435103e-01 1.872027525239814167e+02 2.242643291119657079e+01 3.606266816393770114e+00
2.830247052484705095e-01 1.939666710498456723e+02 2.517482741760466070e+01 4.228227506930295476e+00
3.155801017062329072e-01 1.970410601891010174e+02 2.776073023132585149e+01 4.896826490234786888e+00
3.518802378240603601e-01 1.967335229372569074e+02 3.007213487683225139e+01 5.599352504360979310e+00
3.923558586288135031e-01 1.931171396864125427e+02 3.193724863619416965e+01 6.302962392419601656e+00
4.374872563241952172e-01 1.867384862349193781e+02 3.326279862548361166e+01 6.977175156247710675e+00
4.878099695387512202e-01 1.782198203879416383e+02 3.400714830836645319e+01 7.589871150813081613e+00
5.439211381395319123e-01 1.679497788555845545e+02 3.413876769889509433e+01 8.102079704277173278e+00
6.064865890189676811e-01 1.564372120644464417e+02 3.369750827068435228e+01 8.486896597256134100e+00
6.762487369363893164e-01 1.441268509278470447e+02 3.275329817763419271e+01 8.727833835972653276e+00
7.540353941672404137e-01 1.313589964753320203e+02 3.138221730872442095e+01 8.817429041290942848e+00
8.407695934971151086e-01 1.184297891416223649e+02 2.966734679314231471e+01 8.759036015049289858e+00
9.374805411223435803e-01 1.056144289540372228e+02 2.769633044574760561e+01 8.566851698566217976e+00
1.045315829426528564e+00 9.312189342739458198e+01 2.554327815087923881e+01 8.257590695543502335e+00
1.165555054552403824e+00 8.114208936477085388e+01 2.327824407466080814e+01 7.851883345539786063e+00
1.299625000357985227e+00 6.983679010816679522e+01 2.096177539948235236e+01 7.370260623815351408e+00
1.449116568932995452e+00 5.934400133263383026e+01 1.864877765887523253e+01 6.833265220718400812e+00
1.615803658576671964e+00 4.977167733569538655e+01 1.638506368836881677e+01 6.258904457085568751e+00
1.801664213246928048e+00 4.119556554080928379e+01 1.421199798985803753e+01 5.664242294877875672e+00
2.008903693258128342e+00 3.365864561649168252e+01 1.216449233292419407e+01 5.064018489725075511e+00
2.239981245735629400e+00 2.716064640429484456e+01 1.027147418114699207e+01 4.471651341418107606e+00
2.497638885371206374e+00 2.166626785298900870e+01 8.554884075802636545e+00 3.898537436692271374e+00
2.784934031744384253e+00 1.710396054494321305e+01 7.028783332038044840e+00 3.354712351899616252e+00
3.105275789304232426e+00 1.338008901944484208e+01 5.699511043488791451e+00 2.848423001348543426e+00
3.462465400517639402e+00 1.038515230441117509e+01 4.564517018106378998e+00 2.386081370383379863e+00
3.860741352209485999e+00 8.006694134228503401e+00 3.614282934547917492e+00 1.972080948058561045e+00
4.304829670336041580e+00 6.137315617004116319e+00 2.832810880218225691e+00 1.608591186435356146e+00
4.799999999999999822e+00 4.680253675012593817e+00 2.200544921639664864e+00 1.295719891930454448e+00
