1.000000000230258569e-04 9.351390855272256886e-05 6.105813668000337202e-06 7.003357893609063467e-07
1.115026695290953366e-04 1.167337895822129212e-04 7.621228292009618599e-06 8.738547023767750943e-07
1.243284530925187648e-04 1.457317404174318654e-04 9.513738120858761249e-06 1.090632395062129945e-06
1.386295441504667143e-04 1.819636711388739059e-04 1.187835272276061005e-05 1.361538465971534606e-06
1.545756424481938766e-04 2.272219866199520766e-04 1.483204090391154750e-05 1.699947461020201445e-06
1.723559677317991945e-04 2.837100272472525830e-04 1.851859212820272660e-05 2.122291050454805372e-06
1.921815050694108094e-04 3.542100375852896832e-04 2.311957433676070650e-05 2.649351387162823812e-06
2.142875084442451923e-04 4.422204325464917929e-04 2.886329741613735678e-05 3.307298925392387901e-06
2.389362923277018713e-04 5.520473257547564572e-04 3.603079971981060226e-05 4.128355442389874952e-06
2.664203443578849946e-04 6.890925828884064686e-04 4.497466250086290529e-05 5.152921460194193060e-06
2.970657960592480913e-04 8.601258361977670575e-04 5.613678490590245929e-05 6.431591714317619335e-06
3.312362927876497001e-04 1.073465274657792179e-03 7.006022781297360780e-05 8.026541593153524445e-06
3.693373088223966556e-04 1.339505690339137800e-03 8.742371016978722764e-05 1.001550572254927829e-05
4.118209588090659132e-04 1.671262654781457968e-03 1.090771590952499537e-04 1.249586853191431146e-05
4.591913626466918256e-04 2.084691285290318774e-03 1.360626265523023903e-04 1.558705969273432856e-05
5.120106274801957584e-04 2.599693093088717433e-03 1.696799397450377000e-04 1.943805239079665625e-05
5.709055177816341068e-04 3.241244085074868053e-03 2.115601657806109870e-04 2.423576756882539485e-05
6.365748926688486646e-04 4.039894055949844187e-03 2.636983683714788640e-04 3.020887174898234662e-05
7.097979987143026312e-04 5.033283192460658029e-03 3.285521261204848997e-04 3.763899405839765677e-05
7.914437166483044659e-04 6.268000240197579842e-03 4.091619557584635913e-04 4.687439559347694740e-05
8.824808716799498404e-04 7.800588779900863301e-03 5.092167884868104011e-04 5.833750788042380009e-05
9.839897297802024153e-04 9.702009928332699928e-03 6.333465694297046866e-04 7.255858577082108241e-05
1.097174816344422205e-03 1.206413378167781048e-02 7.875493352003104519e-04 9.022490985444164835e-05
1.223379209343287413e-03 1.499948695527564269e-02 9.791730030883627478e-04 1.121784280257998034e-04
1.364100476567608111e-03 1.864746612773160450e-02 1.217320062096405309e-03 1.394619619077275274e-04
1.521008446081769522e-03 2.318469322835881030e-02 1.513522144705348182e-03 1.733965773382806219e-04
1.695965020753673102e-03 2.882545700231275987e-02 1.881770416730432771e-03 2.155852707801386714e-04
1.891046271984591709e-03 3.583451647864421830e-02 2.339352615763345966e-03 2.680089214663894381e-04
2.108567074807741158e-03 4.455332050565630198e-02 2.908566111727850512e-03 3.332224132464034483e-04
2.351108576680822643e-03 5.539471680822316557e-02 3.616371973294008058e-03 4.143149362789699808e-04
2.621548825923003187e-03 6.886428657526266761e-02 4.495790101827878971e-03 5.150699207661091350e-04
2.923096923239734257e-03 8.561928110248118173e-02 5.589753350250248332e-03 6.404068781193927862e-04
3.259331101584665453e-03 1.064476904921320966e-01 6.949738593903020956e-03 7.962246481838519685e-04
3.634241186222156913e-03 1.323074850188277196e-01 8.638337335469259415e-03 9.896963770188449416e-04
4.052275938830490927e-03 1.644880708845448680e-01 1.073983169499115320e-02 1.230482455412129639e-03
4.518395847440812539e-03 2.045295235220692120e-01 1.335490915607806528e-02 1.530124171040370129e-03
5.038131988628217865e-03 2.542638249142328277e-01 1.660337220164365135e-02 1.902354803860362154e-03
5.617651660426248826e-03 3.160799785036942922e-01 2.064153243554756045e-02 2.365096332141547464e-03
6.263831564778516575e-03 3.929121216060593724e-01 2.566148225923825521e-02 2.940378182756830938e-03
6.984339407925946493e-03 4.884111286628467496e-01 3.190239431387453806e-02 3.655634929600637406e-03
7.787724887016851671e-03 6.070720925090427045e-01 3.965901060291798785e-02 4.544686546068987809e-03
8.683521142606049834e-03 7.545414769447233994e-01 4.930195548877236433e-02 5.650074742334254552e-03
9.682357880899711625e-03 9.377474407629051711e-01 6.128661373804789037e-02 7.024096056738926563e-03
1.079608750807801998e-02 1.165334519184398232e+00 7.618211088629323058e-02 8.732147181945038028e-03
1.203792577343234388e-02 1.447967175623489311e+00 9.469204824017651845e-02 1.085513708676444367e-02
1.342260859021738965e-02 1.798905145486060064e+00 1.176934785271441797e-01 1.349400992330629379e-02
1.496656689508787767e-02 2.234537177515449002e+00 1.462739566322852625e-01 1.677407604711333988e-02
1.668812162103823840e-02 2.774873191279766615e+00 1.817668674593733158e-01 2.084920610195695190e-02
1.860770109743517184e-02 3.445229426288278773e+00 2.258668750491779065e-01 2.591525673960859422e-02
2.074808345685756270e-02 4.275804697645071428e+00 2.806096958665875718e-01 3.220808176047285087e-02
2.313466692519383291e-02 5.304451014708320145e+00 3.485652739727811422e-01 4.002617929018015275e-02
2.579577120231610690e-02 6.576906172846065601e+00 4.328709572746447520e-01 4.973523513763211668e-02
2.876297350957714855e-02 8.149473555564327398e+00 5.374344807241868693e-01 6.179256770155916456e-02
3.207148329174031032e-02 1.008962559292922379e+01 6.670145136667997576e-01 7.675816480877983849e-02
3.576056001963404812e-02 1.247868175233088550e+01 8.274579085809818935e-01 9.532456836132041644e-02
3.987397905126498221e-02 1.541506471274624346e+01 1.026007600647062645e+00 1.183564215716614854e-01
4.446055107939526907e-02 1.901269468533791951e+01 1.271330288054741686e+00 1.468998191057835356e-01
4.957470132945773766e-02 2.340622488248118316e+01 1.574063678755919682e+00 1.822546509606581822e-01
5.527711538069327024e-02 2.875048248373241222e+01 1.947066111249114329e+00 2.260175166989029094e-01
6.163545927395905344e-02 3.521734020035910362e+01 2.405611396365202381e+00 2.801251163309643744e-01
6.872518245115814828e-02 4.299635815391593496e+01 2.967993052207930305e+00 3.469550397730927216e-01
7.663041305413779980e-02 5.226583305066924368e+01 3.654282541224347369e+00 4.292254126889929466e-01
8.544495620686157200e-02 6.323060998593609838e+01 4.489881131049514806e+00 5.304738442687266797e-01
9.527340712667957401e-02 7.603046254628316092e+01 5.500258821475199511e+00 6.545299361073375621e-01
1.062323922731101822e-01 9.077639967955838074e+01 6.714623238442527509e+00 8.060667585184546624e-01
1.184519532618636822e-01 1.075605315614538995e+02 8.167920245628465636e+00 9.910130468526858749e-01
1.320770899659224340e-01 1.263123269907773647e+02 9.890779429649228405e+00 1.215558575834393196e+00
1.472694811144383831e-01 1.467426222161529950e+02 1.190371100260927051e+01 1.485651938891010104e+00
1.642094028064348954e-01 1.683870864936088765e+02 1.421650030825298927e+01 1.807099931700122397e+00
1.830978677048002712e-01 1.910278764766967470e+02 1.685870851648655844e+01 2.189656999323574382e+00
2.041590102946942431e-01 2.142654495456895347e+02 1.983911978594903758e+01 2.642140218633926452e+00
2.276427465103479653e-01 2.367338130160876517e+02 2.305838571766571476e+01 3.160245166820573104e+00
2.538277392899435103e-01 2.586529115997252575e+02 2.653886012859663879e+01 3.756539919597116750e+00
2.830247052484705095e-01 2.793042149574105224e+02 3.018819081260869552e+01 4.427786163640234918e+00
3.155801017062329072e-01 2.979630617775354722e+02 3.388214457231254073e+01 5.163640553663157107e+00
3.518802378240603601e-01 3.149041891723966273e+02 3.759146006629242720e+01 5.964298184319630991e+00
3.923558586288135031e-01 3.294518252295704315e+02 4.117457018987983020e+01 6.807954986360869043e+00
4.374872563241952172e-01 3.414134677208723474e+02 4.454936805345266748e+01 7.676568077905969290e+00
4.878099695387512202e-01 3.507717184868107552e+02 4.766699772001396695e+01 8.553505092512224905e+00
5.439211381395319123e-01 3.571074349352751938e+02 5.043688971875275229e+01 9.412337548025618617e+00
6.064865890189676811e-01 3.602659342246982987e+02 5.281207749463139578e+01 1.023361093092115226e+01
6.762487369363893164e-01 3.600368512718112584e+02 5.474299985879112285e+01 1.099826755538815348e+01
7.540353941672404137e-01 3.562254711793545994e+02 5.618554707875181009e+01 1.168977392806080218e+01
8.407695934971151086e-01 3.487144157654466881e+02 5.709308857048310415e+01 1.229254069082144696e+01
9.374805411223435803e-01 3.374315560423295892e+02 5.742892679629677843e+01 1.279560944474496509e+01
1.045315829426528564e+00 3.224494371381016435e+02 5.715692233568741187e+01 1.318348036736636786e+01
1.165555054552403824e+00 3.039904005825320041e+02 5.624970352631197557e+01 1.344709924347524144e+01
1.299625000357985227e+00 2.824989932502032275e+02 5.469958019010236683e+01 1.357621035292306289e+01
1.449116568932995452e+00 2.585897554191648169e+02 5.251152531328852291e+01 1.356161404127748504e+01
1.615803658576671964e+00 2.330794545726870410e+02 4.972320481620671728e+01 1.339751649631483588e+01
1.801664213246928048e+00 2.068801676828275049e+02 4.639845565302283603e+01 1.307974399553672029e+01
2.008903693258128342e+00 1.809377857505414227e+02 4.263755272421759202e+01 1.261050031250380599e+01
2.239981245735629400e+00 1.561134266699759792e+02 3.856602288863190608e+01 1.199623442955052077e+01
2.497638885371206374e+00 1.330817114085796788e+02 3.433203154226970355e+01 1.125161925437205568e+01
2.784934031744384253e+00 1.122997180541279789e+02 3.008901289484560237e+01 1.039766666585170540e+01
3.105275789304232426e+00 9.396127136052402307e+01 2.598187181613414509e+01 9.462654426166501764e+00
3.462465400517639402e+00 7.806743005244493361e+01 2.213280243119617907e+01 8.479300953911277361e+00
3.860741352209485999e+00 6.447766887464442220e+01 1.862746852555120114e+01 7.482539636422619544e+00
4.304829670336041580e+00 5.297474136522572508e+01 1.551566404444161584e+01 6.506119822376241757e+00
4.799999999999999822e+00 4.331720318604745756e+01 1.280970125510840774e+01 5.578954360051589845e+00
