1.000000000230258569e-04 -9.376457791177017498e-05 -6.642027500447511557e-06 -3.451141594723594608e-08
1.115026695290953366e-04 -1.191253656998014776e-04 -8.599704727885182365e-06 -1.283960529008254525e-07
1.243284530925187648e-04 -1.502069602565825335e-04 -1.052340016371999809e-05 -3.960999777063989313e-07
1.386295441504667143e-04 -1.886055680415665847e-04 -1.270263410901861789e-05 -7.904806409442244330e-07
1.545756424481938766e-04 -2.363791347761434736e-04 -1.554762172872869996e-05 -1.237266786802138085e-06
1.723559677317991945e-04 -2.969349573049839819e-04 -1.933225837547070114e-05 -1.716254189432220301e-06
1.921815050694108094e-04 -3.753639692831711727e-04 -2.415905044017563341e-05 -2.274607084018498426e-06
2.142875084442451923e-04 -4.779437274464726215e-04 -3.011725925716746133e-05 -2.979657068635788164e-06
2.389362923277018713e-04 -6.051803262607791112e-04 -3.735154723472078331e-05 -3.870933880989468889e-06
2.664203443578849946e-04 -7.491261726499942597e-04 -4.608253510696158628e-05 -4.945013472479331540e-06
2.970657960592480913e-04 -8.980160127975977957e-04 -5.659064277097058948e-05 -6.188880377067107474e-06
3.312362927876497001e-04 -1.068214836095648934e-03 -6.986689299992576707e-05 -7.683510887090960750e-06
3.693373088223966556e-04 -1.322165445344580803e-03 -8.800232785688422155e-05 -9.661901344770740252e-06
4.118209588090659132e-04 -1.734768234655348351e-03 -1.137700546678388491e-04 -1.244151354740097304e-05
4.591913626466918256e-04 -1.822377849066469935e-03 -1.464018944261624711e-04 -1.601789688265853329e-05
5.120106274801957584e-04 -9.742760516928683501e-05 -1.783642175041677547e-04 -1.975782413410342997e-05
5.709055177816341068e-04 5.560738248732377542e-03 -1.977426696839756914e-04 -2.270458105613215594e-05
6.365748926688486646e-04 1.581414349038823275e-02 -1.710530850687064230e-04 -2.540675075124454452e-05
7.097979987143026312e-04 2.780884819139828323e-02 -2.535199746489524841e-05 -3.173135598899534671e-05
7.914437166483044659e-04 3.689839700473385165e-02 3.420492939767427742e-04 -4.731855972295306856e-05
8.824808716799498404e-04 3.991573825169325573e-02 1.023756746462822775e-03 -6.494963713521428872e-05
9.839897297802024153e-04 3.916141356694424758e-02 2.052243941307096975e-03 -4.594230176735436544e-05
1.097174816344422205e-03 3.906263089265848976e-02 3.443076434450631496e-03 6.743919402651954442e-05
1.223379209343287413e-03 4.287861788179725409e-02 5.051096898569085170e-03 2.990005741594359279e-04
1.364100476567608111e-03 4.795444022420269903e-02 6.332453076538513415e-03 5.549298505229671719e-04
1.521008446081769522e-03 4.933035913745698053e-02 6.470619182437076233e-03 6.794760324737580959e-04
1.695965020753673102e-03 4.328174683087127050e-02 4.960779880548216170e-03 5.683708311607915675e-04
1.891046271984591709e-03 3.345588525280618342e-02 2.763182737453462323e-03 3.837933909380808473e-04
2.108567074807741158e-03 2.681350246712099761e-02 1.582192942805704661e-03 4.160435651101579424e-04
2.351108576680822643e-03 2.976843495525827166e-02 2.823186233399610501e-03 8.706292314855090808e-04
2.621548825923003187e-03 4.025652095515397377e-02 5.280811426928266883e-03 1.396512185237952508e-03
2.923096923239734257e-03 5.274546197324525565e-02 6.548874455802433658e-03 1.365465340313676279e-03
3.259331101584665453e-03 6.203768819432298187e-02 4.695867899499717169e-03 3.530500648594170343e-04
3.634241186222156913e-03 7.133966990295448340e-02 2.392575392150320113e-03 -5.898065369365212973e-04
4.052275938830490927e-03 8.755718919928767718e-02 4.612147748957795557e-03 3.722379728969826829e-04
4.518395847440812539e-03 1.081558288642554544e-01 7.817856688234314788e-03 1.527825066659715958e-03
5.038131988628217865e-03 1.365004765739286086e-01 9.524026150756981224e-03 1.452942913147126092e-03
5.617651660426248826e-03 1.639473713094048435e-01 9.570262484885461163e-03 9.771371187525801361e-04
6.263831564778516575e-03 2.058772588134161197e-01 1.314303691833629273e-02 1.914460058287659194e-03
6.984339407925946493e-03 2.585403906305145938e-01 1.654443807638017461e-02 2.096987178447307087e-03
7.787724887016851671e-03 3.199512705396045931e-01 2.008435034440481104e-02 2.222943243396002799e-03
8.683521142606049834e-03 3.988602110330248252e-01 2.517581492793397047e-02 2.837767700839322060e-03
9.682357880899711625e-03 4.961498776938242372e-01 3.156403692992171273e-02 3.702167221490526572e-03
1.079608750807801998e-02 6.149989969053422101e-01 3.853073045320343226e-02 4.310635369620285928e-03
1.203792577343234388e-02 7.639745092310477048e-01 4.785302902746479958e-02 5.364292293961625546e-03
1.342260859021738965e-02 9.492025662875676062e-01 5.923395281934062950e-02 6.540471133121172898e-03
1.496656689508787767e-02 1.178722949112852803e+00 7.354295489858486690e-02 8.089221534646640066e-03
1.668812162103823840e-02 1.464329927846847568e+00 9.147480566571175586e-02 1.005489926410518819e-02
1.860770109743517184e-02 1.818171635019098176e+00 1.137288479148992337e-01 1.249623973762936657e-02
2.074808345685756270e-02 2.256587708867300535e+00 1.411835369890468428e-01 1.547123829732299782e-02
2.313466692519383291e-02 2.799811348475486739e+00 1.753496857527352404e-01 1.920982405863469467e-02
2.579577120231610690e-02 3.472044111156719737e+00 2.178414248865010450e-01 2.390138845385081368e-02
2.876297350957714855e-02 4.302958890657464508e+00 2.704034638973098481e-01 2.964768258243566379e-02
3.207148329174031032e-02 5.328635367932292866e+00 3.357056237882716232e-01 3.686244694381457521e-02
3.576056001963404812e-02 6.592441476688691182e+00 4.165492161318979925e-01 4.579815499619144248e-02
3.987397905126498221e-02 8.146117466994837741e+00 5.165855737122910796e-01 5.687561510922023444e-02
4.446055107939526907e-02 1.005116119775266270e+01 6.402163576613020268e-01 7.058293440650231787e-02
4.957470132945773766e-02 1.238013890721958887e+01 7.928954134131345199e-01 8.757547850655100774e-02
5.527711538069327024e-02 1.521441846012567112e+01 9.811174656551884254e-01 1.086428471980980248e-01
6.163545927395905344e-02 1.864915418207056064e+01 1.212760835647713975e+00 1.346924621821017354e-01
6.872518245115814828e-02 2.277994422662050056e+01 1.496791024764206668e+00 1.668513090075975924e-01
7.663041305413779980e-02 2.771215454334742390e+01 1.844174009157086402e+00 2.065195711766136810e-01
8.544495620686157200e-02 3.354360030179395835e+01 2.267272030524509319e+00 2.553373054870462511e-01
9.527340712667957401e-02 4.034490928868854098e+01 2.779291703258422785e+00 3.151908930512945517e-01
1.062323922731101822e-01 4.816664890290485346e+01 3.395564327438023611e+00 3.883958587264260132e-01
1.184519532618636822e-01 5.704158581341198442e+01 4.134792124012165004e+00 4.779470407854660152e-01
1.320770899659224340e-01 6.684112441897696044e+01 5.009643259093081724e+00 5.865632035303178782e-01
1.472694811144383831e-01 7.737216081402402779e+01 6.033564898007625743e+00 7.175885937740531517e-01
1.642094028064348954e-01 8.827669045467246178e+01 7.212302417257205889e+00 8.741851186774738380e-01
1.830978677048002712e-01 9.919988943942735204e+01 8.554523430957488017e+00 1.060784912305621219e+00
2.041590102946942431e-01 1.095273022043777473e+02 1.004498542168460062e+01 1.279986759893859016e+00
2.276427465103479653e-01 1.185667406747359109e+02 1.164886394256529911e+01 1.532937672231241777e+00
2.538277392899435103e-01 1.260282106977545027e+02 1.334908514128005663e+01 1.824060152904394272e+00
2.830247052484705095e-01 1.311928936981388460e+02 1.505521079012112295e+01 2.148404739209752279e+00
3.155801017062329072e-01 1.339628324186159034e+02 1.670359595323287749e+01 2.503725552062746829e+00
3.518802378240603601e-01 1.341900654779276465e+02 1.819287370021640982e+01 2.880067070504395588e+00
3.923558586288135031e-01 1.321416827000663261e+02 1.945172529059576050e+01 3.267676261433337004e+00
4.374872563241952172e-01 1.279722016039092978e+02 2.039076266388414638e+01 3.648034257721732843e+00
4.878099695387512202e-01 1.220896072823255736e+02 2.097106294958715011e+01 4.004353681382752939e+00
5.439211381395319123e-01 1.148223509052950249e+02 2.116802955332599367e+01 4.316752598372303851e+00
6.064865890189676811e-01 1.065090287323430687e+02 2.098749923700647457e+01 4.567486867787799554e+00
6.762487369363893164e-01 9.746511466452653849e+01 2.045823802230306399e+01 4.743108785674856165e+00
7.540353941672404137e-01 8.797875383270093153e+01 1.962371002769341288e+01 4.835448838649195835e+00
8.407695934971151086e-01 7.829957639443142625e+01 1.853350337449904828e+01 4.841789333942770668e+00
9.374805411223435803e-01 6.867225034770457626e+01 1.724625953086346186e+01 4.766792933071066329e+00
1.045315829426528564e+00 5.929649088111588640e+01 1.581377833950170597e+01 4.617250513064211859e+00
1.165555054552403824e+00 5.035919924148765858e+01 1.428728838060274597e+01 4.403239561964438664e+00
1.299625000357985227e+00 4.202331860790426532e+01 1.271385539063360426e+01 4.136048792638973737e+00
1.449116568932995452e+00 3.442889300315383139e+01 1.113855198572767335e+01 3.828145700075178404e+00
1.615803658576671964e+00 2.768064669905714226e+01 9.600868603933797374e+00 3.491192295451580385e+00
1.801664213246928048e+00 2.183912140027075921e+01 8.137003158005171599e+00 3.136935731909180625e+00
2.008903693258128342e+00 1.692002779328940676e+01 6.777381194643051998e+00 2.776010865685046181e+00
2.239981245735629400e+00 1.288606358221976400e+01 5.546041306779067703e+00 2.418569646556922415e+00
2.497638885371206374e+00 9.662940795966026286e+00 4.459441752705780360e+00 2.073500951990078001e+00
2.784934031744384253e+00 7.146559026111991564e+00 3.524841539253993794e+00 1.748660090875361339e+00
3.105275789304232426e+00 5.222344113329604909e+00 2.741476086802510981e+00 1.450388003790833658e+00
3.462465400517639402e+00 3.776873526977870377e+00 2.100401078605046656e+00 1.183215229070739838e+00
3.860741352209485999e+00 2.707291887492295768e+00 1.587523406231145628e+00 9.498106209531569366e-01
4.304829670336041580e+00 1.925942558442457653e+00 1.185349186411385869e+00 7.507239727947009333e-01
4.799999999999999822e+00 1.361230722649726221e+00 8.755803047411233608e-01 5.848352060483503756e-01
