1.000000000230258569e-04 -1.000969931510553579e-04 -6.251314061955781654e-06 -6.836647372665538569e-07
1.115026695290953366e-04 -1.254219547490720288e-04 -7.811145621872128686e-06 -8.542326952465373324e-07
1.243284530925187648e-04 -1.567829306168277981e-04 -9.753910319432179676e-06 -1.067036507151897240e-06
1.386295441504667143e-04 -1.952168845491542015e-04 -1.216396529457597353e-05 -1.331186410880036419e-06
1.545756424481938766e-04 -2.420124586706151604e-04 -1.514509045819067978e-05 -1.657843995417351834e-06
1.723559677317991945e-04 -3.004574349461108795e-04 -1.886490656488604145e-05 -2.065143405616254313e-06
1.921815050694108094e-04 -3.763443486377582303e-04 -2.357012806442071451e-05 -2.579849365247355308e-06
2.142875084442451923e-04 -4.770065396542122471e-04 -2.956856320679435157e-05 -3.235372332710539922e-06
2.389362923277018713e-04 -6.033994592371527688e-04 -3.706891396859646193e-05 -4.055014585446770070e-06
2.664203443578849946e-04 -7.471058529517904390e-04 -4.612487657595920609e-05 -5.046169746947271051e-06
2.970657960592480913e-04 -8.955800583407835802e-04 -5.676022715306316968e-05 -6.213499375462561147e-06
3.312362927876497001e-04 -1.064690690100178472e-03 -6.984523417941090884e-05 -7.650593147445761133e-06
3.693373088223966556e-04 -1.316946598080903641e-03 -8.759949332670657896e-05 -9.592611945663520601e-06
4.118209588090659132e-04 -1.727424064483784605e-03 -1.130145423076100997e-04 -1.235746850625218940e-05
4.591913626466918256e-04 -1.812573273809903185e-03 -1.454601867862947984e-04 -1.593670600641416968e-05
5.120106274801957584e-04 -8.472573586004727986e-05 -1.773446614379281527e-04 -1.968582699873877573e-05
5.709055177816341068e-04 5.576926743742660619e-03 -1.966408646012496320e-04 -2.263055728235485731e-05
6.365748926688486646e-04 1.583475097140762955e-02 -1.697721766049653525e-04 -2.530677249978907639e-05
7.097979987143026312e-04 2.783549554669662029e-02 -2.378523527113429736e-05 -3.158445122153352713e-05
7.914437166483044659e-04 3.693365022581929225e-02 3.440064874666859396e-04 -4.711136193691345397e-05
8.824808716799498404e-04 3.996267591492141946e-02 1.026256660679791821e-03 -6.467473599514050875e-05
9.839897297802024153e-04 3.922231976230250439e-02 2.055607340480491985e-03 -4.558985585845221067e-05
1.097174816344422205e-03 3.913834228023915784e-02 3.447865693942731014e-03 6.788362145471182885e-05
1.223379209343287413e-03 4.296912757126847282e-02 5.058117289991059806e-03 2.995783027017751010e-04
1.364100476567608111e-03 4.806142756660847226e-02 6.342643749121634755e-03 5.557646964007290080e-04
1.521008446081769522e-03 4.945832398061611457e-02 6.485034902652841993e-03 6.808114951581956120e-04
1.695965020753673102e-03 4.343734111171215773e-02 4.980328718374948949e-03 5.705114213014894631e-04
1.891046271984591709e-03 3.364397874611313455e-02 2.787853799873118987e-03 3.868572057399433106e-04
2.108567074807741158e-03 2.703539394406107021e-02 1.610546087249531411e-03 4.198293181616463698e-04
2.351108576680822643e-03 3.002319632560102036e-02 2.852738445653812960e-03 8.746813659854524303e-04
2.621548825923003187e-03 4.054921082752116490e-02 5.310569697030587122e-03 1.400634950641688192e-03
2.923096923239734257e-03 5.309128506451088469e-02 6.580608122931153048e-03 1.369966340917017078e-03
3.259331101584665453e-03 6.246240217660670169e-02 4.734118624583061319e-03 3.587314054129819851e-04
3.634241186222156913e-03 7.187118253932567313e-02 2.441635901959671173e-03 -5.822453063046850730e-04
4.052275938830490927e-03 8.822230042824230623e-02 4.674811468248663004e-03 3.820203041868808214e-04
4.518395847440812539e-03 1.089727593152929330e-01 7.890366984611318912e-03 1.538193089800188318e-03
5.038131988628217865e-03 1.375060726859373972e-01 9.608403366655693389e-03 1.463773113755451050e-03
5.617651660426248826e-03 1.651951680360070895e-01 9.673612752521876246e-03 9.899806536850519478e-04
6.263831564778516575e-03 2.074261523812310770e-01 1.326938481543038506e-02 1.929206594468269031e-03
6.984339407925946493e-03 2.604666830666246824e-01 1.670198858300864231e-02 2.115602113008208107e-03
7.787724887016851671e-03 3.223466787931101862e-01 2.028052185960405041e-02 2.246288035166799091e-03
8.683521142606049834e-03 4.018373526596406009e-01 2.541871070752677042e-02 2.866193217414547689e-03
9.682357880899711625e-03 4.998511004559986759e-01 3.186542062940134201e-02 3.737071930117963348e-03
1.079608750807801998e-02 6.196011728679877706e-01 3.890555724137811922e-02 4.354102838988183066e-03
1.203792577343234388e-02 7.696966242256166879e-01 4.831870467205590103e-02 5.418088719125080388e-03
1.342260859021738965e-02 9.563180556433508173e-01 5.981286927999462932e-02 6.607269931919290684e-03
1.496656689508787767e-02 1.187571181661041919e+00 7.426293052230903413e-02 8.172419629772775806e-03
1.668812162103823840e-02 1.475333356029295828e+00 9.236982787297165487e-02 1.015818282758118585e-02
1.860770109743517184e-02 1.831855631360667758e+00 1.148416876840201439e-01 1.262462872182368301e-02
2.074808345685756270e-02 2.273607456460013054e+00 1.425673017492954386e-01 1.563083739620196866e-02
2.313466692519383291e-02 2.820979806143441238e+00 1.770702407447970472e-01 1.940819655555969803e-02
2.579577120231610690e-02 3.498376887477206765e+00 2.199810231340961764e-01 2.414805170337785967e-02
2.876297350957714855e-02 4.335720022354507819e+00 2.730642781552887755e-01 2.995437025947467191e-02
3.207148329174031032e-02 5.369397700254921801e+00 3.390146776027904707e-01 3.724378703282127390e-02
3.576056001963404812e-02 6.643170320548961172e+00 4.206648407798638800e-01 4.627236557644209825e-02
3.987397905126498221e-02 8.209258463488367852e+00 5.217046402012783801e-01 5.746529472571637598e-02
4.446055107939526907e-02 1.012977145938566537e+01 6.465841472027022974e-01 7.131625657711992972e-02
4.957470132945773766e-02 1.247803927764289256e+01 8.008179911330444156e-01 8.848753320808100398e-02
5.527711538069327024e-02 1.533637538753282570e+01 9.909756254191961489e-01 1.097772604957754083e-01
6.163545927395905344e-02 1.880114992057133350e+01 1.225031528652834822e+00 1.361038025584093702e-01
6.872518245115814828e-02 2.296941505335234979e+01 1.512065825138051878e+00 1.686071662838912744e-01
7.663041305413779980e-02 2.794840901234420016e+01 1.863193209883320378e+00 2.087044148925087939e-01
8.544495620686157200e-02 3.383824011086380779e+01 2.290959414962799201e+00 2.580563847011489997e-01
9.527340712667957401e-02 4.071225575147127529e+01 2.808792805143639271e+00 3.185745224916445295e-01
1.062323922731101822e-01 4.862445946898151306e+01 3.432311569572448207e+00 3.926070290028746967e-01
1.184519532618636822e-01 5.761205820508348552e+01 4.180604446025654397e+00 4.831928760240771226e-01
1.320770899659224340e-01 6.755077684663956461e+01 5.066751558858868520e+00 5.930982072183041964e-01
1.472694811144383831e-01 7.825272438670526753e+01 6.104740234650989805e+00 7.257307551074063667e-01
1.642094028064348954e-01 8.936483755871040557e+01 7.300932032118680581e+00 8.843269130361477437e-01
1.830978677048002712e-01 1.005386516490348185e+02 8.664860449163825251e+00 1.073426676815415703e+00
2.041590102946942431e-01 1.111634369542573495e+02 1.018211621798900524e+01 1.295741939901006390e+00
2.276427465103479653e-01 1.205486457478455122e+02 1.181872817441023926e+01 1.552549151143239214e+00
2.538277392899435103e-01 1.284105433574754898e+02 1.355903926424832662e+01 1.848488360358544469e+00
2.830247052484705095e-01 1.340260982439325517e+02 1.531320332288487407e+01 2.178763951631395912e+00
3.155801017062329072e-01 1.372999026414522632e+02 1.701867109436051351e+01 2.541382942105087750e+00
3.518802378240603601e-01 1.380808878772409116e+02 1.857446796203475969e+01 2.926601795914763215e+00
3.923558586288135031e-01 1.366383942880796667e+02 1.990990937567673313e+01 3.324943955478545377e+00
4.374872563241952172e-01 1.331212206204514814e+02 2.093529776850198232e+01 3.718062545950402864e+00
4.878099695387512202e-01 1.279355480453608607e+02 2.161177006164436420e+01 4.089372275147880487e+00
5.439211381395319123e-01 1.214017982131940698e+02 2.191429332428305088e+01 4.419089302882539982e+00
6.064865890189676811e-01 1.138473636119466903e+02 2.184813003849278346e+01 4.689504410893093223e+00
6.762487369363893164e-01 1.055718071183513871e+02 2.144114116117178526e+01 4.887124946301973694e+00
7.540353941672404137e-01 9.684208159681585926e+01 2.073560900520131867e+01 5.003738485884436926e+00
8.407695934971151086e-01 8.787945137273200658e+01 1.977921460412469656e+01 5.036505738432268231e+00
9.374805411223435803e-01 7.889383709620746288e+01 1.862776622641543156e+01 4.989857907712714535e+00
1.045315829426528564e+00 7.004561847941410235e+01 1.732954214652301417e+01 4.870362737556172661e+00
1.165555054552403824e+00 6.147761359891725874e+01 1.593056100661127772e+01 4.687576860212780971e+00
1.299625000357985227e+00 5.331206523799247776e+01 1.447207595052683970e+01 4.452241925675538781e+00
1.449116568932995452e+00 4.565691818833201410e+01 1.299213405030164381e+01 4.175935944847469550e+00
1.615803658576671964e+00 3.859919659787315283e+01 1.152294605252548365e+01 3.869284549678465801e+00
1.801664213246928048e+00 3.220630958556942858e+01 1.009368538638608470e+01 3.542658534091453149e+00
2.008903693258128342e+00 2.652289072801706027e+01 8.729086755670376618e+00 3.205179498438446739e+00
2.239981245735629400e+00 2.156545061330196233e+01 7.450355172325859421e+00 2.865327815658909927e+00
2.497638885371206374e+00 1.732515127367778618e+01 6.274302866044451754e+00 2.530381744822919110e+00
2.784934031744384253e+00 1.376513418129222188e+01 5.213138075404469163e+00 2.206890065354235375e+00
3.105275789304232426e+00 1.082948507472975663e+01 4.274287037388939225e+00 1.900365572991915997e+00
3.462465400517639402e+00 8.446447805105414375e+00 3.459674504459050226e+00 1.615357567223115076e+00
3.860741352209485999e+00 6.538404979108779713e+00 2.766584033397573084e+00 1.355325084741378472e+00
4.304829670336041580e+00 5.028281988295818294e+00 2.187644427640153211e+00 1.122509598897546201e+00
4.799999999999999822e+00 3.844548311855303879e+00 1.712475628300678121e+00 9.180017172435297468e-01
