1.000000000230258569e-04 5.361095159059914295e-04 3.590710437606503547e-05 4.208001371353020659e-06
1.115026695290953366e-04 6.687056506962107960e-04 4.488185234663433221e-05 5.232020214407384628e-06
1.243284530925187648e-04 8.344153957295930013e-04 5.604255986213502183e-05 6.513938103580585448e-06
1.386295441504667143e-04 1.041530094539666607e-03 6.983207703115112963e-05 8.115444813938665902e-06
1.545756424481938766e-04 1.300213431136398867e-03 8.679656173171679256e-05 1.011207669421310129e-05
1.723559677317991945e-04 1.622874753138603410e-03 1.079741690546143218e-04 1.260470423858350841e-05
1.921815050694108094e-04 2.024613198955194093e-03 1.350161986692910432e-04 1.572508378444581467e-05
2.142875084442451923e-04 2.523906873420855845e-03 1.699965382613299880e-04 1.963561737738928059e-05
2.389362923277018713e-04 3.146407338249446184e-03 2.138063513825727568e-04 2.451719433338439558e-05
2.664203443578849946e-04 3.927017746946148691e-03 2.655641293358712574e-04 3.056900936826423276e-05
2.970657960592480913e-04 4.907107699864354800e-03 3.237836352809608798e-04 3.802978352496211301e-05
3.312362927876497001e-04 6.073747721984545933e-03 3.946852635863251635e-04 4.730965048338475754e-05
3.693373088223966556e-04 7.324797093815504923e-03 4.969261285623360891e-04 5.907112125669300440e-05
4.118209588090659132e-04 8.464538797625209554e-03 6.560022505937013193e-04 7.416315730779388105e-05
4.591913626466918256e-04 7.898203026570627117e-03 8.623961109606170794e-04 9.313588390114091453e-05
5.120106274801957584e-04 1.595977839315310121e-03 1.039729815374812461e-03 1.158801695737565751e-04
5.709055177816341068e-04 -1.609165103673149133e-02 1.071848975016109762e-03 1.420120535158275743e-04
6.365748926688486646e-04 -4.619481930558322347e-02 8.057487400492391316e-04 1.724634804531888221e-04
7.097979987143026312e-04 -7.894955338178988313e-02 5.009896972296701279e-05 2.110463522058125818e-04
7.914437166483044659e-04 -9.882655463115952443e-02 -1.443983437411588966e-03 2.627511587434128160e-04
8.824808716799498404e-04 -9.557089898635240388e-02 -3.833580984974105377e-03 2.936071014119079337e-04
9.839897297802024153e-04 -7.775715175648656441e-02 -6.989461699276944273e-03 1.793373493228500593e-04
1.097174816344422205e-03 -6.161689119107904844e-02 -1.063724647019625991e-02 -2.620077258370656637e-04
1.223379209343287413e-03 -5.976822592037933646e-02 -1.416315354708785890e-02 -1.089185904675105121e-03
1.364100476567608111e-03 -6.489959104692388792e-02 -1.628422850899369223e-02 -1.950620512388923089e-03
1.521008446081769522e-03 -6.236410446217632852e-02 -1.516686663080690778e-02 -2.271993075964928721e-03
1.695965020753673102e-03 -4.002779221173113910e-02 -9.750617746703937883e-03 -1.657064484788861591e-03
1.891046271984591709e-03 -4.631471375432738569e-03 -2.405620070021541324e-03 -6.507936057005281327e-04
2.108567074807741158e-03 2.941172033115435624e-02 2.697277185689017642e-03 -2.472472729095898103e-04
2.351108576680822643e-03 4.858701694229239365e-02 2.049282458756351843e-03 -1.204058631628868170e-03
2.621548825923003187e-03 5.680550133001815993e-02 -1.691049627424945356e-03 -2.540462680826749420e-03
2.923096923239734257e-03 6.482997361854359042e-02 -3.072637166951608378e-03 -2.439242007767461473e-03
3.259331101584665453e-03 8.367088567138125654e-02 2.546716234974155668e-03 4.186426967862644233e-04
3.634241186222156913e-03 1.119299668389430735e-01 1.036052138715604087e-02 3.413824239032692276e-03
4.052275938830490927e-03 1.433617560142010916e-01 1.097838271380169317e-02 1.872591514256782830e-03
4.518395847440812539e-03 1.836295289940608200e-01 1.048606463518808596e-02 -1.652282694522000384e-04
5.038131988628217865e-03 2.230587363828817615e-01 1.260204069694736972e-02 5.635747229462140240e-04
5.617651660426248826e-03 2.876696114508376922e-01 2.045517565875343280e-02 2.684682144717953634e-03
6.263831564778516575e-03 3.538895024539669976e-01 2.333071788780216593e-02 1.927897306813974865e-03
6.984339407925946493e-03 4.343107148524723016e-01 2.779030437886831351e-02 2.712383745347324293e-03
7.787724887016851671e-03 5.426033757867116947e-01 3.537840557328308932e-02 3.953950466893729754e-03
8.683521142606049834e-03 6.718555656188982539e-01 4.342310669926519040e-02 4.794610026692680549e-03
9.682357880899711625e-03 8.344086370307195466e-01 5.353506511346495245e-02 5.652567642755457200e-03
1.079608750807801998e-02 1.039422601945261704e+00 6.799438331108831335e-02 7.641088991476863157e-03
1.203792577343234388e-02 1.292004611706943251e+00 8.460894905692839529e-02 9.534752319268591236e-03
1.342260859021738965e-02 1.604498618427896872e+00 1.055706297011056449e-01 1.213435965928510996e-02
1.496656689508787767e-02 1.993605674986611120e+00 1.313598626838938799e-01 1.514769858931686031e-02
1.668812162103823840e-02 2.474748314871249022e+00 1.630033306846598862e-01 1.880196255751798162e-02
1.860770109743517184e-02 3.071937385513592744e+00 2.023842594499001279e-01 2.332934792684682179e-02
2.074808345685756270e-02 3.812342171648197109e+00 2.516662163052387768e-01 2.911228772882168414e-02
2.313466692519383291e-02 4.727648596344806720e+00 3.125840389147924725e-01 3.623096141927817371e-02
2.579577120231610690e-02 5.860347219393588603e+00 3.880832992763316724e-01 4.494769395660114242e-02
2.876297350957714855e-02 7.259213087712851120e+00 4.819483963474340271e-01 5.594167531762650469e-02
3.207148329174031032e-02 8.982586829293722985e+00 5.979175345901239780e-01 6.941341837318759644e-02
3.576056001963404812e-02 1.110343670652218862e+01 7.416571107160052634e-01 8.617879200028255582e-02
3.987397905126498221e-02 1.370542388170724735e+01 9.194131035646933015e-01 1.069782668660081981e-01
4.446055107939526907e-02 1.688735283408641408e+01 1.139001991675286263e+00 1.327992932033339457e-01
4.957470132945773766e-02 2.076500368015695130e+01 1.409945895336022659e+00 1.647813507538558042e-01
5.527711538069327024e-02 2.546396528203331400e+01 1.743249328712408897e+00 2.042751344069984043e-01
6.163545927395905344e-02 3.112850315560172021e+01 2.152899749101379712e+00 2.531611063886884949e-01
6.872518245115814828e-02 3.789427286384125182e+01 2.654132663491509447e+00 3.134582361681168550e-01
7.663041305413779980e-02 4.590146920138249698e+01 3.265437404868862359e+00 3.877149741515495407e-01
8.544495620686157200e-02 5.525933247355078493e+01 4.007394255298549979e+00 4.789726725848595379e-01
9.527340712667957401e-02 6.600715263469282945e+01 4.901208426257653628e+00 5.906157418573911855e-01
1.062323922731101822e-01 7.811690649405682052e+01 5.970752713256842981e+00 7.268157389767111454e-01
1.184519532618636822e-01 9.148521161428834603e+01 7.244107664870853114e+00 8.929115408927827957e-01
1.320770899659224340e-01 1.056922580323102920e+02 8.736051034443335084e+00 1.093505707215172151e+00
1.472694811144383831e-01 1.201586611575748975e+02 1.045925943222869137e+01 1.334193459050197816e+00
1.642094028064348954e-01 1.339990424210541278e+02 1.240786639265843405e+01 1.619831394870857366e+00
1.830978677048002712e-01 1.463173162245057028e+02 1.457425257902150406e+01 1.957110164270261521e+00
2.041590102946942431e-01 1.558786390820177985e+02 1.690117282046401215e+01 2.348528750958507771e+00
2.276427465103479653e-01 1.615115918508204231e+02 1.928939566159795049e+01 2.792868776284421983e+00
2.538277392899435103e-01 1.628739973934334557e+02 2.166041109953073374e+01 3.293398770229657657e+00
2.830247052484705095e-01 1.593995137408550136e+02 2.381064441740136317e+01 3.834477366113617336e+00
3.155801017062329072e-01 1.516964260035879306e+02 2.558705439999909004e+01 4.403321631441343698e+00
3.518802378240603601e-01 1.405301415495597439e+02 2.679745978351360236e+01 4.971381974343017873e+00
3.923558586288135031e-01 1.271781687560090859e+02 2.733416965388980202e+01 5.509302303716680171e+00
4.374872563241952172e-01 1.126590302402375983e+02 2.711455654383993874e+01 5.973271144443558001e+00
4.878099695387512202e-01 9.800255124481077473e+01 2.618145735033286314e+01 6.326143524610245095e+00
5.439211381395319123e-01 8.389749178285967446e+01 2.463617775160972201e+01 6.532918924649919745e+00
6.064865890189676811e-01 7.081063115196653257e+01 2.263509454360568895e+01 6.572644060237692543e+00
6.762487369363893164e-01 5.900532637950900039e+01 2.035116855224541155e+01 6.442466021228938189e+00
7.540353941672404137e-01 4.859520274092824366e+01 1.794679161391636768e+01 6.157767504671301850e+00
8.407695934971151086e-01 3.958225464887010503e+01 1.555442021895446914e+01 5.747148645654863941e+00
9.374805411223435803e-01 3.190354231109705552e+01 1.327308622323590015e+01 5.248579498035795154e+00
1.045315829426528564e+00 2.544935758494926858e+01 1.116750811614646111e+01 4.699335444719929811e+00
1.165555054552403824e+00 2.009185350021806471e+01 9.273806945730576956e+00 4.132444006144554649e+00
1.299625000357985227e+00 1.569737959342739941e+01 7.607189123911041406e+00 3.575283826629664929e+00
1.449116568932995452e+00 1.213534797152343359e+01 6.167267546114093335e+00 3.047640661421318065e+00
1.615803658576671964e+00 9.282514958065853250e+00 4.943123359041852183e+00 2.562591836622135411e+00
1.801664213246928048e+00 7.025585158215054804e+00 3.917706505083633495e+00 2.127380760406299309e+00
2.008903693258128342e+00 5.262789013629054935e+00 3.070616604182582421e+00 1.744843170369580587e+00
2.239981245735629400e+00 3.903387472235419153e+00 2.380209175397107302e+00 1.414555106778272453e+00
2.497638885371206374e+00 2.868530235341617107e+00 1.824949069218042119e+00 1.133889838171178832e+00
2.784934031744384253e+00 2.090289778303907831e+00 1.384259015561592587e+00 8.988876609268781070e-01
3.105275789304232426e+00 1.511778176590091505e+00 1.039159562927372882e+00 7.048554777722273457e-01
3.462465400517639402e+00 1.086161330330280173e+00 7.724274688630450303e-01 5.468008752786547300e-01
3.860741352209485999e+00 7.758475973418259564e-01 5.689195571671392671e-01 4.197518616511535239e-01
4.304829670336041580e+00 5.513859512845766808e-01 4.155203972428248571e-01 3.189444224992240562e-01
4.799999999999999822e+00 3.901112358448066697e-01 3.012059761610562658e-01 2.399847263250073914e-01
