1.000000000230258569e-04 4.067137452750553166e+02 1.879126143278022312e+02 1.060575737995403074e+02
1.115026695290953366e-04 4.974979886901120949e+02 2.298572261379596853e+02 1.297310205080212597e+02
1.243284530925187648e-04 6.097791753740267495e+02 2.817342167944684093e+02 1.590103396396464746e+02
1.386295441504667143e-04 7.488548295137284185e+02 3.459909824307558779e+02 1.952769602416256589e+02
1.545756424481938766e-04 9.213729924735595205e+02 4.256995509064702219e+02 2.402647265418746372e+02
1.723559677317991945e-04 1.133530759741897555e+03 5.237231291096866244e+02 2.955899469812257507e+02
1.921815050694108094e-04 1.390713324191191305e+03 6.425500809235541055e+02 3.626570719499472375e+02
2.142875084442451923e-04 1.701101689225308746e+03 7.859606311360569180e+02 4.436001448560223821e+02
2.389362923277018713e-04 2.072604165114530588e+03 9.576093636124567183e+02 5.404821208710280871e+02
2.664203443578849946e-04 2.512862795337102852e+03 1.161028112718361854e+03 6.552972153269492992e+02
2.970657960592480913e-04 3.029824384975835528e+03 1.399890001522186594e+03 7.901197766400168803e+02
3.312362927876497001e-04 3.624650466616875747e+03 1.674734008055466575e+03 9.452554212970063645e+02
3.693373088223966556e-04 4.300494453592907121e+03 1.987020897311932458e+03 1.121531459709683304e+03
4.118209588090659132e-04 5.047061983651574337e+03 2.331999320428401461e+03 1.316269586296331909e+03
4.591913626466918256e-04 5.848828019542423135e+03 2.702504081141143160e+03 1.525430906119985821e+03
5.120106274801957584e-04 6.681874633780444128e+03 3.087495541217655045e+03 1.742791807815830680e+03
5.709055177816341068e-04 7.500134241500097232e+03 3.465703018917626650e+03 1.956355423878083002e+03
6.365748926688486646e-04 8.275259462741785683e+03 3.824049038013626159e+03 2.158752704147617351e+03
7.097979987143026312e-04 8.965386061277718909e+03 4.143211596481175548e+03 2.339089270467691222e+03
7.914437166483044659e-04 9.579189687968326325e+03 4.427220026914998016e+03 2.499650445900101658e+03
8.824808716799498404e-04 1.017438461423794979e+04 4.702750311204733407e+03 2.655496824557806576e+03
9.839897297802024153e-04 1.089449621440384726e+04 5.036103349714553588e+03 2.844042182538280031e+03
1.097174816344422205e-03 1.189070262456756973e+04 5.497075645976524356e+03 3.104652902524719138e+03
1.223379209343287413e-03 1.333894201466006416e+04 6.166873482912235886e+03 3.483124725030924765e+03
1.364100476567608111e-03 1.511992259188984644e+04 6.990299964241629823e+03 3.948263788469567771e+03
1.521008446081769522e-03 1.690021485349318027e+04 7.813314152755715440e+03 4.413129747854830384e+03
1.695965020753673102e-03 1.828531479972771194e+04 8.453825359176749771e+03 4.775017336150273877e+03
1.891046271984591709e-03 1.939843458744811869e+04 8.968987302461224317e+03 5.066272665507942293e+03
2.108567074807741158e-03 2.106781209585999022e+04 9.741420181460860476e+03 5.502845084182366918e+03
2.351108576680822643e-03 2.358220815666577982e+04 1.090412906762337661e+04 6.159653443423097997e+03
2.621548825923003187e-03 2.579952095222713251e+04 1.192947323527396657e+04 6.738879882030183580e+03
2.923096923239734257e-03 2.727894847002860843e+04 1.261448784609635732e+04 7.126191079567376619e+03
3.259331101584665453e-03 2.985585862948533031e+04 1.380673103087971322e+04 7.799857763576160323e+03
3.634241186222156913e-03 3.251200970298102402e+04 1.503546989523540287e+04 8.494069400886124640e+03
4.052275938830490927e-03 3.436477253298986034e+04 1.589394409651585920e+04 8.979530422574254771e+03
4.518395847440812539e-03 3.748818859507545858e+04 1.733923100717179477e+04 9.796114836310027385e+03
5.038131988628217865e-03 3.948949249202356441e+04 1.826725134976844492e+04 1.032102240694523425e+04
5.617651660426248826e-03 4.238961979224904644e+04 1.961056809859829082e+04 1.108029616562826413e+04
6.263831564778516575e-03 4.473556608910237264e+04 2.069877380128714503e+04 1.169577233421290657e+04
6.984339407925946493e-03 4.696867232492304902e+04 2.173626943657015727e+04 1.228292203527290803e+04
7.787724887016851671e-03 4.931882022207857517e+04 2.282858658131983975e+04 1.290111789710451922e+04
8.683521142606049834e-03 5.128184739650006668e+04 2.374326220254334112e+04 1.341925150353935169e+04
9.682357880899711625e-03 5.296756170894437673e+04 2.453125930775183951e+04 1.386612899211914919e+04
1.079608750807801998e-02 5.439357245356839849e+04 2.520040767246303221e+04 1.424605653943553807e+04
1.203792577343234388e-02 5.514755030866603920e+04 2.556064277480103192e+04 1.445186606763060627e+04
1.342260859021738965e-02 5.543342430876898288e+04 2.570651373256904844e+04 1.453699866892032514e+04
1.496656689508787767e-02 5.504596480586456892e+04 2.554234494287682537e+04 1.444722465313161410e+04
1.668812162103823840e-02 5.395053767495146894e+04 2.505167519348655333e+04 1.417314389492316877e+04
1.860770109743517184e-02 5.206818983066125656e+04 2.419701724479925906e+04 1.369338234202709282e+04
2.074808345685756270e-02 4.934598163890071010e+04 2.295221775005566087e+04 1.299281857206710083e+04
2.313466692519383291e-02 4.590684411050695780e+04 2.137281755663240619e+04 1.210255353737026235e+04
2.579577120231610690e-02 4.178553765189569094e+04 1.947214259097868126e+04 1.102954290746200058e+04
2.876297350957714855e-02 3.724075115107633610e+04 1.736853790155133174e+04 9.840365491934304373e+03
3.207148329174031032e-02 3.252201180762149306e+04 1.517621526177812120e+04 8.599290902154380092e+03
3.576056001963404812e-02 2.797597872052634193e+04 1.305656621018593614e+04 7.397702105625289732e+03
3.987397905126498221e-02 2.391996257555770717e+04 1.116023984768810988e+04 6.321504107208525056e+03
4.446055107939526907e-02 2.065455922515944621e+04 9.633258684331234690e+03 5.454660920803285080e+03
4.957470132945773766e-02 1.823161805500648552e+04 8.506823122317186062e+03 4.816307023510235013e+03
5.527711538069327024e-02 1.657120382752655132e+04 7.750633580705697568e+03 4.390774019991959904e+03
6.163545927395905344e-02 1.535269524554984491e+04 7.214945454385594530e+03 4.093196093081734489e+03
6.872518245115814828e-02 1.406820504190530301e+04 6.647360847914797887e+03 3.777210863645268091e+03
7.663041305413779980e-02 1.228881579413608051e+04 5.816707699224263706e+03 3.304916691954037560e+03
8.544495620686157200e-02 1.009998584667010982e+04 4.746109174596577759e+03 2.685336111958242327e+03
9.527340712667957401e-02 8.028707142853591904e+03 3.707067122684293736e+03 2.077960261001789604e+03
1.062323922731101822e-01 6.603151242802783599e+03 3.009973703917913554e+03 1.673887472332321522e+03
1.184519532618636822e-01 5.799376510020129899e+03 2.676561802585707028e+03 1.494427871269916750e+03
1.320770899659224340e-01 5.116062019304229580e+03 2.412286683656562673e+03 1.358066292225265443e+03
1.472694811144383831e-01 4.237633233500337155e+03 1.979614403897126522e+03 1.104709110327612734e+03
1.642094028064348954e-01 3.439399219381532475e+03 1.562182640307886913e+03 8.527560183627790593e+02
1.830978677048002712e-01 2.895437307891364526e+03 1.333462139085168928e+03 7.306859590919578977e+02
2.041590102946942431e-01 2.422282013257966810e+03 1.136759651703121790e+03 6.269352921624259807e+02
2.276427465103479653e-01 1.983865102933694516e+03 9.206116598403923490e+02 4.969395930914716359e+02
2.538277392899435103e-01 1.629209200072887597e+03 7.699319552072041688e+02 4.171249062138318209e+02
2.830247052484705095e-01 1.326387252417918944e+03 6.366281139604488999e+02 3.429735580542968023e+02
3.155801017062329072e-01 1.069845738195871036e+03 5.251374769526009914e+02 2.820453727094791816e+02
3.518802378240603601e-01 8.538286365759145156e+02 4.320778818304116839e+02 2.317868995601342306e+02
3.923558586288135031e-01 6.729067255315384273e+02 3.545432912710820119e+02 1.907825302421707079e+02
4.374872563241952172e-01 5.224529662409975117e+02 2.893329704366911415e+02 1.564786335336362413e+02
4.878099695387512202e-01 3.993076514132954458e+02 2.349484039287482062e+02 1.283681479083639374e+02
5.439211381395319123e-01 2.996766793154841935e+02 1.894603552586102637e+02 1.050857391624366244e+02
6.064865890189676811e-01 2.208805394820374772e+02 1.515321193359741017e+02 8.586900336136784517e+01
6.762487369363893164e-01 1.598425676565308606e+02 1.199503839603919175e+02 6.997882136830422439e+01
7.540353941672404137e-01 1.137490013467996164e+02 9.379973625743605226e+01 5.679212361775596918e+01
8.407695934971151086e-01 7.985731297151335184e+01 7.238959363685451365e+01 4.588471366199463120e+01
9.374805411223435803e-01 5.544828461341148795e+01 5.500271985549643716e+01 3.683395474985726281e+01
1.045315829426528564e+00 3.828765438124636944e+01 4.115461398741884125e+01 2.937769293090151379e+01
1.165555054552403824e+00 2.637960455057998033e+01 3.027919973144365073e+01 2.321412228887642115e+01
1.299625000357985227e+00 1.822231961619605656e+01 2.193192793164570276e+01 1.815181188806845825e+01
1.449116568932995452e+00 1.266377940021036252e+01 1.566791916592039513e+01 1.403110850606368842e+01
1.615803658576671964e+00 8.872042408813276992e+00 1.105956286053631743e+01 1.070058530732025837e+01
1.801664213246928048e+00 6.289082024497790968e+00 7.750754472395499306e+00 8.058948606504683809e+00
2.008903693258128342e+00 4.512279459917205138e+00 5.405471367465703558e+00 5.983106021257151852e+00
2.239981245735629400e+00 3.288199982612825423e+00 3.772520242678787383e+00 4.386280711440370794e+00
2.497638885371206374e+00 2.437165884062332033e+00 2.644503967293481139e+00 3.179644303912774195e+00
2.784934031744384253e+00 1.841292382901346114e+00 1.868751357138326075e+00 2.283882690068331556e+00
3.105275789304232426e+00 1.423917707780800068e+00 1.337555122934271923e+00 1.632626782073875127e+00
3.462465400517639402e+00 1.129236829895280847e+00 9.712785888540604873e-01 1.163986418322631389e+00
3.860741352209485999e+00 nan 7.193985968607694570e-01 8.326082728323512816e-01
4.304829670336041580e+00 nan 5.448431365988757324e-01 5.998443410670482034e-01
4.799999999999999822e+00 nan 4.237817674888978425e-01 4.374954704155591956e-01
