1.000000000230258569e-04 1.327340131632883811e+02 5.853425420354653852e+01 3.257838717006480778e+01
1.115026695290953366e-04 1.624714973161256921e+02 7.164809952889589795e+01 3.987709649584693494e+01
1.243284530925187648e-04 1.992784356856309955e+02 8.787950455657315274e+01 4.891098424249184262e+01
1.386295441504667143e-04 2.449054676461712177e+02 1.080005068085194040e+02 6.010971015836109643e+01
1.545756424481938766e-04 3.014941967039144401e+02 1.329553766712216998e+02 7.399891827066932137e+01
1.723559677317991945e-04 3.706760693121782992e+02 1.634637813531529673e+02 9.097899206248040116e+01
1.921815050694108094e-04 4.545174314914938805e+02 2.004368781176394236e+02 1.115572533354955596e+02
2.142875084442451923e-04 5.554087991166614984e+02 2.449288303081933407e+02 1.363202943656746129e+02
2.389362923277018713e-04 6.761220981475300960e+02 2.981620241030447005e+02 1.659487148497202611e+02
2.664203443578849946e-04 8.185881025482217410e+02 3.609879701692490812e+02 2.009164168200319693e+02
2.970657960592480913e-04 9.853052046065967033e+02 4.345086601358401595e+02 2.418369474650890254e+02
3.312362927876497001e-04 1.176942966427081046e+03 5.190195935448119826e+02 2.888749460298585632e+02
3.693373088223966556e-04 1.392948253213245835e+03 6.142773325588486841e+02 3.418953432147971512e+02
4.118209588090659132e-04 1.631600400036731116e+03 7.195238257207017796e+02 4.004770519225457406e+02
4.591913626466918256e-04 1.884917401185962945e+03 8.312407371501857369e+02 4.626625542398091397e+02
5.120106274801957584e-04 2.147232334270959655e+03 9.469315969860822406e+02 5.270639775574650230e+02
5.709055177816341068e-04 2.404781663565190684e+03 1.060530851563248007e+03 5.903072948973963321e+02
6.365748926688486646e-04 2.647978431901693966e+03 1.167816764049754738e+03 6.500455889004334722e+02
7.097979987143026312e-04 2.871366736626109287e+03 1.266391193852927927e+03 7.049474608970991767e+02
7.914437166483044659e-04 3.080342841461498210e+03 1.358642132713077444e+03 7.563452539604942331e+02
8.824808716799498404e-04 3.300250985916488389e+03 1.455751762023352057e+03 8.104649524347587430e+02
9.839897297802024153e-04 3.583461209868588867e+03 1.580811144119940082e+03 8.801573685504499736e+02
1.097174816344422205e-03 3.978515151666746988e+03 1.755209721759308422e+03 9.773218252456736082e+02
1.223379209343287413e-03 4.509723573627772566e+03 1.989637999568468558e+03 1.107898487595273309e+03
1.364100476567608111e-03 5.130545190147502581e+03 2.263550699226961569e+03 1.260445450813290790e+03
1.521008446081769522e-03 5.709974550349570563e+03 2.519205164521159531e+03 1.402831846587647078e+03
1.695965020753673102e-03 6.165580030631103909e+03 2.720348639435858331e+03 1.514909733601282369e+03
1.891046271984591709e-03 6.623023187190425233e+03 2.922455785099663444e+03 1.627573704159305635e+03
2.108567074807741158e-03 7.338380413050493189e+03 3.238338885160920654e+03 1.803583271665177790e+03
2.351108576680822643e-03 8.262208337337262492e+03 3.646039378491920615e+03 2.030674392449346669e+03
2.621548825923003187e-03 8.975229042700242644e+03 3.960905740732710456e+03 2.206139976445751927e+03
2.923096923239734257e-03 9.647429922438834183e+03 4.258116423817263239e+03 2.371886194757509202e+03
3.259331101584665453e-03 1.074059198150945485e+04 4.740765944835760820e+03 2.640806163779315739e+03
3.634241186222156913e-03 1.160605572892478267e+04 5.123286082522704419e+03 2.854084851601717673e+03
4.052275938830490927e-03 1.258045160930235215e+04 5.554076547576598387e+03 3.094306525643452005e+03
4.518395847440812539e-03 1.368844317153721022e+04 6.043771103324360411e+03 3.367321106227385826e+03
5.038131988628217865e-03 1.473108289854173927e+04 6.505030307098407320e+03 3.624617542188219886e+03
5.617651660426248826e-03 1.581110944969904085e+04 6.983218174653589813e+03 3.891449489917940809e+03
6.263831564778516575e-03 1.703277900450361631e+04 7.523658404524290745e+03 4.192884537256636577e+03
6.984339407925946493e-03 1.811739490676961941e+04 8.004304480191321090e+03 4.461196987261378126e+03
7.787724887016851671e-03 1.921053095264637159e+04 8.489351721021970661e+03 4.732106284188360405e+03
8.683521142606049834e-03 2.030957320653243369e+04 8.977298720070732088e+03 5.004680877140543089e+03
9.682357880899711625e-03 2.131612660696619059e+04 9.424759751150260854e+03 5.254743313027037402e+03
1.079608750807801998e-02 2.219277848241226457e+04 9.815950614478910211e+03 5.473709229511350713e+03
1.203792577343234388e-02 2.295399495150651637e+04 1.015672078117043202e+04 5.664668094615021801e+03
1.342260859021738965e-02 2.354493136444631091e+04 1.042303540144236467e+04 5.814244813203731610e+03
1.496656689508787767e-02 2.391932422978218892e+04 1.059447603699863976e+04 5.911113034104792860e+03
1.668812162103823840e-02 2.401016459310514983e+04 1.064130289259588062e+04 5.938606460289451206e+03
1.860770109743517184e-02 2.383203377389758680e+04 1.056999728872606102e+04 5.900351808412544415e+03
2.074808345685756270e-02 2.330362089530943194e+04 1.034418084922238450e+04 5.775987245127125789e+03
2.313466692519383291e-02 2.245080675234290902e+04 9.974995915851926839e+03 5.571658123198916655e+03
2.579577120231610690e-02 2.127112856019286119e+04 9.460773431518706275e+03 5.286320750694997514e+03
2.876297350957714855e-02 1.980417534828036514e+04 8.818314688246880905e+03 4.929206876777352591e+03
3.207148329174031032e-02 1.815311878165702728e+04 8.092897856720451273e+03 4.525496718444530416e+03
3.576056001963404812e-02 1.641837588689330005e+04 7.328418746665677645e+03 4.099573840325803758e+03
3.987397905126498221e-02 1.474169878135125145e+04 6.588123694287705803e+03 3.686811665693807299e+03
4.446055107939526907e-02 1.323924553373543131e+04 5.924339588248555629e+03 3.316577901541131723e+03
4.957470132945773766e-02 1.199456208514578248e+04 5.375836012942255365e+03 3.010841857515285483e+03
5.527711538069327024e-02 1.100563834780737670e+04 4.943511830115970952e+03 2.770453132027906577e+03
6.163545927395905344e-02 1.018341917029662545e+04 4.588107403949862601e+03 2.573541600811738135e+03
6.872518245115814828e-02 9.332780213652129532e+03 4.219246199965004962e+03 2.368893311536804504e+03
7.663041305413779980e-02 8.277342593261088041e+03 3.750728346768865322e+03 2.106791033681130102e+03
8.544495620686157200e-02 7.029405032127102459e+03 3.182041367307099335e+03 1.785686240124417054e+03
9.527340712667957401e-02 5.813779607969981953e+03 2.618268952363542667e+03 1.465259195224344921e+03
1.062323922731101822e-01 4.908689370470976428e+03 2.202080074128871274e+03 1.229169785187875732e+03
1.184519532618636822e-01 4.328383255410941274e+03 1.952125110389070414e+03 1.090625723686834590e+03
1.320770899659224340e-01 3.825252409187526155e+03 1.741798164425207233e+03 9.754985526091263637e+02
1.472694811144383831e-01 3.212389901976967849e+03 1.457050170590124480e+03 8.128413279872631847e+02
1.642094028064348954e-01 2.643718570857015038e+03 1.182396065446284638e+03 6.532849921831082156e+02
1.830978677048002712e-01 2.253085458082058722e+03 1.015360894897554999e+03 5.612020918372284086e+02
2.041590102946942431e-01 1.908722160691813542e+03 8.694410164793041531e+02 4.812131273510014466e+02
2.276427465103479653e-01 1.579426704769946582e+03 7.132447146284564496e+02 3.901495086926449289e+02
2.538277392899435103e-01 1.316840668524767125e+03 6.016525248976165585e+02 3.291551749871944139e+02
2.830247052484705095e-01 1.087142144205006389e+03 5.007524567014509103e+02 2.726347532809236327e+02
3.155801017062329072e-01 8.919326438520946567e+02 4.164991727745115213e+02 2.260003706291733465e+02
3.518802378240603601e-01 7.256701531047169738e+02 3.456280201254591589e+02 1.870508008126881805e+02
3.923558586288135031e-01 5.849281689130652921e+02 2.864634502828068889e+02 1.551156896280123192e+02
4.374872563241952172e-01 4.657395824400502420e+02 2.360637388296392771e+02 1.279262401645620457e+02
4.878099695387512202e-01 3.658765083800909679e+02 1.937958196097645214e+02 1.054394916990215734e+02
5.439211381395319123e-01 2.829530170530966871e+02 1.583796555711374765e+02 8.689658902109943028e+01
6.064865890189676811e-01 2.149863302776397234e+02 1.285655410225318462e+02 7.151683908692307057e+01
6.762487369363893164e-01 1.604021775537710539e+02 1.035515244915695234e+02 5.871565369413374214e+01
7.540353941672404137e-01 1.173309796057736492e+02 8.257509349210505434e+01 4.799157104167607457e+01
8.407695934971151086e-01 8.427819872097285270e+01 6.513490727082069043e+01 3.912059445472493024e+01
9.374805411223435803e-01 5.950950186489363603e+01 5.068616028395584294e+01 3.174609371946442593e+01
1.045315829426528564e+00 4.144840437705568803e+01 3.884783127564298866e+01 2.559534531236815269e+01
1.165555054552403824e+00 2.859793675275611236e+01 2.929931716513771889e+01 2.048695406726284318e+01
1.299625000357985227e+00 1.961240056921674579e+01 2.170716523668908948e+01 1.624100123870420376e+01
1.449116568932995452e+00 1.344132553554400999e+01 1.581815969662862820e+01 1.275089357817700808e+01
1.615803658576671964e+00 9.227429128532802949e+00 1.133305814603031081e+01 9.883080678477144332e+00
1.801664213246928048e+00 6.369662465884581515e+00 8.006560422457805970e+00 7.555558065592902217e+00
2.008903693258128342e+00 4.429267353990148592e+00 5.594329268102212538e+00 5.692163567772833055e+00
2.239981245735629400e+00 3.105401496040420373e+00 3.878078946079160261e+00 4.221245027931425753e+00
2.497638885371206374e+00 2.200384256185152765e+00 2.681164516319539892e+00 3.086539036560196791e+00
2.784934031744384253e+00 1.574303111494362417e+00 1.852783389130260305e+00 2.224167698632321777e+00
3.105275789304232426e+00 1.140435228208929841e+00 1.286355544475421775e+00 1.584814206121396341e+00
3.462465400517639402e+00 8.365729326933104559e-01 8.994021170448215363e-01 1.119365179427424195e+00
3.860741352209485999e+00 6.222298203324715393e-01 6.348575647372646236e-01 7.863949844079990426e-01
4.304829670336041580e+00 4.704578579198055444e-01 4.537510249378002292e-01 5.521634172213618630e-01
4.799999999999999822e+00 nan 3.284522126129781894e-01 3.884363683344284612e-01
