1.000000000230258569e-04 1.413144922384975416e+03 6.526723792575394327e+02 3.681193519417898301e+02
1.115026695290953366e-04 1.561903701257419925e+03 7.213685748878154982e+02 4.068741492910949091e+02
1.243284530925187648e-04 1.726282638586887742e+03 7.972699658454441760e+02 4.496972499049689986e+02
1.386295441504667143e-04 1.907957699178430175e+03 8.811585486252661212e+02 4.970318570975986177e+02
1.545756424481938766e-04 2.108673604670351324e+03 9.738396282322809157e+02 5.493322947801597138e+02
1.723559677317991945e-04 2.330416237103677304e+03 1.076215479903676169e+03 6.071085537414495548e+02
1.921815050694108094e-04 2.575354802326503886e+03 1.189289417443288812e+03 6.709386825009481754e+02
2.142875084442451923e-04 2.845874087072579186e+03 1.314175498881615113e+03 7.414431355544560347e+02
2.389362923277018713e-04 3.144583013646019026e+03 1.452077998571720400e+03 8.193093514578117720e+02
2.664203443578849946e-04 3.474342283147218950e+03 1.604320378063117232e+03 9.052894701687185943e+02
2.970657960592480913e-04 3.838308127162198161e+03 1.772386312881777940e+03 1.000212631139877203e+03
3.312362927876497001e-04 4.239816085096382267e+03 1.957796472135938529e+03 1.104946123341430621e+03
3.693373088223966556e-04 4.682594574855676001e+03 2.162295423213935919e+03 1.220473217447959087e+03
4.118209588090659132e-04 5.170741533753113799e+03 2.387777836667351039e+03 1.347869976483945720e+03
4.591913626466918256e-04 5.708437135694593053e+03 2.636202063491963145e+03 1.488232382450737532e+03
5.120106274801957584e-04 6.300361917394640841e+03 2.909744687347405943e+03 1.642792129004216804e+03
5.709055177816341068e-04 6.951381216944806511e+03 3.210699365560718888e+03 1.812821713979800279e+03
6.365748926688486646e-04 7.666837433373443673e+03 3.541456107730473377e+03 1.999698329377741857e+03
7.097979987143026312e-04 8.452293170730843485e+03 3.904653963686490897e+03 2.204882236265305437e+03
7.914437166483044659e-04 9.313665831620448444e+03 4.303012912234768010e+03 2.429904301291504453e+03
8.824808716799498404e-04 1.025666435762495894e+04 4.739183204799182931e+03 2.676235222247107686e+03
9.839897297802024153e-04 1.128752537617529379e+04 5.216047044769378772e+03 2.945534563090015126e+03
1.097174816344422205e-03 1.241275488441893685e+04 5.736604105262641497e+03 3.239497273199869596e+03
1.223379209343287413e-03 1.363855272876822528e+04 6.303720956740168731e+03 3.559761113153737369e+03
1.364100476567608111e-03 1.497080771181515411e+04 6.920113379571924270e+03 3.907861724045353640e+03
1.521008446081769522e-03 1.641482852092063331e+04 7.588179985540524285e+03 4.285134878753585326e+03
1.695965020753673102e-03 1.797526657114709815e+04 8.310169531261622978e+03 4.692899596829151960e+03
1.891046271984591709e-03 1.965597949604692258e+04 9.087759620991368138e+03 5.132097113957237525e+03
2.108567074807741158e-03 2.145882073065633449e+04 9.921812326554578249e+03 5.603267072376829674e+03
2.351108576680822643e-03 2.338444736869730696e+04 1.081267356867456692e+04 6.106687581885862528e+03
2.621548825923003187e-03 2.543040132594679380e+04 1.175923785330929059e+04 6.641631881059347506e+03
2.923096923239734257e-03 2.759254465801241167e+04 1.275946679229196525e+04 7.206953060670474770e+03
3.259331101584665453e-03 2.986296871082144571e+04 1.380986363977704968e+04 7.800708296317314307e+03
3.634241186222156913e-03 3.222947207177611199e+04 1.490469781293148117e+04 8.419565241463536950e+03
4.052275938830490927e-03 3.467551087071018264e+04 1.603643057313598911e+04 9.059328546085231210e+03
4.518395847440812539e-03 3.717920374010616797e+04 1.719477579301878723e+04 9.714228137816431627e+03
5.038131988628217865e-03 3.971324758654813922e+04 1.836712931274948278e+04 1.037715235409886918e+04
5.617651660426248826e-03 4.224300468712832662e+04 1.953747442780071287e+04 1.103913311470961526e+04
6.263831564778516575e-03 4.472674552154797857e+04 2.068668282602745967e+04 1.168907513039657533e+04
6.984339407925946493e-03 4.711524416154249775e+04 2.179201801928242276e+04 1.231421241215528244e+04
7.787724887016851671e-03 4.934984798476118158e+04 2.282614405632168200e+04 1.289916778325357882e+04
8.683521142606049834e-03 5.136485478915252315e+04 2.375867368398085091e+04 1.342671881909132753e+04
9.682357880899711625e-03 5.308529598303086823e+04 2.455452324840976144e+04 1.387688790696154138e+04
1.079608750807801998e-02 5.431656104167835292e+04 2.514959890904453641e+04 1.422068048926511437e+04
1.203792577343234388e-02 5.513758665187018050e+04 2.554324328625508133e+04 1.444423275277282664e+04
1.342260859021738965e-02 5.539298795745125972e+04 2.567487733827495322e+04 1.452083972143150822e+04
1.496656689508787767e-02 5.496936429432212026e+04 2.549961087667879838e+04 1.442930964095454146e+04
1.668812162103823840e-02 5.385004618680532440e+04 2.499445938202918842e+04 1.414989134772438592e+04
1.860770109743517184e-02 5.195383746090469504e+04 2.412830262586749450e+04 1.366428426787755416e+04
2.074808345685756270e-02 4.928419570352903247e+04 2.289660540829458841e+04 1.296987545557032536e+04
2.313466692519383291e-02 4.578576434352502838e+04 2.129548537502695763e+04 1.206974193336309327e+04
2.579577120231610690e-02 4.170042410846066196e+04 1.940123287367031662e+04 1.099723059430200738e+04
2.876297350957714855e-02 3.716990954656879330e+04 1.729307493342730595e+04 9.806133728786022402e+03
3.207148329174031032e-02 3.248505217491258736e+04 1.510953824466708102e+04 8.567535232291222201e+03
3.576056001963404812e-02 2.796714944184566775e+04 1.299504539574326191e+04 7.366089039823659732e+03
3.987397905126498221e-02 2.399593357682975329e+04 1.113419253338111412e+04 6.308859413376118937e+03
4.446055107939526907e-02 2.076510296896133150e+04 9.616164940018536072e+03 5.445103982174492558e+03
4.957470132945773766e-02 1.835497656107128205e+04 8.498587954146632910e+03 4.810141758200250479e+03
5.527711538069327024e-02 1.671864126881298216e+04 7.747766276898183605e+03 4.388898802315496141e+03
6.163545927395905344e-02 1.549540776513860146e+04 7.207007849721808270e+03 4.085668897891062443e+03
6.872518245115814828e-02 1.420755020230582340e+04 6.633730260738033394e+03 3.763017833315592270e+03
7.663041305413779980e-02 1.244431253656512126e+04 5.804321702793057739e+03 3.292695464408001953e+03
8.544495620686157200e-02 1.028105764588765851e+04 4.733836128392062164e+03 2.672249265096987074e+03
9.527340712667957401e-02 8.270691590283817277e+03 3.706773664528188874e+03 2.070124491614948056e+03
1.062323922731101822e-01 6.893844694451599935e+03 3.023753721708075773e+03 1.672992065475268873e+03
1.184519532618636822e-01 6.139237973749207413e+03 2.704764105548461430e+03 1.498420135310576825e+03
1.320770899659224340e-01 5.516080901819434985e+03 2.451339538275161885e+03 1.364591258574730546e+03
1.472694811144383831e-01 4.668461622388355863e+03 2.015349350879261465e+03 1.106587332881308612e+03
1.642094028064348954e-01 3.883125657713312648e+03 1.595063543914234515e+03 8.538290485042358569e+02
1.830978677048002712e-01 3.386280823945946395e+03 1.381765331910974737e+03 7.400772165347785858e+02
2.041590102946942431e-01 2.969135155586428937e+03 1.194949243147254720e+03 6.372465015280538410e+02
2.276427465103479653e-01 2.546478506783423654e+03 9.761109965824565506e+02 5.049484190345155525e+02
2.538277392899435103e-01 2.234102657134489618e+03 8.378964758324824516e+02 4.308219103936576175e+02
2.830247052484705095e-01 1.958632862319710966e+03 7.087055410243276583e+02 3.565009816260933349e+02
3.155801017062329072e-01 1.722628829472127791e+03 6.022069859203628539e+02 2.970729797987041252e+02
3.518802378240603601e-01 1.523322525787381437e+03 5.140391826259112804e+02 2.477509637095065500e+02
3.923558586288135031e-01 1.356080224642632402e+03 4.410022411445784201e+02 2.075824052469587286e+02
4.374872563241952172e-01 1.208224387642490228e+03 3.787906082210344039e+02 1.737045067048304645e+02
4.878099695387512202e-01 1.081950332237636076e+03 3.273372860418254504e+02 1.461768483185685170e+02
5.439211381395319123e-01 9.739692932119673969e+02 2.846460144652272675e+02 1.237732900095019488e+02
6.064865890189676811e-01 8.775393005453872775e+02 2.485353626638573985e+02 1.051830639645948366e+02
6.762487369363893164e-01 7.909517643539244318e+02 2.178333253654341775e+02 8.970470353661441720e+01
7.540353941672404137e-01 7.124753959253376934e+02 1.915687668216498025e+02 7.681718528533696144e+01
8.407695934971151086e-01 6.406908791995614365e+02 1.690754634762503201e+02 6.610320758583903000e+01
9.374805411223435803e-01 5.741145147923367631e+02 1.495304799719081643e+02 5.714121952320854092e+01
1.045315829426528564e+00 5.117834513087918822e+02 1.323809929780045138e+02 4.958944139875546142e+01
1.165555054552403824e+00 4.532259610562356897e+02 1.171409997219262777e+02 4.318827544225005255e+01
1.299625000357985227e+00 3.983246212638259180e+02 1.034847346342094312e+02 3.772544902511215525e+01
1.449116568932995452e+00 3.472288396027428803e+02 9.118095599026474929e+01 3.304889997284168146e+01
1.615803658576671964e+00 3.000922287437164186e+02 7.998376046417571672e+01 2.900426755992673122e+01
1.801664213246928048e+00 2.571310885911057085e+02 6.977270317247746334e+01 2.547438923051497994e+01
2.008903693258128342e+00 2.184324704365020864e+02 6.042163336205953073e+01 2.235221631211331328e+01
2.239981245735629400e+00 1.842725826615249787e+02 5.190834233576501333e+01 1.957079055948895885e+01
2.497638885371206374e+00 1.546005816346792585e+02 4.420638861017596355e+01 1.707334188077502191e+01
2.784934031744384253e+00 1.289213405247434991e+02 3.729042308833470543e+01 1.478003935952929382e+01
3.105275789304232426e+00 1.069359263550058614e+02 3.115852939508627273e+01 1.266181506355613884e+01
3.462465400517639402e+00 8.823025580474589447e+01 2.579723097526512987e+01 1.071875875881295315e+01
3.860741352209485999e+00 7.243730780439635453e+01 2.119655122014095383e+01 8.972518280891936371e+00
4.304829670336041580e+00 5.924429671578494094e+01 1.730732205917365718e+01 7.451030078615183072e+00
4.799999999999999822e+00 4.835932841457945131e+01 1.407412014272662049e+01 6.175371255247686264e+00
