1.000000000230258569e-04 -1.147045702509785770e-05 9.072437791246557026e-06 2.462062383301599766e-05
1.115026695290953366e-04 -2.221501557642113767e-05 5.725603841710835695e-06 2.053393451717511198e-05
1.243284530925187648e-04 -3.942983551041834289e-05 -1.817574286633316660e-06 6.922876764292595908e-06
1.386295441504667143e-04 -6.026777964507346042e-05 -1.047438254886401410e-05 -9.199418485650312505e-06
1.545756424481938766e-04 -8.057064167132921284e-05 -1.582127180199677241e-05 -1.775378464685672952e-05
1.723559677317991945e-04 -9.995974085086345440e-05 -1.635804176203237148e-05 -1.531032336288262741e-05
1.921815050694108094e-04 -1.228086107403214555e-04 -1.426376701374465483e-05 -6.805376472129864851e-06
2.142875084442451923e-04 -1.553261504341207910e-04 -1.301770612371910829e-05 -6.891013981658034027e-08
2.389362923277018713e-04 -1.983875509949939442e-04 -1.477741375310870353e-05 9.781402354747115169e-07
2.664203443578849946e-04 -2.449912294650857802e-04 -1.962210848205359071e-05 -1.589971247994981240e-06
2.970657960592480913e-04 -2.850976638910651673e-04 -2.728579931954300264e-05 -4.177310074737761170e-06
3.312362927876497001e-04 -3.296136474091326818e-04 -3.609399755077902228e-05 -4.820383480819145916e-06
3.693373088223966556e-04 -4.238324900143197738e-04 -4.223346388698701048e-05 -4.668431529353256337e-06
4.118209588090659132e-04 -6.187137503275152994e-04 -4.042908790324872825e-05 -5.669006213793181814e-06
4.591913626466918256e-04 -4.167238134868966881e-04 -3.509655459765781416e-05 -8.362018320440256502e-06
5.120106274801957584e-04 1.661298325643656426e-03 -4.889284809905802831e-05 -1.033761793678422691e-05
5.709055177816341068e-04 7.718766129983123392e-03 -1.143755083603537059e-04 -7.924685178295476362e-06
6.365748926688486646e-04 1.842660253032590845e-02 -2.093384925956343068e-04 -2.052256604656577110e-06
7.097979987143026312e-04 3.099976658177183708e-02 -1.924115915699076140e-04 -3.997947601419582497e-06
7.914437166483044659e-04 4.089254292512123357e-02 1.480503917719033780e-04 -3.064471968627913157e-05
8.824808716799498404e-04 4.501842729268901167e-02 9.748507200129097328e-04 -7.912247031072183745e-05
9.839897297802024153e-04 4.567489413830116973e-02 2.254891097209110740e-03 -9.481479185069474624e-05
1.097174816344422205e-03 4.725602654980320949e-02 3.881704187278955942e-03 6.180996024340856820e-06
1.223379209343287413e-03 5.302243973528675269e-02 5.612171953998768004e-03 2.668730212462833151e-04
1.364100476567608111e-03 6.044982358071138151e-02 6.945374236238421872e-03 5.794656826765276492e-04
1.521008446081769522e-03 6.476999646292824764e-02 7.157811081469844794e-03 7.603685824051353848e-04
1.695965020753673102e-03 6.247101454391668085e-02 5.831762286106823012e-03 6.804991123772197170e-04
1.891046271984591709e-03 5.736993944628920872e-02 3.920673807897401275e-03 5.092618564503936796e-04
2.108567074807741158e-03 5.660722125503525604e-02 3.092090767040645005e-03 5.556358678404649254e-04
2.351108576680822643e-03 6.682896972051821649e-02 4.718089581274398370e-03 1.043674321863363730e-03
2.621548825923003187e-03 8.633284219649794977e-02 7.617817338996246690e-03 1.621033697119855788e-03
2.923096923239734257e-03 1.100366947666771011e-01 9.432166206352121662e-03 1.651358200888353167e-03
3.259331101584665453e-03 1.332829082311945967e-01 8.280690136416524183e-03 7.030899860183126293e-04
3.634241186222156913e-03 1.599317485706706066e-01 6.857579917777911760e-03 -1.646516921027796343e-04
4.052275938830490927e-03 1.976442908689932665e-01 1.015047599503304809e-02 8.987008736767165828e-04
4.518395847440812539e-03 2.450151682478463044e-01 1.471140988996921806e-02 2.193931528836401412e-03
5.038131988628217865e-03 3.066325941108516417e-01 1.808850006636930630e-02 2.277601778132520849e-03
5.617651660426248826e-03 3.754549510304059368e-01 2.022387002398318145e-02 2.002093419832817744e-03
6.263831564778516575e-03 4.688000022251799237e-01 2.638107997063343646e-02 3.188745035913598258e-03
6.984339407925946493e-03 5.853707956339349039e-01 3.299861675259307958e-02 3.679946491502050776e-03
7.787724887016851671e-03 7.262029944758978672e-01 4.054218932469666470e-02 4.192984092696860898e-03
8.683521142606049834e-03 9.038097889060736634e-01 5.060536380187841132e-02 5.286360351419716608e-03
9.682357880899711625e-03 1.123742867443070281e+00 6.317900663634645753e-02 6.745000758201058488e-03
1.079608750807801998e-02 1.394939213332690997e+00 7.783084758921177126e-02 8.093286231996899005e-03
1.203792577343234388e-02 1.733165215784538304e+00 9.670761192137433682e-02 1.006755892103683436e-02
1.342260859021738965e-02 2.153442577335226815e+00 1.199600171403290005e-01 1.238720510809798725e-02
1.496656689508787767e-02 2.674720517585228663e+00 1.490226737205375684e-01 1.535813161444821162e-02
1.668812162103823840e-02 3.322463603031792445e+00 1.852879099060373846e-01 1.909063916355080437e-02
1.860770109743517184e-02 4.125487348639580887e+00 2.303158964805334108e-01 2.372855825979058864e-02
2.074808345685756270e-02 5.120947057166631566e+00 2.860653038569580531e-01 2.943326870536111528e-02
2.313466692519383291e-02 6.354085815753933275e+00 3.553547697956673801e-01 3.656299755402869778e-02
2.579577120231610690e-02 7.880646249432174955e+00 4.414648258789384272e-01 4.546967561145720538e-02
2.876297350957714855e-02 9.768200551119662123e+00 5.481644131941720843e-01 5.645280492626625346e-02
3.207148329174031032e-02 1.209853222190940869e+01 6.806049040333164157e-01 7.017008341517794179e-02
3.576056001963404812e-02 1.497137529671090306e+01 8.447012240421827300e-01 8.718231087914318778e-02
3.987397905126498221e-02 1.850499722453605500e+01 1.047874733048047347e+00 1.082849866406832007e-01
4.446055107939526907e-02 2.284056976878673595e+01 1.299175034081599733e+00 1.344327204110413732e-01
4.957470132945773766e-02 2.814550417116333847e+01 1.609796535483837943e+00 1.668625102697660623e-01
5.527711538069327024e-02 3.460815223142526520e+01 1.993065500718330441e+00 2.070661939246747352e-01
6.163545927395905344e-02 4.245074763941011042e+01 2.465422511881115497e+00 2.568438345579124871e-01
6.872518245115814828e-02 5.189926267504051793e+01 3.045570584669803793e+00 3.183630535500014958e-01
7.663041305413779980e-02 6.320674028895518859e+01 3.756565205272181629e+00 3.943455617813924619e-01
8.544495620686157200e-02 7.661593699396598822e+01 4.624752853513200535e+00 4.880150350304575113e-01
9.527340712667957401e-02 9.231787648774752597e+01 5.678758350576117664e+00 6.030957642715293332e-01
1.062323922731101822e-01 1.104728484778424900e+02 6.952420243406777445e+00 7.442133785687019554e-01
1.184519532618636822e-01 1.312225806645064949e+02 8.487718843970696980e+00 9.173958323683564231e-01
1.320770899659224340e-01 1.543691367773867569e+02 1.031594194814988441e+01 1.128279362427178967e+00
1.472694811144383831e-01 1.796068729226426512e+02 1.247228984609478175e+01 1.383925766675247360e+00
1.642094028064348954e-01 2.063002135714336873e+02 1.497902392983246500e+01 1.691332521431718305e+00
1.830978677048002712e-01 2.338823358411432309e+02 1.786830221161926602e+01 2.060367373539861546e+00
2.041590102946942431e-01 2.612375347561207946e+02 2.112715357257309279e+01 2.497899269099548292e+00
2.276427465103479653e-01 2.870905613422482929e+02 2.470628693515959640e+01 3.008644508756162850e+00
2.538277392899435103e-01 3.111128899749357970e+02 2.859937217416188560e+01 3.604606370406600035e+00
2.830247052484705095e-01 3.318231751155836946e+02 3.264894267918305104e+01 4.280349224511610373e+00
3.155801017062329072e-01 3.490556059674148628e+02 3.675742833418604505e+01 5.036717385046046047e+00
3.518802378240603601e-01 3.622532116712359311e+02 4.074572015039763073e+01 5.860079772373609330e+00
3.923558586288135031e-01 3.716950842559123203e+02 4.449653909853313394e+01 6.737832695624092594e+00
4.374872563241952172e-01 3.771699928508277253e+02 4.783987913730152286e+01 7.639719761029837741e+00
4.878099695387512202e-01 3.790636738795461724e+02 5.069843665814954647e+01 8.538696983018652986e+00
5.439211381395319123e-01 3.775075217188706915e+02 5.299783811386254229e+01 9.400394626569053003e+00
6.064865890189676811e-01 3.726739492198493053e+02 5.470229560579751649e+01 1.019309739880131360e+01
6.762487369363893164e-01 3.647098704827573670e+02 5.580466328154800237e+01 1.089114302851441352e+01
7.540353941672404137e-01 3.537591049033033528e+02 5.631624030763182276e+01 1.147508923710108419e+01
8.407695934971151086e-01 3.399266364284355291e+02 5.625116660854279615e+01 1.193096320257076215e+01
9.374805411223435803e-01 3.234128130640374366e+02 5.564841375162268378e+01 1.225622672173604144e+01
1.045315829426528564e+00 3.044048030280714556e+02 5.452652642503377933e+01 1.244822958906994081e+01
1.165555054552403824e+00 2.831918707292447266e+02 5.291074439172643906e+01 1.251014289567079096e+01
1.299625000357985227e+00 2.601820804080558673e+02 5.082467878443895870e+01 1.244504471651211475e+01
1.449116568932995452e+00 2.359064703254901190e+02 4.830097386253567038e+01 1.225968915268764547e+01
1.615803658576671964e+00 2.110050680255603197e+02 4.537717111356310795e+01 1.195859561782406999e+01
1.801664213246928048e+00 1.861591532147469081e+02 4.210613470167405126e+01 1.154855755074979307e+01
2.008903693258128342e+00 1.620586430413038954e+02 3.855684192317363568e+01 1.103613401932159377e+01
2.239981245735629400e+00 1.392931216921780617e+02 3.481515813150625149e+01 1.043031411801507424e+01
2.497638885371206374e+00 1.183349228859407134e+02 3.098208113923893947e+01 9.742124732271065568e+00
2.784934031744384253e+00 9.948396064178237452e+01 2.716504244865231499e+01 8.986024796748523613e+00
3.105275789304232426e+00 8.288851581108909272e+01 2.347242091096100225e+01 8.180072198254718430e+00
3.462465400517639402e+00 6.854109879932981642e+01 1.999889883890690356e+01 7.344992559724500936e+00
3.860741352209485999e+00 5.632379756724009212e+01 1.682139989994149332e+01 6.503688572043898830e+00
4.304829670336041580e+00 4.604230692347638865e+01 1.398657869405943366e+01 5.678732589516624074e+00
4.799999999999999822e+00 3.746359624671788424e+01 1.151468277164619458e+01 4.891401749846459701e+00
