1.000000000230258569e-04 5.334096314759357256e+02 2.224384932318049835e+02 1.193239720655752194e+02
1.122634227564673579e-04 5.942981694437484066e+02 2.479907449547813769e+02 1.330484197803901907e+02
1.260307608609534901e-04 6.620125865718963496e+02 2.764643812398060163e+02 1.483483336750019248e+02
1.414864458359461712e-04 7.372810841265689987e+02 3.081886324257018259e+02 1.654033913249732564e+02
1.588375267953347550e-04 8.209041907373803042e+02 3.435285622131835908e+02 1.844133489168423807e+02
1.783164441611049004e-04 9.137622905419206063e+02 3.828886453893262001e+02 2.056001413754364080e+02
2.001841435067871621e-04 1.016831648031978943e+03 4.267171840206076467e+02 2.292101989015885692e+02
2.247335712646909519e-04 1.131200897614811993e+03 4.755109104564330096e+02 2.555169282821951526e+02
2.522935991264941354e-04 1.258102439879978647e+03 5.298211615714682239e+02 2.848234690355505450e+02
2.832334297096662638e-04 1.398947826262234230e+03 5.902603897942902904e+02 3.174656100227895195e+02
3.179675425093897337e-04 1.555374921670411823e+03 6.575108359577117199e+02 3.538150344695928879e+02
3.569612463934728852e-04 1.729308312094278790e+03 7.323340456057895835e+02 3.942827171406041771e+02
4.007369130231864672e-04 1.922995295612381597e+03 8.155807702341436425e+02 4.393224900557289629e+02
4.498809747048478080e-04 2.139073774053767465e+03 9.082030338239258072e+02 4.894347764372689085e+02
5.050517804175268938e-04 2.380542545974223685e+03 1.011259083851286277e+03 5.451695537568956524e+02
5.669884152586394726e-04 2.650783093554308834e+03 1.125922900778947451e+03 6.071295939784597522e+02
6.365206014554368984e-04 2.953450730999174993e+03 1.253476629651487883e+03 6.759709772714494420e+02
7.145798135793877959e-04 3.292398475792841054e+03 1.395308540761035147e+03 7.524039392432019895e+02
8.022117568662883325e-04 3.671581064941571185e+03 1.552895623224077326e+03 8.371891543055777447e+02
9.005903758055168549e-04 4.094903050415453436e+03 1.727785573115684201e+03 9.311338250044088909e+02
1.011033580661806338e-03 4.566244596690378785e+03 1.921585660911707691e+03 1.035085838871998703e+03
1.135020902606864940e-03 5.089327812972371248e+03 2.135935322526198433e+03 1.149924522763982623e+03
1.274213313974418031e-03 5.667787071997076055e+03 2.372485010429535578e+03 1.276544731839382393e+03
1.430475479156914512e-03 6.305092398572380262e+03 2.632857632678635127e+03 1.415838365678894206e+03
1.605900734223756829e-03 7.004603804757013677e+03 2.918629982226289940e+03 1.568677700900596392e+03
1.802839129895710598e-03 7.769536404486375432e+03 3.231287356924580763e+03 1.735888999611287090e+03
2.023928913547812410e-03 8.602744376399032262e+03 3.572142905836238242e+03 1.918201952659024982e+03
2.272131871983379750e-03 9.506593909561561304e+03 3.942260749470048722e+03 2.116203292028458691e+03
2.550773008441800313e-03 1.048265364972556017e+04 4.342352749759445032e+03 2.330288828838879908e+03
2.863585085365514225e-03 1.153146832920070483e+04 4.772673309824917851e+03 2.560605528384601257e+03
3.214758629634808552e-03 1.265216595328553922e+04 5.232879203720766782e+03 2.806977178330637344e+03
3.608998070155939632e-03 1.384214340807589542e+04 5.721897042448129469e+03 3.068832107209111200e+03
4.051584759838999447e-03 1.509661276843244741e+04 6.237742108104740510e+03 3.345110054175289861e+03
4.548447726227339283e-03 1.640823989322558191e+04 6.777369001105093048e+03 3.634181830634930975e+03
5.106243098575769836e-03 1.776661488679840477e+04 7.336468354386483952e+03 3.933732556702034799e+03
5.732443275407110572e-03 1.915789689551194169e+04 7.909323840719116561e+03 4.240684144478161215e+03
6.435437027063155117e-03 2.056402041497398750e+04 8.488484355065333148e+03 4.551044269863647060e+03
7.224641874254610074e-03 2.196242153197633888e+04 9.064652136697081005e+03 4.859849091849412616e+03
8.110630248067678127e-03 2.332502324349967967e+04 9.626253441160513830e+03 5.160906721305367682e+03
9.105271121505569346e-03 2.448793536754906017e+04 1.011738910342152121e+04 5.425768274387073689e+03
1.022188900990466699e-02 2.565689172407704973e+04 1.060534735159129195e+04 5.688718269867735216e+03
1.147544247024383408e-02 2.666475549655845316e+04 1.102536785458320446e+04 5.914910469691497383e+03
1.288272449057868002e-02 2.746209138216222345e+04 1.135766039913424902e+04 6.093865734073102431e+03
1.446258745407916733e-02 2.799660118134165896e+04 1.158138933629314306e+04 6.214569656012964515e+03
1.623619569135818438e-02 2.821493534138180257e+04 1.167538023455738767e+04 6.265859911042451131e+03
1.822730900435978393e-02 2.806793954967874743e+04 1.162017452091140876e+04 6.237500357794559932e+03
2.046260095998037737e-02 2.751481423057322536e+04 1.139954937759300992e+04 6.120926262322909679e+03
2.297201621738221775e-02 2.653063881712012517e+04 1.100348269691815585e+04 5.910803111688725949e+03
2.578917167586586637e-02 2.511443725242939399e+04 1.043123872933842358e+04 5.606574647191716394e+03
2.895180681720203528e-02 2.329761780018189893e+04 9.694785956759953478e+03 5.214337209333665669e+03
3.250228927534733192e-02 2.120513192200994308e+04 8.839128821896027148e+03 4.757077278488127376e+03
3.648818240631140908e-02 1.901912373981985729e+04 7.929707476160230726e+03 4.268330786532915226e+03
4.096288246151627566e-02 1.685988828388612819e+04 7.037633709950755474e+03 3.790008815227932246e+03
4.598633390041809155e-02 1.488417437266402158e+04 6.234209681894637470e+03 3.361344781134233017e+03
5.162583242493973962e-02 1.338059534293260731e+04 5.592690529588901882e+03 3.013359613159001128e+03
5.795692649341043640e-02 1.214546022860225276e+04 5.088620997555103713e+03 2.744120345369191000e+03
6.506442939097074885e-02 1.124384676241968191e+04 4.698296362407601919e+03 2.531473042731565329e+03
7.304355541444980393e-02 1.010004727079633631e+04 4.255880892677088013e+03 2.299558143812012077e+03
8.200119539239680844e-02 8.864970958165413322e+03 3.725925707833524484e+03 2.011536082689338400e+03
9.205734862752627812e-02 7.379810993892214356e+03 3.082928058148114360e+03 1.661127165349812230e+03
1.033467304443183715e-01 6.165468825939530689e+03 2.517931516214623571e+03 1.344209343326584758e+03
1.160205768769771578e-01 5.145342269288945317e+03 2.099078237553768759e+03 1.121349689259731122e+03
1.302486706739022226e-01 4.586803986366154277e+03 1.874656505384470165e+03 1.001989944212699015e+03
1.462216157596530064e-01 4.029714585102034107e+03 1.634530520692489063e+03 8.698323767340122004e+02
1.641533906237988560e-01 3.321407635793646932e+03 1.309234122700408989e+03 6.877800558759788601e+02
1.842842148426375448e-01 2.835139475330411642e+03 1.088621773933768509e+03 5.646882888368517115e+02
2.068837671345900298e-01 2.426320310663456439e+03 9.303354045554166305e+02 4.848027768642330670e+02
2.322547980593316352e-01 2.133745047271804196e+03 7.816236289899668463e+02 3.960588468885646876e+02
2.607371857574901086e-01 1.804829095359697703e+03 6.462075970798058506e+02 3.245182058085552512e+02
2.927124890628471365e-01 1.590016015824063970e+03 5.471542199666458828e+02 2.699726697397177304e+02
3.286090589819373742e-01 1.367551882368036786e+03 4.585833262508182315e+02 2.222342525375960633e+02
3.689077770159973624e-01 1.215171547701711233e+03 3.895444502238580071e+02 1.839776955045643945e+02
4.141484971975938345e-01 1.068129289075047154e+03 3.284440679217490811e+02 1.521664554646988847e+02
4.649372781414354283e-01 9.483167675385827806e+02 2.816051686903542759e+02 1.265721294784147801e+02
5.219545019921476570e-01 8.412409744072816693e+02 2.407214643155551244e+02 1.054933651701998798e+02
5.859639890329354506e-01 7.518057801128262554e+02 2.080891538753433565e+02 8.855393234564685656e+01
6.578232300572349756e-01 6.717632093027444853e+02 1.795982348732574110e+02 7.421268431155553458e+01
7.384948735793578356e-01 6.017666007157080230e+02 1.559625144251320137e+02 6.239235116599019904e+01
8.290596217703356530e-01 5.378640192433032325e+02 1.357910164290111652e+02 5.278790988028829645e+01
9.307307078768926045e-01 4.787656079363311505e+02 1.191773359503525569e+02 4.524842354782962417e+01
1.044870149067508081e+00 4.257142365898149592e+02 1.050005766064319914e+02 3.864510209594784840e+01
1.173006992433692330e+00 3.754965362170291314e+02 9.257882162685721994e+01 3.337087878326229173e+01
1.316857798575541416e+00 3.284183478688843252e+02 8.136299052316486780e+01 2.883046989060862941e+01
1.478349637175967013e+00 2.843953450961568592e+02 7.143713542291453678e+01 2.508984427971931908e+01
1.659645902619409696e+00 2.448297448989333986e+02 6.263774850344610456e+01 2.181514722890968372e+01
1.863175295489004624e+00 2.082163061816098377e+02 5.457318084617568843e+01 1.902162004042448018e+01
2.091664358187257822e+00 1.757865615526313547e+02 4.716689532337524327e+01 1.658661131880806039e+01
2.348174000537423645e+00 1.470263804399289711e+02 4.039808870588957745e+01 1.442951558445998650e+01
2.636140504673786467e+00 1.219385257060086758e+02 3.434681923478698451e+01 1.252688383285044793e+01
2.959421558534973240e+00 1.004614534215589572e+02 2.886053790883810066e+01 1.080022482068857315e+01
3.322347934639153344e+00 8.231702522148938783e+01 2.402452850504137061e+01 9.257540777082780892e+00
3.729781506445900785e+00 6.711464008436752238e+01 1.980851539228055813e+01 7.871007493513157982e+00
4.187180379509764627e+00 5.442643929801081981e+01 1.618226405131468582e+01 6.629892306449292505e+00
4.700672009942531204e+00 4.395468283070514559e+01 1.311386822825843446e+01 5.528894149680182224e+00
5.277135289701610610e+00 3.534044235641895426e+01 1.056002617457785853e+01 4.565982048450628383e+00
5.924292698344328478e+00 2.829717160319342284e+01 8.458669991649470532e+00 3.735500270694576574e+00
6.650813755741415534e+00 2.256867743752093247e+01 6.743123131902462930e+00 3.030390596267993342e+00
7.466431161634059954e+00 1.792251836716229008e+01 5.354667345705614423e+00 2.441515427553567985e+00
8.382071177875818790e+00 1.417633454445318364e+01 4.236842179330179370e+00 1.955644914358372732e+00
9.410000000000001918e+00 1.046091275433528800e+01 3.126438915813427588e+00 1.443110071049023668e+00
