1.000000000230258569e-04 3.600240768581822977e+02 1.566706330589233858e+02 8.878034272165322704e+01
1.122634227564673579e-04 4.026838696790346148e+02 1.751214236442366712e+02 9.922184033754503218e+01
1.260307608609534901e-04 4.504792299621901748e+02 1.957533597038487017e+02 1.108924966215437706e+02
1.414864458359461712e-04 5.040514519358682719e+02 2.188268508093396179e+02 1.239373239526975681e+02
1.588375267953347550e-04 5.641252577884183665e+02 2.446338748129703902e+02 1.385184795831299027e+02
1.783164441611049004e-04 6.315158340045376235e+02 2.735015916682675083e+02 1.548172055727003453e+02
2.001841435067871621e-04 7.071390734781762148e+02 3.057964236567767102e+02 1.730360353208000674e+02
2.247335712646909519e-04 7.920083782889943222e+02 3.419273114156218867e+02 1.934009063077680537e+02
2.522935991264941354e-04 8.872442265333403384e+02 3.823503479042916524e+02 2.161637719234607289e+02
2.832334297096662638e-04 9.940466883741643187e+02 4.275695645641159786e+02 2.416043884791230312e+02
3.179675425093897337e-04 1.113702664186785114e+03 4.781417182761745153e+02 2.700332310312129493e+02
3.569612463934728852e-04 1.247526727595803095e+03 5.346712774634306697e+02 3.017918831141730038e+02
4.007369130231864672e-04 1.396867820244347058e+03 5.978151205986874857e+02 3.372560713354846484e+02
4.498809747048478080e-04 1.563049836388838230e+03 6.682705157045644455e+02 3.768333271302113872e+02
5.050517804175268938e-04 1.747382023690354345e+03 7.467803512868370035e+02 4.209660748397339489e+02
5.669884152586394726e-04 1.951187026737388123e+03 8.341225406701074689e+02 4.701267828543259952e+02
6.365206014554368984e-04 2.175806551366265921e+03 9.311160288073934908e+02 5.248212180703786771e+02
7.145798135793877959e-04 2.422787299405305930e+03 1.038630629383704672e+03 5.855852482268791164e+02
8.022117568662883325e-04 2.693849889849939700e+03 1.157589396799546876e+03 6.529875626353280040e+02
9.005903758055168549e-04 2.991148888888914371e+03 1.289006754626510883e+03 7.276338977615922659e+02
1.011033580661806338e-03 3.317188861523539344e+03 1.433978658653132698e+03 8.101662756793137987e+02
1.135020902606864940e-03 3.674926332214952708e+03 1.593718808524463384e+03 9.012719257129401740e+02
1.274213313974418031e-03 4.067694699764278539e+03 1.769536483770341420e+03 1.001676231212807124e+03
1.430475479156914512e-03 4.499006054496582692e+03 1.962820251330799010e+03 1.112141408087639093e+03
1.605900734223756829e-03 4.972561850556474383e+03 2.175013327240438230e+03 1.233450748038579377e+03
1.802839129895710598e-03 5.491828388846152848e+03 2.407511282623408533e+03 1.366369623703999878e+03
2.023928913547812410e-03 6.060141269657685370e+03 2.661660517069441084e+03 1.511634342507290057e+03
2.272131871983379750e-03 6.680293501094050043e+03 2.938629146071157265e+03 1.669889912825454303e+03
2.550773008441800313e-03 7.354578103047418153e+03 3.239386646942995867e+03 1.841671544607790793e+03
2.863585085365514225e-03 8.084384804750677176e+03 3.564528758983584339e+03 2.027312355487053765e+03
3.214758629634808552e-03 8.870156149867221757e+03 3.914251818114286380e+03 2.226922173900062262e+03
3.608998070155939632e-03 9.711016230305633144e+03 4.288182596215284320e+03 2.440285796952227884e+03
4.051584759838999447e-03 1.060461647335697307e+04 4.685308071223455954e+03 2.666828510767178159e+03
4.548447726227339283e-03 1.154672893859703254e+04 5.103762290996150114e+03 2.905502007868652981e+03
5.106243098575769836e-03 1.253100981483041869e+04 5.540747022080739043e+03 3.154726975977974689e+03
5.732443275407110572e-03 1.354844630095349203e+04 5.992283870311025566e+03 3.412224872636965301e+03
6.435437027063155117e-03 1.458726189345931198e+04 6.453175310307320615e+03 3.675017518453958473e+03
7.224641874254610074e-03 1.563244344137122789e+04 6.916774514190535228e+03 3.939310385463712009e+03
8.110630248067678127e-03 1.666557223246985450e+04 7.374944046068249008e+03 4.200473440566025602e+03
9.105271121505569346e-03 1.758870881758316318e+04 7.790665859642545001e+03 4.438434079754802951e+03
1.022188900990466699e-02 1.851149975169081154e+04 8.204440035064993936e+03 4.675327931768048984e+03
1.147544247024383408e-02 1.933805697993852664e+04 8.574246643326279809e+03 4.886850835849992109e+03
1.288272449057868002e-02 2.003501824112359100e+04 8.885703435178967993e+03 5.064876585098949363e+03
1.446258745407916733e-02 2.056557078738288692e+04 9.123137924814775033e+03 5.200632646819974980e+03
1.623619569135818438e-02 2.089248347998024110e+04 9.270784155527047915e+03 5.285316281847171922e+03
1.822730900435978393e-02 2.097866691574168726e+04 9.312897575581475394e+03 5.310110321942151131e+03
2.046260095998037737e-02 2.079328139166325127e+04 9.236426262767119624e+03 5.267718436703908083e+03
2.297201621738221775e-02 2.031485231353460404e+04 9.032279418797588733e+03 5.153069822171814849e+03
2.578917167586586637e-02 1.953361208954715039e+04 8.695942785687815558e+03 4.963501561448475513e+03
2.895180681720203528e-02 1.846296119869522227e+04 8.232596008073609482e+03 4.701709752478961491e+03
3.250228927534733192e-02 1.716698683689970858e+04 7.666361115238310049e+03 4.380638406884847427e+03
3.648818240631140908e-02 1.576675237012711477e+04 7.044346658646879405e+03 4.026032740335549533e+03
4.096288246151627566e-02 1.431977535470360090e+04 6.406345708762515642e+03 3.663286547104178226e+03
4.598633390041809155e-02 1.293124365477434549e+04 5.803331553162473028e+03 3.322115278754758492e+03
5.162583242493973962e-02 1.180008687239906430e+04 5.289033277597178312e+03 3.026411784189126138e+03
5.795692649341043640e-02 1.077763869806266666e+04 4.841740727834528116e+03 2.772761570818805467e+03
6.506442939097074885e-02 9.936299052704083806e+03 4.453977799183003299e+03 2.548865540332752516e+03
7.304355541444980393e-02 8.896828735853294347e+03 4.012028720788778628e+03 2.300766116716125453e+03
8.200119539239680844e-02 7.821293372366192671e+03 3.518590164546730648e+03 2.016106192072546492e+03
9.205734862752627812e-02 6.622807407312879150e+03 2.968033760784172500e+03 1.698607282433975797e+03
1.033467304443183715e-01 5.659678627688648703e+03 2.499456053037800302e+03 1.421807334804676884e+03
1.160205768769771578e-01 4.798703163532012695e+03 2.126231342878115811e+03 1.212033217714814327e+03
1.302486706739022226e-01 4.261011475112212793e+03 1.881623717110210464e+03 1.071029940984430596e+03
1.462216157596530064e-01 3.721279923877547390e+03 1.622055545559691382e+03 9.173038886330797368e+02
1.641533906237988560e-01 3.094310011043373379e+03 1.324099708660289252e+03 7.427777172527340781e+02
1.842842148426375448e-01 2.660539485786388923e+03 1.120602932724427092e+03 6.239801799939891680e+02
2.068837671345900298e-01 2.287711051142447104e+03 9.522379110004553695e+02 5.288242212764315582e+02
2.322547980593316352e-01 2.004674094281051339e+03 8.036845647482282402e+02 4.369288882406783614e+02
2.607371857574901086e-01 1.708015126179383515e+03 6.724810142483489699e+02 3.629741661481252208e+02
2.927124890628471365e-01 1.502780016393523738e+03 5.686779361759550966e+02 3.014073037510435711e+02
3.286090589819373742e-01 1.299299821040324787e+03 4.815058617177056135e+02 2.515281919954401815e+02
3.689077770159973624e-01 1.152624506869414972e+03 4.093473537136718505e+02 2.087920470007612721e+02
4.141484971975938345e-01 1.016595936703799225e+03 3.477622679570151263e+02 1.742656223263058735e+02
4.649372781414354283e-01 9.059575857036708157e+02 2.994226590305726177e+02 1.460595023991268420e+02
5.219545019921476570e-01 8.071229920782211593e+02 2.572827563332957084e+02 1.226235064013881129e+02
5.859639890329354506e-01 7.219987576688801028e+02 2.233884073126581882e+02 1.037119371319826513e+02
6.578232300572349756e-01 6.490419924087769914e+02 1.938779285172703055e+02 8.762887992285941152e+01
7.384948735793578356e-01 5.840372003134126544e+02 1.692064815613743747e+02 7.428618454246148417e+01
8.290596217703356530e-01 5.258450365798946677e+02 1.480471824749901373e+02 6.335691192015077888e+01
9.307307078768926045e-01 4.716917901439916250e+02 1.306157579140459859e+02 5.472706532258099088e+01
1.044870149067508081e+00 4.232835265259275843e+02 1.157476857833517556e+02 4.715447314029415082e+01
1.173006992433692330e+00 3.771628122151049638e+02 1.025253372142806967e+02 4.101645666783811350e+01
1.316857798575541416e+00 3.331977221956150288e+02 9.065257663096892315e+01 3.571244086237632587e+01
1.478349637175967013e+00 2.917416407791027950e+02 8.006854350950405319e+01 3.129322509756896054e+01
1.659645902619409696e+00 2.540206769395630602e+02 7.056062063401461160e+01 2.737710682942642748e+01
1.863175295489004624e+00 2.189035838321651966e+02 6.183552142524791151e+01 2.399612997813285631e+01
2.091664358187257822e+00 1.870000008823996041e+02 5.376756345342425192e+01 2.101626640696210657e+01
2.348174000537423645e+00 1.582615361348575789e+02 4.631699881595525881e+01 1.834931679194722065e+01
2.636140504673786467e+00 1.327645627876098047e+02 3.960621088868960271e+01 1.596761774012349733e+01
2.959421558534973240e+00 1.106116639417129477e+02 3.348272530245000667e+01 1.379275194655018844e+01
3.322347934639153344e+00 9.158014864480877293e+01 2.804672431024265222e+01 1.183321644823385199e+01
3.729781506445900785e+00 7.539632868877733074e+01 2.326753803989517166e+01 1.006399437550038201e+01
4.187180379509764627e+00 6.172923178160625213e+01 1.913351011425859838e+01 8.478796616138174258e+00
4.700672009942531204e+00 5.033009950282887957e+01 1.560500434686585081e+01 7.073314663782078959e+00
5.277135289701610610e+00 4.083422131139511180e+01 1.264654611967426057e+01 5.843843672970798764e+00
5.924292698344328478e+00 3.299109906702456385e+01 1.018920392992162327e+01 4.784423167133533994e+00
6.650813755741415534e+00 2.653601705058749971e+01 8.170588409941657915e+00 3.885325281289023547e+00
7.466431161634059954e+00 2.125222751830870749e+01 6.524270141561254732e+00 3.134317406047034460e+00
8.382071177875818790e+00 1.694995560851215188e+01 5.190330963719316237e+00 2.514379453075906490e+00
9.410000000000001918e+00 1.254476119170553439e+01 3.841405834570488231e+00 1.860917089799856372e+00
