1.000000000230258569e-04 4.157698194217513787e+02 1.854664868493514405e+02 1.035075993609247575e+02
1.122634227564673579e-04 4.640540980596260283e+02 2.070161270567655833e+02 1.155343189525427476e+02
1.260307608609534901e-04 5.179332427313521521e+02 2.310667000357795757e+02 1.289568138147359662e+02
1.414864458359461712e-04 5.780511996304747981e+02 2.579072583598421602e+02 1.439364224591966774e+02
1.588375267953347550e-04 6.451245109033741301e+02 2.878596749616567649e+02 1.606528198715919871e+02
1.783164441611049004e-04 7.199504104694818807e+02 3.212823296863354585e+02 1.793060804297158199e+02
2.001841435067871621e-04 8.034151492546345708e+02 3.585736827951447481e+02 2.001187009684145437e+02
2.247335712646909519e-04 8.965037568140616031e+02 4.001766825189626502e+02 2.233380741657468889e+02
2.522935991264941354e-04 1.000309802120599670e+03 4.465825995779404707e+02 2.492386928289902244e+02
2.832334297096662638e-04 1.116046946868091709e+03 4.983361658159043941e+02 2.781250460524096297e+02
3.179675425093897337e-04 1.245059293218291714e+03 5.560392387790734574e+02 3.103337760416010838e+02
3.569612463934728852e-04 1.388834588215670692e+03 6.203565744414443088e+02 3.462369465029876778e+02
4.007369130231864672e-04 1.549012503628558079e+03 6.920186474057196619e+02 3.862437253384758264e+02
4.498809747048478080e-04 1.727398999880888368e+03 7.718278015272716175e+02 4.308038712884565484e+02
5.050517804175268938e-04 1.925968724586362214e+03 8.606595061447004582e+02 4.804083387577346684e+02
5.669884152586394726e-04 2.146879628145073184e+03 9.594683905392408860e+02 5.355926778089462914e+02
6.365206014554368984e-04 2.392467285789170546e+03 1.069287347250895664e+03 5.969359095341890225e+02
7.145798135793877959e-04 2.665257657869690775e+03 1.191232531446298481e+03 6.650633176767331634e+02
8.022117568662883325e-04 2.967951794492448698e+03 1.326499111565089152e+03 7.406429578244549248e+02
9.005903758055168549e-04 3.303431536315823905e+03 1.476363394870676530e+03 8.243868998710349842e+02
1.011033580661806338e-03 3.674721480746818088e+03 1.642169950866514455e+03 9.170437195979786793e+02
1.135020902606864940e-03 4.084981219363533910e+03 1.825327777956687896e+03 1.019396583034313380e+03
1.274213313974418031e-03 4.537423694858113777e+03 2.027275862284356208e+03 1.132246903733155477e+03
1.430475479156914512e-03 5.035284859858945310e+03 2.249468871923979350e+03 1.256405711570027961e+03
1.605900734223756829e-03 5.581667884339219199e+03 2.493299576922202959e+03 1.392651829933972522e+03
1.802839129895710598e-03 6.179491235604094982e+03 2.760078710350531310e+03 1.541719499253094455e+03
2.023928913547812410e-03 6.831293645148471114e+03 3.050947404814412039e+03 1.704245807633860750e+03
2.272131871983379750e-03 7.539122287364379190e+03 3.366828355306665344e+03 1.880744847136683575e+03
2.550773008441800313e-03 8.304180594218760234e+03 3.708265498812168971e+03 2.071521517386383039e+03
2.863585085365514225e-03 9.126696432777380323e+03 4.075366533392269503e+03 2.276638416907383998e+03
3.214758629634808552e-03 1.000552931031019398e+04 4.467626663440035372e+03 2.495815274364488687e+03
3.608998070155939632e-03 1.093799330966248999e+04 4.883849802368734345e+03 2.728385581450036170e+03
4.051584759838999447e-03 1.191937904560948482e+04 5.321933666572603215e+03 2.973176972810069401e+03
4.548447726227339283e-03 1.294278890669696921e+04 5.778797669563919044e+03 3.228470015403212983e+03
5.106243098575769836e-03 1.399864758849272584e+04 6.250170195313217846e+03 3.491874646116243184e+03
5.732443275407110572e-03 1.507454826473161302e+04 6.730517887957094899e+03 3.760295148845561471e+03
6.435437027063155117e-03 1.615447909350794544e+04 7.212701630861225567e+03 4.029751063814441295e+03
7.224641874254610074e-03 1.721889049839054860e+04 7.688004803742476724e+03 4.295385339062783714e+03
8.110630248067678127e-03 1.824353696253828457e+04 8.145615090501294617e+03 4.551162569692175566e+03
9.105271121505569346e-03 1.907782679196465688e+04 8.523986252503795185e+03 4.763535998583678520e+03
1.022188900990466699e-02 1.993063157598517137e+04 8.908624836464665350e+03 4.979456815967972034e+03
1.147544247024383408e-02 2.063575026661608354e+04 9.226184853743630811e+03 5.157629046836350426e+03
1.288272449057868002e-02 2.115128159522965871e+04 9.458339261913039081e+03 5.287906147406687523e+03
1.446258745407916733e-02 2.143467695790512153e+04 9.586564116242176169e+03 5.360052324813957966e+03
1.623619569135818438e-02 2.144179633462515994e+04 9.591661683232885480e+03 5.363461194953625636e+03
1.822730900435978393e-02 2.113541198525566506e+04 9.457497851835205438e+03 5.289233118186451975e+03
2.046260095998037737e-02 2.048931411320147527e+04 9.172761663516086628e+03 5.131146821471304975e+03
2.297201621738221775e-02 1.949756834392335804e+04 8.734974069386393239e+03 4.887855528959893491e+03
2.578917167586586637e-02 1.817858180751463806e+04 8.152000268170045274e+03 4.563602664813927731e+03
2.895180681720203528e-02 1.658416077954808497e+04 7.446221076736699615e+03 4.170638689869970221e+03
3.250228927534733192e-02 1.483537912056516143e+04 6.668152132843475556e+03 3.736510572134322501e+03
3.648818240631140908e-02 1.308174625002123685e+04 5.879714694595990295e+03 3.294978922070223234e+03
4.096288246151627566e-02 1.145942953127795954e+04 5.154064804006873601e+03 2.889326048312778767e+03
4.598633390041809155e-02 1.008378049150243532e+04 4.546308714449387480e+03 2.550977454837094683e+03
5.162583242493973962e-02 9.099129656515338866e+03 4.095871421574571286e+03 2.297060632111640189e+03
5.795692649341043640e-02 8.345046992134255561e+03 3.762961229236978852e+03 2.111824805886639751e+03
6.506442939097074885e-02 7.749357272454160011e+03 3.486924068258539137e+03 1.955517068020488068e+03
7.304355541444980393e-02 6.899735647884507671e+03 3.120934341342873722e+03 1.753611644859234730e+03
8.200119539239680844e-02 5.871357974698464204e+03 2.644921272197423605e+03 1.483930123576163396e+03
9.205734862752627812e-02 4.717643765368748973e+03 2.111223417302237067e+03 1.181629330898623493e+03
1.033467304443183715e-01 3.893706987738505632e+03 1.713086841590973108e+03 9.519547328759459788e+02
1.160205768769771578e-01 3.343347516158853523e+03 1.480317324701672305e+03 8.252613555800421636e+02
1.302486706739022226e-01 3.021417786099675141e+03 1.340072942697023791e+03 7.475027796291129789e+02
1.462216157596530064e-01 2.557610316660512581e+03 1.113362042294983212e+03 6.154876736548028475e+02
1.641533906237988560e-01 2.037280347444057497e+03 8.653662189285516888e+02 4.730413531685329076e+02
1.842842148426375448e-01 1.769197494547897804e+03 7.480999537201125804e+02 4.081917273283387999e+02
2.068837671345900298e-01 1.502240320365557636e+03 6.282257148187454732e+02 3.418327199642649248e+02
2.322547980593316352e-01 1.269416304102012646e+03 5.082217508317262968e+02 2.698305037902565005e+02
2.607371857574901086e-01 1.082565645752931914e+03 4.299554515562347774e+02 2.282334559044017226e+02
2.927124890628471365e-01 9.223024179939699252e+02 3.509406929810671727e+02 1.822231631286552442e+02
3.286090589819373742e-01 7.917644133386872909e+02 2.960813619202875202e+02 1.521218082545403831e+02
3.689077770159973624e-01 6.829403611574575734e+02 2.446522776588099930e+02 1.227255745124301143e+02
4.141484971975938345e-01 5.923076558622693710e+02 2.048298530302220968e+02 1.010942188128852024e+02
4.649372781414354283e-01 5.195295813561571094e+02 1.729960661169200193e+02 8.313436371068142705e+01
5.219545019921476570e-01 4.530446674186391647e+02 1.453468838795633928e+02 6.825604468518798740e+01
5.859639890329354506e-01 3.995990924151564059e+02 1.236911151820056602e+02 5.652709385823618504e+01
6.578232300572349756e-01 3.530823163951347965e+02 1.049495765350988137e+02 4.662990033343805152e+01
7.384948735793578356e-01 3.137505506139085014e+02 8.952326480442238221e+01 3.860513441869994722e+01
8.290596217703356530e-01 2.794967959792494980e+02 7.670519398398577948e+01 3.215290859841396554e+01
9.307307078768926045e-01 2.488329642396604697e+02 6.654132911105261883e+01 2.707875346854207166e+01
1.044870149067508081e+00 2.220966505824047204e+02 5.773768438398188607e+01 2.274187823259270758e+01
1.173006992433692330e+00 1.981415149601327528e+02 5.043799434105403634e+01 1.932616410933039219e+01
1.316857798575541416e+00 1.753018700813343855e+02 4.397428973095199467e+01 1.641377096112690381e+01
1.478349637175967013e+00 1.543909961745059150e+02 3.852805614674151258e+01 1.405990230557024745e+01
1.659645902619409696e+00 1.352894859336836930e+02 3.375075446812090973e+01 1.206245753105521246e+01
1.863175295489004624e+00 1.175800960821755297e+02 2.952613536190821719e+01 1.039159962057030562e+01
2.091664358187257822e+00 1.013066760928547438e+02 2.572576074498220677e+01 8.984680574643860496e+00
2.348174000537423645e+00 8.644578997417252708e+01 2.233351236413687246e+01 7.765145728845242346e+00
2.636140504673786467e+00 7.306613840299108631e+01 1.926021857433330098e+01 6.730632939743001586e+00
2.959421558534973240e+00 6.123774482872848779e+01 1.646735311619560704e+01 5.816978044343108500e+00
3.322347934639153344e+00 5.092147192592954497e+01 1.396875093100353560e+01 5.017724396767153650e+00
3.729781506445900785e+00 4.204154914378594299e+01 1.173479429229397830e+01 4.307887870870175995e+00
4.187180379509764627e+00 3.448541989134565000e+01 9.766771052227744221e+00 3.673848721535601047e+00
4.700672009942531204e+00 2.812160192799908032e+01 8.051346964669873429e+00 3.111642893056803416e+00
5.277135289701610610e+00 2.281783076505042729e+01 6.579921029018320766e+00 2.612713069991817072e+00
5.924292698344328478e+00 1.842082173412077495e+01 5.335993578372668189e+00 2.175040456672730382e+00
6.650813755741415534e+00 1.480598609397005916e+01 4.298140829002961461e+00 1.794473975805476185e+00
7.466431161634059954e+00 1.184810618711548891e+01 3.442878622068703542e+00 1.468919990184863078e+00
8.382071177875818790e+00 9.440589156416955063e+00 2.745097553210742447e+00 1.194040962342669765e+00
9.410000000000001918e+00 6.968093410394511800e+00 2.026167044146158336e+00 8.813306344249194346e-01
