1.000000000230258569e-04 5.261268170005899947e+02 2.304072717423830454e+02 1.261884928244377306e+02
1.122634227564673579e-04 5.891476689654144820e+02 2.581908609418839546e+02 1.414147186713653355e+02
1.260307608609534901e-04 6.595975104516435294e+02 2.893148344134457375e+02 1.584752015504619465e+02
1.414864458359461712e-04 7.383183557756133268e+02 3.241773457867351453e+02 1.775897626495378745e+02
1.588375267953347550e-04 8.262434867190579553e+02 3.632228196045755908e+02 1.990040665213482498e+02
1.783164441611049004e-04 9.244090624147120252e+02 4.069473384916464624e+02 2.229926296460961339e+02
2.001841435067871621e-04 1.033975461601131201e+03 4.559042055321248199e+02 2.498618264436087770e+02
2.247335712646909519e-04 1.156244254956476652e+03 5.107105875503514198e+02 2.799535334646075739e+02
2.522935991264941354e-04 1.292702333301708904e+03 5.720547000723049678e+02 3.136485918363416090e+02
2.832334297096662638e-04 1.445044573590834034e+03 6.407039098711535416e+02 3.513711407284236543e+02
3.179675425093897337e-04 1.615245081205521501e+03 7.175140381268249712e+02 3.935924338402616058e+02
3.569612463934728852e-04 1.805579620302995181e+03 8.034387143846989829e+02 4.408358194572593334e+02
4.007369130231864672e-04 2.018693960621420956e+03 8.995397639304441100e+02 4.936805214351143150e+02
4.498809747048478080e-04 2.257619286894235756e+03 1.006996750213736163e+03 5.527669854767939341e+02
5.050517804175268938e-04 2.525762781013234871e+03 1.127113318963962001e+03 6.187995044449603483e+02
5.669884152586394726e-04 2.826928117184301300e+03 1.261325931606318591e+03 6.925513728474459185e+02
6.365206014554368984e-04 3.165171060938836035e+03 1.411198051067236065e+03 7.748642635890425936e+02
7.145798135793877959e-04 3.544854203822757881e+03 1.578428720778329307e+03 8.666524765674698756e+02
8.022117568662883325e-04 3.970425048259864525e+03 1.764831318738670006e+03 9.688966479061483597e+02
9.005903758055168549e-04 4.446498559232154548e+03 1.972342155363197662e+03 1.082646566281922560e+03
1.011033580661806338e-03 4.977701255242743173e+03 2.202989942474098825e+03 1.209008626806847133e+03
1.135020902606864940e-03 5.568702218383556101e+03 2.458891816578138787e+03 1.349142453185773547e+03
1.274213313974418031e-03 6.224166811760025666e+03 2.742202707614077099e+03 1.504235086063597009e+03
1.430475479156914512e-03 6.948685852811806399e+03 3.055094421883749874e+03 1.675488491023327015e+03
1.605900734223756829e-03 7.746778492251332864e+03 3.399677152534070501e+03 1.864073130186627850e+03
1.802839129895710598e-03 8.622681800038304573e+03 3.777952593372694992e+03 2.071101771324336823e+03
2.023928913547812410e-03 9.580216879733507085e+03 4.191693314116010697e+03 2.297553347052823028e+03
2.272131871983379750e-03 1.062249338233208073e+04 4.642354595923412489e+03 2.544232351814462163e+03
2.550773008441800313e-03 1.175153641007672923e+04 5.130879404372323734e+03 2.811662409545588162e+03
2.863585085365514225e-03 1.296798789414927342e+04 5.657593076976234443e+03 3.100028417309718861e+03
3.214758629634808552e-03 1.427056163501568153e+04 6.221961886833244535e+03 3.409041979926689692e+03
3.608998070155939632e-03 1.565571945345236963e+04 6.822455708901141406e+03 3.737868126820732414e+03
4.051584759838999447e-03 1.711699675436808320e+04 7.456261410509170673e+03 4.084969508575709369e+03
4.548447726227339283e-03 1.864469090380787020e+04 8.119147647293043519e+03 4.448028412968325938e+03
5.106243098575769836e-03 2.022514211151703057e+04 8.805175116439519115e+03 4.823783197053054209e+03
5.732443275407110572e-03 2.184032159054245858e+04 9.506500437271359260e+03 5.207933305175506575e+03
6.435437027063155117e-03 2.346686027201958132e+04 1.021296687911526715e+04 5.594931311907453164e+03
7.224641874254610074e-03 2.507575636067045707e+04 1.091196487817284833e+04 5.977886851838204166e+03
8.110630248067678127e-03 2.663110457300753478e+04 1.158788891055045315e+04 6.348257585321191982e+03
9.105271121505569346e-03 2.790752088059638845e+04 1.215659071530386063e+04 6.662070410631891718e+03
1.022188900990466699e-02 2.920330592715254170e+04 1.272714577948756414e+04 6.976429757126239565e+03
1.147544247024383408e-02 3.028608331685094890e+04 1.320337450415332933e+04 7.238709143530451001e+03
1.288272449057868002e-02 3.109362907390213149e+04 1.355887074321229375e+04 7.434600638409482599e+03
1.446258745407916733e-02 3.156180939442677845e+04 1.376654384038574426e+04 7.549454446151418779e+03
1.623619569135818438e-02 3.162565352601822087e+04 1.379899411861303815e+04 7.568460948641558389e+03
1.822730900435978393e-02 3.123109170786335744e+04 1.363350924512931488e+04 7.479372640726757709e+03
2.046260095998037737e-02 3.034135293142424052e+04 1.325470562068507388e+04 7.273923542235607783e+03
2.297201621738221775e-02 2.895151177927500248e+04 1.266067711129886084e+04 6.951118496412643253e+03
2.578917167586586637e-02 2.708723485188330596e+04 1.186236058662897267e+04 6.516761202732131096e+03
2.895180681720203528e-02 2.483287028313017436e+04 1.089570213025752309e+04 5.990231119485421914e+03
3.250228927534733192e-02 2.237088043786309936e+04 9.832518569981612018e+03 5.409451313011527418e+03
3.648818240631140908e-02 1.994605631093458942e+04 8.768030055648918278e+03 4.824593578138876182e+03
4.096288246151627566e-02 1.770287273932217431e+04 7.791359209103074136e+03 4.289618314973619817e+03
4.598633390041809155e-02 1.577614007147003213e+04 6.970171183006854335e+03 3.843173323893624456e+03
5.162583242493973962e-02 1.442876490367144834e+04 6.364067538217203946e+03 3.506968088684853228e+03
5.795692649341043640e-02 1.328150951990814065e+04 5.875185798683399298e+03 3.241312039449834174e+03
6.506442939097074885e-02 1.229695693754600143e+04 5.423198381349542615e+03 2.988938215393222436e+03
7.304355541444980393e-02 1.078016083759268076e+04 4.787990921276609697e+03 2.645604704435398617e+03
8.200119539239680844e-02 9.126355146649149901e+03 4.027152050344437157e+03 2.219952316572942436e+03
9.205734862752627812e-02 7.441674044144677282e+03 3.254319428354072897e+03 1.788166999356172937e+03
1.033467304443183715e-01 6.381400786211757804e+03 2.741201708620622867e+03 1.494231029140751843e+03
1.160205768769771578e-01 5.553510259211509037e+03 2.409287159928870096e+03 1.320687171027399927e+03
1.302486706739022226e-01 4.932821244343124818e+03 2.135651216006071536e+03 1.169372464145543290e+03
1.462216157596530064e-01 4.164490351124576591e+03 1.753477000770829136e+03 9.465451254326039816e+02
1.641533906237988560e-01 3.451640533828082880e+03 1.421569688357576752e+03 7.593419856400543040e+02
1.842842148426375448e-01 3.030633349721442301e+03 1.245193931115777332e+03 6.651210852366087920e+02
2.068837671345900298e-01 2.568099479479826641e+03 1.024786846781332315e+03 5.408956140118100393e+02
2.322547980593316352e-01 2.257339918757183568e+03 8.687255576062178761e+02 4.477228931299581518e+02
2.607371857574901086e-01 1.927873604746586807e+03 7.291718551017686423e+02 3.741035541823093240e+02
2.927124890628471365e-01 1.702917025882528833e+03 6.145402100099983045e+02 3.068675037779925105e+02
3.286090589819373742e-01 1.470403412042820719e+03 5.196225593593567282e+02 2.564205332126443295e+02
3.689077770159973624e-01 1.312490558885641349e+03 4.435242420205248663e+02 2.128263773600524189e+02
4.141484971975938345e-01 1.162978755126946908e+03 3.768374848179637979e+02 1.769680754615380351e+02
4.649372781414354283e-01 1.035219611142027588e+03 3.250157935132057787e+02 1.483399705511172613e+02
5.219545019921476570e-01 9.214054404613627867e+02 2.793625426660522635e+02 1.243397274609289411e+02
5.859639890329354506e-01 8.294819997437365373e+02 2.434382367405449656e+02 1.052481459600707296e+02
6.578232300572349756e-01 7.441499548469777210e+02 2.114959428368520378e+02 8.889414562212104443e+01
7.384948735793578356e-01 6.702823833371744513e+02 1.851075820662141780e+02 7.536394579243027181e+01
8.290596217703356530e-01 6.011091655143337675e+02 1.624049666149535085e+02 6.427027655637553494e+01
9.307307078768926045e-01 5.373030063822499187e+02 1.433353243141568782e+02 5.556920088257041357e+01
1.044870149067508081e+00 4.792859446332457196e+02 1.269196611343208332e+02 4.788475597175080622e+01
1.173006992433692330e+00 4.240584295451571961e+02 1.124317245565776631e+02 4.170504223892413620e+01
1.316857798575541416e+00 3.717343625724024037e+02 9.914035415346072000e+01 3.629990250280062014e+01
1.478349637175967013e+00 3.227797535792569761e+02 8.727537727461667316e+01 3.180940892409702414e+01
1.659645902619409696e+00 2.783894835549530740e+02 7.665987502925803199e+01 2.784673222033370976e+01
1.863175295489004624e+00 2.372327889166899126e+02 6.675380825145361996e+01 2.441412115995172627e+01
2.091664358187257822e+00 2.007295902435049584e+02 5.760568808839513366e+01 2.135068357284418994e+01
2.348174000537423645e+00 1.681041172788416702e+02 4.926905893424239480e+01 1.864041799272426303e+01
2.636140504673786467e+00 1.397992927669635321e+02 4.171391764386249434e+01 1.618460983203549475e+01
2.959421558534973240e+00 1.154492861654492231e+02 3.494263442007165565e+01 1.394537583931326807e+01
3.322347934639153344e+00 9.486372625536601788e+01 2.896798183384452940e+01 1.192171773744027696e+01
3.729781506445900785e+00 7.752077983549760631e+01 2.380188437302907190e+01 1.010107091185292560e+01
4.187180379509764627e+00 6.306351161936068195e+01 1.938834234224284003e+01 8.470490646089007925e+00
4.700672009942531204e+00 5.108563483076780187e+01 1.567550187385022831e+01 7.029334192949947102e+00
5.277135289701610610e+00 4.119392556484619661e+01 1.260052897244819015e+01 5.776329872320440373e+00
5.924292698344328478e+00 3.307296477469130735e+01 1.008160397443571732e+01 4.702681587343659153e+00
6.650813755741415534e+00 2.645167247729020943e+01 8.034151493513522979e+00 3.798229799213111768e+00
7.466431161634059954e+00 2.106125146961574046e+01 6.378780445144957234e+00 3.048524036630942735e+00
8.382071177875818790e+00 1.669731752463573216e+01 5.046329511185339456e+00 2.433620003011920829e+00
9.410000000000001918e+00 1.237365019300926328e+01 3.739634039730940440e+00 1.803467100715404392e+00
