1.000000000230258569e-04 3.836880370492631869e+02 1.603899786643119967e+02 8.693144080272273300e+01
1.122634227564673579e-04 4.272045379174779214e+02 1.786480801838419268e+02 9.683444444512636551e+01
1.260307608609534901e-04 4.756021902302421722e+02 1.989778351321559171e+02 1.078636981565939550e+02
1.414864458359461712e-04 5.294120722372836099e+02 2.216119102432091950e+02 1.201465673252260444e+02
1.588375267953347550e-04 5.892203512077479672e+02 2.468084494091799002e+02 1.338245809454153630e+02
1.783164441611049004e-04 6.556742358458275248e+02 2.748536131481756115e+02 1.490548837827779209e+02
2.001841435067871621e-04 7.294906699374016625e+02 3.060646548427454832e+02 1.660119054544895789e+02
2.247335712646909519e-04 8.114675416323782429e+02 3.407931138749925140e+02 1.848890675892860429e+02
2.522935991264941354e-04 9.024975230520856257e+02 3.794287477667575104e+02 2.059007767403895457e+02
2.832334297096662638e-04 1.003589793199232872e+03 4.224038501823438310e+02 2.292844186034427878e+02
3.179675425093897337e-04 1.115888810663175718e+03 4.701982745096689769e+02 2.553027069944463676e+02
3.569612463934728852e-04 1.240709175410682519e+03 5.233454449331044316e+02 2.842459889210225583e+02
4.007369130231864672e-04 1.379550834814335303e+03 5.824380217885087632e+02 3.164348792451287977e+02
4.498809747048478080e-04 1.534135227352497623e+03 6.481352199742980247e+02 3.522227621252891936e+02
5.050517804175268938e-04 1.706401829216374381e+03 7.211670651190794388e+02 3.919983116365222600e+02
5.669884152586394726e-04 1.898512594122676546e+03 8.023397230579706729e+02 4.361875631686325505e+02
6.365206014554368984e-04 2.112830398864354265e+03 8.925358663017459548e+02 4.852554715260413332e+02
7.145798135793877959e-04 2.351862656447414793e+03 9.927120416881253959e+02 5.397060493610350704e+02
8.022117568662883325e-04 2.618253690146596909e+03 1.103896411936412733e+03 6.000823223768993557e+02
9.005903758055168549e-04 2.914687173436525882e+03 1.227175282390923030e+03 6.669627997653049079e+02
1.011033580661806338e-03 3.243914147361962478e+03 1.363691755001031424e+03 7.409598170156554033e+02
1.135020902606864940e-03 3.608672582023703853e+03 1.514625064653539539e+03 8.227115452150964074e+02
1.274213313974418031e-03 4.011718772978631023e+03 1.681186723690712824e+03 9.128780933221185023e+02
1.430475479156914512e-03 4.455792528152595878e+03 1.864595017550045895e+03 1.012128700898004354e+03
1.605900734223756829e-03 4.943576688686441230e+03 2.066050419919572050e+03 1.121126252620593277e+03
1.802839129895710598e-03 5.477656728645247313e+03 2.286692297502453584e+03 1.240501698450580761e+03
2.023928913547812410e-03 6.060421286832421174e+03 2.527572619669809683e+03 1.370837641404658370e+03
2.272131871983379750e-03 6.693979651976325840e+03 2.789604019517797951e+03 1.512635135076420283e+03
2.550773008441800313e-03 7.379925422207075826e+03 3.073476615755089369e+03 1.666273974828695373e+03
2.863585085365514225e-03 8.119115363388694277e+03 3.379559235823579911e+03 1.831958504081183264e+03
3.214758629634808552e-03 8.911456060908158179e+03 3.707819613194765680e+03 2.009674698206981930e+03
3.608998070155939632e-03 9.755615260207416213e+03 4.057704669242037198e+03 2.199124444377707277e+03
4.051584759838999447e-03 1.064876433029002874e+04 4.428035061026727817e+03 2.399669998649615536e+03
4.548447726227339283e-03 1.158623822312496486e+04 4.816866373637868492e+03 2.610259224427272784e+03
5.106243098575769836e-03 1.256130337257706924e+04 5.221394856687088577e+03 2.829371615863659372e+03
5.732443275407110572e-03 1.356484086619785558e+04 5.637830903805138405e+03 3.054948544987219066e+03
6.435437027063155117e-03 1.458499861413709914e+04 6.061250449119904260e+03 3.284321795173738337e+03
7.224641874254610074e-03 1.560687513012171439e+04 6.485466437234785190e+03 3.514148389206465708e+03
8.110630248067678127e-03 1.661213384087549639e+04 6.902865942155612174e+03 3.740310540774243236e+03
9.105271121505569346e-03 1.750439499376032109e+04 7.280056114127427463e+03 3.945640235859910717e+03
1.022188900990466699e-02 1.839137286527284232e+04 7.652934681044671379e+03 4.148663549439953385e+03
1.147544247024383408e-02 1.917983833798787964e+04 7.983638618490503177e+03 4.328556147467190385e+03
1.288272449057868002e-02 1.983631003175278238e+04 8.258751715791020615e+03 4.478160155933980604e+03
1.446258745407916733e-02 2.032469336002932687e+04 8.463900422338621865e+03 4.589826154994380886e+03
1.623619569135818438e-02 2.060780560717458138e+04 8.584333875592506956e+03 4.655715439800150307e+03
1.822730900435978393e-02 2.064971522217554957e+04 8.605821668678161586e+03 4.668270163858015621e+03
2.046260095998037737e-02 2.042165323042719319e+04 8.517029044981280094e+03 4.621489313486395986e+03
2.297201621738221775e-02 1.990538051333287876e+04 8.310777931045293371e+03 4.511576620423990789e+03
2.578917167586586637e-02 1.909680125990133092e+04 7.985064681747325267e+03 4.337310575485795198e+03
2.895180681720203528e-02 1.801145488796849895e+04 7.545425811649509342e+03 4.101386246088897678e+03
3.250228927534733192e-02 1.672180954273234238e+04 7.017996889090613877e+03 3.817284952142054863e+03
3.648818240631140908e-02 1.534349408361639144e+04 6.444939971374972629e+03 3.506996944655296829e+03
4.096288246151627566e-02 1.394130111038840005e+04 5.866283511273423755e+03 3.194441058407158835e+03
4.598633390041809155e-02 1.261156146928080852e+04 5.325797923007366990e+03 2.903821816079056589e+03
5.162583242493973962e-02 1.153691150337585532e+04 4.867369335504150513e+03 2.653301620602390813e+03
5.795692649341043640e-02 1.056087637725706372e+04 4.466823879507895981e+03 2.437254116881957088e+03
6.506442939097074885e-02 9.732346537594037727e+03 4.107409312395730922e+03 2.239776774119662605e+03
7.304355541444980393e-02 8.678521791262091938e+03 3.685421011486830594e+03 2.013960954936043436e+03
8.200119539239680844e-02 7.571169279646427640e+03 3.209083135621373458e+03 1.752670687576573755e+03
9.205734862752627812e-02 6.371992488681667965e+03 2.693646402559722446e+03 1.470267695323836506e+03
1.033467304443183715e-01 5.457750085093438429e+03 2.275976211647019227e+03 1.235603249011482376e+03
1.160205768769771578e-01 4.683782720899243031e+03 1.959234033924055666e+03 1.065690635730039958e+03
1.302486706739022226e-01 4.173541451588137534e+03 1.736364654783243850e+03 9.422526051446592419e+02
1.462216157596530064e-01 3.589019794542031832e+03 1.474009314541267031e+03 7.948340258236177078e+02
1.641533906237988560e-01 2.968851398086646896e+03 1.199370604625905344e+03 6.422737767524456558e+02
1.842842148426375448e-01 2.603405292042483325e+03 1.032868833762011718e+03 5.483844018661748123e+02
2.068837671345900298e-01 2.217241584380036784e+03 8.685490953455222325e+02 4.597404112828752432e+02
2.322547980593316352e-01 1.930426624794423105e+03 7.281905663719876429e+02 3.774446628997758921e+02
2.607371857574901086e-01 1.667355191629358615e+03 6.165236172875212333e+02 3.168166372944124873e+02
2.927124890628471365e-01 1.446794932278713986e+03 5.140347390043053792e+02 2.594750597204159135e+02
3.286090589819373742e-01 1.262779143256303541e+03 4.385814825757396989e+02 2.178028297372322299e+02
3.689077770159973624e-01 1.115069832469593621e+03 3.706845659267449946e+02 1.795873243868486497e+02
4.141484971975938345e-01 9.818622762343370596e+02 3.139948316414736382e+02 1.493525243998234657e+02
4.649372781414354283e-01 8.761698842003402206e+02 2.701713462881194801e+02 1.248696678094498225e+02
5.219545019921476570e-01 7.795902084039349802e+02 2.317449780351668949e+02 1.044619998139529287e+02
5.859639890329354506e-01 6.963544094345598978e+02 2.006001519545002054e+02 8.797325548118122640e+01
6.578232300572349756e-01 6.249330702713472192e+02 1.736201536269348082e+02 7.395412517599467606e+01
7.384948735793578356e-01 5.608865967398367047e+02 1.510454955344674772e+02 6.241259930453082205e+01
8.290596217703356530e-01 5.034891471453765917e+02 1.317859157627575541e+02 5.298540368721863558e+01
9.307307078768926045e-01 4.503628727139617922e+02 1.160110376783181465e+02 4.552557809828522295e+01
1.044870149067508081e+00 4.023547458356391076e+02 1.024833691023067530e+02 3.902993635592395805e+01
1.173006992433692330e+00 3.570691761477018531e+02 9.058338252804264812e+01 3.381066728356593387e+01
1.316857798575541416e+00 3.137542854600160354e+02 7.990004285648539906e+01 2.930122220990722681e+01
1.478349637175967013e+00 2.731899011998931428e+02 7.042663723382118235e+01 2.558518757174414660e+01
1.659645902619409696e+00 2.364159189821862697e+02 6.189192078228834504e+01 2.231052140690474062e+01
1.863175295489004624e+00 2.023960684699791841e+02 5.414276851257545786e+01 1.949916278497391531e+01
2.091664358187257822e+00 1.717546402456612213e+02 4.697864028651026302e+01 1.705697931144334234e+01
2.348174000537423645e+00 1.443181479016965625e+02 4.039991914417018393e+01 1.487469644029486737e+01
2.636140504673786467e+00 1.202411632981703633e+02 3.446041269324877021e+01 1.294759224293040667e+01
2.959421558534973240e+00 9.948754644670637504e+01 2.905417908542010252e+01 1.119568379740025499e+01
3.322347934639153344e+00 8.178201578243188408e+01 2.426596591373136391e+01 9.621415798661875129e+00
3.729781506445900785e+00 6.687503847037363869e+01 2.005695658510429524e+01 8.198875597591584352e+00
4.187180379509764627e+00 5.438115741234177847e+01 1.642574801132223428e+01 6.920327307310505383e+00
4.700672009942531204e+00 4.404932085569768674e+01 1.333730630673576734e+01 5.784225195259352859e+00
5.277135289701610610e+00 3.551871930111909137e+01 1.075855160305828129e+01 4.785128201604539555e+00
5.924292698344328478e+00 2.851298789821239765e+01 8.625503042952457733e+00 3.919654323382079308e+00
6.650813755741415534e+00 2.279794347882935313e+01 6.881893197921552741e+00 3.182776914574682703e+00
7.466431161634059954e+00 1.814734177755364541e+01 5.468265019973477692e+00 2.565444799363388206e+00
8.382071177875818790e+00 1.438859001914814506e+01 4.329552805480794575e+00 2.054883940293002809e+00
9.410000000000001918e+00 1.062091077341141343e+01 3.195862157200704434e+00 1.516818007590800876e+00
