1.000000000230258569e-04 7.125938257834214937e+02 3.274490337134907918e+02 1.811282830342717602e+02
1.122634227564673579e-04 7.942146538527575785e+02 3.651201937421658386e+02 2.020016458918022693e+02
1.260307608609534901e-04 8.850386677940624622e+02 4.070951803638694741e+02 2.252724927627378406e+02
1.414864458359461712e-04 9.860631313632022739e+02 4.538559685308761686e+02 2.512133018748775442e+02
1.588375267953347550e-04 1.098387267168036033e+03 5.059358496800694525e+02 2.801264814538409951e+02
1.783164441611049004e-04 1.223227325534494639e+03 5.639251910330875717e+02 3.123475330978847637e+02
2.001841435067871621e-04 1.361935634643028152e+03 6.284773500576399101e+02 3.482481938687043908e+02
2.247335712646909519e-04 1.516026004303273112e+03 7.003165776473783808e+02 3.882402332368026805e+02
2.522935991264941354e-04 1.687213245855679361e+03 7.802471835950569812e+02 4.327791835299547643e+02
2.832334297096662638e-04 1.877449589532590380e+03 8.691643905168333504e+02 4.823688778749632320e+02
3.179675425093897337e-04 2.088991869847315229e+03 9.680688887882812423e+02 5.375659595580533505e+02
3.569612463934728852e-04 2.324432094544518804e+03 1.078078863064470625e+03 5.989849102709392810e+02
4.007369130231864672e-04 2.586771532608075631e+03 1.200448621624745556e+03 6.673030973220693340e+02
4.498809747048478080e-04 2.879409811214047295e+03 1.336574225813469184e+03 7.432648321782719449e+02
5.050517804175268938e-04 3.206157667305884843e+03 1.488004626653490959e+03 8.276848935304820998e+02
5.669884152586394726e-04 3.571174811237277936e+03 1.656432620880762215e+03 9.214487580410890359e+02
6.365206014554368984e-04 3.978848272704998635e+03 1.843678494308918971e+03 1.025509656575999770e+03
7.145798135793877959e-04 4.433743440265955542e+03 2.051672873868762963e+03 1.140883533905911918e+03
8.022117568662883325e-04 4.940372198847072468e+03 2.282405693167973823e+03 1.268634696631937686e+03
9.005903758055168549e-04 5.503222864873901926e+03 2.537917306709283821e+03 1.409867469477625718e+03
1.011033580661806338e-03 6.126546848263313223e+03 2.820231104894154669e+03 1.565700369157188561e+03
1.135020902606864940e-03 6.814415007744576542e+03 3.131343001819517667e+03 1.737252912879823043e+03
1.274213313974418031e-03 7.570608744971729720e+03 3.473151627217001533e+03 1.925609452671523513e+03
1.430475479156914512e-03 8.398554880124247575e+03 3.847406085880147657e+03 2.131781857907682024e+03
1.605900734223756829e-03 9.301248411841765119e+03 4.255613536148857747e+03 2.356649284244273986e+03
1.802839129895710598e-03 1.028099749919214810e+04 4.698954198755357538e+03 2.600906987346008009e+03
2.023928913547812410e-03 1.133924211717418984e+04 5.178161030377962561e+03 2.864984217338848339e+03
2.272131871983379750e-03 1.247612463429727723e+04 5.693356003893954949e+03 3.148969803288862749e+03
2.550773008441800313e-03 1.369011216386554588e+04 6.243863711542372585e+03 3.452505991773666210e+03
2.863585085365514225e-03 1.497754555285048809e+04 6.828026626415627106e+03 3.774688432242104682e+03
3.214758629634808552e-03 1.633213685122217248e+04 7.442978514961447218e+03 4.113938387039211193e+03
3.608998070155939632e-03 1.774458458695230729e+04 8.084471487537364737e+03 4.467911975795708713e+03
4.051584759838999447e-03 1.920208825839209749e+04 8.746660863434895873e+03 4.833382509684319302e+03
4.548447726227339283e-03 2.068812200181773005e+04 9.422008190051745260e+03 5.206180683612740722e+03
5.106243098575769836e-03 2.218212970721229067e+04 1.010115391625316624e+04 5.581122573261275647e+03
5.732443275407110572e-03 2.365911161910987357e+04 1.077271894306716422e+04 5.951921279228959065e+03
6.435437027063155117e-03 2.508943604784541822e+04 1.142322418934736561e+04 6.311152338973251062e+03
7.224641874254610074e-03 2.643836802934855950e+04 1.203686942019370326e+04 6.650102801228860699e+03
8.110630248067678127e-03 2.766611156954321268e+04 1.259555466419331424e+04 6.958777244224692367e+03
9.105271121505569346e-03 2.847094378526574656e+04 1.297198878307878840e+04 7.168401766697956191e+03
1.022188900990466699e-02 2.933247068561440028e+04 1.336879579449855009e+04 7.388967048334108767e+03
1.147544247024383408e-02 2.990659819864300152e+04 1.363337342509401788e+04 7.536149149267404027e+03
1.288272449057868002e-02 3.013953359502170133e+04 1.374166351173214571e+04 7.596766759028464548e+03
1.446258745407916733e-02 2.997873619030345799e+04 1.367024566820645123e+04 7.558003362657543221e+03
1.623619569135818438e-02 2.937806739493833811e+04 1.339861882779863663e+04 7.408651366923723799e+03
1.822730900435978393e-02 2.830664806879156095e+04 1.291318511109531755e+04 7.141311275785068574e+03
2.046260095998037737e-02 2.675667939592017137e+04 1.221071602970299136e+04 6.754281049570026880e+03
2.297201621738221775e-02 2.475782033085841977e+04 1.130475200095059881e+04 6.255027481609773531e+03
2.578917167586586637e-02 2.237343393641444345e+04 1.022387864985066153e+04 5.659184754297070867e+03
2.895180681720203528e-02 1.973250577485963731e+04 9.026318434209037150e+03 4.998714799421204589e+03
3.250228927534733192e-02 1.702055394811847509e+04 7.791344170862264036e+03 4.316357168012428701e+03
3.648818240631140908e-02 1.448680553629570568e+04 6.625722363316979681e+03 3.669816950168768471e+03
4.096288246151627566e-02 1.229286106296847538e+04 5.621687019613909797e+03 3.113959601528909843e+03
4.598633390041809155e-02 1.056803912935346852e+04 4.843286133297097876e+03 2.685196104070681031e+03
5.162583242493973962e-02 9.454074896973923387e+03 4.321506709500752550e+03 2.393641196501355807e+03
5.795692649341043640e-02 8.677326692000451658e+03 3.972862751602404842e+03 2.202076042623717512e+03
6.506442939097074885e-02 8.082648838683456233e+03 3.690140285796326680e+03 2.043233433846151456e+03
7.304355541444980393e-02 7.103040875563851841e+03 3.262551411933082818e+03 1.810627072590160196e+03
8.200119539239680844e-02 5.876232381935128615e+03 2.679817734116555130e+03 1.483149210790135612e+03
9.205734862752627812e-02 4.541763011765307056e+03 2.047210825102083390e+03 1.127732869861244353e+03
1.033467304443183715e-01 3.686632418301604957e+03 1.623262939437437126e+03 8.848978764492878781e+02
1.160205768769771578e-01 3.184589096541832987e+03 1.414558040748441272e+03 7.748106779592390012e+02
1.302486706739022226e-01 2.873529574862017398e+03 1.285955764050729613e+03 7.065107382665747764e+02
1.462216157596530064e-01 2.373028338853716832e+03 1.035833470648291268e+03 5.619589150081650359e+02
1.641533906237988560e-01 1.863791864590394653e+03 7.860499509578421566e+02 4.193624753951048660e+02
1.842842148426375448e-01 1.625666786465962105e+03 6.866323522967516055e+02 3.669420207836863028e+02
2.068837671345900298e-01 1.347714086231973852e+03 5.626994222720812786e+02 2.999331950394494584e+02
2.322547980593316352e-01 1.139588728163572341e+03 4.522453340330110336e+02 2.336869379212157867e+02
2.607371857574901086e-01 9.583604079799907822e+02 3.784528912432966763e+02 1.963639799563334236e+02
2.927124890628471365e-01 8.128519544122049183e+02 3.059344743013071479e+02 1.544255968548315252e+02
3.286090589819373742e-01 6.890284469180747919e+02 2.549382746488678322e+02 1.276194096197988728e+02
3.689077770159973624e-01 5.929585509168657609e+02 2.094615055806791872e+02 1.020843395160064517e+02
4.141484971975938345e-01 5.084632976185135931e+02 1.729820079469673715e+02 8.286711610404842077e+01
4.649372781414354283e-01 4.426073737823048191e+02 1.449540505892123861e+02 6.748600568010222389e+01
5.219545019921476570e-01 3.826995430424755114e+02 1.204276224992701003e+02 5.473721021294673506e+01
5.859639890329354506e-01 3.359662046317176305e+02 1.016608531182666866e+02 4.481674131110926140e+01
6.578232300572349756e-01 2.945679157376138164e+02 8.534489331434271264e+01 3.652781899203645821e+01
7.384948735793578356e-01 2.607117468440087009e+02 7.213164911611447394e+01 2.986524041733265733e+01
8.290596217703356530e-01 2.310568934020619167e+02 6.125327021320712362e+01 2.457319254032328359e+01
9.307307078768926045e-01 2.045933992401292016e+02 5.271241754862678164e+01 2.045571801504674170e+01
1.044870149067508081e+00 1.821739025547408914e+02 4.531470167762149970e+01 1.695468955672414424e+01
1.173006992433692330e+00 1.622163763409317312e+02 3.932566345011411357e+01 1.423719137277510427e+01
1.316857798575541416e+00 1.434264731398660899e+02 3.402415548980276583e+01 1.194367314398215285e+01
1.478349637175967013e+00 1.261577695014370022e+02 2.965275073782450832e+01 1.010973942765083500e+01
1.659645902619409696e+00 1.105072040476992328e+02 2.589062616130226857e+01 8.584768033717201874e+00
1.863175295489004624e+00 9.602011305847605627e+01 2.257303089250682149e+01 7.330383675297840185e+00
2.091664358187257822e+00 8.266524500055649582e+01 1.962901555484344485e+01 6.281143123288041252e+00
2.348174000537423645e+00 7.050667678423241114e+01 1.703491027079556375e+01 5.394306839417277288e+00
2.636140504673786467e+00 5.949427125376867309e+01 1.468475535737278470e+01 4.653212500818681541e+00
2.959421558534973240e+00 4.975488914176440147e+01 1.256821198554152019e+01 4.010628969149212963e+00
3.322347934639153344e+00 4.128165468673940808e+01 1.067162265111534225e+01 3.454972668167114236e+00
3.729781506445900785e+00 3.398295888388530983e+01 8.975892119043795248e+00 2.968229663477068847e+00
4.187180379509764627e+00 2.778803570302609671e+01 7.476361273337843727e+00 2.536472329025218464e+00
4.700672009942531204e+00 2.257894061408633490e+01 6.165091718708846535e+00 2.155218033527681154e+00
5.277135289701610610e+00 1.825191719020273240e+01 5.036921658964749859e+00 1.816864474751674230e+00
5.924292698344328478e+00 1.468436502586679993e+01 4.080580014029469460e+00 1.519486017911655829e+00
6.650813755741415534e+00 1.175913984288868974e+01 3.282748172803683140e+00 1.259194267570806103e+00
7.466431161634059954e+00 9.377838002445788135e+00 2.624580175379949587e+00 1.034998850614613053e+00
8.382071177875818790e+00 7.447180136888627011e+00 2.089005729200186234e+00 8.448741600319801259e-01
9.410000000000001918e+00 5.481056965476736487e+00 1.537501059196570541e+00 6.218289758008211932e-01
