1.000000000230258569e-04 3.136851424751250761e+02 1.437482267338472184e+02 8.270252983722700435e+01
1.122634227564673579e-04 3.519331243214582514e+02 1.611891542604508913e+02 9.271532132644503577e+01
1.260307608609534901e-04 3.949220070089630212e+02 1.807624584799126524e+02 1.039444977098624321e+02
1.414864458359461712e-04 4.432603462077162817e+02 2.027337961872424046e+02 1.165391254949902731e+02
1.588375267953347550e-04 4.976351857981488251e+02 2.274026492950764862e+02 1.306667689004755175e+02
1.783164441611049004e-04 5.588219109882194289e+02 2.551065923132239277e+02 1.465157746476448324e+02
2.001841435067871621e-04 6.276840054119384149e+02 2.862243825087210212e+02 1.642974302451225128e+02
2.247335712646909519e-04 7.051822835050488720e+02 3.211807934366613608e+02 1.842486921017074621e+02
2.522935991264941354e-04 7.923563354817977142e+02 3.604463547893109876e+02 2.066336997392221235e+02
2.832334297096662638e-04 8.903291122577489887e+02 4.045418679425523010e+02 2.317467239383912840e+02
3.179675425093897337e-04 1.000261414295313330e+03 4.540303407874628192e+02 2.599113501405241777e+02
3.569612463934728852e-04 1.123347742289879079e+03 5.095197056282314065e+02 2.914831054138950890e+02
4.007369130231864672e-04 1.260763049720770368e+03 5.716453314416381772e+02 3.268443125617074543e+02
4.498809747048478080e-04 1.413650580717235243e+03 6.410698652828336890e+02 3.664056963024881384e+02
5.050517804175268938e-04 1.583130994151961431e+03 7.184681118800575632e+02 4.105978167212786047e+02
5.669884152586394726e-04 1.770288263316174380e+03 8.045244721487148354e+02 4.598713036685234101e+02
6.365206014554368984e-04 1.976317374659339976e+03 8.999479943032031315e+02 5.146931009484146671e+02
7.145798135793877959e-04 2.202507819553615718e+03 1.005467688178467824e+03 5.755452218791400583e+02
8.022117568662883325e-04 2.450481500456788581e+03 1.121890868560534045e+03 6.429366111300025750e+02
9.005903758055168549e-04 2.722165122838556272e+03 1.250094023780247426e+03 7.173995959671295850e+02
1.011033580661806338e-03 3.019905077534934208e+03 1.391084673170184942e+03 7.995143212879133898e+02
1.135020902606864940e-03 3.346439251652561325e+03 1.545984863214513325e+03 8.899001631297412587e+02
1.274213313974418031e-03 3.704688212349420610e+03 1.716008378994778468e+03 9.892185833327797582e+02
1.430475479156914512e-03 4.097778933980819602e+03 1.902449786463720784e+03 1.098162333976383479e+03
1.605900734223756829e-03 4.528655357442311470e+03 2.106570423998195110e+03 1.217417477543257974e+03
1.802839129895710598e-03 5.000126249027285667e+03 2.329593288710795150e+03 1.347650480517962478e+03
2.023928913547812410e-03 5.514437860271410500e+03 2.572526165787663103e+03 1.489418903896378652e+03
2.272131871983379750e-03 6.073301130953316715e+03 2.836158260709735714e+03 1.643162590476066725e+03
2.550773008441800313e-03 6.677599564216183353e+03 3.120905626749083694e+03 1.809117392623866635e+03
2.863585085365514225e-03 7.327312615230744086e+03 3.426778550606545195e+03 1.987293013098156962e+03
3.214758629634808552e-03 8.021226128772554148e+03 3.753227358984207058e+03 2.177374495943171951e+03
3.608998070155939632e-03 8.756780702967631441e+03 4.099079606999805947e+03 2.378688825774959696e+03
4.051584759838999447e-03 9.529734309812951324e+03 4.462356258226488535e+03 2.590093798058883294e+03
4.548447726227339283e-03 1.033398281568222956e+04 4.840205161977745774e+03 2.809941020855869738e+03
5.106243098575769836e-03 1.116108970770366977e+04 5.228690344755505976e+03 3.035941318271703494e+03
5.732443275407110572e-03 1.200018575594354297e+04 5.622746322526733820e+03 3.265148317340857830e+03
6.435437027063155117e-03 1.283735905809784526e+04 6.015877728798135649e+03 3.493803406635487136e+03
7.224641874254610074e-03 1.365577629375975812e+04 6.400220980563949524e+03 3.717361498238774402e+03
8.110630248067678127e-03 1.443489203317389729e+04 6.766158497174706099e+03 3.930242975141515217e+03
9.105271121505569346e-03 1.504924231106668958e+04 7.057904639739546838e+03 4.100402389245030463e+03
1.022188900990466699e-02 1.568011912398903769e+04 7.356319770784776665e+03 4.274623462027735513e+03
1.147544247024383408e-02 1.618409138565811736e+04 7.594421441191915619e+03 4.413571485208155536e+03
1.288272449057868002e-02 1.652934378082706098e+04 7.757549412716974985e+03 4.508807844121064591e+03
1.446258745407916733e-02 1.668437118544098848e+04 7.831242032727814149e+03 4.552022779120522500e+03
1.623619569135818438e-02 1.661698301396521492e+04 7.800664410435601894e+03 4.534641269521966933e+03
1.822730900435978393e-02 1.630110445884966794e+04 7.653832966082162784e+03 4.449738559450672255e+03
2.046260095998037737e-02 1.571969960159140282e+04 7.383024874761573301e+03 4.292907266629908918e+03
2.297201621738221775e-02 1.487246215145262613e+04 6.988238000742559052e+03 4.064197557202594908e+03
2.578917167586586637e-02 1.378039327448170297e+04 6.478998620793326154e+03 3.769030207676856662e+03
2.895180681720203528e-02 1.249054525504113008e+04 5.876789866008703029e+03 3.419700849667963666e+03
3.250228927534733192e-02 1.109894836265054255e+04 5.224732726912879116e+03 3.040889294265311946e+03
3.648818240631140908e-02 9.717141237564779658e+03 4.572740486646470345e+03 2.661186452391676994e+03
4.096288246151627566e-02 8.464861279864808239e+03 3.984055012225680457e+03 2.318771929131034994e+03
4.598633390041809155e-02 7.432791084644976763e+03 3.503108752946153345e+03 2.039821421704120212e+03
5.162583242493973962e-02 6.698563586602961550e+03 3.152279101717996127e+03 1.834534556683765459e+03
5.795692649341043640e-02 6.159835930087463566e+03 2.901649400775391314e+03 1.689268349955079884e+03
6.506442939097074885e-02 5.723175794899466382e+03 2.691565233001425440e+03 1.565972027577575318e+03
7.304355541444980393e-02 5.099670740184761598e+03 2.407017107982194830e+03 1.402203540623330355e+03
8.200119539239680844e-02 4.306732043671850988e+03 2.025332525852786830e+03 1.178164956294493550e+03
9.205734862752627812e-02 3.424950065195275329e+03 1.600707282614756195e+03 9.288835194916740647e+02
1.033467304443183715e-01 2.799518065887932607e+03 1.288332872815452674e+03 7.428776950872759244e+02
1.160205768769771578e-01 2.409861530587647849e+03 1.116154954829865801e+03 6.453859298347902040e+02
1.302486706739022226e-01 2.172180202085694418e+03 1.009665552697397175e+03 5.845820092153082896e+02
1.462216157596530064e-01 1.817778111411590316e+03 8.304892819152422589e+02 4.771390122070480402e+02
1.641533906237988560e-01 1.436660666750830387e+03 6.409418128220867175e+02 3.643273252204203914e+02
1.842842148426375448e-01 1.235734669883781407e+03 5.512176846433565061e+02 3.133661983084095937e+02
2.068837671345900298e-01 1.037691991189068403e+03 4.599844842805351846e+02 2.611994638945873817e+02
2.322547980593316352e-01 8.690629051657277842e+02 3.689797975918874045e+02 2.049792052804523053e+02
2.607371857574901086e-01 7.266093660660792466e+02 3.081687480046660994e+02 1.716902491102786144e+02
2.927124890628471365e-01 6.139562481587083766e+02 2.503931521350405092e+02 1.368312739605230490e+02
3.286090589819373742e-01 5.172106840721754679e+02 2.080082328287992368e+02 1.127126094782173595e+02
3.689077770159973624e-01 4.401065207367261678e+02 1.701667529323424048e+02 9.040237297740888778e+01
4.141484971975938345e-01 3.753251289648554803e+02 1.408721905231026312e+02 7.385024634372824437e+01
4.649372781414354283e-01 3.242944806227873755e+02 1.169340768179611274e+02 5.989035710523933886e+01
5.219545019921476570e-01 2.787228133278728137e+02 9.691188756835687457e+01 4.862922185706435130e+01
5.859639890329354506e-01 2.430339907914180344e+02 8.126232537168432657e+01 3.981559299927187823e+01
6.578232300572349756e-01 2.122282360803041570e+02 6.795749316468487677e+01 3.241087620585395968e+01
7.384948735793578356e-01 1.867957518394409817e+02 5.699818108025601759e+01 2.646683696083110604e+01
8.290596217703356530e-01 1.655876618952333388e+02 4.813631940386005681e+01 2.174610568417942247e+01
9.307307078768926045e-01 1.471078010683435480e+02 4.129047037836772205e+01 1.803138019835209604e+01
1.044870149067508081e+00 1.312609958689828602e+02 3.531524314897610139e+01 1.492847451943389459e+01
1.173006992433692330e+00 1.177373902469662283e+02 3.056410729578164620e+01 1.250191203849286659e+01
1.316857798575541416e+00 1.049274045063837661e+02 2.645184311525401455e+01 1.046446899043379908e+01
1.478349637175967013e+00 9.378754953496965641e+01 2.311608830813496951e+01 8.842420018192585829e+00
1.659645902619409696e+00 8.328029090129142276e+01 2.021571453735140977e+01 7.499059884318011626e+00
1.863175295489004624e+00 7.363028048676132187e+01 1.773940446889540468e+01 6.392402211778978049e+00
2.091664358187257822e+00 6.455004123272098582e+01 1.556734167160244553e+01 5.490060690272006383e+00
2.348174000537423645e+00 5.609779732857577983e+01 1.367576621418506910e+01 4.721088120281653921e+00
2.636140504673786467e+00 4.825148663857646625e+01 1.196561545148520800e+01 4.091058637192675818e+00
2.959421558534973240e+00 4.111988695889093037e+01 1.040823239512534926e+01 3.545295306927311429e+00
3.322347934639153344e+00 3.472888497949831788e+01 9.003913864563871883e+00 3.078604026337358412e+00
3.729781506445900785e+00 2.906532981675580984e+01 7.720080475037547352e+00 2.670404234304019297e+00
4.187180379509764627e+00 2.414674603337839187e+01 6.556286648793857808e+00 2.307074564511685022e+00
4.700672009942531204e+00 1.990392108778600999e+01 5.515728815414764341e+00 1.985265280492148454e+00
5.277135289701610610e+00 1.632085979191340286e+01 4.591414238563036321e+00 1.696441886178426284e+00
5.924292698344328478e+00 1.330364796301204500e+01 3.786127161181020995e+00 1.438841188959969264e+00
6.650813755741415534e+00 1.079186655669834316e+01 3.094666517809310680e+00 1.209795318335111558e+00
7.466431161634059954e+00 8.717684580978092512e+00 2.512441155294028672e+00 1.009224942098506661e+00
8.382071177875818790e+00 7.010712590515243647e+00 2.027749273163765409e+00 8.353442225139785515e-01
9.410000000000001918e+00 5.189377806068123711e+00 1.500963130924248379e+00 6.183344657452578552e-01
