1.000000000230258569e-04 4.024830242538178027e+02 1.899933181687029276e+02 1.116547173116503018e+02
1.122634227564673579e-04 4.514097032230606032e+02 2.128791373089930801e+02 1.250660209406755143e+02
1.260307608609534901e-04 5.064423806408087785e+02 2.385494731495453209e+02 1.400952396700590441e+02
1.414864458359461712e-04 5.683856820392342115e+02 2.673515869631249302e+02 1.569397769269349112e+02
1.588375267953347550e-04 6.381512203257241254e+02 2.996773971444037556e+02 1.758215585108951871e+02
1.783164441611049004e-04 7.167713995012069290e+02 3.359691407702319452e+02 1.969900579951341513e+02
2.001841435067871621e-04 8.053931669724906897e+02 3.767231261628606376e+02 2.207251189474544049e+02
2.247335712646909519e-04 9.052899775596963536e+02 4.224960895403571612e+02 2.473405587780825670e+02
2.522935991264941354e-04 1.017820340761437478e+03 4.739033515055077146e+02 2.771858898395984170e+02
2.832334297096662638e-04 1.144431170331973590e+03 5.316245969142381682e+02 3.106501840679216002e+02
3.179675425093897337e-04 1.286568391779696185e+03 5.963895631729243405e+02 3.481601497720712359e+02
3.569612463934728852e-04 1.445665675942362441e+03 6.689812932005567063e+02 3.901835464801922058e+02
4.007369130231864672e-04 1.623048703153503538e+03 7.502075677859224925e+02 4.372208125232157840e+02
4.498809747048478080e-04 1.819912150720116188e+03 8.409005744850295514e+02 4.898072520184669543e+02
5.050517804175268938e-04 2.037347966912356014e+03 9.418942590594988360e+02 5.485003613448143369e+02
5.669884152586394726e-04 2.276319781716753823e+03 1.054021191969135771e+03 6.138805023481623948e+02
6.365206014554368984e-04 2.537941165605127026e+03 1.178139679188152058e+03 6.865469056212525629e+02
7.145798135793877959e-04 2.823440279226098937e+03 1.315127177764430826e+03 7.671167004828037079e+02
8.022117568662883325e-04 3.134594392802493530e+03 1.465978114414748234e+03 8.562469190471459797e+02
9.005903758055168549e-04 3.473660327197575953e+03 1.631786083352659716e+03 9.546285500253072769e+02
1.011033580661806338e-03 3.843572930510335482e+03 1.813835682443497262e+03 1.063020818898690322e+03
1.135020902606864940e-03 4.247890435276468452e+03 2.013577788949800834e+03 1.182240010084113692e+03
1.274213313974418031e-03 4.690511145630449391e+03 2.232616926345369393e+03 1.313173760647594463e+03
1.430475479156914512e-03 5.175713143324074736e+03 2.472690923992850912e+03 1.456762658828355143e+03
1.605900734223756829e-03 5.707489245762182691e+03 2.735489657031576826e+03 1.613935781351838159e+03
1.802839129895710598e-03 6.289689254475286361e+03 3.022661705458579036e+03 1.785597931422232023e+03
2.023928913547812410e-03 6.925354449624979679e+03 3.335561412563135491e+03 1.972505538828411545e+03
2.272131871983379750e-03 7.616836224971829324e+03 3.675261116029199911e+03 2.175260230910035261e+03
2.550773008441800313e-03 8.365359593747274630e+03 4.042329190232832843e+03 2.394185255461718498e+03
2.863585085365514225e-03 9.170978470872745675e+03 4.436802293759724307e+03 2.629302136417123165e+03
3.214758629634808552e-03 1.003222433767124494e+04 4.857984779784864259e+03 2.880201251810552549e+03
3.608998070155939632e-03 1.094592277274423395e+04 5.304372754807085585e+03 3.145999910707570052e+03
4.051584759838999447e-03 1.190680983912264128e+04 5.773428257175338331e+03 3.425199498224096715e+03
4.548447726227339283e-03 1.290728969293639784e+04 6.261488757265138702e+03 3.715635717465256221e+03
5.106243098575769836e-03 1.393689632281231206e+04 6.763497221786730734e+03 4.014304163922921362e+03
5.732443275407110572e-03 1.498208756604551854e+04 7.272915900848275669e+03 4.317322077286213243e+03
6.435437027063155117e-03 1.602529697271894474e+04 7.781246599366339979e+03 4.619661166716602565e+03
7.224641874254610074e-03 1.704511622279926814e+04 8.278131051086060324e+03 4.915197522961052528e+03
8.110630248067678127e-03 1.801521080999423066e+04 8.750802557750343112e+03 5.196361188006328121e+03
9.105271121505569346e-03 1.877477081362278113e+04 9.123838469290834837e+03 5.419014464463699369e+03
1.022188900990466699e-02 1.955259271738704774e+04 9.506341196370069156e+03 5.647441989635843129e+03
1.147544247024383408e-02 2.016583439930929308e+04 9.807683234300224285e+03 5.827379985904191017e+03
1.288272449057868002e-02 2.057231774109648904e+04 1.000767146641831459e+04 5.946911190764517414e+03
1.446258745407916733e-02 2.073039414407626464e+04 1.008645252751340195e+04 5.994341272763575034e+03
1.623619569135818438e-02 2.059782117181690774e+04 1.002390461643940216e+04 5.957825803313666256e+03
1.822730900435978393e-02 2.014103397119887086e+04 9.804094825146232324e+03 5.827993985413015253e+03
2.046260095998037737e-02 1.933858279344784751e+04 9.416864906309403523e+03 5.598848719560724021e+03
2.297201621738221775e-02 1.819280591144136270e+04 8.863455490129183090e+03 5.271123417558400433e+03
2.578917167586586637e-02 1.673549268566285173e+04 8.159082098818989834e+03 4.853769453279021036e+03
2.895180681720203528e-02 1.503505997325012686e+04 7.336471625233771192e+03 4.366064974667046954e+03
3.250228927534733192e-02 1.322816371523239104e+04 6.459155097408579422e+03 3.845111094578524899e+03
3.648818240631140908e-02 1.147079946342087169e+04 5.599176062246127003e+03 3.332923931743991488e+03
4.096288246151627566e-02 9.913298730644915850e+03 4.839967761997922935e+03 2.881387788635027391e+03
4.598633390041809155e-02 8.664351300718299171e+03 4.237242703473172696e+03 2.524216537245293239e+03
5.162583242493973962e-02 7.826103420162766270e+03 3.820631500863741167e+03 2.274556245466175369e+03
5.795692649341043640e-02 7.235658644609057774e+03 3.535981767616326124e+03 2.105959685620091477e+03
6.506442939097074885e-02 6.761036109540009420e+03 3.296916319222876155e+03 1.961916292584165149e+03
7.304355541444980393e-02 6.003077835971319473e+03 2.938605822813854502e+03 1.751241757444811810e+03
8.200119539239680844e-02 5.012129387969624077e+03 2.442377601317412882e+03 1.452859931208834496e+03
9.205734862752627812e-02 3.923407072496247565e+03 1.898586225060785637e+03 1.126193087224245573e+03
1.033467304443183715e-01 3.203700753936410820e+03 1.525967073063272437e+03 8.989082724851041348e+02
1.160205768769771578e-01 2.802427750420953544e+03 1.343412971741422098e+03 7.938625395696399210e+02
1.302486706739022226e-01 2.552529710539453845e+03 1.225993344970643875e+03 7.249266751796075141e+02
1.462216157596530064e-01 2.104545375991665878e+03 9.912984737070743222e+02 5.806306067146437044e+02
1.641533906237988560e-01 1.647341085958624944e+03 7.588037276455265783e+02 4.397913124182078946e+02
1.842842148426375448e-01 1.457288854999539581e+03 6.706237395811936040e+02 3.886045038620245009e+02
2.068837671345900298e-01 1.215930829317136158e+03 5.531679920376058135e+02 3.192932419508705948e+02
2.322547980593316352e-01 1.012780014363561804e+03 4.429610714411049344e+02 2.502045617740162413e+02
2.607371857574901086e-01 8.673653555794322756e+02 3.772605711061369789e+02 2.131775112044029470e+02
2.927124890628471365e-01 7.238080004564581031e+02 3.028997223283094513e+02 1.677356573276692302e+02
3.286090589819373742e-01 6.214274970771326707e+02 2.559532313006876052e+02 1.404049541678373032e+02
3.689077770159973624e-01 5.294841916749477377e+02 2.097612932056192676e+02 1.126821407493816309e+02
4.141484971975938345e-01 4.538522934401656244e+02 1.741732549633903488e+02 9.218361493425065589e+01
4.649372781414354283e-01 3.959899996232252875e+02 1.463452695764948714e+02 7.559923850449659710e+01
5.219545019921476570e-01 3.423957996819618188e+02 1.221622956993942779e+02 6.179776432649277496e+01
5.859639890329354506e-01 3.005423148883845101e+02 1.032776808580629222e+02 5.094944880659284081e+01
6.578232300572349756e-01 2.639089783315353657e+02 8.701250983531402028e+01 4.180438558002638416e+01
7.384948735793578356e-01 2.337097864582106581e+02 7.368315702006960066e+01 3.443887850580539833e+01
8.290596217703356530e-01 2.079294509176642123e+02 6.277165709948215522e+01 2.854301045654199243e+01
9.307307078768926045e-01 1.853714493637087628e+02 5.423433859418747716e+01 2.391823365627344344e+01
1.044870149067508081e+00 1.659026503580047063e+02 4.678246347225999813e+01 1.998680723623991895e+01
1.173006992433692330e+00 1.491947680104998142e+02 4.078673465398923526e+01 1.692017434530540498e+01
1.316857798575541416e+00 1.329941051375069208e+02 3.548668106276353740e+01 1.430654038132196604e+01
1.478349637175967013e+00 1.187261397733438315e+02 3.114136787658059191e+01 1.221120538987333681e+01
1.659645902619409696e+00 1.053899866307423565e+02 2.734557619994392041e+01 1.044994944467395825e+01
1.863175295489004624e+00 9.295042514315578330e+01 2.402470117558852536e+01 8.992619278768620106e+00
2.091664358187257822e+00 8.135165284036567357e+01 2.107461504519638851e+01 7.774270144587410947e+00
2.348174000537423645e+00 7.052427083078363523e+01 1.847502907849817078e+01 6.725714152375116939e+00
2.636140504673786467e+00 6.053463673142672974e+01 1.609623410375587582e+01 5.847983266870719454e+00
2.959421558534973240e+00 5.149083558771485514e+01 1.392402615115371312e+01 5.078085890943213165e+00
3.322347934639153344e+00 4.341691305443294624e+01 1.196172739602536339e+01 4.407165597076116548e+00
3.729781506445900785e+00 3.630015827111388660e+01 1.017989108626747452e+01 3.812265670844527499e+00
4.187180379509764627e+00 3.014060849597106895e+01 8.581798538573936597e+00 3.277784838777336063e+00
4.700672009942531204e+00 2.484594974521226263e+01 7.162636481958736034e+00 2.802284557421868882e+00
5.277135289701610610e+00 2.037137619122767518e+01 5.920785614492768190e+00 2.375291598046484598e+00
5.924292698344328478e+00 1.660975584560204510e+01 4.851309138871835458e+00 1.996519542951887161e+00
6.650813755741415534e+00 1.347601055211600496e+01 3.944454807780117367e+00 1.662530257736935635e+00
7.466431161634059954e+00 1.088569418675139211e+01 3.187008728615770892e+00 1.372924109951666471e+00
8.382071177875818790e+00 8.752595784247791499e+00 2.561560178121924825e+00 1.125336206953132745e+00
9.410000000000001918e+00 6.472767015646478939e+00 1.894351307480571345e+00 8.322248030946128861e-01
