1.000000000230258569e-04 3.850423745122304240e+02 1.674087347456404586e+02 9.187384158498248610e+01
1.122634227564673579e-04 4.318070497050082963e+02 1.878486482993871505e+02 1.030949650462013238e+02
1.260307608609534901e-04 4.841821451703467005e+02 2.107791217467921285e+02 1.156847514997286481e+02
1.414864458359461712e-04 5.428205372034975653e+02 2.365017358341750935e+02 1.298094043223418055e+02
1.588375267953347550e-04 6.084482891603005328e+02 2.653538201807036785e+02 1.456549574501464690e+02
1.783164441611049004e-04 6.818730713997720159e+02 2.977126639486567115e+02 1.634296236202541195e+02
2.001841435067871621e-04 7.639991918905552666e+02 3.339997403583377036e+02 1.833661161843774607e+02
2.247335712646909519e-04 8.558390285475046539e+02 3.746858304294684103e+02 2.057244977277819658e+02
2.522935991264941354e-04 9.585414079572599348e+02 4.202960097230097745e+02 2.307947734344608079e+02
2.832334297096662638e-04 1.073407037078241046e+03 4.714157799008602865e+02 2.589002732267905458e+02
3.179675425093897337e-04 1.201931405588185953e+03 5.286966925140769717e+02 2.904003110255022193e+02
3.569612463934728852e-04 1.345823745852153252e+03 5.928634490883124499e+02 3.256940694554664901e+02
4.007369130231864672e-04 1.507044403504993625e+03 6.647193002271408204e+02 3.652228987801452149e+02
4.498809747048478080e-04 1.687827038639211196e+03 7.451538232843919332e+02 4.094745611501648455e+02
5.050517804175268938e-04 1.890666242185823421e+03 8.351458396232284258e+02 4.589844815457100253e+02
5.669884152586394726e-04 2.118347712469617363e+03 9.357714731178512011e+02 5.143400771729699272e+02
6.365206014554368984e-04 2.373859846044959340e+03 1.048202066886534567e+03 5.761802734663510819e+02
7.145798135793877959e-04 2.660436592959994414e+03 1.173711951620134641e+03 6.451994039356744679e+02
8.022117568662883325e-04 2.981436541091931758e+03 1.313670903588440069e+03 7.221444515818781156e+02
9.005903758055168549e-04 3.340384160407052150e+03 1.469550155514696144e+03 8.078178237015185914e+02
1.011033580661806338e-03 3.740896499008324554e+03 1.642910853151479159e+03 9.030725115510516616e+02
1.135020902606864940e-03 4.186679883690610950e+03 1.835399800079701436e+03 1.008809796934209658e+03
1.274213313974418031e-03 4.681487499417603431e+03 2.048709750170268308e+03 1.125960442247202764e+03
1.430475479156914512e-03 5.229079887120306012e+03 2.284573414176953975e+03 1.255480438228488538e+03
1.605900734223756829e-03 5.833252340054406886e+03 2.544719376176313290e+03 1.398325198215530463e+03
1.802839129895710598e-03 6.497690780513356003e+03 2.830839016074489791e+03 1.555430797402686949e+03
2.023928913547812410e-03 7.225809597193717309e+03 3.144481978873047410e+03 1.727648840164119292e+03
2.272131871983379750e-03 8.020610919995771837e+03 3.487015405135857236e+03 1.915729374165365925e+03
2.550773008441800313e-03 8.884437624454540128e+03 3.859492068996896705e+03 2.120255511142053365e+03
2.863585085365514225e-03 9.818760155837944694e+03 4.262578083254339617e+03 2.341599101476716896e+03
3.214758629634808552e-03 1.082368622357516142e+04 4.696359667980524137e+03 2.579804473241583764e+03
3.608998070155939632e-03 1.189776831000497987e+04 5.160236608579049971e+03 2.834538948795581291e+03
4.051584759838999447e-03 1.303744057342820815e+04 5.652624761707479593e+03 3.104948114578534842e+03
4.548447726227339283e-03 1.423674023312298232e+04 6.170884488801083535e+03 3.389596016766714456e+03
5.106243098575769836e-03 1.548645495586583820e+04 6.711061404464634506e+03 3.686278803391541260e+03
5.732443275407110572e-03 1.677391726252803346e+04 7.267718019105413077e+03 3.991973870002006606e+03
6.435437027063155117e-03 1.808192386371138855e+04 7.833382235651250994e+03 4.302609118422202300e+03
7.224641874254610074e-03 1.938874257674885303e+04 8.398600527982296626e+03 4.613035270333629342e+03
8.110630248067678127e-03 2.066682193038554760e+04 8.951442143354868676e+03 4.916683178399006465e+03
9.105271121505569346e-03 2.176128634102400611e+04 9.433568372337053006e+03 5.182668592799327598e+03
1.022188900990466699e-02 2.286538957278794624e+04 9.915920885407791502e+03 5.448644347592616214e+03
1.147544247024383408e-02 2.381515935445347714e+04 1.033004718758161289e+04 5.676782323550893125e+03
1.288272449057868002e-02 2.455983439190676654e+04 1.065443891688700933e+04 5.855378027626876246e+03
1.446258745407916733e-02 2.504650094427011936e+04 1.086679097318077038e+04 5.972321876601301483e+03
1.623619569135818438e-02 2.521948835839095409e+04 1.094368111352529013e+04 6.014913224215433729e+03
1.822730900435978393e-02 2.502942454495152197e+04 1.086440257575563373e+04 5.971944378872583002e+03
2.046260095998037737e-02 2.443687354686533945e+04 1.061242310550350157e+04 5.834474782278676685e+03
2.297201621738221775e-02 2.342586874277576499e+04 1.018110863872251684e+04 5.598936795684792742e+03
2.578917167586586637e-02 2.200773983383355517e+04 9.575046941535685619e+03 5.267722837293691555e+03
2.895180681720203528e-02 2.023661203857976943e+04 8.816809449952912473e+03 4.852959782723536591e+03
3.250228927534733192e-02 1.825113346150218058e+04 7.961390060576662108e+03 4.383933851574342043e+03
3.648818240631140908e-02 1.623789601720671817e+04 7.082413920261216845e+03 3.899880669783002304e+03
4.096288246151627566e-02 1.434881766535991665e+04 6.262887028525116875e+03 3.449584280639642657e+03
4.598633390041809155e-02 1.272061957735242504e+04 5.567413331235298756e+03 3.069389566337176802e+03
5.162583242493973962e-02 1.156257095769132866e+04 5.050858928577084043e+03 2.782639625068971782e+03
5.795692649341043640e-02 1.065605132023711485e+04 4.664285215472638811e+03 2.571474448935696728e+03
6.506442939097074885e-02 9.941765483654671698e+03 4.341328587504711322e+03 2.391419576206006695e+03
7.304355541444980393e-02 8.875062162681686459e+03 3.901210325946548892e+03 2.153834172126369594e+03
8.200119539239680844e-02 7.602355309976921490e+03 3.327799747057742024e+03 1.834463089854975124e+03
9.205734862752627812e-02 6.171668809252501887e+03 2.681300799497225853e+03 1.474097399184873211e+03
1.033467304443183715e-01 5.166633315523735291e+03 2.199736139047858160e+03 1.199141428135965725e+03
1.160205768769771578e-01 4.458551396185404883e+03 1.908521955569296551e+03 1.043504103115799580e+03
1.302486706739022226e-01 4.020852026829618353e+03 1.727068300132059221e+03 9.454725974656749941e+02
1.462216157596530064e-01 3.418133889044827356e+03 1.442904985886248369e+03 7.831368482795110140e+02
1.641533906237988560e-01 2.778352255938229973e+03 1.138943233510407936e+03 6.098399870151856703e+02
1.842842148426375448e-01 2.430508598268580045e+03 9.886801157709210202e+02 5.276924309435462419e+02
2.068837671345900298e-01 2.058819637446526031e+03 8.295617257904800681e+02 4.422961332845036395e+02
2.322547980593316352e-01 1.783966540322685432e+03 6.851364361721531395e+02 3.550113595904858244e+02
2.607371857574901086e-01 1.522171995813700050e+03 5.788142393377430608e+02 2.998548153866633470e+02
2.927124890628471365e-01 1.322628375705635335e+03 4.801093301889507643e+02 2.427307964159614642e+02
3.286090589819373742e-01 1.140510612173138043e+03 4.063107026403524742e+02 2.031941965697365049e+02
3.689077770159973624e-01 1.002970894882826201e+03 3.413367289854620026e+02 1.661809634094009880e+02
4.141484971975938345e-01 8.803436721006708012e+02 2.881405379866561134e+02 1.378328827092839219e+02
4.649372781414354283e-01 7.799044320501292304e+02 2.461770328741233413e+02 1.144712286504404801e+02
5.219545019921476570e-01 6.890826262916086762e+02 2.094657838970728392e+02 9.503905033840383965e+01
5.859639890329354506e-01 6.143313361807788624e+02 1.806512094635473034e+02 7.961185705118840872e+01
6.578232300572349756e-01 5.488428733875672378e+02 1.553116197118135631e+02 6.650775845067924763e+01
7.384948735793578356e-01 4.921589534540334512e+02 1.344145570217730210e+02 5.575462903940472614e+01
8.290596217703356530e-01 4.413565266183052813e+02 1.166875586635430153e+02 4.704275618545347015e+01
9.307307078768926045e-01 3.946821551407585389e+02 1.023688355745779432e+02 4.020567451292519223e+01
1.044870149067508081e+00 3.535067967660100976e+02 9.006212515854456058e+01 3.422667792786394614e+01
1.173006992433692330e+00 3.145829760441755525e+02 7.947831862168405337e+01 2.949924593221969715e+01
1.316857798575541416e+00 2.777479340458771162e+02 6.995469037256899014e+01 2.542233629603395073e+01
1.478349637175967013e+00 2.428603322185512354e+02 6.161802153834614160e+01 2.210065814209922763e+01
1.659645902619409696e+00 2.113050993332556402e+02 5.427852655835434348e+01 1.921118677835112365e+01
1.863175295489004624e+00 1.817858339299308454e+02 4.756561281028366750e+01 1.675273853993615347e+01
2.091664358187257822e+00 1.550213054027824171e+02 4.140121157081691194e+01 1.462980384026069203e+01
2.348174000537423645e+00 1.308767291167603446e+02 3.577606848925234573e+01 1.276598535536351342e+01
2.636140504673786467e+00 1.094639541830130725e+02 3.065989775897324776e+01 1.112872141147493821e+01
2.959421558534973240e+00 9.090063631297472568e+01 2.600069123981142738e+01 9.648704846186795692e+00
3.322347934639153344e+00 7.500158831824369088e+01 2.183206184475299239e+01 8.324324370364713843e+00
3.729781506445900785e+00 6.151496827823452662e+01 1.814999193540577238e+01 7.130121284814057603e+00
4.187180379509764627e+00 5.018676029145542827e+01 1.494226508022958555e+01 6.053333192532203810e+00
4.700672009942531204e+00 4.074671869279901415e+01 1.219397168823762279e+01 5.090312292413753603e+00
5.277135289701610610e+00 3.293886580953787302e+01 9.877984802189484270e+00 4.238561593770596936e+00
5.924292698344328478e+00 2.650802460719030407e+01 7.954652055162858559e+00 3.495342541217522747e+00
6.650813755741415534e+00 2.124994729794742909e+01 6.372185737555321694e+00 2.856786139408254321e+00
7.466431161634059954e+00 1.696135927365570950e+01 5.082676020446702303e+00 2.317740524252386525e+00
8.382071177875818790e+00 1.348262120490784177e+01 4.038531454931511000e+00 1.868307936082642895e+00
9.410000000000001918e+00 1.000349835521676667e+01 2.996425999828487896e+00 1.386215238228903912e+00
