1.000000000230258569e-04 5.052818010354282023e+02 2.360457574251737753e+02 1.332521333101308869e+02
1.122634227564673579e-04 5.668715365755209632e+02 2.648182560317378034e+02 1.495031152361841578e+02
1.260307608609534901e-04 6.359443251449444006e+02 2.970865867698893794e+02 1.677316591870777813e+02
1.414864458359461712e-04 7.134009706007489058e+02 3.332714676194538583e+02 1.881767573319680764e+02
1.588375267953347550e-04 8.002480319635366186e+02 3.738428758769433671e+02 2.111056253850695725e+02
1.783164441611049004e-04 8.976102439426261981e+02 4.193257621530905226e+02 2.368169499661284760e+02
2.001841435067871621e-04 1.006743638404600347e+03 4.703059596783695611e+02 2.656442001678113911e+02
2.247335712646909519e-04 1.129051162830154681e+03 5.274372753605066464e+02 2.979595482905389758e+02
2.522935991264941354e-04 1.266099860827656812e+03 5.914490060168634500e+02 3.341777610952855184e+02
2.832334297096662638e-04 1.419640207585010330e+03 6.631546696579553100e+02 3.747608592665689002e+02
3.179675425093897337e-04 1.591628572261405907e+03 7.434616848484660068e+02 4.202226104445911687e+02
3.569612463934728852e-04 1.784248707336935468e+03 8.333813079387094831e+02 4.711338038741279206e+02
4.007369130231864672e-04 1.999936655948957650e+03 9.340397669673455994e+02 5.281270503264330500e+02
4.498809747048478080e-04 2.241399073046853118e+03 1.046687416576351325e+03 5.919020792209959154e+02
5.050517804175268938e-04 2.511628097698833244e+03 1.172706965971978889e+03 6.632296022011815921e+02
5.669884152586394726e-04 2.813909934724335471e+03 1.313618482614362392e+03 7.429550396727472616e+02
6.365206014554368984e-04 3.151808856974465471e+03 1.471075703934949843e+03 8.319981460551125565e+02
7.145798135793877959e-04 3.529173342885485454e+03 1.646868873706212071e+03 9.313551766634109299e+02
8.022117568662883325e-04 3.950086828678097845e+03 1.842905916226044383e+03 1.042092215712474854e+03
9.005903758055168549e-04 4.418853600463881776e+03 2.061204990936129434e+03 1.165339998545984372e+03
1.011033580661806338e-03 4.939902834589292070e+03 2.303851684954421216e+03 1.302273266185087095e+03
1.135020902606864940e-03 5.517799294185062536e+03 2.573001212663739352e+03 1.454111218727876349e+03
1.274213313974418031e-03 6.157166185290882822e+03 2.870838034778213569e+03 1.622096843732234674e+03
1.430475479156914512e-03 6.862597832940943590e+03 3.199530137227504383e+03 1.807468355837230547e+03
1.605900734223756829e-03 7.638513956314905045e+03 3.561147615981453328e+03 2.011410161812586693e+03
1.802839129895710598e-03 8.489011880747597388e+03 3.957605226580723865e+03 2.235018034422997516e+03
2.023928913547812410e-03 9.417635555157894487e+03 4.390554326642280103e+03 2.479230284423250396e+03
2.272131871983379750e-03 1.042716412685253817e+04 4.861286573602576937e+03 2.744781933597424540e+03
2.550773008441800313e-03 1.151928833935548209e+04 5.370585400022997419e+03 3.032121791164379374e+03
2.863585085365514225e-03 1.269428075501663443e+04 5.918573606928157460e+03 3.341325004726751104e+03
3.214758629634808552e-03 1.395053132658900904e+04 6.504501850058596574e+03 3.671972195449665833e+03
3.608998070155939632e-03 1.528412473687126294e+04 7.126538590433494392e+03 4.023032967728197036e+03
4.051584759838999447e-03 1.668823966742430275e+04 7.781483498934441741e+03 4.392705017938236779e+03
4.548447726227339283e-03 1.815260574273574821e+04 8.464539183203210996e+03 4.778277413524818257e+03
5.106243098575769836e-03 1.966275951285930205e+04 9.168982372132129967e+03 5.175939461650916201e+03
5.732443275407110572e-03 2.119939541993859530e+04 9.885835961386306735e+03 5.580622342444850801e+03
6.435437027063155117e-03 2.273751342395715619e+04 1.060346529771893256e+04 5.985788468192357868e+03
7.224641874254610074e-03 2.424586940127548951e+04 1.130732200337406357e+04 6.383248522591859000e+03
8.110630248067678127e-03 2.568623817704307294e+04 1.197959612752709108e+04 6.762950612824597556e+03
9.105271121505569346e-03 2.681165616661194508e+04 1.251425284313182965e+04 7.066674995537866380e+03
1.022188900990466699e-02 2.797059519076539436e+04 1.306120657215743631e+04 7.377059702567461500e+03
1.147544247024383408e-02 2.889049817238219839e+04 1.349512907666856518e+04 7.623271189312800743e+03
1.288272449057868002e-02 2.950847120659890788e+04 1.378717931889337888e+04 7.789168968199482151e+03
1.446258745407916733e-02 2.975894337413901303e+04 1.390731392888084702e+04 7.857920169625213020e+03
1.623619569135818438e-02 2.957729878751543947e+04 1.382588600871220297e+04 7.812868505162487054e+03
1.822730900435978393e-02 2.891081825810427108e+04 1.351881980674096849e+04 7.640528584959532054e+03
2.046260095998037737e-02 2.772706140699573734e+04 1.297142907104668666e+04 7.332728079384948614e+03
2.297201621738221775e-02 2.603332936295840773e+04 1.218725604352704249e+04 6.891496572448675579e+03
2.578917167586586637e-02 2.387430699810546139e+04 1.118694688423256594e+04 6.328375291088135782e+03
2.895180681720203528e-02 2.136895130336863440e+04 1.002545871733243803e+04 5.674200353775739131e+03
3.250228927534733192e-02 1.871567248243142240e+04 8.789323142321543855e+03 4.976562945091874099e+03
3.648818240631140908e-02 1.618741587803471339e+04 7.597701857220983584e+03 4.301093544900713823e+03
4.096288246151627566e-02 1.396835736070571511e+04 6.557713833336436437e+03 3.712861135757841112e+03
4.598633390041809155e-02 1.220844947196441717e+04 5.745994037433541052e+03 3.256473687392075135e+03
5.162583242493973962e-02 1.109214270374771149e+04 5.208835803436754759e+03 2.949356656184007988e+03
5.795692649341043640e-02 1.030049324728872125e+04 4.846242106942920145e+03 2.746083604687588831e+03
6.506442939097074885e-02 9.664962752299508793e+03 4.534488986083109921e+03 2.566573343170558474e+03
7.304355541444980393e-02 8.519103504697937751e+03 4.021031918432940074e+03 2.281068298121664156e+03
8.200119539239680844e-02 7.073022296615868981e+03 3.315281592815531440e+03 1.875452987126707740e+03
9.205734862752627812e-02 5.529916085451338404e+03 2.564059280844991008e+03 1.444116014139134904e+03
1.033467304443183715e-01 4.594673147038772186e+03 2.086817572488550923e+03 1.164151057988798129e+03
1.160205768769771578e-01 4.054732853415963291e+03 1.859524176956248539e+03 1.042921120333101044e+03
1.302486706739022226e-01 3.674086249836634124e+03 1.691643676532524523e+03 9.501933291903574172e+02
1.462216157596530064e-01 3.025308481285252128e+03 1.355966612816718225e+03 7.510423253244268835e+02
1.641533906237988560e-01 2.419950299158260805e+03 1.054262580684466457e+03 5.756803469480385047e+02
1.842842148426375448e-01 2.158114497120422129e+03 9.433042928882333626e+02 5.164951497669761693e+02
2.068837671345900298e-01 1.797398898356847440e+03 7.688941093183148041e+02 4.174868774037643107e+02
2.322547980593316352e-01 1.540307906181920998e+03 6.321907569613986198e+02 3.342112035388630602e+02
2.607371857574901086e-01 1.318380627694735495e+03 5.363629798577881047e+02 2.838064747478966865e+02
2.927124890628471365e-01 1.130485377994768214e+03 4.389093655163379140e+02 2.259060147508993737e+02
3.286090589819373742e-01 9.736345047383565543e+02 3.715178168456253616e+02 1.895255815989457915e+02
3.689077770159973624e-01 8.499484047466081620e+02 3.106077218854251214e+02 1.543519950649345844e+02
4.141484971975938345e-01 7.404215934459050459e+02 2.603438869892123648e+02 1.269008211846375787e+02
4.649372781414354283e-01 6.529236017243605374e+02 2.219671177663985020e+02 1.052736204656919199e+02
5.219545019921476570e-01 5.727853989289098990e+02 1.878540370832668600e+02 8.700677290504387429e+01
5.859639890329354506e-01 5.094175725082249073e+02 1.614374313574759299e+02 7.260677375877676809e+01
6.578232300572349756e-01 4.523855158353857178e+02 1.380369042863815139e+02 6.038606629392776881e+01
7.384948735793578356e-01 4.045995588700085932e+02 1.189612166181029664e+02 5.041599848803393513e+01
8.290596217703356530e-01 3.615594580933286579e+02 1.028757236833216240e+02 4.234867123191836669e+01
9.307307078768926045e-01 3.226661589132520476e+02 8.987989209863029316e+01 3.605402364840733043e+01
1.044870149067508081e+00 2.885957854537915637e+02 7.863690400886200393e+01 3.055096919075894846e+01
1.173006992433692330e+00 2.575440675232540002e+02 6.918915300970897420e+01 2.623686306583445926e+01
1.316857798575541416e+00 2.278116635534888985e+02 6.061957102107507467e+01 2.250311427414355592e+01
1.478349637175967013e+00 2.000641765513223618e+02 5.326285878607558999e+01 1.946886407065769475e+01
1.659645902619409696e+00 1.748433186035861127e+02 4.681849613245064745e+01 1.685848080005764515e+01
1.863175295489004624e+00 1.512987086952267646e+02 4.095308820515641202e+01 1.465873580202840287e+01
2.091664358187257822e+00 1.298528000073440296e+02 3.560809547111360729e+01 1.274806344669178948e+01
2.348174000537423645e+00 1.103177361110720511e+02 3.078673698990640162e+01 1.109192798654149037e+01
2.636140504673786467e+00 9.287120939950568754e+01 2.638696528481150594e+01 9.642202046099070500e+00
2.959421558534973240e+00 7.754922365763762571e+01 2.239610004877990690e+01 8.344232812820077783e+00
3.322347934639153344e+00 6.430065071803279864e+01 1.883432218412155734e+01 7.185792938079884173e+00
3.729781506445900785e+00 5.297531963600815175e+01 1.567876519116671119e+01 6.147971161672622031e+00
4.187180379509764627e+00 4.338235117783359840e+01 1.292859680372388986e+01 5.214281591870879140e+00
4.700672009942531204e+00 3.534267377922284226e+01 1.056322927379625831e+01 4.382467538921152261e+00
5.277135289701610610e+00 2.864814393459005970e+01 8.566684728256367620e+00 3.647927404688104946e+00
5.924292698344328478e+00 2.311314991924622930e+01 6.902409798249727224e+00 3.008167370551167341e+00
6.650813755741415534e+00 1.856517888150209572e+01 5.531088084429041984e+00 2.458007045636780408e+00
7.466431161634059954e+00 1.484672514771027885e+01 4.411025739684776070e+00 1.993189138013611306e+00
8.382071177875818790e+00 1.182185459928991556e+01 3.504527645372880862e+00 1.606409842366054441e+00
9.410000000000001918e+00 8.759743277732386701e+00 2.596799492475427407e+00 1.190331831378148575e+00
