1.000000000230258569e-04 4.983035893545090289e+02 2.335752436957983207e+02 1.350520932264102214e+02
1.122634227564673579e-04 5.569476679682227314e+02 2.609304162854270430e+02 1.508382308040241639e+02
1.260307608609534901e-04 6.225992593027194744e+02 2.915096229916355242e+02 1.684740262675013582e+02
1.414864458359461712e-04 6.961224197189629876e+02 3.256985993314244183e+02 1.881774530182054832e+02
1.588375267953347550e-04 7.784873281565497791e+02 3.639298527532030789e+02 2.101922856236314487e+02
1.783164441611049004e-04 8.707815054844712677e+02 4.066879384025089053e+02 2.347910460722644928e+02
2.001841435067871621e-04 9.742084666305349856e+02 4.545133820361954804e+02 2.622777810938138146e+02
2.247335712646909519e-04 1.090097659186939836e+03 5.080083424452749910e+02 2.929914453404312553e+02
2.522935991264941354e-04 1.219877584875426237e+03 5.678359562541240848e+02 3.273077679989578996e+02
2.832334297096662638e-04 1.365082627495905626e+03 6.347255443658125387e+02 3.656427749026141782e+02
3.179675425093897337e-04 1.527288939480839872e+03 7.094616444371914667e+02 4.084516273016134846e+02
3.569612463934728852e-04 1.708121411304078947e+03 7.928885373294701822e+02 4.562318998351731807e+02
4.007369130231864672e-04 1.909176814947612684e+03 8.858868631742889193e+02 5.095169221387872653e+02
4.498809747048478080e-04 2.132039849791015058e+03 9.893795362018942114e+02 5.688789704121293198e+02
5.050517804175268938e-04 2.378282724528198742e+03 1.104310230853162466e+03 6.349180389154457771e+02
5.669884152586394726e-04 2.649486039131202688e+03 1.231652657825572078e+03 7.082658827797511094e+02
6.365206014554368984e-04 2.947412121916178421e+03 1.372423999662716142e+03 7.895793268470230259e+02
7.145798135793877959e-04 3.273987268082948503e+03 1.527689490514599356e+03 8.795440928645521126e+02
8.022117568662883325e-04 3.631596640980649227e+03 1.698626184532588468e+03 9.788843306979622412e+02
9.005903758055168549e-04 4.022981039209421397e+03 1.886504490873697023e+03 1.088360017324624550e+03
1.011033580661806338e-03 4.451398667634615776e+03 2.092755037302114943e+03 1.208788255304005361e+03
1.135020902606864940e-03 4.920474485004915550e+03 2.318916190983221895e+03 1.341023709031542467e+03
1.274213313974418031e-03 5.433974884291294075e+03 2.566601224495865154e+03 1.485953135256234418e+03
1.430475479156914512e-03 5.995780450373452368e+03 2.837457375358187164e+03 1.644469798495156510e+03
1.605900734223756829e-03 6.609408691089371132e+03 3.133025769425801627e+03 1.817422187612534344e+03
1.802839129895710598e-03 7.278053116822403354e+03 3.454709847688970967e+03 2.005579266991355098e+03
2.023928913547812410e-03 8.003970766608841586e+03 3.803534415665300003e+03 2.209508966796240202e+03
2.272131871983379750e-03 8.788584243812012573e+03 4.180152195342897357e+03 2.429569896153627269e+03
2.550773008441800313e-03 9.632023065358676831e+03 4.584624072657978104e+03 2.665793190999632770e+03
2.863585085365514225e-03 1.053306401173649283e+04 5.016383832482881189e+03 2.917852392315068755e+03
3.214758629634808552e-03 1.148872395453872559e+04 5.474027719943249394e+03 3.184935236772847929e+03
3.608998070155939632e-03 1.249408463199492144e+04 5.955236518203004380e+03 3.465700332230552704e+03
4.051584759838999447e-03 1.354189104519621833e+04 6.456557875225795215e+03 3.758144797090760676e+03
4.548447726227339283e-03 1.462230977605370026e+04 6.973315962876128651e+03 4.059552048856370675e+03
5.106243098575769836e-03 1.572244116135874356e+04 7.499376795309191039e+03 4.366343344074696688e+03
5.732443275407110572e-03 1.682605873661024452e+04 8.027029139090147510e+03 4.674027862812265084e+03
6.435437027063155117e-03 1.791284659213960913e+04 8.546611762008409642e+03 4.977002367629525907e+03
7.224641874254610074e-03 1.895850283146811125e+04 9.046563427233226321e+03 5.268559145205950699e+03
8.110630248067678127e-03 1.993389677172364100e+04 9.513003724751131813e+03 5.540622253985569841e+03
9.105271121505569346e-03 2.064289268239149169e+04 9.856620587244837225e+03 5.741960695938268145e+03
1.022188900990466699e-02 2.138305984216195066e+04 1.021418470605741823e+04 5.951506436371074415e+03
1.147544247024383408e-02 2.193088912777955557e+04 1.047876847430654561e+04 6.106598270828314526e+03
1.288272449057868002e-02 2.224394439178562970e+04 1.063042747727554706e+04 6.195691414383996744e+03
1.446258745407916733e-02 2.228125057025435308e+04 1.064999237825177443e+04 6.207717738669256505e+03
1.623619569135818438e-02 2.200403081655213464e+04 1.051937871615840595e+04 6.132264007321498866e+03
1.822730900435978393e-02 2.138387109228670670e+04 1.022539101709052011e+04 5.961732824047378017e+03
2.046260095998037737e-02 2.040595070157265582e+04 9.761167731692448797e+03 5.692141127941117702e+03
2.297201621738221775e-02 1.908320408739502091e+04 9.132962834078161904e+03 5.327127239264843411e+03
2.578917167586586637e-02 1.745734238057569382e+04 8.360515560387817459e+03 4.878123069834882699e+03
2.895180681720203528e-02 1.561329740392316307e+04 7.483924025608391275e+03 4.368339891503103900e+03
3.250228927534733192e-02 1.369160284596841302e+04 6.567097111605065038e+03 3.834320612864101804e+03
3.648818240631140908e-02 1.185890743828920495e+04 5.685400380339578078e+03 3.319129087401714969e+03
4.096288246151627566e-02 1.025588806261965328e+04 4.917644407535606661e+03 2.871238619774678682e+03
4.598633390041809155e-02 8.979784818431069652e+03 4.313542804498819351e+03 2.520300482377208482e+03
5.162583242493973962e-02 8.123627670155591659e+03 3.894950936939513213e+03 2.274118413963706189e+03
5.795692649341043640e-02 7.488259056906913429e+03 3.594409140579724408e+03 2.099597870309492009e+03
6.506442939097074885e-02 6.936968156895663014e+03 3.321366949811162158e+03 1.938182658811286274e+03
7.304355541444980393e-02 6.070545787690200996e+03 2.917683639001123538e+03 1.705048776288957470e+03
8.200119539239680844e-02 5.009222779891323626e+03 2.394107258564514268e+03 1.395938362122263470e+03
9.205734862752627812e-02 3.920700961383949561e+03 1.859377386555650673e+03 1.080718230608629710e+03
1.033467304443183715e-01 3.248635077167215968e+03 1.516517199910581212e+03 8.753056615146878130e+02
1.160205768769771578e-01 2.854966557871095119e+03 1.343134717324390294e+03 7.782127405494256891e+02
1.302486706739022226e-01 2.550456507631790828e+03 1.200212019211621964e+03 6.953192374824540138e+02
1.462216157596530064e-01 2.069271521869599383e+03 9.519557439137760184e+02 5.454193651140758448e+02
1.641533906237988560e-01 1.645518725403086592e+03 7.417795261431263043e+02 4.209877029093421470e+02
1.842842148426375448e-01 1.458395295540937695e+03 6.568183925819452043e+02 3.727277442930233065e+02
2.068837671345900298e-01 1.189972127005360107e+03 5.273910283033930000e+02 2.973963978868835625e+02
2.322547980593316352e-01 1.005024480773062805e+03 4.294293362192718746e+02 2.373905117775663030e+02
2.607371857574901086e-01 8.509977670479846665e+02 3.603121270922949861e+02 1.988202504066344147e+02
2.927124890628471365e-01 7.120166265140221640e+02 2.900796376009895994e+02 1.569727338062945705e+02
3.286090589819373742e-01 6.064999165074422081e+02 2.428050393135436593e+02 1.299438924289668478e+02
3.689077770159973624e-01 5.185064211449731602e+02 1.994658732908497427e+02 1.045576291359825376e+02
4.141484971975938345e-01 4.418267687288616798e+02 1.644370068253163879e+02 8.483649085180162785e+01
4.649372781414354283e-01 3.841094947955228349e+02 1.376166922155603913e+02 6.922446837362586791e+01
5.219545019921476570e-01 3.314042192258073669e+02 1.144561760252446732e+02 5.634650458391664785e+01
5.859639890329354506e-01 2.900578329432730698e+02 9.641648509135703193e+01 4.623511462526300875e+01
6.578232300572349756e-01 2.539220030258753980e+02 8.091227843949347687e+01 3.775452575839502600e+01
7.384948735793578356e-01 2.241895264303850297e+02 6.823706204075260473e+01 3.093768835306974552e+01
8.290596217703356530e-01 1.987474940374753203e+02 5.787969071565765944e+01 2.550340787556546118e+01
9.307307078768926045e-01 1.764918293612715843e+02 4.979694897193150638e+01 2.125234273097900228e+01
1.044870149067508081e+00 1.573734096266265681e+02 4.276248404179209928e+01 1.765704883462763775e+01
1.173006992433692330e+00 1.409477960564243517e+02 3.711156890550851273e+01 1.485554999178356006e+01
1.316857798575541416e+00 1.252538965473264625e+02 3.214604779999332607e+01 1.248541163985934865e+01
1.478349637175967013e+00 1.112732676629740354e+02 2.808582238782285145e+01 1.058911639169317453e+01
1.659645902619409696e+00 9.837762743060008575e+01 2.455825129883194435e+01 9.009010584525377396e+00
1.863175295489004624e+00 8.644943111546538717e+01 2.149973478102486624e+01 7.706480624786726352e+00
2.091664358187257822e+00 7.536320494942728487e+01 1.879042232387852351e+01 6.625251504136298486e+00
2.348174000537423645e+00 6.507873344647467206e+01 1.641699455485975889e+01 5.700906023639728204e+00
2.636140504673786467e+00 5.566297429633683436e+01 1.426217189217432413e+01 4.933974247134226943e+00
2.959421558534973240e+00 4.715515503997891500e+01 1.230674553427740925e+01 4.266737054433510146e+00
3.322347934639153344e+00 3.960045022522047731e+01 1.055028513845368110e+01 3.690846386151844793e+00
3.729781506445900785e+00 3.297825454930671185e+01 8.957972003068066513e+00 3.184264496717788440e+00
4.187180379509764627e+00 2.726684235661814526e+01 7.537169687678765939e+00 2.733007696189752700e+00
4.700672009942531204e+00 2.238877503028011873e+01 6.278088078590216448e+00 2.333372736276172699e+00
5.277135289701610610e+00 1.827982722995233900e+01 5.178663870239743616e+00 1.976504406794370228e+00
5.924292698344328478e+00 1.484416531421155838e+01 4.233323823689625343e+00 1.661023948633812752e+00
6.650813755741415534e+00 1.199579509890573448e+01 3.433636806996361646e+00 1.383105123713772588e+00
7.466431161634059954e+00 9.650821984752468552e+00 2.766858170437342501e+00 1.142141863183804062e+00
8.382071177875818790e+00 7.728891060194397866e+00 2.217908175692666628e+00 9.361420193624891972e-01
9.410000000000001918e+00 5.698559148353547599e+00 1.635288146760220052e+00 6.902317781959907972e-01
