1.000000000230258569e-04 5.790786209756173548e+02 2.584268449941164363e+02 1.403743139309026446e+02
1.122634227564673579e-04 6.480990750461490961e+02 2.895233558035606620e+02 1.572971182326556914e+02
1.260307608609534901e-04 7.251426768100689060e+02 3.243376112399241151e+02 1.762546301537142028e+02
1.414864458359461712e-04 8.110871180540995056e+02 3.633062384123275592e+02 1.974894715381468870e+02
1.588375267953347550e-04 9.068990095530909912e+02 4.069150679898051521e+02 2.212724761199480668e+02
1.783164441611049004e-04 1.013652188142993054e+03 4.557049594409277233e+02 2.479058189338653335e+02
2.001841435067871621e-04 1.132548616984970749e+03 5.102779321429483161e+02 2.777263397496308812e+02
2.247335712646909519e-04 1.264955001023015939e+03 5.713053960781668366e+02 3.111093405921579915e+02
2.522935991264941354e-04 1.412450603748183312e+03 6.395372273231948839e+02 3.484725749882391597e+02
2.832334297096662638e-04 1.576884137853117863e+03 7.158134712485144746e+02 3.902808340157627072e+02
3.179675425093897337e-04 1.760458750221622950e+03 8.010782071892681415e+02 4.370507418186230666e+02
3.569612463934728852e-04 1.965779908354927784e+03 8.963932019859358888e+02 4.893559762297807652e+02
4.007369130231864672e-04 2.195954481050402592e+03 1.002955973367267802e+03 5.478327470912073522e+02
4.498809747048478080e-04 2.454567684202960208e+03 1.122107607501452321e+03 6.131845109979641393e+02
5.050517804175268938e-04 2.745718849285593024e+03 1.255346933365769701e+03 6.861869279666474313e+02
5.669884152586394726e-04 3.073908470841065537e+03 1.404323145724754113e+03 7.676896644547108508e+02
6.365206014554368984e-04 3.443928214793655570e+03 1.570831702870424579e+03 8.586178772000570234e+02
7.145798135793877959e-04 3.860761452344092959e+03 1.756797248636385348e+03 9.599695772647542071e+02
8.022117568662883325e-04 4.329352266108794538e+03 1.964245607600761105e+03 1.072810472212164996e+03
9.005903758055168549e-04 4.854644313467420034e+03 2.195295886632155089e+03 1.198268731536653604e+03
1.011033580661806338e-03 5.441374783506541462e+03 2.452121079014641055e+03 1.337522716894657378e+03
1.135020902606864940e-03 6.094192248675196424e+03 2.736938631417645411e+03 1.491788960178269917e+03
1.274213313974418031e-03 6.817572717053069937e+03 3.051966012968704490e+03 1.662300864195667828e+03
1.430475479156914512e-03 7.615917603707373019e+03 3.399413528622253580e+03 1.850296079569815902e+03
1.605900734223756829e-03 8.493580530675117188e+03 3.781441822991573190e+03 2.056988618555610174e+03
1.802839129895710598e-03 9.454619113076420035e+03 4.200064536011565906e+03 2.283508969868323675e+03
2.023928913547812410e-03 1.050270231390775189e+04 4.657058464117098083e+03 2.530845776601125181e+03
2.272131871983379750e-03 1.164076387364763286e+04 5.153843514050831800e+03 2.799790743496574578e+03
2.550773008441800313e-03 1.287076806646145087e+04 5.691351294721767772e+03 3.090863825656606878e+03
2.863585085365514225e-03 1.419315857442400011e+04 6.269827540635486912e+03 3.404206486502624557e+03
3.214758629634808552e-03 1.560642885199090233e+04 6.888639776248865019e+03 3.739474625032378754e+03
3.608998070155939632e-03 1.710652787663691925e+04 7.546007713616434557e+03 4.095710452324851758e+03
4.051584759838999447e-03 1.868630963836916635e+04 8.238755713649412428e+03 4.471212548942493413e+03
4.548447726227339283e-03 2.033473461959909400e+04 8.961999029753080322e+03 4.863329840334194159e+03
5.106243098575769836e-03 2.203624527858047077e+04 9.708880125172197950e+03 5.268309325635085770e+03
5.732443275407110572e-03 2.377003209481272643e+04 1.047021533466075743e+04 5.681143513405927479e+03
6.435437027063155117e-03 2.550952684298236636e+04 1.123427384519987936e+04 6.095458951178595271e+03
7.224641874254610074e-03 2.722106708240187800e+04 1.198626212655232302e+04 6.503252144061271792e+03
8.110630248067678127e-03 2.886363687719214795e+04 1.270821942308621510e+04 6.894835715678914312e+03
9.105271121505569346e-03 3.015736392353038173e+04 1.329250380406002660e+04 7.214109599259882998e+03
1.022188900990466699e-02 3.149751059889529279e+04 1.388852307553855098e+04 7.539045151747794080e+03
1.147544247024383408e-02 3.258431012322356764e+04 1.437126022792930416e+04 7.802030339864710186e+03
1.288272449057868002e-02 3.334887579326478590e+04 1.471107427436904982e+04 7.987153351723823107e+03
1.446258745407916733e-02 3.371859034361816157e+04 1.487673795796162085e+04 8.077655768155775149e+03
1.623619569135818438e-02 3.362382437299883168e+04 1.483831410802229584e+04 8.057473727326692824e+03
1.822730900435978393e-02 3.300591596930097876e+04 1.457068119315383228e+04 7.913159363333365036e+03
2.046260095998037737e-02 3.182811505665602817e+04 1.405820440927230811e+04 7.636380274432496662e+03
2.297201621738221775e-02 3.009576695026329617e+04 1.330344508746472275e+04 7.228597358807464843e+03
2.578917167586586637e-02 2.785136698369677470e+04 1.232509622249850509e+04 6.699881560216960679e+03
2.895180681720203528e-02 2.521898697811319289e+04 1.117735137969971947e+04 6.079434427361662529e+03
3.250228927534733192e-02 2.240609548243818790e+04 9.943451898241066374e+03 5.410825011515861661e+03
3.648818240631140908e-02 1.971616102716486785e+04 8.745248715306894155e+03 4.757964941234653452e+03
4.096288246151627566e-02 1.730629942457707875e+04 7.680295205297461507e+03 4.179498394655827724e+03
4.598633390041809155e-02 1.532807942854859903e+04 6.825061611716445441e+03 3.718688262104441947e+03
5.162583242493973962e-02 1.402515339032371958e+04 6.230286812069354710e+03 3.391384824780334384e+03
5.795692649341043640e-02 1.296476620302296396e+04 5.774028747533923706e+03 3.146051430164217891e+03
6.506442939097074885e-02 1.203863069204835119e+04 5.343319376552841277e+03 2.907574772797293917e+03
7.304355541444980393e-02 1.048569263664825849e+04 4.686684893690121498e+03 2.556644350984889570e+03
8.200119539239680844e-02 8.747175658546533668e+03 3.877141797868988306e+03 2.108142243383022560e+03
9.205734862752627812e-02 7.017698867320741556e+03 3.073970194375942356e+03 1.663696451234896358e+03
1.033467304443183715e-01 6.018336280007960340e+03 2.582098729352037026e+03 1.384140948653526038e+03
1.160205768769771578e-01 5.281930179856945870e+03 2.293101231892571377e+03 1.237443956450911401e+03
1.302486706739022226e-01 4.666324777997424462e+03 2.027461107865164422e+03 1.094142841081232973e+03
1.462216157596530064e-01 3.880387898608481009e+03 1.632727455312271104e+03 8.664134368838419960e+02
1.641533906237988560e-01 3.222557697179481693e+03 1.321443092343914941e+03 6.923325234863048081e+02
1.842842148426375448e-01 2.832461987998919085e+03 1.164550789865395473e+03 6.119263712547103751e+02
2.068837671345900298e-01 2.364870021063895365e+03 9.418815906832755900e+02 4.882334010074569051e+02
2.322547980593316352e-01 2.087437805285745526e+03 8.011090959355598216e+02 4.049319996251334715e+02
2.607371857574901086e-01 1.763219652031433725e+03 6.658158484626719655e+02 3.355676529228834397e+02
2.927124890628471365e-01 1.558435511452370065e+03 5.604737165782115653e+02 2.743759494385026301e+02
3.286090589819373742e-01 1.333771970921010961e+03 4.697634010432473701e+02 2.274118850191318302e+02
3.689077770159973624e-01 1.186769561509102004e+03 3.993865269940179132e+02 1.879664279073156194e+02
4.141484971975938345e-01 1.047520964026162574e+03 3.377105123364292467e+02 1.554120104844730861e+02
4.649372781414354283e-01 9.267813049367339318e+02 2.894222326761262707e+02 1.293267675081252719e+02
5.219545019921476570e-01 8.202749967640725117e+02 2.470194214864218907e+02 1.075872763052899188e+02
5.859639890329354506e-01 7.359756408761052171e+02 2.143370377064052832e+02 9.048646094111826699e+01
6.578232300572349756e-01 6.575266236504271546e+02 1.850173862408571210e+02 7.588143751474787280e+01
7.384948735793578356e-01 5.908292827987398823e+02 1.610037677567224250e+02 6.384500045071611396e+01
8.290596217703356530e-01 5.283765760813161023e+02 1.404416793254130198e+02 5.404788380321107866e+01
9.307307078768926045e-01 4.709215939341181070e+02 1.234234987574203188e+02 4.640331171781828346e+01
1.044870149067508081e+00 4.196717524041969796e+02 1.087271289124717271e+02 3.964785741169367839e+01
1.173006992433692330e+00 3.713136426990052996e+02 9.600698930651586238e+01 3.429707157260928341e+01
1.316857798575541416e+00 3.257160693673141623e+02 8.435029310875123087e+01 2.964098270137850477e+01
1.478349637175967013e+00 2.824470330101124205e+02 7.406113810169516398e+01 2.581381760922942092e+01
1.659645902619409696e+00 2.435953566459947410e+02 6.497131290049291863e+01 2.247725767979570577e+01
1.863175295489004624e+00 2.077034973924716610e+02 5.657415060928913420e+01 1.962399760693689643e+01
2.091664358187257822e+00 1.756678829033862996e+02 4.883317923979046071e+01 1.710168716848595949e+01
2.348174000537423645e+00 1.470076345417024299e+02 4.181920536743825778e+01 1.489683233674199236e+01
2.636140504673786467e+00 1.221243134918355508e+02 3.543199457991011059e+01 1.292647422407068269e+01
2.959421558534973240e+00 1.006766419361681955e+02 2.972132675883184305e+01 1.114626607931151270e+01
3.322347934639153344e+00 8.253272822301013889e+01 2.466904422601270497e+01 9.545644252007120301e+00
3.729781506445900785e+00 6.729538323761408947e+01 2.027680569438611258e+01 8.108909876999337740e+00
4.187180379509764627e+00 5.460801957300195397e+01 1.651942562690481253e+01 6.821886772784033326e+00
4.700672009942531204e+00 4.412716599501639791e+01 1.334646303327484951e+01 5.679856880212195591e+00
5.277135289701610610e+00 3.549016648636059301e+01 1.071594028140308907e+01 4.682708531086952952e+00
5.924292698344328478e+00 2.842433545458225197e+01 8.559362895017665451e+00 3.823967400341377054e+00
6.650813755741415534e+00 2.267793770442807499e+01 6.808063272871490490e+00 3.095648649948502307e+00
7.466431161634059954e+00 1.801352507836353212e+01 5.393204973481945608e+00 2.488503308948756931e+00
8.382071177875818790e+00 1.425100840098969002e+01 4.258813831740371647e+00 1.989328865084054376e+00
9.410000000000001918e+00 1.055235629888365878e+01 3.153518425217906263e+00 1.473044313673057104e+00
