1.000000000230258569e-04 2.412940930261947017e+02 1.024345913196204378e+02 5.735624564565135586e+01
1.122634227564673579e-04 2.708103890238719487e+02 1.149204713777350406e+02 6.433854493407491759e+01
1.260307608609534901e-04 3.039779732960835759e+02 1.289350789208487242e+02 7.217239236992074325e+01
1.414864458359461712e-04 3.412605688166133859e+02 1.446678362682201850e+02 8.096216888904230302e+01
1.588375267953347550e-04 3.831827330928857123e+02 1.623321231132876221e+02 9.082517071245730733e+01
1.783164441611049004e-04 4.303360997919457418e+02 1.821682619238185623e+02 1.018932105223090616e+02
2.001841435067871621e-04 4.833873819187460299e+02 2.044468139713275718e+02 1.143143872373020002e+02
2.247335712646909519e-04 5.430800231696312039e+02 2.294715044163818334e+02 1.282549111975997960e+02
2.522935991264941354e-04 6.102423938066748406e+02 2.575830670044894077e+02 1.439012488064644231e+02
2.832334297096662638e-04 6.857768516227816917e+02 2.891605849386320983e+02 1.614618092998140071e+02
3.179675425093897337e-04 7.706668905190283567e+02 3.246255842562458156e+02 1.811694030765013110e+02
3.569612463934728852e-04 8.659474562969973022e+02 3.644391956406963118e+02 2.032819346849730664e+02
4.007369130231864672e-04 9.727114822253099646e+02 4.091062298010888298e+02 2.280850302300032979e+02
4.498809747048478080e-04 1.092075268784156151e+03 4.591668420993658515e+02 2.558905909211609924e+02
5.050517804175268938e-04 1.225187234659293836e+03 5.152010133947169379e+02 2.870395548879465082e+02
5.669884152586394726e-04 1.373238582581249602e+03 5.778208834780745065e+02 3.218984983878922321e+02
6.365206014554368984e-04 1.537471767200075874e+03 6.476761076075056280e+02 3.608626932609095093e+02
7.145798135793877959e-04 1.719288969393156094e+03 7.254625298233083868e+02 4.043545303924487371e+02
8.022117568662883325e-04 1.920244549092388752e+03 8.119263438371267512e+02 4.528268292602637075e+02
9.005903758055168549e-04 2.142222063806129427e+03 9.079003237012622094e+02 5.067700020481585170e+02
1.011033580661806338e-03 2.387391861799272192e+03 1.014298511938548017e+03 5.667123662923945631e+02
1.135020902606864940e-03 2.658297853031860996e+03 1.132153362745177446e+03 6.332319512529431904e+02
1.274213313974418031e-03 2.957821813575733358e+03 1.262604415453934962e+03 7.069539301251974166e+02
1.430475479156914512e-03 3.289084320910547831e+03 1.406902798412012771e+03 7.885593185579660940e+02
1.605900734223756829e-03 3.655458332057336065e+03 1.566397937542532190e+03 8.787761416140775736e+02
1.802839129895710598e-03 4.060309605639575238e+03 1.742475551842274399e+03 9.783607354352608354e+02
2.023928913547812410e-03 4.507052139763919513e+03 1.936553531226898031e+03 1.088087397196122765e+03
2.272131871983379750e-03 4.998824802007375183e+03 2.149964070938604436e+03 1.208692351428172060e+03
2.550773008441800313e-03 5.538547085953314308e+03 2.383960217026071405e+03 1.340871004956301476e+03
2.863585085365514225e-03 6.128655490659143652e+03 2.639595977492284419e+03 1.485214449835418463e+03
3.214758629634808552e-03 6.771053700016238508e+03 2.917705489106191180e+03 1.642194043984091422e+03
3.608998070155939632e-03 7.466830847367197748e+03 3.218769406531341247e+03 1.812082701139501751e+03
4.051584759838999447e-03 8.216116065490279652e+03 3.542858974169913836e+03 1.994925011453902471e+03
4.548447726227339283e-03 9.017729228234135007e+03 3.889471225640102602e+03 2.190441603558181669e+03
5.106243098575769836e-03 9.868954422875713135e+03 4.257443402259014874e+03 2.397981578826860641e+03
5.732443275407110572e-03 1.076504740998262241e+04 4.644737682646392386e+03 2.616394466553183520e+03
6.435437027063155117e-03 1.169895353818217700e+04 5.048323818357524942e+03 2.843972326789525596e+03
7.224641874254610074e-03 1.266055017651734670e+04 5.463846405996543581e+03 3.078270598800997504e+03
8.110630248067678127e-03 1.363643760719196689e+04 5.885538277759386801e+03 3.316051783631723083e+03
9.105271121505569346e-03 1.458058018820523830e+04 6.298786105765107095e+03 3.549789572523601692e+03
1.022188900990466699e-02 1.550730729667104970e+04 6.703000837179110022e+03 3.778548220689604932e+03
1.147544247024383408e-02 1.637880455498426272e+04 7.082385874936402615e+03 3.993090665901984721e+03
1.288272449057868002e-02 1.716393407241752720e+04 7.423899222050176832e+03 4.186158004272147991e+03
1.446258745407916733e-02 1.782614624547047060e+04 7.712284441739568138e+03 4.349265890737083282e+03
1.623619569135818438e-02 1.832629032094217473e+04 7.931262030988094011e+03 4.473378015363339728e+03
1.822730900435978393e-02 1.862318407129864136e+04 8.063723659102050078e+03 4.549010868997212128e+03
2.046260095998037737e-02 1.867888277826384729e+04 8.093897136137797133e+03 4.567416976782554229e+03
2.297201621738221775e-02 1.846154827607613697e+04 8.008411851917697277e+03 4.521131873303364046e+03
2.578917167586586637e-02 1.795004644854326762e+04 7.797760183872809648e+03 4.404654168800557272e+03
2.895180681720203528e-02 1.714608955484532635e+04 7.461689598628439853e+03 4.217555934844323019e+03
3.250228927534733192e-02 1.609975146539427078e+04 7.018423574482128970e+03 3.969509637650912282e+03
3.648818240631140908e-02 1.491956921531295120e+04 6.509974056297476636e+03 3.683458868396472553e+03
4.096288246151627566e-02 1.367185179132825579e+04 5.975968458683646531e+03 3.383675869767938366e+03
4.598633390041809155e-02 1.246799427401470894e+04 5.467835866905888906e+03 3.099594492411402825e+03
5.162583242493973962e-02 1.149022343960313083e+04 5.037137813312031540e+03 2.855323745901836446e+03
5.795692649341043640e-02 1.062658858682424034e+04 4.672459050958472289e+03 2.651539239645171619e+03
6.506442939097074885e-02 9.922946239686860281e+03 4.359947285311322958e+03 2.473948145700273471e+03
7.304355541444980393e-02 9.017325213430374788e+03 3.988295293440072328e+03 2.268306076403039242e+03
8.200119539239680844e-02 7.999567951214302411e+03 3.537103493843683736e+03 2.011698928926321742e+03
9.205734862752627812e-02 6.804047125683388003e+03 3.002376299352377828e+03 1.706945310355630909e+03
1.033467304443183715e-01 5.819912125889636627e+03 2.535132263527807481e+03 1.434104435589828199e+03
1.160205768769771578e-01 4.987351937962875127e+03 2.180930451195963997e+03 1.236359916583167887e+03
1.302486706739022226e-01 4.494052440918837419e+03 1.963200302155230474e+03 1.112558643447077429e+03
1.462216157596530064e-01 3.942683685296213298e+03 1.707523967857802745e+03 9.636990797728241205e+02
1.641533906237988560e-01 3.282421383810857606e+03 1.395759268007769606e+03 7.816831511401521766e+02
1.842842148426375448e-01 2.846579053317056150e+03 1.192624577199059104e+03 6.632990417948478807e+02
2.068837671345900298e-01 2.471781335197018507e+03 1.028122500012880892e+03 5.717504656678613628e+02
2.322547980593316352e-01 2.163670413482593631e+03 8.663507566402856810e+02 4.718164938556084849e+02
2.607371857574901086e-01 1.861908326526211113e+03 7.346095263467695986e+02 3.978603476150107099e+02
2.927124890628471365e-01 1.641667554280352761e+03 6.229356899659493365e+02 3.317412528045441036e+02
3.286090589819373742e-01 1.429002405335188087e+03 5.323955632987253921e+02 2.796321856822033283e+02
3.689077770159973624e-01 1.269668166611873175e+03 4.539293156803281022e+02 2.330779907324718181e+02
4.141484971975938345e-01 1.128599106694976626e+03 3.896368796129909242e+02 1.968059802074575373e+02
4.649372781414354283e-01 1.008259638202251040e+03 3.367881687551561640e+02 1.658224577690430124e+02
5.219545019921476570e-01 9.033679474242302376e+02 2.912709183877734063e+02 1.402324581419933907e+02
5.859639890329354506e-01 8.094112546722022898e+02 2.542266377213078385e+02 1.194309003919038474e+02
6.578232300572349756e-01 7.304586918390405117e+02 2.222102649674999668e+02 1.017477712429837027e+02
7.384948735793578356e-01 6.590034692556382652e+02 1.951416342603364455e+02 8.691729331851163920e+01
8.290596217703356530e-01 5.953038111331591153e+02 1.716303728174461298e+02 7.470694909091012903e+01
9.307307078768926045e-01 5.352394944389861848e+02 1.521830226308408101e+02 6.499859974161134346e+01
1.044870149067508081e+00 4.813287518743924807e+02 1.357040674632297339e+02 5.644750239345678011e+01
1.173006992433692330e+00 4.282952505657762572e+02 1.205950770723200947e+02 4.939731009600617995e+01
1.316857798575541416e+00 3.788678667263419015e+02 1.071603007147335234e+02 4.333635812193894310e+01
1.478349637175967013e+00 3.318503888437624596e+02 9.489492208513809146e+01 3.823346124759881803e+01
1.659645902619409696e+00 2.888622843270649128e+02 8.379232834222170823e+01 3.364489965930545878e+01
1.863175295489004624e+00 2.489226741163023178e+02 7.358563755042683852e+01 2.961622592465107573e+01
2.091664358187257822e+00 2.126727173686475965e+02 6.405179371232537733e+01 2.604784368564518715e+01
2.348174000537423645e+00 1.800919853564704454e+02 5.514665475814865658e+01 2.282465875607314132e+01
2.636140504673786467e+00 1.512482260710553135e+02 4.716899781944122338e+01 1.990471724849555812e+01
2.959421558534973240e+00 1.261883111874254837e+02 3.987703587908960401e+01 1.721218953977837174e+01
3.322347934639153344e+00 1.046816220766542642e+02 3.341099767155482425e+01 1.476625702807871932e+01
3.729781506445900785e+00 8.637090481761477179e+01 2.772167733039465531e+01 1.255391644592332767e+01
4.187180379509764627e+00 7.090610998958597122e+01 2.281421596711345146e+01 1.057040186599394715e+01
4.700672009942531204e+00 5.795074785569737941e+01 1.863739749382477839e+01 8.805095510636480327e+00
5.277135289701610610e+00 4.714518938290802907e+01 1.513177661557163134e+01 7.267292616159728880e+00
5.924292698344328478e+00 3.819835662751577843e+01 1.222202360226332729e+01 5.944845621184495776e+00
6.650813755741415534e+00 3.080679297020219920e+01 9.827930352679098647e+00 4.826885671223056562e+00
7.466431161634059954e+00 2.474520090604681499e+01 7.872770025894089585e+00 3.895937248330797242e+00
8.382071177875818790e+00 1.979237420623178423e+01 6.281778921172578301e+00 3.127548281870303537e+00
9.410000000000001918e+00 1.472402008060558032e+01 4.673180745624302190e+00 2.326671483006024221e+00
