1.000000000230258569e-04 7.026130196378225037e+02 3.107330583919290348e+02 1.671673636928443045e+02
1.122634227564673579e-04 7.845312713049569311e+02 3.474464150179179569e+02 1.869615201188878473e+02
1.260307608609534901e-04 8.756836705493730051e+02 3.884664442041130883e+02 2.090932067794801128e+02
1.414864458359461712e-04 9.770285375220258857e+02 4.342884152680393868e+02 2.338361102224675676e+02
1.588375267953347550e-04 1.089613656046309870e+03 4.854621162679173381e+02 2.614951680368922098e+02
1.783164441611049004e-04 1.214603330420393377e+03 5.425982720460082191e+02 2.924098657126240823e+02
2.001841435067871621e-04 1.353299657706379321e+03 6.063751796957144506e+02 3.269578990498355324e+02
2.247335712646909519e-04 1.507204646704861489e+03 6.775484184639311707e+02 3.655591143559568081e+02
2.522935991264941354e-04 1.678071176325557417e+03 7.569603949379497863e+02 4.086798510566192704e+02
2.832334297096662638e-04 1.868003358011467981e+03 8.455549186210512289e+02 4.568376043535556050e+02
3.179675425093897337e-04 2.079548622345438162e+03 9.443913196494523845e+02 5.106061156328265724e+02
3.569612463934728852e-04 2.315779668718862013e+03 1.054661311495206064e+03 5.706204524246973051e+02
4.007369130231864672e-04 2.580407902290483889e+03 1.177707126983983244e+03 6.375826463417072318e+02
4.498809747048478080e-04 2.877722143686173240e+03 1.315028014903056601e+03 7.122655520449744699e+02
5.050517804175268938e-04 3.212654015456425441e+03 1.468295645077624158e+03 7.955179560433966799e+02
5.669884152586394726e-04 3.590520051066273027e+03 1.639334794968347978e+03 8.882639700638525255e+02
6.365206014554368984e-04 4.016958143757544804e+03 1.830124455935694641e+03 9.915052334442228812e+02
7.145798135793877959e-04 4.497648776904256920e+03 2.042758511031353237e+03 1.106312941037693918e+03
8.022117568662883325e-04 5.038121139410516662e+03 2.279426662722231413e+03 1.233824291080608873e+03
9.005903758055168549e-04 5.643716938052462865e+03 2.542386756121370126e+03 1.375230457696556186e+03
1.011033580661806338e-03 6.319370517714106427e+03 2.833930457947665218e+03 1.531765465040874233e+03
1.135020902606864940e-03 7.069765163367081186e+03 3.156346750281711593e+03 1.704678455504818885e+03
1.274213313974418031e-03 7.899168916309372435e+03 3.511871106726990092e+03 1.895210611001324878e+03
1.430475479156914512e-03 8.811636287803446976e+03 3.902651702491888045e+03 2.104562387295639383e+03
1.605900734223756829e-03 9.810891100752553029e+03 4.330679964699522316e+03 2.333855696405624258e+03
1.802839129895710598e-03 1.090011486696115935e+04 4.797660594048197709e+03 2.584048707008583278e+03
2.023928913547812410e-03 1.208175357269229789e+04 5.304902461674153528e+03 2.855874014612939845e+03
2.272131871983379750e-03 1.335708067450061026e+04 5.853146736398462963e+03 3.149754718553856947e+03
2.550773008441800313e-03 1.472590169808295104e+04 6.442419604670473746e+03 3.465723798360491855e+03
2.863585085365514225e-03 1.618592748439437310e+04 7.071799683622326484e+03 3.803299636874157386e+03
3.214758629634808552e-03 1.773239473486259521e+04 7.739240802744986468e+03 4.161389354037673911e+03
3.608998070155939632e-03 1.935737868461230028e+04 8.441302332108482005e+03 4.538150009591540766e+03
4.051584759838999447e-03 2.104940502800069589e+04 9.172971914427840602e+03 4.930891642176347887e+03
4.548447726227339283e-03 2.279274662995536710e+04 9.927392405307566150e+03 5.335922457227922678e+03
5.106243098575769836e-03 2.456711128563273087e+04 1.069571971884385493e+04 5.748473253175184254e+03
5.732443275407110572e-03 2.634650121615245371e+04 1.146664688946550450e+04 6.162475022896855990e+03
6.435437027063155117e-03 2.809914968058120940e+04 1.222636822740478055e+04 6.570536542056488543e+03
7.224641874254610074e-03 2.978591627922476255e+04 1.295786943219921341e+04 6.963530554851488887e+03
8.110630248067678127e-03 3.136089295164848591e+04 1.364118583691467757e+04 7.330733284933029609e+03
9.105271121505569346e-03 3.247899085250940698e+04 1.414373090921533731e+04 7.603234492654366477e+03
1.022188900990466699e-02 3.366768508162919898e+04 1.466583016949076591e+04 7.885525458750363214e+03
1.147544247024383408e-02 3.454573340867071965e+04 1.505150214698779200e+04 8.094131285956628744e+03
1.288272449057868002e-02 3.504511612475504080e+04 1.527169736155876126e+04 8.213565587497512752e+03
1.446258745407916733e-02 3.509609945909753878e+04 1.529671715898589355e+04 8.228020417442661710e+03
1.623619569135818438e-02 3.463718476631128578e+04 1.510045401273275638e+04 8.123623799703308578e+03
1.822730900435978393e-02 3.362074378782396525e+04 1.466273276470044584e+04 7.889673353756738834e+03
2.046260095998037737e-02 3.202698820747210266e+04 1.397525813931712764e+04 7.521795727541641099e+03
2.297201621738221775e-02 2.988021421072038720e+04 1.304856602139490133e+04 7.025621709926486801e+03
2.578917167586586637e-02 2.724553955414700977e+04 1.191085614856441680e+04 6.416156358221525807e+03
2.895180681720203528e-02 2.427359320686737192e+04 1.062724543976110363e+04 5.728208587156550493e+03
3.250228927534733192e-02 2.118673737685913147e+04 9.286651905987386272e+03 5.008078133691815310e+03
3.648818240631140908e-02 1.830606352011002673e+04 8.018053865351065724e+03 4.323127778590437629e+03
4.096288246151627566e-02 1.578818743250611260e+04 6.917063131184996564e+03 3.730233422064518436e+03
4.598633390041809155e-02 1.378864352960297583e+04 6.060168608226354081e+03 3.272139852120908017e+03
5.162583242493973962e-02 1.251395441684143225e+04 5.485623791117653127e+03 2.958985050615355249e+03
5.795692649341043640e-02 1.154712312008224944e+04 5.074291182633464814e+03 2.739769668201378408e+03
6.506442939097074885e-02 1.073806524948539482e+04 4.702418178591493415e+03 2.535705388321310238e+03
7.304355541444980393e-02 9.338059967933411826e+03 4.118568047323743485e+03 2.226568548411124084e+03
8.200119539239680844e-02 7.712437408247667918e+03 3.370502084454405122e+03 1.815744871361151809e+03
9.205734862752627812e-02 6.061541963654058236e+03 2.613859085712560955e+03 1.400752619715111450e+03
1.033467304443183715e-01 5.105338444212757167e+03 2.150946815310325292e+03 1.140581951633430663e+03
1.160205768769771578e-01 4.476007124586611098e+03 1.908984165794636965e+03 1.019188130397809005e+03
1.302486706739022226e-01 3.976665258016426378e+03 1.702607301098681091e+03 9.102150750308234137e+02
1.462216157596530064e-01 3.274876840564323629e+03 1.356596971968107027e+03 7.129646426447385466e+02
1.641533906237988560e-01 2.668723967958588673e+03 1.072050309055131947e+03 5.550250713610897719e+02
1.842842148426375448e-01 2.354533828072086635e+03 9.492711009373181241e+02 4.931870606513762709e+02
2.068837671345900298e-01 1.942242973142952678e+03 7.623401280738326022e+02 3.918825809834242477e+02
2.322547980593316352e-01 1.697150224325697536e+03 6.377244796930581288e+02 3.185590870931592917e+02
2.607371857574901086e-01 1.430494560771471015e+03 5.305597583718437136e+02 2.650376904728245222e+02
2.927124890628471365e-01 1.244226307613639619e+03 4.388588840015851815e+02 2.127567695957661158e+02
3.286090589819373742e-01 1.061519257577654798e+03 3.667181103735344436e+02 1.759860139970026296e+02
3.689077770159973624e-01 9.366498007948046052e+02 3.085482678718568081e+02 1.438500163220813590e+02
4.141484971975938345e-01 8.146265029104652058e+02 2.571835939161763349e+02 1.174162360592422232e+02
4.649372781414354283e-01 7.171189053225878069e+02 2.187677159346559677e+02 9.690120907299467490e+01
5.219545019921476570e-01 6.294703683264639267e+02 1.848052686366818307e+02 7.976979852479404087e+01
5.859639890329354506e-01 5.605735984790261455e+02 1.585850237497499506e+02 6.629440625349843685e+01
6.578232300572349756e-01 4.967878777731169748e+02 1.352860171987893523e+02 5.488962119950595309e+01
7.384948735793578356e-01 4.438143566202533634e+02 1.163126098915062272e+02 4.559485141012569898e+01
8.290596217703356530e-01 3.948906178358670900e+02 1.003426904519452592e+02 3.811050461955851887e+01
9.307307078768926045e-01 3.502745293321428903e+02 8.740027634926374844e+01 3.227541409542754280e+01
1.044870149067508081e+00 3.112520447835079835e+02 7.616801945814688679e+01 2.719919309434729016e+01
1.173006992433692330e+00 2.755319202796262630e+02 6.674702535831977457e+01 2.321961680361740221e+01
1.316857798575541416e+00 2.417564803763634131e+02 5.821082638351946059e+01 1.979801860541591907e+01
1.478349637175967013e+00 2.099763027818616763e+02 5.089460031835618281e+01 1.701755419481081333e+01
1.659645902619409696e+00 1.814192337797715311e+02 4.448304891574886000e+01 1.464803119576411206e+01
1.863175295489004624e+00 1.553095326477241542e+02 3.872551758166859770e+01 1.266231561777545878e+01
2.091664358187257822e+00 1.316858065849477555e+02 3.347474424048076003e+01 1.094814369322335068e+01
2.348174000537423645e+00 1.105437181262463753e+02 2.878128597423919643e+01 9.467484815146612220e+00
2.636140504673786467e+00 9.202610107574844278e+01 2.450456322157857869e+01 8.189930166869222816e+00
2.959421558534973240e+00 7.597662356769228609e+01 2.068372350633374168e+01 7.057248272735088257e+00
3.322347934639153344e+00 6.232007251202769993e+01 1.729362688902006795e+01 6.057382931145247618e+00
3.729781506445900785e+00 5.081445761611539069e+01 1.431146473888259152e+01 5.168241074932076629e+00
4.187180379509764627e+00 4.119983804441559272e+01 1.173709914907901464e+01 4.375550273154188652e+00
4.700672009942531204e+00 3.325795610280816561e+01 9.537332314651674636e+00 3.673500943043799261e+00
5.277135289701610610e+00 2.671542205741997833e+01 7.692806906431919778e+00 3.056245228120756607e+00
5.924292698344328478e+00 2.136926080195530631e+01 6.164433370211374275e+00 2.520316941644541231e+00
6.650813755741415534e+00 1.702540760042228385e+01 4.913937177981697602e+00 2.059446182748493115e+00
7.466431161634059954e+00 1.350726449461199685e+01 3.897995111592854833e+00 1.669740609400697240e+00
8.382071177875818790e+00 1.067469388626918914e+01 3.081541258263362781e+00 1.345473221130801811e+00
9.410000000000001918e+00 7.882580161512667161e+00 2.275538860035128952e+00 9.935602599127942858e-01
