1.000000000230258569e-04 3.280032595845690366e+02 1.384184664162221736e+02 7.580507145897607302e+01
1.122634227564673579e-04 3.679128937436630054e+02 1.552727458380702501e+02 8.503819246336793469e+01
1.260307608609534901e-04 4.126622443653640744e+02 1.741753254893639280e+02 9.539449273825111675e+01
1.414864458359461712e-04 4.628326541525615880e+02 1.953736354586121990e+02 1.070100275028635934e+02
1.588375267953347550e-04 5.190739740052365505e+02 2.191445426037044513e+02 1.200371393257977530e+02
1.783164441611049004e-04 5.821122842116806169e+02 2.457975998547636891e+02 1.346462768830155312e+02
2.001841435067871621e-04 6.527590595862895952e+02 2.756788810919618982e+02 1.510281146932795195e+02
2.247335712646909519e-04 7.319215516793468623e+02 3.091749623936366334e+02 1.693957268203195383e+02
2.522935991264941354e-04 8.206145266214775802e+02 3.467176537944331471e+02 1.899871646715825477e+02
2.832334297096662638e-04 9.199749983003372336e+02 3.887889713458521896e+02 2.130680132499997512e+02
3.179675425093897337e-04 1.031276863000680805e+03 4.359269164226886915e+02 2.389344769573535530e+02
3.569612463934728852e-04 1.155950931021785209e+03 4.887316946752100648e+02 2.679163069673373343e+02
4.007369130231864672e-04 1.295601245156132336e+03 5.478724441521520703e+02 3.003803781548824645e+02
4.498809747048478080e-04 1.452026461317324674e+03 6.140943279250859632e+02 3.367338208846061889e+02
5.050517804175268938e-04 1.627234821381466872e+03 6.882254931804989155e+02 3.774278798893664657e+02
5.669884152586394726e-04 1.823454219074945058e+03 7.711827624204107678e+02 4.229606142274423632e+02
6.365206014554368984e-04 2.043144915309876524e+03 8.639777832277892458e+02 4.738805497262574704e+02
7.145798135793877959e-04 2.288984008966285728e+03 9.677170180226405591e+02 5.307875202418507570e+02
8.022117568662883325e-04 2.563880386517266288e+03 1.083607000367087494e+03 5.943355825370838375e+02
9.005903758055168549e-04 2.870934978452067753e+03 1.212945655468595987e+03 6.652302435036278894e+02
1.011033580661806338e-03 3.213457278075989962e+03 1.357126499364879010e+03 7.442301305195965142e+02
1.135020902606864940e-03 3.594916016900167051e+03 1.517621734345950017e+03 8.321394521611995287e+02
1.274213313974418031e-03 4.018941628683272484e+03 1.695980449837983542e+03 9.298067053652021059e+02
1.430475479156914512e-03 4.489270314429812061e+03 1.893800643925119630e+03 1.038110623303899729e+03
1.605900734223756829e-03 5.009702047440006027e+03 2.112709850502546033e+03 1.157948738728958233e+03
1.802839129895710598e-03 5.584002031380818153e+03 2.354310285137486972e+03 1.290206292902216774e+03
2.023928913547812410e-03 6.215821420211075747e+03 2.620154210601276191e+03 1.435741278920829473e+03
2.272131871983379750e-03 6.908544796133212003e+03 2.911674977701928128e+03 1.595341712071578286e+03
2.550773008441800313e-03 7.665103870661970177e+03 3.230112856686751002e+03 1.769689530739832207e+03
2.863585085365514225e-03 8.487666897243960193e+03 3.576383509994741416e+03 1.959289250274263168e+03
3.214758629634808552e-03 9.377449447408656852e+03 3.950999571636639303e+03 2.164424381520640964e+03
3.608998070155939632e-03 1.033432687300420548e+04 4.353908883847259858e+03 2.385067923763862382e+03
4.051584759838999447e-03 1.135657685351071996e+04 4.784384278187917516e+03 2.620823046070890541e+03
4.548447726227339283e-03 1.244041183607025414e+04 5.240827150445766165e+03 2.870816180563924263e+03
5.106243098575769836e-03 1.357971022163320413e+04 5.720656894324954010e+03 3.133633556814320400e+03
5.732443275407110572e-03 1.476553922987174337e+04 6.220115420414881555e+03 3.407211418359001073e+03
6.435437027063155117e-03 1.598577696886669582e+04 6.734102867768683609e+03 3.688755003785493955e+03
7.224641874254610074e-03 1.722453490079726180e+04 7.255934648625251612e+03 3.974613734646501598e+03
8.110630248067678127e-03 1.846178706586479166e+04 7.777185665988062283e+03 4.260182916352583561e+03
9.105271121505569346e-03 1.960988189574747958e+04 8.270311821626923120e+03 4.531723370679236723e+03
1.022188900990466699e-02 2.073735360138988472e+04 8.751187767934721705e+03 4.796447226871757266e+03
1.147544247024383408e-02 2.176957814805523958e+04 9.190555603524751859e+03 5.038120371887572219e+03
1.288272449057868002e-02 2.266632749408201926e+04 9.572072327785812377e+03 5.247928660764508095e+03
1.446258745407916733e-02 2.338283001022973986e+04 9.877650379049284311e+03 5.416138866926043193e+03
1.623619569135818438e-02 2.387213270599663156e+04 1.008839083385584490e+04 5.532596615293856303e+03
1.822730900435978393e-02 2.408674744524390553e+04 1.018518069146991729e+04 5.587031616704012777e+03
2.046260095998037737e-02 2.398623957637169224e+04 1.015178264461440631e+04 5.570732544466997751e+03
2.297201621738221775e-02 2.354147050834014954e+04 9.976452619879844860e+03 5.477391032736998568e+03
2.578917167586586637e-02 2.273798036565052826e+04 9.652826300759086735e+03 5.303372750483569689e+03
2.895180681720203528e-02 2.158553381796243775e+04 9.183951047266822570e+03 5.049976017440588294e+03
3.250228927534733192e-02 2.016311847866951939e+04 8.597547103525708735e+03 4.731403986046140744e+03
3.648818240631140908e-02 1.861340478148150578e+04 7.945200839139374693e+03 4.374607612467837498e+03
4.096288246151627566e-02 1.700006096398868976e+04 7.271814055614233439e+03 4.007384254762824639e+03
4.598633390041809155e-02 1.544041245174340111e+04 6.632655106484555290e+03 3.660825889947140240e+03
5.162583242493973962e-02 1.418739490996263703e+04 6.090425380791316456e+03 3.361236987239698010e+03
5.795692649341043640e-02 1.303305696566702136e+04 5.614818885526649865e+03 3.103012691595432898e+03
6.506442939097074885e-02 1.207977577635074522e+04 5.196256436746597501e+03 2.870845845325269693e+03
7.304355541444980393e-02 1.083454256678691308e+04 4.698009923263808560e+03 2.602991816153547006e+03
8.200119539239680844e-02 9.537111068259477179e+03 4.130013848974767825e+03 2.287694956246092261e+03
9.205734862752627812e-02 8.099138172898125958e+03 3.495758144416574851e+03 1.935076452319062355e+03
1.033467304443183715e-01 6.983281991944281799e+03 2.969051656537898907e+03 1.633562153592532241e+03
1.160205768769771578e-01 5.981055714851179800e+03 2.553391658155686400e+03 1.408768954130498969e+03
1.302486706739022226e-01 5.341382329236584155e+03 2.274620396937813439e+03 1.253704215898238090e+03
1.462216157596530064e-01 4.654719865070297601e+03 1.958514248843153382e+03 1.072987888092717412e+03
1.641533906237988560e-01 3.904905449274417606e+03 1.610249519569584436e+03 8.744851395605832067e+02
1.842842148426375448e-01 3.409528849273900505e+03 1.383375440421414169e+03 7.456343617549628107e+02
2.068837671345900298e-01 2.940694722952572192e+03 1.177307936787391554e+03 6.329533535537883608e+02
2.322547980593316352e-01 2.604750339972982601e+03 1.003180199488381277e+03 5.267981698326935884e+02
2.607371857574901086e-01 2.245845096868421479e+03 8.491753766699682728e+02 4.428799229247920834e+02
2.927124890628471365e-01 1.995818426378556978e+03 7.229560833068853754e+02 3.692364162604739022e+02
3.286090589819373742e-01 1.742848678202371048e+03 6.190264584132783057e+02 3.117365465726949196e+02
3.689077770159973624e-01 1.564490428105269757e+03 5.321419331494219023e+02 2.610530067435982460e+02
4.141484971975938345e-01 1.397442852115968662e+03 4.572603607875097964e+02 2.200391311379301555e+02
4.649372781414354283e-01 1.254894468766200816e+03 3.982803898290342772e+02 1.865351820936613194e+02
5.219545019921476570e-01 1.129104275471166602e+03 3.463715999043388365e+02 1.584262673079618367e+02
5.859639890329354506e-01 1.018338508135186885e+03 3.040266251307316452e+02 1.355359534575058831e+02
6.578232300572349756e-01 9.197727963778331741e+02 2.671809117430985339e+02 1.160030992701520063e+02
7.384948735793578356e-01 8.306055918612519235e+02 2.361453343392714146e+02 9.960239228375182563e+01
8.290596217703356530e-01 7.480481494985726840e+02 2.089030591307646318e+02 8.601135182012127700e+01
9.307307078768926045e-01 6.703644709974032594e+02 1.855443879724905685e+02 7.522214828192493030e+01
1.044870149067508081e+00 5.985712642765647615e+02 1.658078015097050866e+02 6.570957660674046963e+01
1.173006992433692330e+00 5.279345637603910291e+02 1.473474537682164112e+02 5.775760719242335028e+01
1.316857798575541416e+00 4.619305753225486910e+02 1.306584283172950052e+02 5.085371931529589773e+01
1.478349637175967013e+00 4.003947886067518311e+02 1.152583516276355766e+02 4.494984183678032963e+01
1.659645902619409696e+00 3.445771325954572717e+02 1.012675654974192554e+02 3.961887309567230631e+01
1.863175295489004624e+00 2.928721615095028596e+02 8.808156214688831653e+01 3.488422834218455648e+01
2.091664358187257822e+00 2.474036596109069421e+02 7.584744098373175802e+01 3.060520560620319230e+01
2.348174000537423645e+00 2.071014678423899795e+02 6.452774875363731155e+01 2.673757825400893040e+01
2.636140504673786467e+00 1.721927875411031437e+02 5.449918709727919719e+01 2.316828749912933105e+01
2.959421558534973240e+00 1.422871960928527812e+02 4.546984985678997049e+01 1.987649624966642392e+01
3.322347934639153344e+00 1.170754921384417884e+02 3.758205767082831272e+01 1.689058382127785407e+01
3.729781506445900785e+00 9.585459069777766672e+01 3.082272300921654207e+01 1.421025507827260981e+01
4.187180379509764627e+00 7.812687794211755943e+01 2.508533260013666322e+01 1.183173654649537454e+01
4.700672009942531204e+00 6.342323432725922316e+01 2.029330024019364487e+01 9.745062004974885284e+00
5.277135289701610610e+00 5.125639307143724466e+01 1.633586109373901962e+01 7.956266582580757252e+00
5.924292698344328478e+00 4.125526160555504163e+01 1.309915201415278574e+01 6.442344068474434415e+00
6.650813755741415534e+00 3.306318859096148799e+01 1.046668122547528590e+01 5.182774114713891045e+00
7.466431161634059954e+00 2.638825086196112935e+01 8.334683033718295775e+00 4.149620341563231563e+00
8.382071177875818790e+00 2.097042780991206001e+01 6.613827838238924173e+00 3.307921495749249985e+00
9.410000000000001918e+00 1.558860710266435667e+01 4.916479870396964991e+00 2.458997127034987074e+00
