1.000000000230258569e-04 3.849029122177028057e+02 1.674356427376350211e+02 9.302038310400345722e+01
1.122634227564673579e-04 4.310154582934830501e+02 1.874477079118849758e+02 1.041407106310478099e+02
1.260307608609534901e-04 4.826672142384796302e+02 2.098467123032882569e+02 1.165883313685949929e+02
1.414864458359461712e-04 5.405268855040062590e+02 2.349154767664048222e+02 1.305208282857963695e+02
1.588375267953347550e-04 6.053436401383467000e+02 2.629697513616060860e+02 1.461142142003739082e+02
1.783164441611049004e-04 6.779554562113640941e+02 2.943617238553360380e+02 1.635649119440408299e+02
2.001841435067871621e-04 7.592985659920093440e+02 3.294841737251608720e+02 1.830920731792097627e+02
2.247335712646909519e-04 8.504148760558966842e+02 3.687747008202531447e+02 2.049399183869550995e+02
2.522935991264941354e-04 9.524622055544385830e+02 4.127207957163329866e+02 2.293805302075839165e+02
2.832334297096662638e-04 1.066718299866394545e+03 4.618650067539181236e+02 2.567165813387506432e+02
3.179675425093897337e-04 1.194592390274694708e+03 5.168110609697914697e+02 2.872846469974236925e+02
3.569612463934728852e-04 1.337625442824094307e+03 5.782301898474770496e+02 3.214583203536342921e+02
4.007369130231864672e-04 1.497505421304275615e+03 6.468681200022234634e+02 3.596519851147673990e+02
4.498809747048478080e-04 1.676070375924784230e+03 7.235521405134168162e+02 4.023241229111469011e+02
5.050517804175268938e-04 1.875328515904143615e+03 8.091979607038560971e+02 4.499811767303160650e+02
5.669884152586394726e-04 2.097475250320294435e+03 9.048150492629744122e+02 5.031801829844433200e+02
6.365206014554368984e-04 2.344910737403306030e+03 1.011511735520256707e+03 5.625319168473180298e+02
7.145798135793877959e-04 2.620269153992734118e+03 1.130493808846268848e+03 6.287008146000205215e+02
8.022117568662883325e-04 2.926420526236657224e+03 1.263067271672245170e+03 7.024066198496575453e+02
9.005903758055168549e-04 3.266485747446139158e+03 1.410625934937310376e+03 7.844190976714419321e+02
1.011033580661806338e-03 3.643817728967969288e+03 1.574651914641896610e+03 8.755578712806837984e+02
1.135020902606864940e-03 4.061967408083906776e+03 1.756691979396787701e+03 9.766807463644031486e+02
1.274213313974418031e-03 4.524650573383861229e+03 1.958350026328865624e+03 1.088679572732019324e+03
1.430475479156914512e-03 5.035648232177227328e+03 2.181248617381772419e+03 1.212460394894825185e+03
1.605900734223756829e-03 5.598753344466812450e+03 2.427002213336827026e+03 1.348927323655245345e+03
1.802839129895710598e-03 6.217599368931276331e+03 2.697150902848176429e+03 1.498944633637501511e+03
2.023928913547812410e-03 6.895579658864780868e+03 2.993124355684012698e+03 1.663314508740461861e+03
2.272131871983379750e-03 7.635613291450844372e+03 3.316157106052874951e+03 1.842724709001171959e+03
2.550773008441800313e-03 8.439963936118838319e+03 3.667199987906709794e+03 2.037704952794757901e+03
2.863585085365514225e-03 9.309880080401997475e+03 4.046775264683707519e+03 2.248547836564623140e+03
3.214758629634808552e-03 1.024540055614906669e+04 4.454883076927550974e+03 2.475255569945156822e+03
3.608998070155939632e-03 1.124494604678941323e+04 4.890828106884406225e+03 2.717442974584863805e+03
4.051584759838999447e-03 1.230506037587199171e+04 5.353101081116085879e+03 2.974272677841159293e+03
4.548447726227339283e-03 1.341996587374715455e+04 5.839183243075445716e+03 3.244347248944776311e+03
5.106243098575769836e-03 1.458130728946244926e+04 6.345438397310616892e+03 3.525645478352239479e+03
5.732443275407110572e-03 1.577774299455790242e+04 6.866935465555963674e+03 3.815420881933466262e+03
6.435437027063155117e-03 1.699456054108493481e+04 7.397281447460847630e+03 4.110120421487161366e+03
7.224641874254610074e-03 1.821319991788792686e+04 7.928412284051263669e+03 4.405277062190650213e+03
8.110630248067678127e-03 1.941090043942664124e+04 8.450437887800473618e+03 4.695407743445808592e+03
9.105271121505569346e-03 2.047786685389144986e+04 8.922459936682427724e+03 4.958977952238241414e+03
1.022188900990466699e-02 2.152740328534253786e+04 9.385618076818576810e+03 5.217628641172434072e+03
1.147544247024383408e-02 2.245299961383444679e+04 9.793279788142221150e+03 5.445130461941235808e+03
1.288272449057868002e-02 2.321357867275833996e+04 1.012811866596944674e+04 5.631986214271966674e+03
1.446258745407916733e-02 2.376477874468612208e+04 1.037152551301195672e+04 5.768016027522401600e+03
1.623619569135818438e-02 2.406125576336307859e+04 1.050454791550281516e+04 5.842864723519926883e+03
1.822730900435978393e-02 2.405877812752312457e+04 1.050870830634711092e+04 5.846434622350087011e+03
2.046260095998037737e-02 2.372231241302391936e+04 1.036942877556325948e+04 5.770775774060663025e+03
2.297201621738221775e-02 2.303022992552162032e+04 1.007770692810773653e+04 5.610980030070317298e+03
2.578917167586586637e-02 2.197762869225150280e+04 9.631067177376593463e+03 5.365523924071479087e+03
2.895180681720203528e-02 2.058508924007661335e+04 9.037419369109182298e+03 5.038459401133033680e+03
3.250228927534733192e-02 1.894520341432400892e+04 8.331951941063904087e+03 4.648360643383230126e+03
3.648818240631140908e-02 1.720974669988753885e+04 7.573224353027903817e+03 4.226472805485203935e+03
4.096288246151627566e-02 1.546516291515246121e+04 6.815430466586458351e+03 3.806055281909248151e+03
4.598633390041809155e-02 1.384170258707291941e+04 6.120304032918249504e+03 3.422218107974181294e+03
5.162583242493973962e-02 1.256799107810531495e+04 5.549556456030959453e+03 3.101879346530777639e+03
5.795692649341043640e-02 1.147108438927961288e+04 5.077830965563562131e+03 2.841067160734356094e+03
6.506442939097074885e-02 1.060375051438828814e+04 4.685181269327319569e+03 2.620029433617387440e+03
7.304355541444980393e-02 9.499799569328335565e+03 4.228877243636461571e+03 2.371317449848727847e+03
8.200119539239680844e-02 8.313241532461182942e+03 3.696505932127163760e+03 2.072118741216157105e+03
9.205734862752627812e-02 6.964157635300789480e+03 3.084942795817596561e+03 1.727339576363121751e+03
1.033467304443183715e-01 5.908442235665965200e+03 2.569800650842258165e+03 1.428042559920355643e+03
1.160205768769771578e-01 5.017625582015085456e+03 2.182799073192475134e+03 1.214239345935039182e+03
1.302486706739022226e-01 4.468305343829460980e+03 1.943936904381486556e+03 1.081377889256725439e+03
1.462216157596530064e-01 3.870025923547204002e+03 1.672190587380167699e+03 9.264810467715063851e+02
1.641533906237988560e-01 3.210691581260574821e+03 1.355013673524669684e+03 7.427462610926418165e+02
1.842842148426375448e-01 2.789284507433490489e+03 1.151808031751339513e+03 6.246339019685366338e+02
2.068837671345900298e-01 2.373891149095948549e+03 9.762139786832932487e+02 5.305759883642144814e+02
2.322547980593316352e-01 2.085130991412952881e+03 8.228488131011979476e+02 4.363101024364076466e+02
2.607371857574901086e-01 1.785371897312349120e+03 6.910791331407432381e+02 3.635166778892501043e+02
2.927124890628471365e-01 1.565294179564236174e+03 5.823394556775672299e+02 3.009370990834710256e+02
3.286090589819373742e-01 1.358985767346099465e+03 4.949134007058463567e+02 2.517195351468470506e+02
3.689077770159973624e-01 1.204422034882220714e+03 4.202230572620675275e+02 2.085602751593209234e+02
4.141484971975938345e-01 1.066736095561234606e+03 3.579489107192555934e+02 1.743809770602977380e+02
4.649372781414354283e-01 9.515482332921990292e+02 3.087563557802942000e+02 1.462589520228172262e+02
5.219545019921476570e-01 8.483525303996703997e+02 2.654232604256302466e+02 1.227986830053770575e+02
5.859639890329354506e-01 7.596694306120961073e+02 2.309911314742317643e+02 1.039398184534748850e+02
6.578232300572349756e-01 6.833101308404566225e+02 2.008106923650025237e+02 8.793155760150787614e+01
7.384948735793578356e-01 6.149669477681121634e+02 1.757095233693753187e+02 7.461446223041981796e+01
8.290596217703356530e-01 5.533928223102329866e+02 1.539795890760057091e+02 6.371152640297566450e+01
9.307307078768926045e-01 4.961035291838206263e+02 1.359523050600876957e+02 5.513754443038067166e+01
1.044870149067508081e+00 4.447898493221199487e+02 1.207209794202620827e+02 4.755789829872590246e+01
1.173006992433692330e+00 3.948211546715158988e+02 1.069922228490073195e+02 4.142620615066839918e+01
1.316857798575541416e+00 3.477785366358717738e+02 9.458377464963243142e+01 3.612227283722148741e+01
1.478349637175967013e+00 3.030496321947917409e+02 8.340601818489260211e+01 3.169586787395712690e+01
1.659645902619409696e+00 2.630359016321094714e+02 7.349406130960231565e+01 2.775980413389858015e+01
1.863175295489004624e+00 2.251773050442013471e+02 6.417759595185853527e+01 2.434981869334639981e+01
2.091664358187257822e+00 1.915161931426744104e+02 5.558484522787423288e+01 2.132426845467892917e+01
2.348174000537423645e+00 1.612907774838931800e+02 4.764032315486361568e+01 1.862856704229276872e+01
2.636140504673786467e+00 1.346479298196951788e+02 4.054864575893070366e+01 1.619062819544672394e+01
2.959421558534973240e+00 1.116564127530475332e+02 3.407763617290725477e+01 1.395681227902136357e+01
3.322347934639153344e+00 9.207957977624765533e+01 2.835943312324179288e+01 1.194010040432848818e+01
3.729781506445900785e+00 7.553891154570401056e+01 2.338956639033001039e+01 1.012077310826359877e+01
4.187180379509764627e+00 6.164997232084438394e+01 1.911937759259716785e+01 8.493269246708020859e+00
4.700672009942531204e+00 5.009392291833232491e+01 1.550559996570019550e+01 7.050786582454583673e+00
5.277135289701610610e+00 4.051119272984530539e+01 1.249966143936593710e+01 5.796626050159988885e+00
5.924292698344328478e+00 3.262941556061200288e+01 1.002721621976582433e+01 4.721589072899905482e+00
6.650813755741415534e+00 2.616590539796494497e+01 8.009641172755140204e+00 3.815250210028766187e+00
7.466431161634059954e+00 2.089102335457000237e+01 6.373291535101536454e+00 3.063762961762200199e+00
8.382071177875818790e+00 1.660656906511920994e+01 5.053557991953559814e+00 2.447217754232670739e+00
9.410000000000001918e+00 1.230785279542145361e+01 3.745427140676234057e+00 1.813752579954821753e+00
