1.000000000230258569e-04 9.280773930890857173e+02 2.899676866213702624e+02 1.363436165666514341e+02
1.115026695290953366e-04 9.820287548495410874e+02 3.133642598002153932e+02 1.493929887555483447e+02
1.243284530925187648e-04 1.041971078353247094e+03 3.394156058044490578e+02 1.639335362797631888e+02
1.386295441504667143e-04 1.108617639751664456e+03 3.684299885692166185e+02 1.801360542106634171e+02
1.545756424481938766e-04 1.182756833206250121e+03 4.007506964652197894e+02 1.981910708056835517e+02
1.723559677317991945e-04 1.265246064357986370e+03 4.367579356008748164e+02 2.183115566637343647e+02
1.921815050694108094e-04 1.357054970594610040e+03 4.768757681351755764e+02 2.407340062431093486e+02
2.142875084442451923e-04 1.459256999150864658e+03 5.215761697883800707e+02 2.657214800848210530e+02
2.389362923277018713e-04 1.573017339667844226e+03 5.713830168982799478e+02 2.935671207614257128e+02
2.664203443578849946e-04 1.699639225289886554e+03 6.268779157202484384e+02 3.245958580168538106e+02
2.970657960592480913e-04 1.840547902872549230e+03 6.887030992758265029e+02 3.591674751543919797e+02
3.312362927876497001e-04 1.997254921990998128e+03 7.575630194681100420e+02 3.976801409848695243e+02
3.693373088223966556e-04 2.171414541728104268e+03 8.342323405281146051e+02 4.405732977142620257e+02
4.118209588090659132e-04 2.364822124455905396e+03 9.195581050316310439e+02 4.883299105122567312e+02
4.591913626466918256e-04 2.579388395014485923e+03 1.014458073831323532e+03 5.414777460401882081e+02
5.120106274801957584e-04 2.817166222398239825e+03 1.119928184124708196e+03 6.005939472556931378e+02
5.709055177816341068e-04 3.080387314145193614e+03 1.237048941832440278e+03 6.663070822392296577e+02
6.365748926688486646e-04 3.371538471728456898e+03 1.366994745582460610e+03 7.392967696961671891e+02
7.097979987143026312e-04 3.693311639834182643e+03 1.511030481117824593e+03 8.202976098279365260e+02
7.914437166483044659e-04 4.048648433138353084e+03 1.670522497291772879e+03 9.101020759884031577e+02
8.824808716799498404e-04 4.440912687435676162e+03 1.846974924588072781e+03 1.009564117658135956e+03
9.839897297802024153e-04 4.873809367270268922e+03 2.042011972658987816e+03 1.119598363594230932e+03
1.097174816344422205e-03 5.351333556524806227e+03 2.257366397008310287e+03 1.241176176498501718e+03
1.223379209343287413e-03 5.877647222945525755e+03 2.494855851236190119e+03 1.375311844571279835e+03
1.364100476567608111e-03 6.457148540660291474e+03 2.756388586864373337e+03 1.523063886328297258e+03
1.521008446081769522e-03 7.094386718546494194e+03 3.043926047959791504e+03 1.685516014867258264e+03
1.695965020753673102e-03 7.793532285799862620e+03 3.359308776704504908e+03 1.863695192814627717e+03
1.891046271984591709e-03 8.558506326495089525e+03 3.704284195152133634e+03 2.058579883982109550e+03
2.108567074807741158e-03 9.392927022476598722e+03 4.080466973582706032e+03 2.271074139632702554e+03
2.351108576680822643e-03 1.029953287896074289e+04 4.489081781786970168e+03 2.501865772183300123e+03
2.621548825923003187e-03 1.128013812678936119e+04 4.930946096755078543e+03 2.751416625731845215e+03
2.923096923239734257e-03 1.233550205748321787e+04 5.406414599437319339e+03 3.019931069832660341e+03
3.259331101584665453e-03 1.346478793785106427e+04 5.915123612303199479e+03 3.307207048744402982e+03
3.634241186222156913e-03 1.466535958729562481e+04 6.455909511945933446e+03 3.612593004210878007e+03
4.052275938830490927e-03 1.593263914855094663e+04 7.026740534039639897e+03 3.934948136370810062e+03
4.518395847440812539e-03 1.725963995950288881e+04 7.624516815376084196e+03 4.272548011817383667e+03
5.038131988628217865e-03 1.863664133250085069e+04 8.244848024087352314e+03 4.622951831537916405e+03
5.617651660426248826e-03 2.005114786559034110e+04 8.882156633468875953e+03 4.982986488397202265e+03
6.263831564778516575e-03 2.148711638278818282e+04 9.529269510638305292e+03 5.348628332587628393e+03
6.984339407925946493e-03 2.292463114840378694e+04 1.017726178441041338e+04 5.714859719978197063e+03
7.787724887016851671e-03 2.433927144282924564e+04 1.081518639176020770e+04 6.075521002931164730e+03
8.683521142606049834e-03 2.570768211887281723e+04 1.143256327682333540e+04 6.424711295992957275e+03
9.682357880899711625e-03 2.697845569594787230e+04 1.200629622222303260e+04 6.749411389402940586e+03
1.079608750807801998e-02 2.811748173180028971e+04 1.252102620022176598e+04 7.040939845009583223e+03
1.203792577343234388e-02 2.907031973551406190e+04 1.295226194176873469e+04 7.285481871777528795e+03
1.342260859021738965e-02 2.979655269893516743e+04 1.328179157086245687e+04 7.472753163248066812e+03
1.496656689508787767e-02 3.023791044879470792e+04 1.348331135993101998e+04 7.587871759586487315e+03
1.668812162103823840e-02 3.033612766393552010e+04 1.353053207501156248e+04 7.615958734502996776e+03
1.860770109743517184e-02 3.004361707274595392e+04 1.340191071778048536e+04 7.544813882803651722e+03
2.074808345685756270e-02 2.932309892584296176e+04 1.308057576753919238e+04 7.364860711810003522e+03
2.313466692519383291e-02 2.816127518594897629e+04 1.256025546951260549e+04 7.072406691833210971e+03
2.579577120231610690e-02 2.658021976866368641e+04 1.185080789257569086e+04 6.672946220498601178e+03
2.876297350957714855e-02 2.464676615588191271e+04 1.098218633816033434e+04 6.183343295218294770e+03
3.207148329174031032e-02 2.247778747897814537e+04 1.000689189564478875e+04 5.633179441317357487e+03
3.576056001963404812e-02 2.023438356832188583e+04 8.997455878614051471e+03 5.063413596340750701e+03
3.987397905126498221e-02 1.810131842080197021e+04 8.037268658821444660e+03 4.521242995273045381e+03
4.446055107939526907e-02 1.624918952456338775e+04 7.203386075075500230e+03 4.050303156583900545e+03
4.957470132945773766e-02 1.478541426480269183e+04 6.544486918308137319e+03 3.678218033965694758e+03
5.527711538069327024e-02 1.370762963741750718e+04 6.059653169400608022e+03 3.404542311304735449e+03
6.163545927395905344e-02 1.285173241878872432e+04 5.674828355385418035e+03 3.187378933767079616e+03
6.872518245115814828e-02 1.191769138889499663e+04 5.254320676732548236e+03 2.949839848519318366e+03
7.663041305413779980e-02 1.062319243429183553e+04 4.670202150551974228e+03 2.619347695115712668e+03
8.544495620686157200e-02 8.958614905680085940e+03 3.918025744686813141e+03 2.193332434689510592e+03
9.527340712667957401e-02 7.317636565569526283e+03 3.175936961482468178e+03 1.772800145323904417e+03
1.062323922731101822e-01 6.189055967011305256e+03 2.665603557338432893e+03 1.483585782748805514e+03
1.184519532618636822e-01 5.640237068972692214e+03 2.417694973722748728e+03 1.343170881348080911e+03
1.320770899659224340e-01 5.152763428944424959e+03 2.197451675640156736e+03 1.218391340394260396e+03
1.472694811144383831e-01 4.277119682833596926e+03 1.801022817486680879e+03 9.935156685426763943e+02
1.642094028064348954e-01 3.446992740180756300e+03 1.425141015426317608e+03 7.802443758509750751e+02
1.830978677048002712e-01 3.087778356140545839e+03 1.262716094211816880e+03 6.881205034989018259e+02
2.041590102946942431e-01 2.705998973713464238e+03 1.090096828794874227e+03 5.901937465997737036e+02
2.276427465103479653e-01 2.203470412078328081e+03 8.627764077260934528e+02 4.611940681479359796e+02
2.538277392899435103e-01 1.964991537505374026e+03 7.551913195901242943e+02 4.001639341050169492e+02
2.830247052484705095e-01 1.663133890980085425e+03 6.192589175494068741e+02 3.230976548767563372e+02
3.155801017062329072e-01 1.455067841546475393e+03 5.258690998271940771e+02 2.701702718135692862e+02
3.518802378240603601e-01 1.258163499527682006e+03 4.379431840642586167e+02 2.204056854582871949e+02
3.923558586288135031e-01 1.113565554176065234e+03 3.738545563823355451e+02 1.841752256134476227e+02
4.374872563241952172e-01 9.804693735453899990e+02 3.155622915639346502e+02 1.513285521973985794e+02
4.878099695387512202e-01 8.739665649000141912e+02 2.697472914805475739e+02 1.256209250214492243e+02
5.439211381395319123e-01 7.855253888640155537e+02 2.326092708851724069e+02 1.049053031531714737e+02
6.064865890189676811e-01 7.102833842882006365e+02 2.020724155119136753e+02 8.802778277114154548e+01
6.762487369363893164e-01 6.454906986458828442e+02 1.769778488911289855e+02 7.434778324708044295e+01
7.540353941672404137e-01 5.893078266455792118e+02 1.565149333060653305e+02 6.341313005108309397e+01
8.407695934971151086e-01 5.389753841650951927e+02 1.395114434498982803e+02 5.457895180079415098e+01
9.374805411223435803e-01 4.927693222992117512e+02 1.251941573232357712e+02 4.742554184034337794e+01
1.045315829426528564e+00 4.494630508706729302e+02 1.129729882922604105e+02 4.162631584285994535e+01
1.165555054552403824e+00 4.080691219901561340e+02 1.023013623466712261e+02 3.687906082217936898e+01
1.299625000357985227e+00 3.679516450077220497e+02 9.274464741577544658e+01 3.294069300372042619e+01
1.449116568932995452e+00 3.289114389938221734e+02 8.397349722289922624e+01 2.961204282262874088e+01
1.615803658576671964e+00 2.910258542140174995e+02 7.575132409964459157e+01 2.673750574932663682e+01
1.801664213246928048e+00 2.546648845433714143e+02 6.792607894155734982e+01 2.419048932334903768e+01
2.008903693258128342e+00 2.202827281596766227e+02 6.041635467553899019e+01 2.187511372301506896e+01
2.239981245735629400e+00 1.884224646652324395e+02 5.321544993409384716e+01 1.972225235129186771e+01
2.497638885371206374e+00 1.594961131533257230e+02 4.635751263909450159e+01 1.768574607831147816e+01
2.784934031744384253e+00 1.337836983119201761e+02 3.991780241954617736e+01 1.574213982438776682e+01
3.105275789304232426e+00 1.113532404635734281e+02 3.397129705196593363e+01 1.388342749260624487e+01
3.462465400517639402e+00 9.208497849515438816e+01 2.859105867699464909e+01 1.211719439954328870e+01
3.860741352209485999e+00 7.574158938581008726e+01 2.381863383091457465e+01 1.045699837799260834e+01
4.304829670336041580e+00 6.200571745579755145e+01 1.966637615685467466e+01 8.921820218589862961e+00
4.799999999999999822e+00 5.054755472093574298e+01 1.611420338858787815e+01 7.526990945246620157e+00
