1.000000000230258569e-04 5.765880273594041228e+02 1.458071378571393382e+02 6.036819559294527693e+01
1.115026695290953366e-04 5.986000685692742991e+02 1.547453895556090799e+02 6.523975263819009740e+01
1.243284530925187648e-04 6.230255395902114515e+02 1.646926214349706186e+02 7.066660675492036603e+01
1.386295441504667143e-04 6.501473122368953454e+02 1.757675119382944331e+02 7.671306907814144438e+01
1.545756424481938766e-04 6.802709593762881468e+02 1.880983043722652894e+02 8.345013708249216222e+01
1.723559677317991945e-04 7.137425112018029267e+02 2.018290017449493803e+02 9.095688663514887651e+01
1.921815050694108094e-04 7.509515271719575367e+02 2.171214481299402621e+02 9.932151523591029729e+01
2.142875084442451923e-04 7.923181736925074574e+02 2.341537309742027730e+02 1.086423460207835063e+02
2.389362923277018713e-04 8.383165748104736394e+02 2.531251259594463079e+02 1.190287616608136574e+02
2.664203443578849946e-04 8.894801373938515781e+02 2.742584841712232446e+02 1.306023233017376413e+02
2.970657960592480913e-04 9.463775013872849513e+02 2.977984776005802701e+02 1.434982504756649746e+02
3.312362927876497001e-04 1.009642292587113047e+03 3.240165955883727520e+02 1.578664655899930267e+02
3.693373088223966556e-04 1.079983911758541126e+03 3.532142036817307371e+02 1.738728576832542103e+02
4.118209588090659132e-04 1.158157222675409685e+03 3.857211057024575780e+02 1.917010003069705419e+02
4.591913626466918256e-04 1.244991109234278383e+03 4.218998637250326738e+02 2.115534104480846906e+02
5.120106274801957584e-04 1.341405962412629378e+03 4.621492491922069235e+02 2.336528673267799547e+02
5.709055177816341068e-04 1.448399040714350804e+03 5.069049607995679594e+02 2.582437915499865539e+02
6.365748926688486646e-04 1.567060851572796537e+03 5.566422424376444269e+02 2.855936653120627398e+02
7.097979987143026312e-04 1.698592795323325390e+03 6.118791872794728306e+02 3.159944933935408358e+02
7.914437166483044659e-04 1.844330498772047804e+03 6.731856187793769095e+02 3.497648613263791049e+02
8.824808716799498404e-04 2.005748462017095790e+03 7.411834995055252193e+02 3.872509773371565984e+02
9.839897297802024153e-04 2.184463702315189039e+03 8.165467779721831221e+02 4.288275309364686336e+02
1.097174816344422205e-03 2.382253843732468795e+03 9.000118344985025942e+02 4.748998185023391443e+02
1.223379209343287413e-03 2.601065370644566883e+03 9.923782479796813050e+02 5.259042677578620442e+02
1.364100476567608111e-03 2.843007304533007755e+03 1.094503685036203478e+03 5.823072440719159886e+02
1.521008446081769522e-03 3.110218874268680338e+03 1.207274323212531726e+03 6.445933359665343687e+02
1.695965020753673102e-03 3.404861893389524994e+03 1.331600065858432345e+03 7.132627566071489582e+02
1.891046271984591709e-03 3.729169047878418951e+03 1.468420213654052986e+03 7.888322017969060198e+02
2.108567074807741158e-03 4.085336692959654101e+03 1.618659908167026288e+03 8.718106946886549622e+02
2.351108576680822643e-03 4.475472887911522776e+03 1.783208871819550723e+03 9.626880974565044653e+02
2.621548825923003187e-03 4.901588860015297541e+03 1.962918345122943720e+03 1.061934186251714664e+03
2.923096923239734257e-03 5.365463381162551741e+03 2.158540469567170476e+03 1.169964336448812674e+03
3.259331101584665453e-03 5.868539928177274305e+03 2.370684913600192885e+03 1.287115728018676691e+03
3.634241186222156913e-03 6.411864678319317136e+03 2.599801041709833044e+03 1.413639921873412504e+03
4.052275938830490927e-03 6.995909143948104429e+03 2.846100839026521044e+03 1.549657398959935563e+03
4.518395847440812539e-03 7.620490226407442606e+03 3.109511217689993828e+03 1.695122224702289714e+03
5.038131988628217865e-03 8.284372085159284325e+03 3.389530028360954475e+03 1.849784962871372045e+03
5.617651660426248826e-03 8.985353723141224691e+03 3.685222218954723758e+03 2.013114376081804267e+03
6.263831564778516575e-03 9.719733216460061158e+03 3.995042200335521557e+03 2.184262634526954571e+03
6.984339407925946493e-03 1.048290184034755111e+04 4.317064269175066329e+03 2.362175875118259228e+03
7.787724887016851671e-03 1.126498259381635580e+04 4.647135744563476692e+03 2.544565535054410702e+03
8.683521142606049834e-03 1.205669647317155614e+04 4.981351990360530181e+03 2.729282372636576383e+03
9.682357880899711625e-03 1.284343552087076750e+04 5.313565327123965290e+03 2.912934087114952035e+03
1.079608750807801998e-02 1.361061542162113983e+04 5.637642745182181898e+03 3.092143633903301634e+03
1.203792577343234388e-02 1.433772140635883443e+04 5.944937425086048279e+03 3.262140992432620806e+03
1.342260859021738965e-02 1.499998768540800847e+04 6.224999537998935011e+03 3.417151049112928831e+03
1.496656689508787767e-02 1.557000182925835725e+04 6.466283409901206142e+03 3.550793035166927893e+03
1.668812162103823840e-02 1.601692092014923946e+04 6.655762318497837441e+03 3.655869442345985135e+03
1.860770109743517184e-02 1.630828273805559184e+04 6.779731527033776729e+03 3.724805308489201707e+03
2.074808345685756270e-02 1.641292294874721483e+04 6.824980799531467710e+03 3.750270693439100341e+03
2.313466692519383291e-02 1.630499185592436152e+04 6.780573993593070554e+03 3.726205141570478645e+03
2.579577120231610690e-02 1.596910974538383016e+04 6.639972434016006446e+03 3.648991919728712219e+03
2.876297350957714855e-02 1.540707408249633590e+04 6.403847941414335764e+03 3.518958677051487030e+03
3.207148329174031032e-02 1.464431810900044002e+04 6.082883333862964719e+03 3.341978821979580061e+03
3.576056001963404812e-02 1.373353522984694428e+04 5.699277972788477200e+03 3.130318757473500227e+03
3.987397905126498221e-02 1.275176141656112850e+04 5.285540242787865282e+03 2.901931972584487994e+03
4.446055107939526907e-02 1.178928063968600873e+04 4.879794962602872147e+03 2.677897681947630645e+03
4.957470132945773766e-02 1.092824920010810820e+04 4.516770905822810164e+03 2.477427553810018253e+03
5.527711538069327024e-02 1.021524631279393361e+04 4.216175900275337881e+03 2.311431821110199053e+03
6.163545927395905344e-02 9.626369551557123486e+03 3.967938389400307642e+03 2.174350875626286324e+03
6.872518245115814828e-02 9.056479161483888674e+03 3.727621704553636391e+03 2.041609697868134845e+03
7.663041305413779980e-02 8.353149323982075657e+03 3.430744386417449277e+03 1.877523104781182155e+03
8.544495620686157200e-02 7.424536252391839298e+03 3.038444140598133345e+03 1.660579786223957626e+03
9.527340712667957401e-02 6.367341704495105660e+03 2.591624317170992981e+03 1.413413386434058793e+03
1.062323922731101822e-01 5.447335924925791005e+03 2.202718408256196199e+03 1.198254544256896679e+03
1.184519532618636822e-01 4.857218044542588359e+03 1.953326610881528495e+03 1.060289253817375993e+03
1.320770899659224340e-01 4.469092928264763032e+03 1.789343694011535717e+03 9.695769445685973551e+02
1.472694811144383831e-01 3.941524239858594683e+03 1.566341824398338986e+03 8.461818642000107502e+02
1.642094028064348954e-01 3.269090802579056799e+03 1.282023017013253138e+03 6.888294199698233342e+02
1.830978677048002712e-01 2.820158644932268089e+03 1.092303283023941503e+03 5.838395822680349738e+02
2.041590102946942431e-01 2.546246123941442875e+03 9.766182644198838716e+02 5.198201400817891908e+02
2.276427465103479653e-01 2.141043079270120415e+03 8.055356372754250742e+02 4.251562824563801541e+02
2.538277392899435103e-01 1.844715549449615992e+03 6.805507801657923892e+02 3.560070756200364599e+02
2.830247052484705095e-01 1.622575618821410899e+03 5.870554578170712148e+02 3.042986156770652428e+02
3.155801017062329072e-01 1.381933002052159281e+03 4.859440273644665353e+02 2.484048900864713119e+02
3.518802378240603601e-01 1.217114013988399620e+03 4.169583324805871030e+02 2.102885169411620723e+02
3.923558586288135031e-01 1.057352698058685974e+03 3.504274740441977087e+02 1.735783855738044110e+02
4.374872563241952172e-01 9.285267679242484746e+02 2.972228805502878117e+02 1.442728908560375203e+02
4.878099695387512202e-01 8.230570804318072078e+02 2.541371034688905013e+02 1.205933662399336157e+02
5.439211381395319123e-01 7.318118137165666894e+02 2.174677744613809693e+02 1.005206282081979055e+02
6.064865890189676811e-01 6.549147496094748249e+02 1.872836284994929201e+02 8.409304778477655873e+01
6.762487369363893164e-01 5.903901944639521844e+02 1.627620959556531375e+02 7.085256883010788442e+01
7.540353941672404137e-01 5.340854084313688190e+02 1.422643754028370040e+02 5.992417069019024467e+01
8.407695934971151086e-01 4.850401021135752444e+02 1.254013157726118095e+02 5.109083397245432678e+01
9.374805411223435803e-01 4.414714942424724882e+02 1.114404872775414503e+02 4.395916067947644734e+01
1.045315829426528564e+00 4.016990634036532128e+02 9.969501306306575827e+01 3.816405502148574413e+01
1.165555054552403824e+00 3.645896573513943508e+02 8.964845971841232597e+01 3.343095992667186067e+01
1.299625000357985227e+00 3.293839323094029510e+02 8.090435412897102196e+01 2.954643100000277656e+01
1.449116568932995452e+00 2.956066378798344090e+02 7.312137858339929153e+01 2.632123562178693987e+01
1.615803658576671964e+00 2.630254817799602165e+02 6.602696279168280569e+01 2.360013111752580883e+01
1.801664213246928048e+00 2.317158424872620515e+02 5.942428457032678324e+01 2.125631400276343896e+01
2.008903693258128342e+00 2.019111698981275254e+02 5.317956061113026323e+01 1.918932494154952195e+01
2.239981245735629400e+00 1.739817206914433996e+02 4.722431901870706383e+01 1.732129944460817228e+01
2.497638885371206374e+00 1.482889029161592305e+02 4.153683406394272026e+01 1.559379332787833405e+01
2.784934031744384253e+00 1.251301078567451555e+02 3.614206620174794438e+01 1.396833028023962342e+01
3.105275789304232426e+00 1.046762593724577215e+02 3.108727301373814811e+01 1.242205332841107435e+01
3.462465400517639402e+00 8.692945989676107388e+01 2.643166829695144315e+01 1.094753224281989823e+01
3.860741352209485999e+00 7.176584488111792837e+01 2.222737548789828566e+01 9.547711935971125996e+00
4.304829670336041580e+00 5.895671453510102111e+01 1.850558785292014008e+01 8.233379540850823020e+00
4.799999999999999822e+00 4.822555596115547161e+01 1.527441158389772013e+01 7.018363738515437156e+00
