1.000000000230258569e-04 1.321463149964173681e+03 4.838650751459969115e+02 2.455533014000904473e+02
1.115026695290953366e-04 1.418957777745952853e+03 5.298377401405990668e+02 2.714639537021712954e+02
1.243284530925187648e-04 1.527264640345961880e+03 5.809956016118602520e+02 3.003169698713419393e+02
1.386295441504667143e-04 1.647599982633400941e+03 6.379199744629546558e+02 3.324438095715425447e+02
1.545756424481938766e-04 1.781306753569622515e+03 7.012567342458920621e+02 3.682130935649400953e+02
1.723559677317991945e-04 1.929858260851356135e+03 7.717237629835816506e+02 4.080353435939063615e+02
1.921815050694108094e-04 2.094893004851486239e+03 8.501144177034807399e+02 4.523651034754930720e+02
2.142875084442451923e-04 2.278242112607857962e+03 9.373093418231374017e+02 5.017062160955589434e+02
2.389362923277018713e-04 2.481955572840327477e+03 1.034288480892900452e+03 5.566174952538706293e+02
2.664203443578849946e-04 2.708313808070530285e+03 1.142133983620724848e+03 6.177165622385269899e+02
2.970657960592480913e-04 2.959874814717884874e+03 1.262046951833591038e+03 6.856862930691042948e+02
3.312362927876497001e-04 3.239528646874797687e+03 1.395367212196194259e+03 7.612820532140916612e+02
3.693373088223966556e-04 3.550501843379372076e+03 1.543575865929533393e+03 8.453368541833289100e+02
4.118209588090659132e-04 3.896379727244900096e+03 1.708308798682617635e+03 9.387668885663778156e+02
4.591913626466918256e-04 4.281129731586686830e+03 1.891373248526451789e+03 1.042576918782310941e+03
5.120106274801957584e-04 4.709152530317630408e+03 2.094759705296286484e+03 1.157868759295390191e+03
5.709055177816341068e-04 5.185217750110766247e+03 2.320632026232368844e+03 1.285839616443342038e+03
6.365748926688486646e-04 5.714296790148227046e+03 2.571293898605781578e+03 1.427771000514845127e+03
7.097979987143026312e-04 6.301716512466327003e+03 2.849228449336080757e+03 1.585045083382488201e+03
7.914437166483044659e-04 6.953091520012182627e+03 3.157070937367807801e+03 1.759132359960282201e+03
8.824808716799498404e-04 7.674079544299094778e+03 3.497515035240674479e+03 1.951548742130513347e+03
9.839897297802024153e-04 8.470466929233778501e+03 3.873353823830207148e+03 2.163875705594366082e+03
1.097174816344422205e-03 9.348117408917660214e+03 4.287441154085763628e+03 2.397736921449134115e+03
1.223379209343287413e-03 1.031284483921613537e+04 4.742568236001688092e+03 2.654721583653026755e+03
1.364100476567608111e-03 1.137029752071806251e+04 5.241460680857986517e+03 2.936391994945300667e+03
1.521008446081769522e-03 1.252578908665405106e+04 5.786706662659895301e+03 3.244242166135735260e+03
1.695965020753673102e-03 1.378404873424650941e+04 6.380588259242347704e+03 3.579581067993316537e+03
1.891046271984591709e-03 1.514903164888856736e+04 7.025026979983261299e+03 3.943516169695646113e+03
2.108567074807741158e-03 1.662368121322558727e+04 7.721480001454276135e+03 4.336898141940718233e+03
2.351108576680822643e-03 1.820964524560794962e+04 8.470762958216251718e+03 4.760202862583530987e+03
2.621548825923003187e-03 1.990697923885308046e+04 9.272933572049629220e+03 5.213474549877653772e+03
2.923096923239734257e-03 2.171374253652857806e+04 1.012710802015019908e+04 5.696229232058836715e+03
3.259331101584665453e-03 2.362517141861163327e+04 1.103102480082099100e+04 6.207218081380452531e+03
3.634241186222156913e-03 2.563350849619436485e+04 1.198098060110268125e+04 6.744388631094705488e+03
4.052275938830490927e-03 2.772756526880987440e+04 1.297177911804235555e+04 7.304726196049032296e+03
4.518395847440812539e-03 2.989385218712040296e+04 1.399718024245772540e+04 7.884777912196916986e+03
5.038131988628217865e-03 3.210460205352791309e+04 1.504395723164541050e+04 8.477090287330454885e+03
5.617651660426248826e-03 3.433439015731485415e+04 1.610011317156079531e+04 9.074891018516173062e+03
6.263831564778516575e-03 3.654465098090433457e+04 1.714739186735186013e+04 9.667844424369506669e+03
6.984339407925946493e-03 3.869933708732707601e+04 1.816878344566032683e+04 1.024636269139697106e+04
7.787724887016851671e-03 4.074776530231244396e+04 1.914035384270269788e+04 1.079695589133658359e+04
8.683521142606049834e-03 4.262773155316196789e+04 2.003260253094189829e+04 1.130289790946628636e+04
9.682357880899711625e-03 4.427191529858949798e+04 2.081368078834303378e+04 1.174613569311454739e+04
1.079608750807801998e-02 4.560253210210894758e+04 2.144672167522924792e+04 1.210578702554161282e+04
1.203792577343234388e-02 4.653351378874423972e+04 2.189101649343296958e+04 1.235883492302366722e+04
1.342260859021738965e-02 4.697409937650270149e+04 2.210330827022855374e+04 1.248069187372448687e+04
1.496656689508787767e-02 4.683443207120413717e+04 2.204085464201384093e+04 1.244704262174097130e+04
1.668812162103823840e-02 4.603276078931464144e+04 2.166492939832577758e+04 1.223597275203336540e+04
1.860770109743517184e-02 4.450830435126498196e+04 2.094638085033112657e+04 1.183088399275487609e+04
2.074808345685756270e-02 4.224015514119340514e+04 1.987496857093365907e+04 1.122577215789709226e+04
2.313466692519383291e-02 3.926812477512159967e+04 1.846944988711480255e+04 1.043122225961234471e+04
2.579577120231610690e-02 3.570993235349507449e+04 1.678542411909565271e+04 9.478667087482826901e+03
2.876297350957714855e-02 3.177210783392336452e+04 1.492065835246265669e+04 8.423407591835311905e+03
3.207148329174031032e-02 2.774027104406006038e+04 1.301057543126658129e+04 7.342157166449215765e+03
3.576056001963404812e-02 2.394391237972223098e+04 1.121149061765334955e+04 6.323502934386430752e+03
3.987397905126498221e-02 2.069440409777676541e+04 9.671246493947914132e+03 5.451267358580088512e+03
4.446055107939526907e-02 1.820961961697228253e+04 8.493396868795380215e+03 4.784211513902738261e+03
4.957470132945773766e-02 1.654064381823985968e+04 7.702382142624368498e+03 4.336268632918032381e+03
5.527711538069327024e-02 1.551694250857997213e+04 7.217399389328597863e+03 4.061695316289482435e+03
6.163545927395905344e-02 1.468884091557348620e+04 6.825111149967960955e+03 3.839600981941807731e+03
6.872518245115814828e-02 1.344429274233493925e+04 6.234932370799710043e+03 3.505248700686201573e+03
7.663041305413779980e-02 1.143039626964858144e+04 5.279180394607734343e+03 2.963538091165650258e+03
8.544495620686157200e-02 8.991845993004613774e+03 4.121643844938160328e+03 2.307349052439689785e+03
9.527340712667957401e-02 7.022612058057929062e+03 3.186787565262807220e+03 1.777352741887237244e+03
1.062323922731101822e-01 6.091783656191250884e+03 2.745067480909529877e+03 1.526959951327670069e+03
1.184519532618636822e-01 5.812734517844485708e+03 2.612706724354319249e+03 1.451941814692874004e+03
1.320770899659224340e-01 5.126982803558201340e+03 2.287249725235330061e+03 1.267427840461053620e+03
1.472694811144383831e-01 3.900020229632413248e+03 1.704920269604576106e+03 9.372694226795655368e+02
1.642094028064348954e-01 3.199624324864440496e+03 1.372672821941293478e+03 7.489152263854524563e+02
1.830978677048002712e-01 3.006019756316848998e+03 1.280943645508153168e+03 6.969103772106794850e+02
2.041590102946942431e-01 2.430950937246341255e+03 1.008387904095012345e+03 5.424197731774557951e+02
2.276427465103479653e-01 2.013618505190951510e+03 8.108910567084950571e+02 4.305115083481796319e+02
2.538277392899435103e-01 1.808562135133184483e+03 7.141191688841339555e+02 3.756908893342778697e+02
2.830247052484705095e-01 1.482177721855116715e+03 5.602907676669963166e+02 2.886131907676602850e+02
3.155801017062329072e-01 1.322678859003091247e+03 4.854370601668480276e+02 2.462445969347762116e+02
3.518802378240603601e-01 1.130436985395141619e+03 3.958618922850500894e+02 1.956743886072893304e+02
3.923558586288135031e-01 9.968659573821909134e+02 3.342493150166185387e+02 1.609543208892719974e+02
4.374872563241952172e-01 8.860480088090096160e+02 2.837913471732889548e+02 1.326023697814872833e+02
4.878099695387512202e-01 7.897451316136181276e+02 2.408739218612815876e+02 1.086244955214898482e+02
5.439211381395319123e-01 7.108839202380479492e+02 2.067652022872006796e+02 8.971180583047789980e+01
6.064865890189676811e-01 6.451340942526444451e+02 1.794990347262325372e+02 7.476300458468031707e+01
6.762487369363893164e-01 5.882079069378589793e+02 1.571415425867704698e+02 6.270728632253046442e+01
7.540353941672404137e-01 5.382453170171852435e+02 1.388811552171699475e+02 5.310026850437407830e+01
8.407695934971151086e-01 4.933148216273107209e+02 1.238342445587689866e+02 4.545270147166905161e+01
9.374805411223435803e-01 4.517103908857376950e+02 1.112015844529085342e+02 3.932918595060804279e+01
1.045315829426528564e+00 4.122297844262853346e+02 1.003657606424736883e+02 3.438996767133105692e+01
1.165555054552403824e+00 3.740864790168013769e+02 9.084906779232080964e+01 3.037084379772636566e+01
1.299625000357985227e+00 3.368686638701844913e+02 8.227723724137393901e+01 2.705476528419118054e+01
1.449116568932995452e+00 3.004701737316261756e+02 7.436144729295584455e+01 2.426458137277048976e+01
1.615803658576671964e+00 2.650972304010002745e+02 6.690711748435673201e+01 2.186169221284050934e+01
1.801664213246928048e+00 2.311524281370600988e+02 5.979580948400928264e+01 1.973742310203235206e+01
2.008903693258128342e+00 1.991524771715124018e+02 5.298057805006725118e+01 1.781119391301288957e+01
2.239981245735629400e+00 1.696098270207378960e+02 4.646721143592071002e+01 1.602460532579876684e+01
2.497638885371206374e+00 1.429207222434231710e+02 4.030148081153481598e+01 1.434076820873638880e+01
2.784934031744384253e+00 1.193255004816550979e+02 3.454905552512520472e+01 1.273979324815800318e+01
3.105275789304232426e+00 9.884765595505044189e+01 2.927598539252458920e+01 1.121631881830280797e+01
3.462465400517639402e+00 8.135131988172044259e+01 2.453592614981925735e+01 9.775216542206482728e+00
3.860741352209485999e+00 6.658145850081494643e+01 2.035542594260310167e+01 8.427214768990241467e+00
4.304829670336041580e+00 5.422413789597697331e+01 1.673531753680345702e+01 7.185267285725714714e+00
4.799999999999999822e+00 4.396365385958299044e+01 1.364998938341557810e+01 6.060075621334398477e+00
