1.000000000230258569e-04 3.821645590846885057e+02 9.184784676546283322e+01 3.873403824245148996e+01
1.115026695290953366e-04 3.973748501637717823e+02 9.806550741839392060e+01 4.207459601313671982e+01
1.243284530925187648e-04 4.141885813904318638e+02 1.049472273491620058e+02 4.577473489496626513e+01
1.386295441504667143e-04 4.327780621811699575e+02 1.125654231690424325e+02 4.987319512033404578e+01
1.545756424481938766e-04 4.533253114219927511e+02 1.209986139683847171e+02 5.441290382892940158e+01
1.723559677317991945e-04 4.760321708026600049e+02 1.303334693801515130e+02 5.944128827998729037e+01
1.921815050694108094e-04 5.011260664015661632e+02 1.406663068651445485e+02 6.501069240567478857e+01
2.142875084442451923e-04 5.288556452357646549e+02 1.521032651844975874e+02 7.117917367408787754e+01
2.389362923277018713e-04 5.594985334731093189e+02 1.647616216922315004e+02 7.801084323738753312e+01
2.664203443578849946e-04 5.933685194257988087e+02 1.787711634820714153e+02 8.557631295690046613e+01
2.970657960592480913e-04 6.308194656846716271e+02 1.942755454120537308e+02 9.395378100731639393e+01
3.312362927876497001e-04 6.722512880626294418e+02 2.114334488343278338e+02 1.032295077490130382e+02
3.693373088223966556e-04 7.181168285606229347e+02 2.304199757731268505e+02 1.134983240470408390e+02
4.118209588090659132e-04 7.689292480875454885e+02 2.514297997517275860e+02 1.248649899244574328e+02
4.591913626466918256e-04 8.252705958003978139e+02 2.746784987787919476e+02 1.374448874001353431e+02
5.120106274801957584e-04 8.877983898674075363e+02 3.004035119982769402e+02 1.513645753334905635e+02
5.709055177816341068e-04 9.572186191618392286e+02 3.288660501366854874e+02 1.667628732975453829e+02
6.365748926688486646e-04 1.034298310569043451e+03 3.603529936268437837e+02 1.837917723275773199e+02
7.097979987143026312e-04 1.119889995880992501e+03 3.951784340197038432e+02 2.026171722722644120e+02
7.914437166483044659e-04 1.214868328795421803e+03 4.336800792665182485e+02 2.234184143094525439e+02
8.824808716799498404e-04 1.320128404289500850e+03 4.762199859831777076e+02 2.463888823443006117e+02
9.839897297802024153e-04 1.436628148568934648e+03 5.231883596779565551e+02 2.717373097520438705e+02
1.097174816344422205e-03 1.565373185695701068e+03 5.749981277371975921e+02 2.996852967671633223e+02
1.223379209343287413e-03 1.707407927015753557e+03 6.320829204960679135e+02 3.304665644614874509e+02
1.364100476567608111e-03 1.863816266077865066e+03 6.948994830032237360e+02 3.643284591661317222e+02
1.521008446081769522e-03 2.035718130380965931e+03 7.639182809042807776e+02 4.015264144002752005e+02
1.695965020753673102e-03 2.224257984729653344e+03 8.396165022327563747e+02 4.423202302480353865e+02
1.891046271984591709e-03 2.430580907019148526e+03 9.224781728993455090e+02 4.869753332639120345e+02
2.108567074807741158e-03 2.655836195798738117e+03 1.012984851852748875e+03 5.357551055696440017e+02
2.351108576680822643e-03 2.901168817021482937e+03 1.111605349117620335e+03 5.889136407008401193e+02
2.621548825923003187e-03 3.167668655213773491e+03 1.218787726281648702e+03 6.466945633739260302e+02
2.923096923239734257e-03 3.456323276255063774e+03 1.334937038316116059e+03 7.093184511964416288e+02
3.259331101584665453e-03 3.767968425689434753e+03 1.460391700462384051e+03 7.769693871126851263e+02
3.634241186222156913e-03 4.103255364440035009e+03 1.595415714842401940e+03 8.497921111118914723e+02
4.052275938830490927e-03 4.462494689095093236e+03 1.740136611933130780e+03 9.278570675627053106e+02
4.518395847440812539e-03 4.845475558957870817e+03 1.894472433823196752e+03 1.011118962823825314e+03
5.038131988628217865e-03 5.251514305041425359e+03 2.058151699804083364e+03 1.099429683169713599e+03
5.617651660426248826e-03 5.679298057711154797e+03 2.230648626488479294e+03 1.192511303650404670e+03
6.263831564778516575e-03 6.126462605164098932e+03 2.411008660295090522e+03 1.289852292100864133e+03
6.984339407925946493e-03 6.590154596108978694e+03 2.598080274660430860e+03 1.390828322225930833e+03
7.787724887016851671e-03 7.066124990902351783e+03 2.790157698194815566e+03 1.494521964276609424e+03
8.683521142606049834e-03 7.548563128076699286e+03 2.984898590580172822e+03 1.599672318972614903e+03
9.682357880899711625e-03 8.030315201463567064e+03 3.179412019007449089e+03 1.704715405264070341e+03
1.079608750807801998e-02 8.502377524764668124e+03 3.370066923828876497e+03 1.807692332520810396e+03
1.203792577343234388e-02 8.953845369607110115e+03 3.552463866705542387e+03 1.906227620549420180e+03
1.342260859021738965e-02 9.371762980059265828e+03 3.721378394964443032e+03 1.997504524822855274e+03
1.496656689508787767e-02 9.741339232100102890e+03 3.870819192258955354e+03 2.078284210477304441e+03
1.668812162103823840e-02 1.004622240009057350e+04 3.994181290175299637e+03 2.144991413698311590e+03
1.860770109743517184e-02 1.026914132036482988e+04 4.084503271244160715e+03 2.193878615896992869e+03
2.074808345685756270e-02 1.039321970929523559e+04 4.134936927325521538e+03 2.221238586998259052e+03
2.313466692519383291e-02 1.040411138628239678e+04 4.139671554740792089e+03 2.223918775198123967e+03
2.579577120231610690e-02 1.029253700930771629e+04 4.094959778229410858e+03 2.199900790717098516e+03
2.876297350957714855e-02 1.005733854607698595e+04 4.000312032221063419e+03 2.148912190849345734e+03
3.207148329174031032e-02 9.708624053784496937e+03 3.859788623390454177e+03 2.073139554500437043e+03
3.576056001963404812e-02 9.269311196283413665e+03 3.682645024810580708e+03 1.977578685123638252e+03
3.987397905126498221e-02 8.774236488910670232e+03 3.482936803407278603e+03 1.869816929183968796e+03
4.446055107939526907e-02 8.264664828478340496e+03 3.277331270456769744e+03 1.758856044109777031e+03
4.957470132945773766e-02 7.777705735743174955e+03 3.080821455044201230e+03 1.652792122611706191e+03
5.527711538069327024e-02 7.333435277425212917e+03 2.901520566915169638e+03 1.556010044699992932e+03
6.163545927395905344e-02 6.915597950602207675e+03 2.732866481557238330e+03 1.464966755335927246e+03
6.872518245115814828e-02 6.474414178691628877e+03 2.554750193124116777e+03 1.368803041387981921e+03
7.663041305413779980e-02 5.948229709075253595e+03 2.342265538425764589e+03 1.254067538945208526e+03
8.544495620686157200e-02 5.317653284801430345e+03 2.087581302720318035e+03 1.116531614349020629e+03
9.527340712667957401e-02 4.652641325417248481e+03 1.818960134534351937e+03 9.714600016371903166e+02
1.062323922731101822e-01 4.080474589100274898e+03 1.587842565127284615e+03 8.466398737121166960e+02
1.184519532618636822e-01 3.663451403234589179e+03 1.419402856536951958e+03 7.556699903768603690e+02
1.320770899659224340e-01 3.308298862705168631e+03 1.275951664236343504e+03 6.781930047298367299e+02
1.472694811144383831e-01 2.879494663806018252e+03 1.102764957490402594e+03 5.846564986958829877e+02
1.642094028064348954e-01 2.437187463638120335e+03 9.241323117940127077e+02 4.881777643309346786e+02
1.830978677048002712e-01 2.128533586003023629e+03 7.995110707158418109e+02 4.208717156575800118e+02
2.041590102946942431e-01 1.869588144010756650e+03 6.949946533077331878e+02 3.644256349663871219e+02
2.276427465103479653e-01 1.577239211226125690e+03 5.770475897302176236e+02 3.007337567347046274e+02
2.538277392899435103e-01 1.365812929288973692e+03 4.918034297345908499e+02 2.547031287179716799e+02
2.830247052484705095e-01 1.173156135146117549e+03 4.142093294012571505e+02 2.128117837620984574e+02
3.155801017062329072e-01 1.005412187195856404e+03 3.467486823052468026e+02 1.764003801287282442e+02
3.518802378240603601e-01 8.667517764385365808e+02 2.911157186751190693e+02 1.463844614479636732e+02
3.923558586288135031e-01 7.492119446320291445e+02 2.441121295060847274e+02 1.210386139234271070e+02
4.374872563241952172e-01 6.490426830096350841e+02 2.042484902654483392e+02 9.956136473880883386e+01
4.878099695387512202e-01 5.667681022207377737e+02 1.717458116654561593e+02 8.207191354323464338e+01
5.439211381395319123e-01 4.977957480924024480e+02 1.447869813864939488e+02 6.759376833733942647e+01
6.064865890189676811e-01 4.401439266738786955e+02 1.225981669245410046e+02 5.571171634954276186e+01
6.762487369363893164e-01 3.919162674417370908e+02 1.044457563733902390e+02 4.603322262596201853e+01
7.540353941672404137e-01 3.512948109898400730e+02 8.963117756999629648e+01 3.818615785014028319e+01
8.407695934971151086e-01 3.166587112092211669e+02 7.753899292494007511e+01 3.184436646684914507e+01
9.374805411223435803e-01 2.867019845600294730e+02 6.766259133291744376e+01 2.673770817413399215e+01
1.045315829426528564e+00 2.602485447793663411e+02 5.955486228897883905e+01 2.263320391981691060e+01
1.165555054552403824e+00 2.363619850949612271e+02 5.284621376075163823e+01 1.933581235882053662e+01
1.299625000357985227e+00 2.142913151384738626e+02 4.722137782161253483e+01 1.668280115896500604e+01
1.449116568932995452e+00 1.934964852169291305e+02 4.242620623661694168e+01 1.454067360075741533e+01
1.615803658576671964e+00 1.736228371998070656e+02 3.824632845768686451e+01 1.279703712490216283e+01
1.801664213246928048e+00 1.544973888732843932e+02 3.451559543940698660e+01 1.136203411055595325e+01
2.008903693258128342e+00 1.361212099902602404e+02 3.110388678936378426e+01 1.016038976354546719e+01
2.239981245735629400e+00 1.186044072003908525e+02 2.791917950184440045e+01 9.133274965820035618e+00
2.497638885371206374e+00 1.021570668718337060e+02 2.490316651735674114e+01 8.232828680087301620e+00
2.784934031744384253e+00 8.698495006675305774e+01 2.202625091114017408e+01 7.423009237512049552e+00
3.105275789304232426e+00 7.328478464825916205e+01 1.928647033880658412e+01 6.677131694100864934e+00
3.462465400517639402e+00 6.116099743425245805e+01 1.669713836771348880e+01 5.977133767954279087e+00
3.860741352209485999e+00 5.063728277715716075e+01 1.428585001247676267e+01 5.312988046211689408e+00
4.304829670336041580e+00 4.165011697155176051e+01 1.207866200626609476e+01 4.680446179420111541e+00
4.799999999999999822e+00 3.406903939396126191e+01 1.009971054909872912e+01 4.080956716624005054e+00
