1.000000000230258569e-04 1.202446445265824195e+03 4.579627157087407454e+02 2.382915424841443723e+02
1.115026695290953366e-04 1.294292992703427444e+03 5.003108503387813926e+02 2.627618380574383536e+02
1.243284530925187648e-04 1.396502325674790654e+03 5.475088058349753055e+02 2.900439360860979150e+02
1.386295441504667143e-04 1.510347125484251364e+03 6.001304118507360954e+02 3.204644227360337254e+02
1.545756424481938766e-04 1.637254914323485764e+03 6.588179248159931376e+02 3.543876309686022523e+02
1.723559677317991945e-04 1.778784219360579300e+03 7.242895052902742918e+02 3.922223094176167706e+02
1.921815050694108094e-04 1.936680629147215313e+03 7.973476865816530790e+02 4.344242454398016093e+02
2.142875084442451923e-04 2.112868593657956353e+03 8.788838589263489212e+02 4.815000630608323604e+02
2.389362923277018713e-04 2.309353831216474191e+03 9.698736027502181969e+02 5.340106652194349408e+02
2.664203443578849946e-04 2.528307161178882779e+03 1.071392888579079226e+03 5.925775526869933856e+02
2.970657960592480913e-04 2.772037540875449395e+03 1.184615610257658773e+03 6.578848930934992723e+02
3.312362927876497001e-04 3.042770806466457088e+03 1.310769202443887934e+03 7.306699459212242118e+02
3.693373088223966556e-04 3.342732863924610683e+03 1.451159094229827360e+03 8.117338651174537745e+02
4.118209588090659132e-04 3.674163817231194116e+03 1.607167216571005611e+03 9.019420245592613128e+02
4.591913626466918256e-04 4.039291609613487253e+03 1.780198050607728646e+03 1.002196341622817954e+03
5.120106274801957584e-04 4.440257786124227096e+03 1.971681478795832390e+03 1.113444183137242135e+03
5.709055177816341068e-04 4.879164047255753758e+03 2.183084667251568590e+03 1.236682484776705223e+03
6.365748926688486646e-04 5.358738963564444930e+03 2.416011145030264288e+03 1.372958684297830587e+03
7.097979987143026312e-04 5.882068131901282868e+03 2.672145086783333682e+03 1.523360141168521523e+03
7.914437166483044659e-04 6.452471916264062202e+03 2.953235161901673109e+03 1.689014366754837283e+03
8.824808716799498404e-04 7.074343301361082013e+03 3.261363356402147474e+03 1.871172374161431208e+03
9.839897297802024153e-04 7.753005393162044129e+03 3.598885564131899628e+03 2.071183326859549197e+03
1.097174816344422205e-03 8.494428750097309603e+03 3.968336912768028014e+03 2.290460656201617439e+03
1.223379209343287413e-03 9.304659946893007145e+03 4.372390954404598233e+03 2.530505943490832578e+03
1.364100476567608111e-03 1.018998690910301593e+04 4.813874686704701162e+03 2.792901295320963982e+03
1.521008446081769522e-03 1.115713986601093166e+04 5.295755244703500466e+03 3.079276600275455166e+03
1.695965020753673102e-03 1.221189618114333280e+04 5.820684172601512728e+03 3.391119849642818735e+03
1.891046271984591709e-03 1.335906324026681068e+04 6.390969760789135762e+03 3.729754777531297805e+03
2.108567074807741158e-03 1.460295650821181152e+04 7.008695292260614224e+03 4.096371321848701882e+03
2.351108576680822643e-03 1.594628055447643965e+04 7.675151142280159547e+03 4.491722367267159825e+03
2.621548825923003187e-03 1.738978581495059916e+04 8.390669047735089407e+03 4.916031689322552666e+03
2.923096923239734257e-03 1.893245279036949069e+04 9.154739116279410155e+03 5.369045027923604721e+03
3.259331101584665453e-03 2.057085713395519997e+04 9.965756655874467469e+03 5.849769579336375500e+03
3.634241186222156913e-03 2.229873701053484911e+04 1.082083580539189643e+04 6.356338597701860635e+03
4.052275938830490927e-03 2.410667964299564119e+04 1.171558135603411029e+04 6.886003999026591373e+03
4.518395847440812539e-03 2.598003691812765101e+04 1.264210409236528358e+04 7.434985030103591271e+03
5.038131988628217865e-03 2.790050261520482672e+04 1.359170650810630286e+04 7.997410678058608028e+03
5.617651660426248826e-03 2.984476078686942856e+04 1.455295328422067178e+04 8.566644094339055300e+03
6.263831564778516575e-03 3.178320569609373342e+04 1.551124759814955178e+04 9.134119495063618160e+03
6.984339407925946493e-03 3.367982376581396966e+04 1.644880186365822010e+04 9.689278396619445630e+03
7.787724887016851671e-03 3.549163594201330852e+04 1.734449814671726926e+04 1.021964569881722855e+04
8.683521142606049834e-03 3.716830727805460629e+04 1.817339109538637786e+04 1.071049564873313284e+04
9.682357880899711625e-03 3.865197863762253837e+04 1.890704981035836681e+04 1.114495771203973709e+04
1.079608750807801998e-02 3.987722906121545384e+04 1.951318911247109645e+04 1.150405176927234970e+04
1.203792577343234388e-02 4.077341828979278944e+04 1.995672461931450744e+04 1.176690713275135931e+04
1.342260859021738965e-02 4.126656230893268366e+04 2.020131196436360915e+04 1.191200414571442525e+04
1.496656689508787767e-02 4.128349846687861282e+04 2.021075159299592997e+04 1.191798079274472911e+04
1.668812162103823840e-02 4.075937201422338694e+04 1.995303959714010125e+04 1.176588159384999926e+04
1.860770109743517184e-02 3.964768431467147457e+04 1.940519335045543266e+04 1.144211211643114984e+04
2.074808345685756270e-02 3.793360593372152653e+04 1.855990350862469131e+04 1.094233825818107471e+04
2.313466692519383291e-02 3.564938375339643972e+04 1.743305052528052329e+04 1.027595069325788427e+04
2.579577120231610690e-02 3.288796632185467024e+04 1.607054584601051829e+04 9.470116741156296484e+03
2.876297350957714855e-02 2.981017997080629357e+04 1.455172208109426902e+04 8.571762413885287970e+03
3.207148329174031032e-02 2.663659095559944399e+04 1.298551904855757130e+04 7.645337741081746572e+03
3.576056001963404812e-02 2.362016969200038147e+04 1.149680007410519465e+04 6.764720967592413217e+03
3.987397905126498221e-02 2.099722627066714267e+04 1.020224418659419280e+04 5.998943307482268210e+03
4.446055107939526907e-02 1.892458718787726320e+04 9.179276796058447871e+03 5.393815339711193701e+03
4.957470132945773766e-02 1.741380672813751153e+04 8.433630919229357460e+03 4.952733786998508549e+03
5.527711538069327024e-02 1.627739272536648605e+04 7.872758253343554316e+03 4.620954034968444830e+03
6.163545927395905344e-02 1.515256324874214442e+04 7.317569164261773949e+03 4.292523459625336727e+03
6.872518245115814828e-02 1.358218462485128293e+04 6.542475234687368356e+03 3.834006313904567833e+03
7.663041305413779980e-02 1.147431277060777757e+04 5.501996039305425256e+03 3.218472660973640814e+03
8.544495620686157200e-02 9.268860210418055431e+03 4.413425954204348272e+03 2.574503137023018553e+03
9.527340712667957401e-02 7.646054111933428430e+03 3.612484435147269323e+03 2.100692519063973577e+03
1.062323922731101822e-01 6.839674273338690909e+03 3.214556045835186524e+03 1.865297957012564439e+03
1.184519532618636822e-01 6.301321391971159755e+03 2.948937083553260436e+03 1.708174235860839190e+03
1.320770899659224340e-01 5.313923016359556641e+03 2.461679577129500103e+03 1.419932133444957117e+03
1.472694811144383831e-01 4.194072653329232708e+03 1.909354676912177410e+03 1.093262878991736898e+03
1.642094028064348954e-01 3.643144392595497720e+03 1.637652981846543071e+03 9.325536592165810816e+02
1.830978677048002712e-01 3.252549206086316190e+03 1.445123245224455786e+03 8.186804882222303377e+02
2.041590102946942431e-01 2.629525384250646766e+03 1.138343998393563879e+03 6.373194031327770972e+02
2.276427465103479653e-01 2.284013764275631729e+03 9.684130253003003190e+02 5.368742398674376091e+02
2.538277392899435103e-01 1.961721571516913173e+03 8.101672488060856949e+02 4.433789262430937583e+02
2.830247052484705095e-01 1.674307893657335399e+03 6.694041755353904364e+02 3.602711360017641482e+02
3.155801017062329072e-01 1.456415127339705350e+03 5.631330070993682284e+02 2.975887069614279312e+02
3.518802378240603601e-01 1.271375440615787511e+03 4.733914877072190279e+02 2.447339990813681538e+02
3.923558586288135031e-01 1.114845248750394603e+03 3.981667816955422836e+02 2.005412818515931406e+02
4.374872563241952172e-01 9.909274773861486665e+02 3.393579146277718337e+02 1.661014020048779685e+02
4.878099695387512202e-01 8.869396645930048635e+02 2.909400982486809539e+02 1.379000338503598755e+02
5.439211381395319123e-01 7.999832333131810174e+02 2.515211530326446621e+02 1.151186767534048272e+02
6.064865890189676811e-01 7.267034440696130559e+02 2.195400219397209867e+02 9.685298150049898425e+01
6.762487369363893164e-01 6.638835396083615024e+02 1.934814517770536213e+02 8.222156998227023905e+01
7.540353941672404137e-01 6.086285575440421098e+02 1.720052989862752497e+02 7.046195083372262502e+01
8.407695934971151086e-01 5.589540519649568751e+02 1.541714178686683283e+02 6.102719716432839192e+01
9.374805411223435803e-01 5.130325723600340098e+02 1.390884511947315900e+02 5.341132817376850284e+01
1.045315829426528564e+00 4.694842315781652928e+02 1.260486678218781691e+02 4.721030544055911804e+01
1.165555054552403824e+00 4.273963591422687500e+02 1.144869779628476181e+02 4.209406761827839460e+01
1.299625000357985227e+00 3.862450354628396099e+02 1.039720000386920447e+02 3.780332599188552933e+01
1.449116568932995452e+00 3.459012308363809893e+02 9.417617052653869791e+01 3.412164547836384543e+01
1.615803658576671964e+00 3.065216518580238585e+02 8.487580539411617053e+01 3.088214667782143152e+01
1.801664213246928048e+00 2.685681387525009427e+02 7.594870408166788422e+01 2.795516490038356494e+01
2.008903693258128342e+00 2.325815193761299895e+02 6.734862385180626632e+01 2.524644622951405637e+01
2.239981245735629400e+00 1.991786368549597057e+02 5.910630954458728326e+01 2.269338674440926695e+01
2.497638885371206374e+00 1.688200197104494009e+02 5.128758154537919012e+01 2.025879753396113259e+01
2.784934031744384253e+00 1.418157530951713170e+02 4.399171177884856121e+01 1.793076754239485027e+01
3.105275789304232426e+00 1.182407722281563025e+02 3.730549690175985944e+01 1.571225736071652435e+01
3.462465400517639402e+00 9.796660276387299859e+01 3.130241711474656796e+01 1.362086727073017300e+01
3.860741352209485999e+00 8.074313534369829881e+01 2.601541128877481768e+01 1.167648957596869153e+01
4.304829670336041580e+00 6.623781663526889929e+01 2.144167998697605526e+01 9.900559036632408549e+00
4.799999999999999822e+00 5.411016428572647641e+01 1.754575637958891221e+01 8.307096151443143839e+00
