1.000000000230258569e-04 3.793269172421984194e+02 1.080947610747007133e+02 4.827049352401073179e+01
1.115026695290953366e-04 3.979553018499624955e+02 1.154785316227325040e+02 5.235957229284373682e+01
1.243284530925187648e-04 4.185713162340459803e+02 1.236816647251634436e+02 5.690676229666273400e+01
1.386295441504667143e-04 4.414155519503605660e+02 1.328000180433679986e+02 6.196435786990842587e+01
1.545756424481938766e-04 4.667510075462451482e+02 1.429387952862599604e+02 6.759056042418687582e+01
1.723559677317991945e-04 4.948763868973356352e+02 1.542161291682453452e+02 7.385020235754217310e+01
1.921815050694108094e-04 5.261265207329663554e+02 1.667645668864355457e+02 8.081555343815718118e+01
2.142875084442451923e-04 5.608578501684741013e+02 1.807307956879355402e+02 8.856736674747486404e+01
2.389362923277018713e-04 5.994697453905798739e+02 1.962789214458904610e+02 9.719553617188827843e+01
2.664203443578849946e-04 6.424016295456995067e+02 2.135915341770899829e+02 1.067998874432489487e+02
2.970657960592480913e-04 6.900881676673316178e+02 2.328664511228512026e+02 1.174909474745775526e+02
3.312362927876497001e-04 7.429931105620089511e+02 2.543213968526771680e+02 1.293910357056539056e+02
3.693373088223966556e-04 8.016101120139895784e+02 2.781946105291712001e+02 1.426348607883462591e+02
4.118209588090659132e-04 8.663987491621138588e+02 3.047350498331700237e+02 1.573682409501807911e+02
4.591913626466918256e-04 9.378105795415865487e+02 3.342076005629520523e+02 1.737498247079537919e+02
5.120106274801957584e-04 1.016305678093603660e+03 3.668949055664593288e+02 1.919517247189320130e+02
5.709055177816341068e-04 1.102379575472342140e+03 4.030910836555396486e+02 2.121562142069713275e+02
6.365748926688486646e-04 1.196540023312452831e+03 4.431014512319940195e+02 2.345568529559783713e+02
7.097979987143026312e-04 1.299314832606607752e+03 4.872457384895298560e+02 2.593598642514538710e+02
7.914437166483044659e-04 1.411455224824725065e+03 5.358875821912050696e+02 2.867882222944415957e+02
8.824808716799498404e-04 1.533880335220622101e+03 5.894253604991582733e+02 3.170800027636868776e+02
9.839897297802024153e-04 1.667619206950300395e+03 6.482847903746286420e+02 3.504877509172685563e+02
1.097174816344422205e-03 1.813927809925765814e+03 7.129663884039125605e+02 3.872943587163007351e+02
1.223379209343287413e-03 1.974292990879914896e+03 7.840419824881981867e+02 4.278113407600076243e+02
1.364100476567608111e-03 2.150393110689391051e+03 8.621366491653383264e+02 4.723723672259205841e+02
1.521008446081769522e-03 2.343869886774873521e+03 9.479008359143521147e+02 5.213303974255306912e+02
1.695965020753673102e-03 2.556358776775657134e+03 1.042013655036125101e+03 5.750577630470565964e+02
1.891046271984591709e-03 2.789607343330765616e+03 1.145194614920219237e+03 6.339454256436550850e+02
2.108567074807741158e-03 3.045252044704113814e+03 1.258133676879567929e+03 6.983742324455899961e+02
2.351108576680822643e-03 3.324784264542245637e+03 1.381477326279646604e+03 7.687078919200756673e+02
2.621548825923003187e-03 3.629640808587322681e+03 1.515852223045943219e+03 8.453000647140919455e+02
2.923096923239734257e-03 3.961056100322281054e+03 1.661798422402851202e+03 9.284534375328847773e+02
3.259331101584665453e-03 4.319982437705695702e+03 1.819735387828180137e+03 1.018399941435499159e+03
3.634241186222156913e-03 4.707087811051746939e+03 1.989966220123533503e+03 1.115306413603178498e+03
4.052275938830490927e-03 5.122563490215836282e+03 2.172591514646246651e+03 1.219239067662146226e+03
4.518395847440812539e-03 5.565988424278685670e+03 2.367450883738889388e+03 1.330136806803997843e+03
5.038131988628217865e-03 6.036330751987331496e+03 2.574120894288886120e+03 1.447793860935981229e+03
5.617651660426248826e-03 6.531923313486115148e+03 2.791825281384059508e+03 1.571708035592514989e+03
6.263831564778516575e-03 7.050269271632313576e+03 3.019497798315313048e+03 1.701283999361123506e+03
6.984339407925946493e-03 7.586287801992568347e+03 3.254931254606744460e+03 1.835279515795063844e+03
7.787724887016851671e-03 8.134512162520952188e+03 3.495739434647574853e+03 1.972344584226521647e+03
8.683521142606049834e-03 8.687657273028549753e+03 3.738738074010197124e+03 2.110674384543692668e+03
9.682357880899711625e-03 9.237073633954449178e+03 3.980150119318274392e+03 2.248127200334751706e+03
1.079608750807801998e-02 9.770983905738332396e+03 4.214819319851536420e+03 2.381776200023826732e+03
1.203792577343234388e-02 1.027565550318377245e+04 4.436721511326265500e+03 2.508191717705133215e+03
1.342260859021738965e-02 1.073517727952680434e+04 4.638884560258609781e+03 2.623408294214027137e+03
1.496656689508787767e-02 1.113127196940739123e+04 4.813299524203383953e+03 2.722873560683747655e+03
1.668812162103823840e-02 1.144411932942671046e+04 4.951258254114090960e+03 2.801632932108070236e+03
1.860770109743517184e-02 1.165341231813642844e+04 5.043821691206918331e+03 2.854586701879588873e+03
2.074808345685756270e-02 1.174029100929107335e+04 5.082706534363996980e+03 2.877011374159948900e+03
2.313466692519383291e-02 1.168966622234196802e+04 5.061274556072954510e+03 2.865136285807172044e+03
2.579577120231610690e-02 1.149379833717674592e+04 4.976076141576166265e+03 2.816970732825926916e+03
2.876297350957714855e-02 1.115641414628057100e+04 4.828711975544730194e+03 2.733406760912679601e+03
3.207148329174031032e-02 1.069584207675669131e+04 4.627217154489778295e+03 2.619018303553956684e+03
3.576056001963404812e-02 1.014608407863807042e+04 4.386473173247438353e+03 2.482253848935211863e+03
3.987397905126498221e-02 9.553724929870484630e+03 4.126937203043326917e+03 2.334758455625156785e+03
4.446055107939526907e-02 8.969317124557928764e+03 3.870801034622584666e+03 2.189160244958538442e+03
4.957470132945773766e-02 8.432455342901472250e+03 3.635466096271808965e+03 2.055366880440119530e+03
5.527711538069327024e-02 7.955405450029336862e+03 3.426325301317024696e+03 1.936454885152021006e+03
6.163545927395905344e-02 7.500880681555619958e+03 3.227008211488726829e+03 1.823105995750491729e+03
6.872518245115814828e-02 6.996009787325138859e+03 3.005490231717149527e+03 1.697086541611038228e+03
7.663041305413779980e-02 6.370267620305377932e+03 2.730771453693737385e+03 1.540742329568161722e+03
8.544495620686157200e-02 5.629437021827510762e+03 2.405379429182526110e+03 1.355509068322712892e+03
9.527340712667957401e-02 4.892743498323290623e+03 2.081728177289107407e+03 1.171239335555750586e+03
1.062323922731101822e-01 4.311042158614774053e+03 1.826161257977616515e+03 1.025726290578361386e+03
1.184519532618636822e-01 3.904044453344366048e+03 1.647361972480409349e+03 9.239232269725920332e+02
1.320770899659224340e-01 3.507997140137672886e+03 1.473342423849943998e+03 8.248292492355971035e+02
1.472694811144383831e-01 3.004648386345480048e+03 1.252147080982001853e+03 6.988588424125341589e+02
1.642094028064348954e-01 2.548025678802716357e+03 1.051495624676182388e+03 5.845850469438073560e+02
1.830978677048002712e-01 2.255978491625869538e+03 9.231825043882512318e+02 5.115073189456631439e+02
2.041590102946942431e-01 1.956867840267508427e+03 7.918041673209160081e+02 4.366875059290075569e+02
2.276427465103479653e-01 1.649829759777009485e+03 6.569865711967294146e+02 3.599134947257660997e+02
2.538277392899435103e-01 1.443509538494748540e+03 5.664325257793260562e+02 3.083438023357687143e+02
2.830247052484705095e-01 1.228317619390075379e+03 4.721019891540134950e+02 2.546431715683748678e+02
3.155801017062329072e-01 1.064162938304932595e+03 4.002446341005781392e+02 2.137440438174795077e+02
3.518802378240603601e-01 9.142076975150524731e+02 3.347547811639758493e+02 1.764900201066515706e+02
3.923558586288135031e-01 7.950693915766047439e+02 2.828777503265120572e+02 1.469939679796584642e+02
4.374872563241952172e-01 6.914496131956685758e+02 2.379834549893020039e+02 1.214978151685511847e+02
4.878099695387512202e-01 6.056811524798272330e+02 2.010883583834207968e+02 1.005764511010564064e+02
5.439211381395319123e-01 5.344610055458983879e+02 1.707712462110629303e+02 8.342470702192724730e+01
6.064865890189676811e-01 4.749104755504603759e+02 1.458064304252801833e+02 6.935061332590780125e+01
6.762487369363893164e-01 4.249960604844472982e+02 1.253296264244041254e+02 5.786536637505512459e+01
7.540353941672404137e-01 3.828667439872844511e+02 1.085785620233574633e+02 4.854553054544889079e+01
8.407695934971151086e-01 3.468782707646168433e+02 9.486057786744490272e+01 4.099979358325372658e+01
9.374805411223435803e-01 3.156100210060327527e+02 8.358360242126414619e+01 3.490090458189098399e+01
1.045315829426528564e+00 2.878808207988614072e+02 7.425881940369983170e+01 2.997792429714624163e+01
1.165555054552403824e+00 2.627101054086360818e+02 6.646259673612617291e+01 2.599761835757235673e+01
1.299625000357985227e+00 2.393154842448207660e+02 5.984309932169674795e+01 2.276755281264742692e+01
1.449116568932995452e+00 2.171329789024139245e+02 5.410853324827496635e+01 2.012592513641649816e+01
1.615803658576671964e+00 1.957872066381217451e+02 4.902195050135244969e+01 1.794067390705651732e+01
1.801664213246928048e+00 1.751150047530101119e+02 4.439873057429615244e+01 1.610303468046549114e+01
2.008903693258128342e+00 1.551112992127085874e+02 4.009870280119317698e+01 1.452451903667240174e+01
2.239981245735629400e+00 1.359230714686821671e+02 3.602872536835977968e+01 1.313517553934859627e+01
2.497638885371206374e+00 1.177761279878811678e+02 3.213393543515734052e+01 1.188003061967654261e+01
2.784934031744384253e+00 1.009261500581721975e+02 2.839779957214223316e+01 1.071925768451036376e+01
3.105275789304232426e+00 8.560213454356653529e+01 2.483141370658954372e+01 9.625295203375195285e+00
3.462465400517639402e+00 7.194489487122552873e+01 2.146619117799086851e+01 8.582659403374211848e+00
3.860741352209485999e+00 6.000674021623591159e+01 1.834281014130589327e+01 7.585489399292288049e+00
4.304829670336041580e+00 4.973449118803583247e+01 1.549857895196721636e+01 6.635742375147351879e+00
4.799999999999999822e+00 4.100497575866335609e+01 1.296194129258966754e+01 5.740749908818155056e+00
