1.000000000230258569e-04 9.436865646686487707e+02 3.784819164890987508e+02 2.045139737768512589e+02
1.115026695290953366e-04 1.025252091943880941e+03 4.163206127949341635e+02 2.263703404435628102e+02
1.243284530925187648e-04 1.116033173079493281e+03 4.584364089932596471e+02 2.506961424880758216e+02
1.386295441504667143e-04 1.217125156385869332e+03 5.053206687278826053e+02 2.777716525298703800e+02
1.545756424481938766e-04 1.329759068958842590e+03 5.575197236241863266e+02 3.079079964554531443e+02
1.723559677317991945e-04 1.455298029870690925e+03 6.156429824831418500e+02 3.414517177455915089e+02
1.921815050694108094e-04 1.595245176541406408e+03 6.803703650821510109e+02 3.787890200303485244e+02
2.142875084442451923e-04 1.751273595787859449e+03 7.524572366745898080e+02 4.203487044750360155e+02
2.389362923277018713e-04 1.925183197153749006e+03 8.327354520915877174e+02 4.666050974297461948e+02
2.664203443578849946e-04 2.118873362320262459e+03 9.221164681141382289e+02 5.180817068818789721e+02
2.970657960592480913e-04 2.334397770088719426e+03 1.021603290549434746e+03 5.753570500643278365e+02
3.312362927876497001e-04 2.573883890076555417e+03 1.132278035647973184e+03 6.390632850152560422e+02
3.693373088223966556e-04 2.839446059538209738e+03 1.255288714229046491e+03 7.098848712196412407e+02
4.118209588090659132e-04 3.133240369460017973e+03 1.391869317490882395e+03 7.885684783923522900e+02
4.591913626466918256e-04 3.457492902720367510e+03 1.543329177052170280e+03 8.759170356421942643e+02
5.120106274801957584e-04 3.814526041694540709e+03 1.711035049399494710e+03 9.727797710199074572e+02
5.709055177816341068e-04 4.206657400353361481e+03 1.896417380207130009e+03 1.080063234470305360e+03
6.365748926688486646e-04 4.636418953102939668e+03 2.100997434209614312e+03 1.198730979559588377e+03
7.097979987143026312e-04 5.106939309648085327e+03 2.326431933186280276e+03 1.329800165517521464e+03
7.914437166483044659e-04 5.621612291573127550e+03 2.574464070233106213e+03 1.474338798625261688e+03
8.824808716799498404e-04 6.184201561382529690e+03 2.846949747962050424e+03 1.633468468264563853e+03
9.839897297802024153e-04 6.799148726126482870e+03 3.145930712901338211e+03 1.808373333269845944e+03
1.097174816344422205e-03 7.471414304516279117e+03 3.473577190359269480e+03 2.000282605526894713e+03
1.223379209343287413e-03 8.206172204113991029e+03 3.832103235938921898e+03 2.210434613827438170e+03
1.364100476567608111e-03 9.008079186671124262e+03 4.223584877632177268e+03 2.440002849695441910e+03
1.521008446081769522e-03 9.881739607213325144e+03 4.650037069556947245e+03 2.690111155904228326e+03
1.695965020753673102e-03 1.083138822738351155e+04 5.113270271271482670e+03 2.961755479137617385e+03
1.891046271984591709e-03 1.185960734910194697e+04 5.614432123912503812e+03 3.255582528355858358e+03
2.108567074807741158e-03 1.296780905047382475e+04 6.154137845229445702e+03 3.571937178973494156e+03
2.351108576680822643e-03 1.415605274803537031e+04 6.732359515380553603e+03 3.910788493416870097e+03
2.621548825923003187e-03 1.542211763119684838e+04 7.348008717953436644e+03 4.271484847872765386e+03
2.923096923239734257e-03 1.676152492997554145e+04 7.998943587351574024e+03 4.652760369605803135e+03
3.259331101584665453e-03 1.816737515306431669e+04 8.681882723101201918e+03 5.052696445585695074e+03
3.634241186222156913e-03 1.963006531819229713e+04 9.392218289082155025e+03 5.468657930948194007e+03
4.052275938830490927e-03 2.113703473022429534e+04 1.012393091149779320e+04 5.897228187205586437e+03
4.518395847440812539e-03 2.267275764889409038e+04 1.086948296811341424e+04 6.334069398909343363e+03
5.038131988628217865e-03 2.421867778288281625e+04 1.161999021934628581e+04 6.773805202503339387e+03
5.617651660426248826e-03 2.575289546906080432e+04 1.236494771536233384e+04 7.210380908858326620e+03
6.263831564778516575e-03 2.724982682559901150e+04 1.309203616901715759e+04 7.636635992575999808e+03
6.984339407925946493e-03 2.867971135133058124e+04 1.378693178462416472e+04 8.044222003620279793e+03
7.787724887016851671e-03 3.001543902262358824e+04 1.443658298752913834e+04 8.425547437909304790e+03
8.683521142606049834e-03 3.119866381673820797e+04 1.501273228712271884e+04 8.764062432170136162e+03
9.682357880899711625e-03 3.218849605380140929e+04 1.549561890908177156e+04 9.048208340524975938e+03
1.079608750807801998e-02 3.294489963118495507e+04 1.586584155082011239e+04 9.266632741294131847e+03
1.203792577343234388e-02 3.342262584234476526e+04 1.610143887788822212e+04 9.406471693223404145e+03
1.342260859021738965e-02 3.356601944107211602e+04 1.617532182706153071e+04 9.451807614861776528e+03
1.496656689508787767e-02 3.332731302172662981e+04 1.606426543530298295e+04 9.389004962430763044e+03
1.668812162103823840e-02 3.266871309062382716e+04 1.574985769196351976e+04 9.207251583252598721e+03
1.860770109743517184e-02 3.156237151361484575e+04 1.521836429221752587e+04 8.898402853862700795e+03
2.074808345685756270e-02 3.000548575527327557e+04 1.446814578835528118e+04 8.461279919207701823e+03
2.313466692519383291e-02 2.802821451568220800e+04 1.351373588948548968e+04 7.904330239131914823e+03
2.579577120231610690e-02 2.570229080426651490e+04 1.238964781849357132e+04 7.247642728449945935e+03
2.876297350957714855e-02 2.314647745119500178e+04 1.115320399510150673e+04 6.524668266824431157e+03
3.207148329174031032e-02 2.052285939913193215e+04 9.882960681153124824e+03 5.781402000563669390e+03
3.576056001963404812e-02 1.801901390572130549e+04 8.670001612688623936e+03 5.071301961074050269e+03
3.987397905126498221e-02 1.581500204536831916e+04 7.601862694625227959e+03 4.445757680913523473e+03
4.446055107939526907e-02 1.403927288783770746e+04 6.741193324986131302e+03 3.941655102765966149e+03
4.957470132945773766e-02 1.272319251494913260e+04 6.103506337219343550e+03 3.568218755252600204e+03
5.527711538069327024e-02 1.176337068243822796e+04 5.638710839720929471e+03 3.296129949708375989e+03
6.163545927395905344e-02 1.091869365373354049e+04 5.229564979596324520e+03 3.056552641403996404e+03
6.872518245115814828e-02 9.856097870436140511e+03 4.713795274575860276e+03 2.754087794811913227e+03
7.663041305413779980e-02 8.405565998530126308e+03 4.008410414402501374e+03 2.339876891368786801e+03
8.544495620686157200e-02 6.776134762356848114e+03 3.215179286644959120e+03 1.873730083982732367e+03
9.527340712667957401e-02 5.445514907001358551e+03 2.567129592378874349e+03 1.492775520630958681e+03
1.062323922731101822e-01 4.707898303883339395e+03 2.207994656318471243e+03 1.281688265507104461e+03
1.184519532618636822e-01 4.327745681283274280e+03 2.023087175615351498e+03 1.173066072899688834e+03
1.320770899659224340e-01 3.749198593909458850e+03 1.741168801187197914e+03 1.007262541433597789e+03
1.472694811144383831e-01 2.936861322945588654e+03 1.344943092343817170e+03 7.740813610189647989e+02
1.642094028064348954e-01 2.426939507859000514e+03 1.096227995025673408e+03 6.277000434070719166e+02
1.830978677048002712e-01 2.183798730233483639e+03 9.777534594674953041e+02 5.579925672551972866e+02
2.041590102946942431e-01 1.783416223915559613e+03 7.824859163960927617e+02 4.430402548014168929e+02
2.276427465103479653e-01 1.479690458719250955e+03 6.344091490045873343e+02 3.558644839718614890e+02
2.538277392899435103e-01 1.288036202992648896e+03 5.410852241178408804e+02 3.009308406616946741e+02
2.830247052484705095e-01 1.066298055136954872e+03 4.332402115910747966e+02 2.374665749428639856e+02
3.155801017062329072e-01 9.252926079265885164e+02 3.647719792413569166e+02 1.971749965558779536e+02
3.518802378240603601e-01 7.885835082903256534e+02 2.986321681139999100e+02 1.582896231043403930e+02
3.923558586288135031e-01 6.849602748294893217e+02 2.487923351067776707e+02 1.290212589205306699e+02
4.374872563241952172e-01 5.998307218506599838e+02 2.081389518969235155e+02 1.051806729234125868e+02
4.878099695387512202e-01 5.292363417697810064e+02 1.748450854141755428e+02 8.571141698057395786e+01
5.439211381395319123e-01 4.717494507505577417e+02 1.482179866118273708e+02 7.020403498037144630e+01
6.064865890189676811e-01 4.244233053754967955e+02 1.268594387187506527e+02 5.784109926918498701e+01
6.762487369363893164e-01 3.849432890203656825e+02 1.096940366366454072e+02 4.799742478349900665e+01
7.540353941672404137e-01 3.513942534855780195e+02 9.583306470339672956e+01 4.016091894331412959e+01
8.407695934971151086e-01 3.222875513323009500e+02 8.459496397640761245e+01 3.393757954257498000e+01
9.374805411223435803e-01 2.963676506929414245e+02 7.539545555640596319e+01 2.899227734603683970e+01
1.045315829426528564e+00 2.725997969945698856e+02 6.775195324821234522e+01 2.505135866034255443e+01
1.165555054552403824e+00 2.502041126445999453e+02 6.127444727015269876e+01 2.189200018613236054e+01
1.299625000357985227e+00 2.286176257730978421e+02 5.565048628817954324e+01 1.933679714176499331e+01
1.449116568932995452e+00 2.075034246895790488e+02 5.063472596030278794e+01 1.724159958455389940e+01
1.615803658576671964e+00 1.867116075599360840e+02 4.603699177819442667e+01 1.549086368100882893e+01
1.801664213246928048e+00 1.662893091391820803e+02 4.172281481297654437e+01 1.399341787879935417e+01
2.008903693258128342e+00 1.464162457158364248e+02 3.760283040283615463e+01 1.267747669745872052e+01
2.239981245735629400e+00 1.273796402211664116e+02 3.363257454421597714e+01 1.148925818859023273e+01
2.497638885371206374e+00 1.094949199440176812e+02 2.980141105192803508e+01 1.038916548618915137e+01
2.784934031744384253e+00 9.305413267246318298e+01 2.612826492468022010e+01 9.351444473454154860e+00
3.105275789304232426e+00 7.827609887751343365e+01 2.264875046315225759e+01 8.361152914434750727e+00
3.462465400517639402e+00 6.526224978929607801e+01 1.940593246554674778e+01 7.413133955195092994e+00
3.860741352209485999e+00 5.401156666105379145e+01 1.643991976551278711e+01 6.509085231143791006e+00
4.304829670336041580e+00 4.442424641242562444e+01 1.377880476670249088e+01 5.655409008329482567e+00
4.799999999999999822e+00 3.634434647794209639e+01 1.143630765450168418e+01 4.860545559220375011e+00
