1.000000000230258569e-04 1.334947626637830581e+03 4.995921886553779814e+02 2.577014889616233972e+02
1.115026695290953366e-04 1.440858548907619934e+03 5.487568625608249704e+02 2.854327790747368567e+02
1.243284530925187648e-04 1.558731729290701196e+03 6.035517136309688340e+02 3.163548123995991546e+02
1.386295441504667143e-04 1.689930458907894945e+03 6.646218990452623530e+02 3.508338507814137301e+02
1.545756424481938766e-04 1.835981086667131194e+03 7.326826624888963124e+02 3.892761297250235657e+02
1.723559677317991945e-04 1.998579290587946616e+03 8.085295939046170588e+02 4.321335396404030007e+02
1.921815050694108094e-04 2.179596582615875832e+03 8.930499778087983032e+02 4.799100082264162666e+02
2.142875084442451923e-04 2.381111787073989490e+03 9.872266496853112585e+02 5.331645436272948473e+02
2.389362923277018713e-04 2.605436232564618876e+03 1.092149242997089004e+03 5.925168696466746496e+02
2.664203443578849946e-04 2.855140504108955156e+03 1.209028070523055021e+03 6.586539762025269056e+02
2.970657960592480913e-04 3.133072328142927745e+03 1.339200502945921698e+03 7.323358084455990138e+02
3.312362927876497001e-04 3.442384548414291203e+03 1.484143161643291023e+03 8.144012832335658914e+02
3.693373088223966556e-04 3.786568861547475535e+03 1.645487005702473198e+03 9.057742280998872957e+02
4.118209588090659132e-04 4.169476370659432177e+03 1.825026900321189487e+03 1.007471563945201069e+03
4.591913626466918256e-04 4.595333779394852172e+03 2.024729806014820952e+03 1.120607539857144047e+03
5.120106274801957584e-04 5.068746928755320369e+03 2.246738160611122112e+03 1.246392895541660437e+03
5.709055177816341068e-04 5.594739138126963553e+03 2.493386702959459853e+03 1.386146759420343415e+03
6.365748926688486646e-04 6.178734426453259402e+03 2.767199098039228375e+03 1.541295458934756198e+03
7.097979987143026312e-04 6.826452395949261700e+03 3.070851516868805902e+03 1.713351613827550636e+03
7.914437166483044659e-04 7.543970341602316694e+03 3.407197969433488197e+03 1.903929487982594765e+03
8.824808716799498404e-04 8.337695696705201044e+03 3.779252918050307017e+03 2.114734864685572120e+03
9.839897297802024153e-04 9.214216297084452890e+03 4.190100600515755104e+03 2.347509765811106718e+03
1.097174816344422205e-03 1.018030021017951003e+04 4.642910306097991452e+03 2.604043977290790735e+03
1.223379209343287413e-03 1.124274018425556278e+04 5.140871167599463661e+03 2.886140828591668651e+03
1.364100476567608111e-03 1.240779104721382100e+04 5.686923688239842704e+03 3.195469702174042595e+03
1.521008446081769522e-03 1.368117742290444403e+04 6.283770772231003320e+03 3.533572379033075777e+03
1.695965020753673102e-03 1.506785770270617650e+04 6.933769463315548819e+03 3.901800354158765458e+03
1.891046271984591709e-03 1.657106200667393205e+04 7.638453064522497698e+03 4.301031187091834909e+03
2.108567074807741158e-03 1.819217361847111897e+04 8.398489647093514577e+03 4.731650953673576623e+03
2.351108576680822643e-03 1.993040281634552230e+04 9.213539386065947838e+03 5.193478386657764531e+03
2.621548825923003187e-03 2.178149453075993370e+04 1.008162565248793544e+04 5.685405806678716544e+03
2.923096923239734257e-03 2.373746918139051559e+04 1.099902330614479797e+04 6.205337583493713282e+03
3.259331101584665453e-03 2.578641227020871520e+04 1.196017368218560296e+04 6.750143907083586782e+03
3.634241186222156913e-03 2.791186016226357242e+04 1.295740265892288517e+04 7.315498729675584400e+03
4.052275938830490927e-03 3.009248615298656659e+04 1.398077769779343907e+04 7.895800117378293180e+03
4.518395847440812539e-03 3.230209480599143353e+04 1.501807202815098026e+04 8.484148400406924338e+03
5.038131988628217865e-03 3.450986566964704252e+04 1.605486974445623673e+04 9.072414617605261810e+03
5.617651660426248826e-03 3.668025693559330102e+04 1.707457985515678592e+04 9.651232420366150109e+03
6.263831564778516575e-03 3.877328466996385396e+04 1.805850392005996764e+04 1.021003062916613999e+04
6.984339407925946493e-03 4.074458667201764911e+04 1.898590539323287885e+04 1.073708908551096465e+04
7.787724887016851671e-03 4.254508558804884524e+04 1.983383025498287316e+04 1.121942298296239278e+04
8.683521142606049834e-03 4.411955124246563355e+04 2.057643337104716920e+04 1.164241093584605915e+04
9.682357880899711625e-03 4.542419138401815871e+04 2.119318737731083093e+04 1.199442296212084511e+04
1.079608750807801998e-02 4.634672534689198073e+04 2.163131239171322159e+04 1.224547252996927455e+04
1.203792577343234388e-02 4.682540482613313361e+04 2.186177517292935590e+04 1.237904815239560958e+04
1.342260859021738965e-02 4.681965099049544369e+04 2.186544100798910586e+04 1.238427227782004229e+04
1.496656689508787767e-02 4.626311322740361356e+04 2.161080110291076198e+04 1.224308780561272033e+04
1.668812162103823840e-02 4.509613513037876692e+04 2.106957326339004067e+04 1.193933306340033778e+04
1.860770109743517184e-02 4.329160921773012524e+04 2.022868094952859974e+04 1.146545023717687764e+04
2.074808345685756270e-02 4.085858975641582219e+04 1.909197245962204761e+04 1.082348576310459794e+04
2.313466692519383291e-02 3.784868791524540575e+04 1.768313418423345865e+04 1.002658198446144706e+04
2.579577120231610690e-02 3.437874493192150112e+04 1.605690108316510486e+04 9.105705014840534204e+03
2.876297350957714855e-02 3.062963520319223244e+04 1.429809964473567925e+04 8.108904753250784779e+03
3.207148329174031032e-02 2.684023288192233304e+04 1.251898508623377165e+04 7.099818909971322682e+03
3.576056001963404812e-02 2.327863316139923336e+04 1.084578492972841195e+04 6.150189854781735448e+03
3.987397905126498221e-02 2.019548643383408853e+04 9.396866137269013052e+03 5.327538407415574511e+03
4.446055107939526907e-02 1.776454902365704402e+04 8.254482150915009697e+03 4.678879412420071276e+03
4.957470132945773766e-02 1.602363959104663991e+04 7.436925813850351915e+03 4.214870160496044264e+03
5.527711538069327024e-02 1.482342024626047169e+04 6.874141224535941546e+03 3.895792117853451145e+03
6.163545927395905344e-02 1.382498004691291135e+04 6.406111668171284691e+03 3.630468944092036054e+03
6.872518245115814828e-02 1.252901636034446892e+04 5.796569599214801201e+03 3.284008626967182408e+03
7.663041305413779980e-02 1.067550880958725065e+04 4.921920835632568014e+03 2.785636336422188378e+03
8.544495620686157200e-02 8.523667116946202441e+03 3.904687168313324946e+03 2.205235890207035027e+03
9.527340712667957401e-02 6.748233587131485365e+03 3.064752615060410790e+03 1.725708358219510274e+03
1.062323922731101822e-01 5.795732060178292159e+03 2.614410758595263360e+03 1.468687173179113415e+03
1.184519532618636822e-01 5.384010844511842151e+03 2.420323669510880791e+03 1.358118537727603780e+03
1.320770899659224340e-01 4.726450804705830706e+03 2.109200737968783415e+03 1.180422882827252124e+03
1.472694811144383831e-01 3.686624067767925681e+03 1.616043639550728130e+03 8.983164871989575886e+02
1.642094028064348954e-01 3.016418764579431354e+03 1.298293183287597003e+03 7.165401849397717342e+02
1.830978677048002712e-01 2.753313777200564800e+03 1.173729142139256965e+03 6.453207505367694239e+02
2.041590102946942431e-01 2.273182404009579386e+03 9.461507377558485814e+02 5.150733016251458594e+02
2.276427465103479653e-01 1.879528847627438608e+03 7.596467626124435810e+02 4.083166866117899190e+02
2.538277392899435103e-01 1.664319497381670999e+03 6.579438639641427926e+02 3.501207874361001586e+02
2.830247052484705095e-01 1.385868723370472480e+03 5.264244397790097310e+02 2.748605900186958024e+02
3.155801017062329072e-01 1.219928876754032444e+03 4.483807489946299825e+02 2.302209420009949667e+02
3.518802378240603601e-01 1.050144673592469417e+03 3.690022069810362382e+02 1.848902213383267110e+02
3.923558586288135031e-01 9.256354988804724826e+02 3.113472519601438648e+02 1.520236947368304925e+02
4.374872563241952172e-01 8.206308482863785230e+02 2.633203520044773995e+02 1.247182166986628431e+02
4.878099695387512202e-01 7.328262799076316014e+02 2.239687567100642696e+02 1.024541848310068701e+02
5.439211381395319123e-01 6.605531228791876401e+02 1.925006024894375685e+02 8.477507421557432110e+01
6.064865890189676811e-01 5.998191942482811783e+02 1.671065697073115359e+02 7.065986608550082337e+01
6.762487369363893164e-01 5.478588009525840334e+02 1.465402785116141331e+02 5.940579489602038166e+01
7.540353941672404137e-01 5.021899249347200112e+02 1.296940433431774125e+02 5.039958606013365738e+01
8.407695934971151086e-01 4.611058251789146425e+02 1.157996690222294944e+02 4.321289974003447298e+01
9.374805411223435803e-01 4.231563132527725770e+02 1.041712236630375230e+02 3.746378537653715313e+01
1.045315829426528564e+00 3.871643234340535855e+02 9.422670110161352852e+01 3.283315926069206370e+01
1.165555054552403824e+00 3.523595303540935788e+02 8.550947837735721180e+01 2.906450363010619498e+01
1.299625000357985227e+00 3.183031460095550642e+02 7.766461856124320207e+01 2.595488476712685966e+01
1.449116568932995452e+00 2.848899161080464069e+02 7.042552696196989359e+01 2.333963469379015265e+01
1.615803658576671964e+00 2.522562254224222045e+02 6.359925188266352336e+01 2.108669685811886296e+01
1.801664213246928048e+00 2.207706814346363444e+02 5.707077554203797121e+01 1.909418130750945863e+01
2.008903693258128342e+00 1.909017775486015864e+02 5.078562497903072881e+01 1.728414060964039223e+01
2.239981245735629400e+00 1.631433584471083407e+02 4.474575233176538092e+01 1.560165036918729875e+01
2.497638885371206374e+00 1.379110662903179332e+02 3.898944615403459579e+01 1.401006976463810361e+01
2.784934031744384253e+00 1.154589596277755987e+02 3.357920584656455532e+01 1.249035980958615077e+01
3.105275789304232426e+00 9.587674766118617242e+01 2.858254745170892264e+01 1.103670818281584864e+01
3.462465400517639402e+00 7.907105308230002549e+01 2.405572448197540680e+01 9.653845575376664101e+00
3.860741352209485999e+00 6.483250699021274954e+01 2.003552807814362424e+01 8.352769200287305296e+00
4.304829670336041580e+00 5.288923365103840979e+01 1.653061820161142137e+01 7.146626134811567610e+00
4.799999999999999822e+00 4.294747228628012437e+01 1.352639631519959096e+01 6.047741267946844523e+00
