1.000000000230258569e-04 5.324172129281296293e+02 1.234421587908936857e+02 5.038290330675422268e+01
1.115026695290953366e-04 5.525975566379518114e+02 1.316617925196915166e+02 5.477951832475569915e+01
1.243284530925187648e-04 5.750304705304802155e+02 1.408135884174594139e+02 5.968031425212079455e+01
1.386295441504667143e-04 5.999662525979102838e+02 1.510039964196145661e+02 6.514329880006529550e+01
1.545756424481938766e-04 6.276908255596933941e+02 1.623535610383670189e+02 7.123313053754694124e+01
1.723559677317991945e-04 6.585192417590847072e+02 1.749959918796318163e+02 7.802182542678536947e+01
1.921815050694108094e-04 6.927906697639418780e+02 1.890771446248934069e+02 8.558951704419830264e+01
2.142875084442451923e-04 7.308904697655929112e+02 2.047600631786844474e+02 9.402516244466683304e+01
2.389362923277018713e-04 7.732535361634340916e+02 2.222265818190623179e+02 1.034276908828877879e+02
2.664203443578849946e-04 8.203652274208803874e+02 2.416783831698723191e+02 1.139073982148826332e+02
2.970657960592480913e-04 8.727782635335465784e+02 2.633400172657985649e+02 1.255864839540049047e+02
3.312362927876497001e-04 9.311231678504088904e+02 2.874616947999483045e+02 1.386004855099321276e+02
3.693373088223966556e-04 9.961185117119472352e+02 3.143224633444379492e+02 1.531002936645396915e+02
4.118209588090659132e-04 1.068586137396543108e+03 3.442323039181152922e+02 1.692527610699145555e+02
4.591913626466918256e-04 1.149456409549001137e+03 3.775358198154862635e+02 1.872423345697699801e+02
5.120106274801957584e-04 1.239761420033303239e+03 4.146175763557207574e+02 2.072735264147677583e+02
5.709055177816341068e-04 1.340672078846192107e+03 4.559040663468037451e+02 2.295718220002524959e+02
6.365748926688486646e-04 1.453483222775807917e+03 5.018649732770929290e+02 2.543848361675227068e+02
7.097979987143026312e-04 1.579518428733388191e+03 5.530107709412512804e+02 2.819830346490309694e+02
7.914437166483044659e-04 1.720214065161132567e+03 6.098990949082672159e+02 3.126617366332255870e+02
8.824808716799498404e-04 1.877127500095034293e+03 6.731355117914997663e+02 3.467416240726172987e+02
9.839897297802024153e-04 2.051855218977485038e+03 7.433641259168837223e+02 3.845658207187709081e+02
1.097174816344422205e-03 2.246073484499272581e+03 8.212734003587396501e+02 4.265023621214162404e+02
1.223379209343287413e-03 2.461542774277696935e+03 9.075932797550017312e+02 4.729427989169963098e+02
1.364100476567608111e-03 2.700070801789672259e+03 1.003071568959879528e+03 5.242903323599487067e+02
1.521008446081769522e-03 2.963495723825728874e+03 1.108476085020265145e+03 5.809617716138529886e+02
1.695965020753673102e-03 3.253663883911859102e+03 1.224587926491172311e+03 6.433839504780544303e+02
1.891046271984591709e-03 3.572421968739879048e+03 1.352171332869979096e+03 7.119723744563038963e+02
2.108567074807741158e-03 3.921557717787472939e+03 1.491963055618991575e+03 7.871283982212150931e+02
2.351108576680822643e-03 4.302733452954846143e+03 1.644655353158179878e+03 8.692317956900545823e+02
2.621548825923003187e-03 4.717423449795515808e+03 1.810856236241870874e+03 9.586120274717757184e+02
2.923096923239734257e-03 5.166835912889977408e+03 1.991064130043928571e+03 1.055536972279133352e+03
3.259331101584665453e-03 5.651819065368251358e+03 2.185635343919046591e+03 1.160199401848174830e+03
3.634241186222156913e-03 6.172717145379410795e+03 2.394704094252590494e+03 1.272680459668181584e+03
4.052275938830490927e-03 6.729270485524884862e+03 2.618146296530044310e+03 1.392930244964969233e+03
4.518395847440812539e-03 7.320536744295913195e+03 2.855581548699825362e+03 1.520748288047247343e+03
5.038131988628217865e-03 7.944620404382057131e+03 3.106319272859220291e+03 1.655723308913699839e+03
5.617651660426248826e-03 8.598447636391221749e+03 3.369110912913946777e+03 1.797222220913340152e+03
6.263831564778516575e-03 9.277691295912789428e+03 3.642215393971121557e+03 1.944309650872892462e+03
6.984339407925946493e-03 9.976668058819708676e+03 3.923361764455153661e+03 2.095766703715777567e+03
7.787724887016851671e-03 1.068730866002542280e+04 4.209317065625180476e+03 2.249858544470273046e+03
8.683521142606049834e-03 1.139828253233618489e+04 4.495526334435812714e+03 2.404133898326676444e+03
9.682357880899711625e-03 1.209655008123033258e+04 4.776752517493162486e+03 2.555775594843702493e+03
1.079608750807801998e-02 1.276951681193594413e+04 5.047952305187229285e+03 2.702078099382858454e+03
1.203792577343234388e-02 1.339905654920544293e+04 5.301836033938977380e+03 2.839121538947355020e+03
1.342260859021738965e-02 1.396432190365774659e+04 5.529997666190772179e+03 2.962370607175987061e+03
1.496656689508787767e-02 1.444296917194302114e+04 5.723463735423823891e+03 3.066987815580420374e+03
1.668812162103823840e-02 1.481040819918970374e+04 5.872339742590850619e+03 3.147640023234672753e+03
1.860770109743517184e-02 1.504140167722652768e+04 5.966443623300639047e+03 3.198836302112590147e+03
2.074808345685756270e-02 1.511225578720987141e+04 5.996171191779544642e+03 3.215359427678158227e+03
2.313466692519383291e-02 1.500364806323088305e+04 5.953730131558700123e+03 3.193000197830665456e+03
2.579577120231610690e-02 1.470432030299171856e+04 5.834514663523826130e+03 3.129266233528268913e+03
2.876297350957714855e-02 1.421572457836193462e+04 5.639018736216874458e+03 3.024380309695126471e+03
3.207148329174031032e-02 1.355700482965217998e+04 5.374888479652180649e+03 2.882432550367796011e+03
3.576056001963404812e-02 1.276770190888075376e+04 5.058011585073135393e+03 2.711986184234478969e+03
3.987397905126498221e-02 1.190609695414581256e+04 4.711821779621703172e+03 2.525656838380272802e+03
4.446055107939526907e-02 1.104156364488646977e+04 4.364278508819909803e+03 2.338525180770619954e+03
4.957470132945773766e-02 1.023945206246014095e+04 4.041731868585332904e+03 2.164811770166015322e+03
5.527711538069327024e-02 9.539521227250070297e+03 3.760243007877878881e+03 2.013191790749239544e+03
6.163545927395905344e-02 8.936534187608869615e+03 3.517719804219721482e+03 1.882546453709831212e+03
6.872518245115814828e-02 8.357488193219265668e+03 3.284728130961748775e+03 1.756996473414107186e+03
7.663041305413779980e-02 7.692805276871412389e+03 3.017027771650463364e+03 1.612655456483954822e+03
8.544495620686157200e-02 6.871102087296602804e+03 2.685770485505780471e+03 1.433940187405569986e+03
9.527340712667957401e-02 5.946958983753676875e+03 2.312993064504142694e+03 1.232749302208768768e+03
1.062323922731101822e-01 5.104676715032462198e+03 1.973157015760087916e+03 1.049304401870930178e+03
1.184519532618636822e-01 4.501717926231307501e+03 1.729882552280168284e+03 9.179778770120997251e+02
1.320770899659224340e-01 4.080570518038035971e+03 1.560016271421989131e+03 8.262838452126355833e+02
1.472694811144383831e-01 3.608428388956794151e+03 1.369476035832176649e+03 7.233974973189243656e+02
1.642094028064348954e-01 3.032117321218951474e+03 1.136870309393581010e+03 5.977803561795994938e+02
1.830978677048002712e-01 2.586145602791015335e+03 9.569201605576179190e+02 5.005982115331025852e+02
2.041590102946942431e-01 2.298982276627946248e+03 8.411266678998815678e+02 4.380659608782207783e+02
2.276427465103479653e-01 1.961750203357736609e+03 7.051568534272088300e+02 3.646348178210258766e+02
2.538277392899435103e-01 1.670495037401329000e+03 5.878618670600729956e+02 3.013015763780711609e+02
2.830247052484705095e-01 1.461985473812226701e+03 5.040230643163274635e+02 2.560374984424737477e+02
3.155801017062329072e-01 1.247878850104508729e+03 4.181105865363998078e+02 2.096764841931667434e+02
3.518802378240603601e-01 1.089909499960770518e+03 3.549735360559357673e+02 1.756240801972552958e+02
3.923558586288135031e-01 9.446200024002434930e+02 2.971852223491196128e+02 1.444878669249915220e+02
4.374872563241952172e-01 8.283008066582207221e+02 2.512792781320493702e+02 1.197857805037844798e+02
4.878099695387512202e-01 7.298375678875811445e+02 2.128383303172552701e+02 9.914223190562734089e+01
5.439211381395319123e-01 6.469483112126081323e+02 1.810000878885606994e+02 8.209950657896918358e+01
6.064865890189676811e-01 5.775113353619162808e+02 1.549416950068980157e+02 6.821647710872318271e+01
6.762487369363893164e-01 5.187393022877628255e+02 1.335885483064737116e+02 5.691988689435471827e+01
7.540353941672404137e-01 4.684066545508157446e+02 1.160908021715634959e+02 4.775806247476590016e+01
8.407695934971151086e-01 4.245709770336010820e+02 1.017117355447247462e+02 4.034424572790815233e+01
9.374805411223435803e-01 3.856501850993224139e+02 8.984229231886087064e+01 3.435783713335058565e+01
1.045315829426528564e+00 3.503341076292616094e+02 7.995717710706718151e+01 2.952381468362803218e+01
1.165555054552403824e+00 3.175687645405103581e+02 7.161383027910602550e+01 2.561305137482893457e+01
1.299625000357985227e+00 2.866082379938791291e+02 6.444548267314446832e+01 2.243340844355710217e+01
1.449116568932995452e+00 2.569704350108294761e+02 5.815224634269983284e+01 1.982734953763422681e+01
1.615803658576671964e+00 2.284574918296538328e+02 5.249660008237479758e+01 1.766411632014222377e+01
1.801664213246928048e+00 2.010784498380397451e+02 4.729531594090698121e+01 1.583726291546220821e+01
2.008903693258128342e+00 1.750422034559840938e+02 4.242135352602863207e+01 1.426078690843902841e+01
2.239981245735629400e+00 1.506388424816922509e+02 3.779383372045170120e+01 1.286641615784300363e+01
2.497638885371206374e+00 1.281943741421513607e+02 3.337973243659750011e+01 1.160232108512481020e+01
2.784934031744384253e+00 1.079672913756488413e+02 2.917847510996103466e+01 1.043039960743613648e+01
3.105275789304232426e+00 9.010441789375464339e+01 2.521934420990340442e+01 9.326222515243568267e+00
3.462465400517639402e+00 7.462381024471928015e+01 2.154166615645675620e+01 8.275868926167218476e+00
3.860741352209485999e+00 6.141090557893002710e+01 1.818901754920597469e+01 7.275921717028028368e+00
4.304829670336041580e+00 5.027316929440004856e+01 1.519305171922720987e+01 6.329157887042049069e+00
4.799999999999999822e+00 4.096780392492899381e+01 1.256854847774788553e+01 5.443593211553371169e+00
