1.000000000230258569e-04 4.733851089370341469e+02 1.439657599962673089e+02 6.888367285672850926e+01
1.115026695290953366e-04 5.030252956114246672e+02 1.561897143660477809e+02 7.565968090767921694e+01
1.243284530925187648e-04 5.359288560933551935e+02 1.697819407512761529e+02 8.319739033609680234e+01
1.386295441504667143e-04 5.724750342838665347e+02 1.848978157212019084e+02 9.158280182855789064e+01
1.545756424481938766e-04 6.130952354996652502e+02 2.017105761973194262e+02 1.009111709134255790e+02
1.723559677317991945e-04 6.582681057797194626e+02 2.204131867368170106e+02 1.112885264319275933e+02
1.921815050694108094e-04 7.085151395572057709e+02 2.412203586069898051e+02 1.228333745689480878e+02
2.142875084442451923e-04 7.644226854016752668e+02 2.643706854232378305e+02 1.356771262196439807e+02
2.389362923277018713e-04 8.266360600751226002e+02 2.901289172630719690e+02 1.499655794618468860e+02
2.664203443578849946e-04 8.958465655052506236e+02 3.187883682037784183e+02 1.658607536856804927e+02
2.970657960592480913e-04 9.728183104155326646e+02 3.506735220721776045e+02 1.835419654448605513e+02
3.312362927876497001e-04 1.058374526450880012e+03 3.861411363965492569e+02 2.032072202929155083e+02
3.693373088223966556e-04 1.153361852636149479e+03 4.255799888335860715e+02 2.250746360282389276e+02
4.118209588090659132e-04 1.258683062403163603e+03 4.694153031975888553e+02 2.493843517590268277e+02
4.591913626466918256e-04 1.375298795546389783e+03 5.181092378087646466e+02 2.763993904957895893e+02
5.120106274801957584e-04 1.504218071667600952e+03 5.721578759697240457e+02 3.064051574090125314e+02
5.709055177816341068e-04 1.646495160221589913e+03 6.320952048564532788e+02 3.397123576753468228e+02
6.365748926688486646e-04 1.803262688384010289e+03 6.984967561480318636e+02 3.766579614816679964e+02
7.097979987143026312e-04 1.975841130008928985e+03 7.719869044852894149e+02 4.176040861578291583e+02
7.914437166483044659e-04 2.165667162386785549e+03 8.532347025706651493e+02 4.629400510741748462e+02
8.824808716799498404e-04 2.374316621837491311e+03 9.429595763919722913e+02 5.130839061563260657e+02
9.839897297802024153e-04 2.603669655875505669e+03 1.041958348527661656e+03 5.684849440770866522e+02
1.097174816344422205e-03 2.855843716118412431e+03 1.151093050006873227e+03 6.296226025485358377e+02
1.223379209343287413e-03 3.133136502641493735e+03 1.271280567984518939e+03 6.970033936980817089e+02
1.364100476567608111e-03 3.437856304189031107e+03 1.403467222208941848e+03 7.711499685277834715e+02
1.521008446081769522e-03 3.772408764944469567e+03 1.548636008431068831e+03 8.526022036886550950e+02
1.695965020753673102e-03 4.139281185092569103e+03 1.707790064183618597e+03 9.419076808028219148e+02
1.891046271984591709e-03 4.540690828482792313e+03 1.881846808146739249e+03 1.039572040231246092e+03
2.108567074807741158e-03 4.978660743174503295e+03 2.071650540642704527e+03 1.146062002379289652e+03
2.351108576680822643e-03 5.455006429996034967e+03 2.277955477069398057e+03 1.261793253178289660e+03
2.621548825923003187e-03 5.970900673611358798e+03 2.501261825776105070e+03 1.387041928925536695e+03
2.923096923239734257e-03 6.526855178935693402e+03 2.741803845795989673e+03 1.521937378928304952e+03
3.259331101584665453e-03 7.122697677228074099e+03 2.999529532550699969e+03 1.666450792955808765e+03
3.634241186222156913e-03 7.757317973767030708e+03 3.273937183508702674e+03 1.820307834377208565e+03
4.052275938830490927e-03 8.428534018482037936e+03 3.564029567823889010e+03 1.982963433680221897e+03
4.518395847440812539e-03 9.132827472150418544e+03 3.868370855934964311e+03 2.153586555327744463e+03
5.038131988628217865e-03 9.864962637718872429e+03 4.184785203851894948e+03 2.331026023152229300e+03
5.617651660426248826e-03 1.061882837865821602e+04 4.510564591035575177e+03 2.513727610908130373e+03
6.263831564778516575e-03 1.138640377689029265e+04 4.842290980015525747e+03 2.699785983825416224e+03
6.984339407925946493e-03 1.215789999732083561e+04 5.175771374162295615e+03 2.886867932765935166e+03
7.787724887016851671e-03 1.292165556387236211e+04 5.506000741694586395e+03 3.072177817067386968e+03
8.683521142606049834e-03 1.366394216353240154e+04 5.827081633070922180e+03 3.252422270072496758e+03
9.682357880899711625e-03 1.436862546687054419e+04 6.132073266446222078e+03 3.423724364100055936e+03
1.079608750807801998e-02 1.502127527035927596e+04 6.414777325187146744e+03 3.582616649316768417e+03
1.203792577343234388e-02 1.558898269753577733e+04 6.660999302342383089e+03 3.721146777250291052e+03
1.342260859021738965e-02 1.605054864668287883e+04 6.861593895229976624e+03 3.834184601614022085e+03
1.496656689508787767e-02 1.638513193973352463e+04 7.007562804029006656e+03 3.916691210903676165e+03
1.668812162103823840e-02 1.656709975426845267e+04 7.087820024212601311e+03 3.962437521434326754e+03
1.860770109743517184e-02 1.657003256470864653e+04 7.090907357290454456e+03 3.964979349496236864e+03
2.074808345685756270e-02 1.637335391445328605e+04 7.007888096825538014e+03 3.919284443449706941e+03
2.313466692519383291e-02 1.596551301654142480e+04 6.833725670759185050e+03 3.822509010661681259e+03
2.579577120231610690e-02 1.534554450478881336e+04 6.567880939850643699e+03 3.674302294622465070e+03
2.876297350957714855e-02 1.453073373513610750e+04 6.217730821913369255e+03 3.478734714570227425e+03
3.207148329174031032e-02 1.355930749680577173e+04 5.799742140862973429e+03 3.245025185941642121e+03
3.576056001963404812e-02 1.249089390006090434e+04 5.339601840176709629e+03 2.987540327863305720e+03
3.987397905126498221e-02 1.140167002813200452e+04 4.870201212318291255e+03 2.724717554857122650e+03
4.446055107939526907e-02 1.037252647777133097e+04 4.426532362215676585e+03 2.476209117993824748e+03
4.957470132945773766e-02 9.469844968850167788e+03 4.037359862141906433e+03 2.258200521392927385e+03
5.527711538069327024e-02 8.721670873427256083e+03 3.714880647612068969e+03 2.077568316180090278e+03
6.163545927395905344e-02 8.099626160074149084e+03 3.446843011191230744e+03 1.927450803161246995e+03
6.872518245115814828e-02 7.500125674652151247e+03 3.188344794679286224e+03 1.782593190122029000e+03
7.663041305413779980e-02 6.796279955438036268e+03 2.884259367843009386e+03 1.611945586010056331e+03
8.544495620686157200e-02 5.929804873675702765e+03 2.509193966721349625e+03 1.401176291557015702e+03
9.527340712667957401e-02 4.998067056844740364e+03 2.105360180453099019e+03 1.174035878738014389e+03
1.062323922731101822e-01 4.213721960621750441e+03 1.765234425851138440e+03 9.826525035208112513e+02
1.184519532618636822e-01 3.704958197538223430e+03 1.544671858664638194e+03 8.585585212384221450e+02
1.320770899659224340e-01 3.349439955932973589e+03 1.390607143381390415e+03 7.718896817637840968e+02
1.472694811144383831e-01 2.898241638182875704e+03 1.194713708584154347e+03 6.615587713443758275e+02
1.642094028064348954e-01 2.371528920953771831e+03 9.657990839147512361e+02 5.325353599504232989e+02
1.830978677048002712e-01 2.019181267602969228e+03 8.126737515545438555e+02 4.462202345340218130e+02
2.041590102946942431e-01 1.785767266731433438e+03 7.112824567452468045e+02 3.890681349930666215e+02
2.276427465103479653e-01 1.484644866274962851e+03 5.803580064432795780e+02 3.152219349181521011e+02
2.538277392899435103e-01 1.261850206638279133e+03 4.835454263835076176e+02 2.606129017012449367e+02
2.830247052484705095e-01 1.089601740617037876e+03 4.087727270091070864e+02 2.184362335612313473e+02
3.155801017062329072e-01 9.205324798571122074e+02 3.354423775297979091e+02 1.770722446614650210e+02
3.518802378240603601e-01 7.967906892304011990e+02 2.819052381318044240e+02 1.468795656958181723e+02
3.923558586288135031e-01 6.855768366649692780e+02 2.339605771799286629e+02 1.198573693386782253e+02
4.374872563241952172e-01 5.957818141601546813e+02 1.954750904798482907e+02 9.818662724503397499e+01
4.878099695387512202e-01 5.222384433054852479e+02 1.642105327392019660e+02 8.060484354324219680e+01
5.439211381395319123e-01 4.608045047848116837e+02 1.384258672658132241e+02 6.613934729327625917e+01
6.064865890189676811e-01 4.099792732476379911e+02 1.174906115647819291e+02 5.443659003934106977e+01
6.762487369363893164e-01 3.676751618856990831e+02 1.005268549552943540e+02 4.500499885109589115e+01
7.540353941672404137e-01 3.320957602544183942e+02 8.679041184797272024e+01 3.742916927622308521e+01
8.407695934971151086e-01 3.016339332661736989e+02 7.562260071182889476e+01 3.134688985938642247e+01
9.374805411223435803e-01 2.750792137022716588e+02 6.652585295438788648e+01 2.648059551343584417e+01
1.045315829426528564e+00 2.513666444351768519e+02 5.905544250008789930e+01 2.258787057583772651e+01
1.165555054552403824e+00 2.296382957380017160e+02 5.284826198960503518e+01 1.946979389428798868e+01
1.299625000357985227e+00 2.092446967346613746e+02 4.760054168540494146e+01 1.696118040021154982e+01
1.449116568932995452e+00 1.897266425000033507e+02 4.307072327929142119e+01 1.493043938968257400e+01
1.615803658576671964e+00 1.708210064866398170e+02 3.906078042341864176e+01 1.326686430865676947e+01
1.801664213246928048e+00 1.524203665996566599e+02 3.541761509292312837e+01 1.188292803233117390e+01
2.008903693258128342e+00 1.345952462342594345e+02 3.202865268390419118e+01 1.070676767920479477e+01
2.239981245735629400e+00 1.175032203343444195e+02 2.881640675449834532e+01 9.682356003429207547e+00
2.497638885371206374e+00 1.013925874644598935e+02 2.573899868176989258e+01 8.765831817768576784e+00
2.784934031744384253e+00 8.649429910815463529e+01 2.278010239719948871e+01 7.924488721990186946e+00
3.105275789304232426e+00 7.301607837194833905e+01 1.995044881825910821e+01 7.135993048586906085e+00
3.462465400517639402e+00 6.107277175477263143e+01 1.727247877974431489e+01 6.386161903728241107e+00
3.860741352209485999e+00 5.068529962295340852e+01 1.477978523073807260e+01 5.669152568919917812e+00
4.304829670336041580e+00 4.179350144279742096e+01 1.250152793861570721e+01 4.984217847157871084e+00
4.799999999999999822e+00 3.427061100423725293e+01 1.046136931375165879e+01 4.335708894054030260e+00
