1.000000000230258569e-04 6.483375168667010939e+02 1.785703482684353105e+02 7.918700685588272847e+01
1.115026695290953366e-04 6.789369762001683739e+02 1.912851790131662142e+02 8.615481426249418462e+01
1.243284530925187648e-04 7.127581297711057005e+02 2.053745441889573726e+02 9.388270992119944935e+01
1.386295441504667143e-04 7.501645620076684509e+02 2.209914154882503396e+02 1.024539175233693840e+02
1.545756424481938766e-04 7.915497364746413496e+02 2.383039371975912672e+02 1.119608433726463090e+02
1.723559677317991945e-04 8.373434033177213678e+02 2.574970587062837808e+02 1.225059528235908175e+02
1.921815050694108094e-04 8.880316504600701819e+02 2.787767428024606033e+02 1.342024916838018669e+02
2.142875084442451923e-04 9.441458625312139930e+02 3.023708710242922848e+02 1.471760154348895924e+02
2.389362923277018713e-04 1.006266842427006168e+03 3.285311340346880229e+02 1.615656316792900782e+02
2.664203443578849946e-04 1.075047289825620282e+03 3.575363165515095147e+02 1.775247508271490062e+02
2.970657960592480913e-04 1.151196616889210190e+03 3.896930245590912136e+02 1.952227019952077001e+02
3.312362927876497001e-04 1.235479317942345006e+03 4.253372831370072049e+02 2.148462511903810821e+02
3.693373088223966556e-04 1.328743886403271972e+03 4.648383686110051940e+02 2.366006384585302271e+02
4.118209588090659132e-04 1.431910606574653912e+03 5.085992795478771313e+02 2.607107179608358365e+02
4.591913626466918256e-04 1.545964834072522535e+03 5.570575060528752829e+02 2.874221889074672163e+02
5.120106274801957584e-04 1.671983716381768318e+03 6.106887860226194107e+02 3.170032153176522343e+02
5.709055177816341068e-04 1.811138157995362235e+03 6.700088119444483254e+02 3.497449359894083614e+02
6.365748926688486646e-04 1.964692855408614378e+03 7.355744755720613739e+02 3.859618122672346203e+02
7.097979987143026312e-04 2.134015800232144102e+03 8.079849919276269929e+02 4.259935054139789372e+02
7.914437166483044659e-04 2.320605670001578801e+03 8.878893544606984278e+02 4.702062377594659210e+02
8.824808716799498404e-04 2.526124979334919772e+03 9.759957532670237015e+02 5.189940122774427209e+02
9.839897297802024153e-04 2.752377120822373854e+03 1.073064419036704294e+03 5.727785267901136876e+02
1.097174816344422205e-03 3.001304417245622517e+03 1.179909635401906598e+03 6.320096618264265089e+02
1.223379209343287413e-03 3.274986641363427680e+03 1.297404146915837146e+03 6.971659846259765345e+02
1.364100476567608111e-03 3.575646888316893182e+03 1.426474984777503551e+03 7.687534817116371642e+02
1.521008446081769522e-03 3.905587879149075889e+03 1.568084606165626383e+03 8.472977089032026470e+02
1.695965020753673102e-03 4.267052623251784098e+03 1.723191879293603506e+03 9.333276300200058131e+02
1.891046271984591709e-03 4.662294189133995133e+03 1.892766935567905421e+03 1.027380157039895494e+03
2.108567074807741158e-03 5.093520120177347962e+03 2.077762226401986482e+03 1.129982766775822711e+03
2.351108576680822643e-03 5.562736078052426819e+03 2.279037538537249475e+03 1.241609743002573168e+03
2.621548825923003187e-03 6.071755326327064722e+03 2.497371241086695136e+03 1.362690321365138971e+03
2.923096923239734257e-03 6.622100375142136727e+03 2.733419848654763882e+03 1.493587078705956628e+03
3.259331101584665453e-03 7.214769288637470709e+03 2.987612751552237114e+03 1.634537396289087383e+03
3.634241186222156913e-03 7.850212011763333976e+03 3.260147693281964166e+03 1.785651932182787277e+03
4.052275938830490927e-03 8.528154587885577712e+03 3.550910426896225999e+03 1.946868916438815177e+03
4.518395847440812539e-03 9.247242114377251710e+03 3.859336340467550144e+03 2.117869756926362697e+03
5.038131988628217865e-03 1.000478714407113512e+04 4.184258074150694483e+03 2.298034971051462890e+03
5.617651660426248826e-03 1.079682683967681623e+04 4.523974696579791271e+03 2.486389415305550301e+03
6.263831564778516575e-03 1.161747327981830858e+04 4.875973896973633600e+03 2.681556473011598428e+03
6.984339407925946493e-03 1.245876710558333070e+04 5.236826980157409707e+03 2.881629425613175954e+03
7.787724887016851671e-03 1.331027025459350989e+04 5.602067718904173489e+03 3.084131644645585311e+03
8.683521142606049834e-03 1.415868732136465405e+04 5.965996769160576150e+03 3.285905812279413112e+03
9.682357880899711625e-03 1.498762922947585139e+04 6.321574336553306239e+03 3.483048914505382527e+03
1.079608750807801998e-02 1.577709190543087789e+04 6.660262745293674925e+03 3.670833909489361304e+03
1.203792577343234388e-02 1.650361173939616128e+04 6.971937144113024260e+03 3.843660318813182130e+03
1.342260859021738965e-02 1.714021694962776746e+04 7.245057844636750815e+03 3.995093333503163194e+03
1.496656689508787767e-02 1.765688699203210126e+04 7.466740819746606576e+03 4.118020741557193105e+03
1.668812162103823840e-02 1.802173253120557274e+04 7.623313191132486281e+03 4.204850231053145762e+03
1.860770109743517184e-02 1.820304104573322184e+04 7.701169967700939196e+03 4.248045376859899079e+03
2.074808345685756270e-02 1.817257917826767152e+04 7.688197021594686703e+03 4.240884204847287037e+03
2.313466692519383291e-02 1.791009922714840650e+04 7.575714187763753216e+03 4.178561295108053855e+03
2.579577120231610690e-02 1.740925630585691397e+04 7.360994724069441872e+03 4.059560435162562044e+03
2.876297350957714855e-02 1.668366489636228289e+04 7.049881930170669875e+03 3.887122738476439281e+03
3.207148329174031032e-02 1.577183229472365019e+04 6.658880591316659775e+03 3.670395484639745973e+03
3.576056001963404812e-02 1.473790676408169384e+04 6.215513964708394269e+03 3.424637643042132368e+03
3.987397905126498221e-02 1.366571581102131859e+04 5.755726032596729056e+03 3.169773760264295106e+03
4.446055107939526907e-02 1.264333460745127377e+04 5.317294606428193219e+03 2.926746388048629797e+03
4.957470132945773766e-02 1.173881985034624813e+04 4.929409103403789231e+03 2.711735746875561290e+03
5.527711538069327024e-02 1.097410267806666707e+04 4.601476744628162123e+03 2.529957566445629709e+03
6.163545927395905344e-02 1.028779562095843175e+04 4.307168363274605326e+03 2.366817263715010540e+03
6.872518245115814828e-02 9.556388158232928618e+03 3.993520353170787530e+03 2.192955168969680926e+03
7.663041305413779980e-02 8.649859352724637574e+03 3.604779259678621656e+03 1.977468323147127876e+03
8.544495620686157200e-02 7.555015107612097381e+03 3.135280583078599193e+03 1.717213988866134514e+03
9.527340712667957401e-02 6.449503256262260038e+03 2.661244339678925826e+03 1.454450102908918097e+03
1.062323922731101822e-01 5.585402298050300487e+03 2.290745423412449782e+03 1.249079458289390004e+03
1.184519532618636822e-01 5.027001918927077895e+03 2.051353229111717155e+03 1.116384804269595406e+03
1.320770899659224340e-01 4.532189324457462135e+03 1.839265652249032428e+03 9.988291727356829597e+02
1.472694811144383831e-01 3.865252768421294149e+03 1.553382487715789921e+03 8.403680691661072615e+02
1.642094028064348954e-01 3.220284432341572483e+03 1.277028645433397514e+03 6.872071742764020428e+02
1.830978677048002712e-01 2.835368167372795142e+03 1.112163845509782277e+03 5.958360283559110258e+02
2.041590102946942431e-01 2.476815645423082060e+03 9.586883641115939554e+02 5.107889354358089804e+02
2.276427465103479653e-01 2.066302283795223502e+03 7.830859314542481115e+02 4.135008092536492086e+02
2.538277392899435103e-01 1.807905572386792983e+03 6.726792857690131768e+02 3.523359126225830664e+02
2.830247052484705095e-01 1.543544503269069537e+03 5.599550930630043695e+02 2.899239119117672203e+02
3.155801017062329072e-01 1.335658320186062838e+03 4.715200552327582386e+02 2.409775506275116470e+02
3.518802378240603601e-01 1.153769056075035451e+03 3.944640413881861036e+02 1.983698712012152043e+02
3.923558586288135031e-01 1.008469091219039001e+03 3.332240846796864844e+02 1.645363510992735598e+02
4.374872563241952172e-01 8.816810832553102273e+02 2.802489412701086167e+02 1.353285647668081992e+02
4.878099695387512202e-01 7.783268672513851243e+02 2.376005784572953985e+02 1.118760227304076551e+02
5.439211381395319123e-01 6.921354822005623646e+02 2.026483986887435265e+02 9.272907086078994610e+01
6.064865890189676811e-01 6.195742654261974849e+02 1.739588823389502465e+02 7.710638912088623442e+01
6.762487369363893164e-01 5.581384840305537409e+02 1.505060740860401154e+02 6.444572812041518262e+01
7.540353941672404137e-01 5.054820910853763394e+02 1.313461726833633918e+02 5.423836972186698802e+01
8.407695934971151086e-01 4.594758108043293987e+02 1.156145863737423838e+02 4.601482809179951516e+01
9.374805411223435803e-01 4.183943706585701534e+02 1.025961380296542700e+02 3.938988977893610155e+01
1.045315829426528564e+00 3.808344015070313731e+02 9.169858803859844443e+01 3.404865406421576068e+01
1.165555054552403824e+00 3.457316135501391727e+02 8.242902549776009380e+01 2.972574164198457325e+01
1.299625000357985227e+00 3.123114526832420097e+02 7.437400055273435839e+01 2.619994088317851677e+01
1.449116568932995452e+00 2.801311889869804759e+02 6.720829367220306949e+01 2.329119882490356019e+01
1.615803658576671964e+00 2.490315392566918433e+02 6.067492407792278897e+01 2.085054972917775018e+01
1.801664213246928048e+00 2.191000954279105599e+02 5.458998082546592201e+01 1.876014328235720185e+01
2.008903693258128342e+00 1.906186766119308800e+02 4.883062986738204359e+01 1.692414090728755482e+01
2.239981245735629400e+00 1.639406871260406717e+02 4.333228426616356899e+01 1.527030730863173780e+01
2.497638885371206374e+00 1.394524129117958466e+02 3.808180947893949764e+01 1.374477044580126339e+01
2.784934031744384253e+00 1.174241983599374635e+02 3.310021801282196918e+01 1.231141148926141504e+01
3.105275789304232426e+00 9.801645635710569593e+01 2.843742974230979570e+01 1.094991170861163710e+01
3.462465400517639402e+00 8.122038747234181244e+01 2.414482522465402781e+01 9.652015955603745923e+00
3.860741352209485999e+00 6.689483854454326206e+01 2.027313537535074417e+01 8.420864646125442832e+00
4.304829670336041580e+00 5.481938031027715397e+01 1.684937613442199122e+01 7.264509056545613852e+00
4.799999999999999822e+00 4.472349206056036763e+01 1.387996264026055293e+01 6.195466039236540823e+00
