1.000000000230258569e-04 5.107461795259416704e+02 1.552812542279766888e+02 7.436923419908238486e+01
1.115026695290953366e-04 5.411281068310689761e+02 1.679622947380470350e+02 8.135633396304042719e+01
1.243284530925187648e-04 5.746590220562824243e+02 1.819758234024565411e+02 8.908049914563484606e+01
1.386295441504667143e-04 6.116819452938914310e+02 1.974630775123314663e+02 9.761924949292902909e+01
1.545756424481938766e-04 6.525727877075220249e+02 2.145802268121070426e+02 1.070584024715754055e+02
1.723559677317991945e-04 6.977402235391576824e+02 2.334997753784791144e+02 1.174931360187864868e+02
1.921815050694108094e-04 7.476409337602889309e+02 2.544120062314363793e+02 1.290282634470320886e+02
2.142875084442451923e-04 8.027767688308841798e+02 2.775270035535629631e+02 1.417794526237511548e+02
2.389362923277018713e-04 8.636936742519573045e+02 3.030767121956854453e+02 1.558745048881516766e+02
2.664203443578849946e-04 9.309966047866846566e+02 3.313163035962008962e+02 1.714540027934368425e+02
2.970657960592480913e-04 1.005343246803642273e+03 3.625259356939255895e+02 1.886725759294832301e+02
3.312362927876497001e-04 1.087435964153938130e+03 3.970126073704088867e+02 2.077003102284812996e+02
3.693373088223966556e-04 1.178040819690338367e+03 4.351122753032374249e+02 2.287238215679263078e+02
4.118209588090659132e-04 1.277984969017481262e+03 4.771909360356562502e+02 2.519471743130802110e+02
4.591913626466918256e-04 1.388148378389327263e+03 5.236451920426733295e+02 2.775926653538281812e+02
5.120106274801957584e-04 1.509475737654129489e+03 5.749051688013429384e+02 3.059026795541031447e+02
5.709055177816341068e-04 1.642989528628001608e+03 6.314361940885185049e+02 3.371402031681864742e+02
6.365748926688486646e-04 1.789810032247271465e+03 6.937400232436075385e+02 3.715883789217356252e+02
7.097979987143026312e-04 1.951140706439547330e+03 7.623561050920984599e+02 4.095528670456644136e+02
7.914437166483044659e-04 2.128290296268812654e+03 8.378650217489395118e+02 4.513622687621641489e+02
8.824808716799498404e-04 2.322730441535510181e+03 9.208951675488503952e+02 4.973670181400524370e+02
9.839897297802024153e-04 2.536061848726743392e+03 1.012119573417267816e+03 5.479410190635921936e+02
1.097174816344422205e-03 2.769998120025632943e+03 1.112252594293531047e+03 6.034800198065148606e+02
1.223379209343287413e-03 3.026335312776365754e+03 1.222041624676963011e+03 6.643951805652568510e+02
1.364100476567608111e-03 3.306972784773226522e+03 1.342269801880107707e+03 7.311151503810212944e+02
1.521008446081769522e-03 3.613866293026083895e+03 1.473739721875334908e+03 8.040783148625283729e+02
1.695965020753673102e-03 3.948834501573538091e+03 1.617214206028493209e+03 8.837044961400666807e+02
1.891046271984591709e-03 4.313627961036737361e+03 1.773431773129874955e+03 9.704009615399878612e+02
2.108567074807741158e-03 4.709888830508755746e+03 1.943085196023386743e+03 1.064549728576379721e+03
2.351108576680822643e-03 5.138901546457886070e+03 2.126719433978657435e+03 1.166451698045672174e+03
2.621548825923003187e-03 5.601614044509079577e+03 2.324739605491443854e+03 1.276330974784769978e+03
2.923096923239734257e-03 6.098576171314048224e+03 2.537384021973126437e+03 1.394320139247834732e+03
3.259331101584665453e-03 6.629661492245666523e+03 2.764599240681037827e+03 1.520391332260452828e+03
3.634241186222156913e-03 7.194029352359644690e+03 3.006028048629019395e+03 1.654349999756173474e+03
4.052275938830490927e-03 7.790033305467241917e+03 3.260982172245240235e+03 1.795816785667795330e+03
4.518395847440812539e-03 8.415065661335704135e+03 3.528360563393956909e+03 1.944176073332001806e+03
5.038131988628217865e-03 9.065331975152148516e+03 3.806547573796998222e+03 2.098563351604930176e+03
5.617651660426248826e-03 9.735940361501166990e+03 4.093459467971148570e+03 2.257805979398755881e+03
6.263831564778516575e-03 1.042054768619803872e+04 4.386401575746473100e+03 2.420419004086924360e+03
6.984339407925946493e-03 1.111125971346720326e+04 4.682016008525564757e+03 2.584545896603882284e+03
7.787724887016851671e-03 1.179841612512879146e+04 4.976189125578244784e+03 2.747913389903016196e+03
8.683521142606049834e-03 1.247029792448254011e+04 5.263929166969473954e+03 2.907758532139440831e+03
9.682357880899711625e-03 1.311493739984241438e+04 5.540135671899623958e+03 3.061260270019424752e+03
1.079608750807801998e-02 1.371098689750848462e+04 5.795693354124759026e+03 3.203364871914477135e+03
1.203792577343234388e-02 1.423990176992700435e+04 6.022679974825636236e+03 3.329679126672283019e+03
1.342260859021738965e-02 1.468023595884845236e+04 6.211928722068588286e+03 3.435118454520221803e+03
1.496656689508787767e-02 1.501272863522731677e+04 6.355202796716797820e+03 3.515112723186586209e+03
1.668812162103823840e-02 1.521206879954924079e+04 6.441657902467110944e+03 3.563637268511120055e+03
1.860770109743517184e-02 1.525553735288943608e+04 6.461542884588057859e+03 3.575264958958839088e+03
2.074808345685756270e-02 1.512481121593282842e+04 6.407000885629237018e+03 3.545626129081872023e+03
2.313466692519383291e-02 1.480771730327613295e+04 6.272767155089933112e+03 3.471776143682437578e+03
2.579577120231610690e-02 1.430349513262473374e+04 6.058445154229868422e+03 3.353444110670645841e+03
2.876297350957714855e-02 1.362713841732220681e+04 5.770401363753277110e+03 3.194138647098964611e+03
3.207148329174031032e-02 1.281204767819817607e+04 5.422875400701714170e+03 3.001746171000744653e+03
3.576056001963404812e-02 1.191014421995711564e+04 5.038029444343699652e+03 2.788542422596660344e+03
3.987397905126498221e-02 1.098685393082820883e+04 4.643836165591993449e+03 2.570049805792086772e+03
4.446055107939526907e-02 1.010959669020455476e+04 4.269191864862104921e+03 2.362336520441364428e+03
4.957470132945773766e-02 9.329306219293564936e+03 3.935932690764252584e+03 2.177547388513388796e+03
5.527711538069327024e-02 8.661720165793622073e+03 3.650838006551256058e+03 2.019466629807891195e+03
6.163545927395905344e-02 8.059682376876096896e+03 3.393693852345112191e+03 1.876857509395897068e+03
6.872518245115814828e-02 7.431877308993402039e+03 3.125288238839238602e+03 1.727895085129449171e+03
7.663041305413779980e-02 6.684774483759862960e+03 2.805416359946061675e+03 1.550182143977904843e+03
8.544495620686157200e-02 5.811395316588291280e+03 2.431010192453320542e+03 1.341986079656192715e+03
9.527340712667957401e-02 4.941994759079854703e+03 2.058019484861030378e+03 1.134464295180306181e+03
1.062323922731101822e-01 4.257255718754205191e+03 1.764202473755216488e+03 9.709641067554059646e+02
1.184519532618636822e-01 3.800673371965463048e+03 1.568329104224414323e+03 8.619756417493464369e+02
1.320770899659224340e-01 3.397363610644895743e+03 1.395251791973898207e+03 7.656427754773143306e+02
1.472694811144383831e-01 2.880988203899878044e+03 1.173375487965782213e+03 6.420517082756098262e+02
1.642094028064348954e-01 2.388135997518238128e+03 9.615301304411005958e+02 5.240102559701857672e+02
1.830978677048002712e-01 2.083445549899660818e+03 8.306023426723119201e+02 4.510580506063179200e+02
2.041590102946942431e-01 1.804236309314251685e+03 7.106025502532423843e+02 3.841779803433692564e+02
2.276427465103479653e-01 1.495479490063307367e+03 5.778930945856760673e+02 3.101977845906815219e+02
2.538277392899435103e-01 1.294723356488265154e+03 4.916567635325529864e+02 2.621224759043851691e+02
2.830247052484705095e-01 1.096002873578306890e+03 4.063775560216195117e+02 2.145855804204786352e+02
3.155801017062329072e-01 9.386196350973052631e+02 3.389220840942028872e+02 1.769856069222453243e+02
3.518802378240603601e-01 8.030039133996525607e+02 2.809374936076434892e+02 1.446765960636094235e+02
3.923558586288135031e-01 6.942885201882944557e+02 2.346149341056814990e+02 1.188770365134749341e+02
4.374872563241952172e-01 6.009643576430446501e+02 1.950865313443430864e+02 9.688631878839335343e+01
4.878099695387512202e-01 5.253551964356217923e+02 1.633241428559584278e+02 7.923980342782309094e+01
5.439211381395319123e-01 4.629361828849472431e+02 1.374325289019418506e+02 6.488824327584987373e+01
6.064865890189676811e-01 4.111558876031152181e+02 1.163463981376281282e+02 5.324151527099199654e+01
6.762487369363893164e-01 3.680834931461608335e+02 9.926750280646466251e+01 4.385808526609887537e+01
7.540353941672404137e-01 3.318749303833211570e+02 8.544328246371280500e+01 3.632514468332406921e+01
8.407695934971151086e-01 3.009668850159976614e+02 7.424008332308264357e+01 3.029562392882803934e+01
9.374805411223435803e-01 2.741031661276838918e+02 6.513859706767885882e+01 2.548367093934574967e+01
1.045315829426528564e+00 2.501657715301275005e+02 5.768463361524216992e+01 2.164520887956822648e+01
1.165555054552403824e+00 2.282829666901769485e+02 5.151011757658154266e+01 1.857997405927997647e+01
1.299625000357985227e+00 2.077822815483765453e+02 4.630727520028341360e+01 1.612366673621124491e+01
1.449116568932995452e+00 1.881977936917556633e+02 4.183200705751621484e+01 1.414374518215798737e+01
1.615803658576671964e+00 1.692506293129627295e+02 3.788243234623602973e+01 1.252951252052566211e+01
1.801664213246928048e+00 1.508342411782092256e+02 3.430526032772679201e+01 1.119397123609112299e+01
2.008903693258128342e+00 1.330124300648795952e+02 3.098553923873462779e+01 1.006512263602265378e+01
2.239981245735629400e+00 1.159427335586463101e+02 2.784539886334260572e+01 9.087565477425322058e+00
2.497638885371206374e+00 9.987463473510322842e+01 2.484183254666550411e+01 8.217414358144489839e+00
2.784934031744384253e+00 8.503669422799931965e+01 2.195798257318654834e+01 7.422297294729954587e+00
3.105275789304232426e+00 7.163858265133012537e+01 1.920373526821116883e+01 6.679731283472357006e+00
3.462465400517639402e+00 5.978912104617529621e+01 1.660028401513293872e+01 5.975312136107572947e+00
3.860741352209485999e+00 4.950626691083147080e+01 1.418036010231012867e+01 5.302774100122608303e+00
4.304829670336041580e+00 4.072514206027547345e+01 1.197172562493927650e+01 4.660777156892989659e+00
4.799999999999999822e+00 3.331396924931173942e+01 9.997261800869161164e+00 4.053129334263372741e+00
