1.000000000230258569e-04 6.013376172023546360e+02 1.701029691892380526e+02 7.770347339041238399e+01
1.115026695290953366e-04 6.324671199729014006e+02 1.831755657602633107e+02 8.483398327187053667e+01
1.243284530925187648e-04 6.668464390486801676e+02 1.976344907873715613e+02 9.272582120358443092e+01
1.386295441504667143e-04 7.048258595512585316e+02 2.136279025928586748e+02 1.014599733872204155e+02
1.545756424481938766e-04 7.467892727210538624e+02 2.313193478963007124e+02 1.111260208049846199e+02
1.723559677317991945e-04 7.931483419608043732e+02 2.508883732276633225e+02 1.218233518887736722e+02
1.921815050694108094e-04 8.443638068435803916e+02 2.725331288147760915e+02 1.336614514883171978e+02
2.142875084442451923e-04 9.009472888748308605e+02 2.964725327934493180e+02 1.467611261782841439e+02
2.389362923277018713e-04 9.634603439540746876e+02 3.229485753073844876e+02 1.612560368764808914e+02
2.664203443578849946e-04 1.032529489374475361e+03 3.522277082467188052e+02 1.772932252005238922e+02
2.970657960592480913e-04 1.108853097533623895e+03 3.846038756826036433e+02 1.950346099105732662e+02
3.312362927876497001e-04 1.193206720918820338e+03 4.204026141469641402e+02 2.146590199823048408e+02
3.693373088223966556e-04 1.286454638470019745e+03 4.599819390999988400e+02 2.363629236248572738e+02
4.118209588090659132e-04 1.389558288513778734e+03 5.037360134038912634e+02 2.603620308411256019e+02
4.591913626466918256e-04 1.503582966268392283e+03 5.521010358026193217e+02 2.868934728949605528e+02
5.120106274801957584e-04 1.629712256169312241e+03 6.055562520609366857e+02 3.162170290801720398e+02
5.709055177816341068e-04 1.769244373548388467e+03 6.646256279243509653e+02 3.486163025109017894e+02
6.365748926688486646e-04 1.923558284134952373e+03 7.298779920900227580e+02 3.843991834185089829e+02
7.097979987143026312e-04 2.094151822577071016e+03 8.019319374350241105e+02 4.239002368859870558e+02
7.914437166483044659e-04 2.282639808133626047e+03 8.814553588429738511e+02 4.674808322116651311e+02
8.824808716799498404e-04 2.490695193802507674e+03 9.691538890935355539e+02 5.155244253045133291e+02
9.839897297802024153e-04 2.720082411742998829e+03 1.065778642254080751e+03 5.684402700519157179e+02
1.097174816344422205e-03 2.972658282682330992e+03 1.172123650592462582e+03 6.266620356750628389e+02
1.223379209343287413e-03 3.250328246079628116e+03 1.289001141646974929e+03 6.906343787811960055e+02
1.364100476567608111e-03 3.555044929910304745e+03 1.417246358483334689e+03 7.608163217197726453e+02
1.521008446081769522e-03 3.888781977176528471e+03 1.557708652542909476e+03 8.376766568909071111e+02
1.695965020753673102e-03 4.253439501576158364e+03 1.711201504099461772e+03 9.216640991939092373e+02
1.891046271984591709e-03 4.650825466230281563e+03 1.878500665971942226e+03 1.013208078426903171e+03
2.108567074807741158e-03 5.082610935450081342e+03 2.060328508168913231e+03 1.112710983681819926e+03
2.351108576680822643e-03 5.550188710451933730e+03 2.257279741012059731e+03 1.220501790419363260e+03
2.621548825923003187e-03 6.054619473285314598e+03 2.469804171093886453e+03 1.336828721185325321e+03
2.923096923239734257e-03 6.596556647956890629e+03 2.698181570210824248e+03 1.461847865782767713e+03
3.259331101584665453e-03 7.176021031473558651e+03 2.942424970878779732e+03 1.595568701572604368e+03
3.634241186222156913e-03 7.792315530138234863e+03 3.202246250804934334e+03 1.737835865165010546e+03
4.052275938830490927e-03 8.443951572129597480e+03 3.477026473661933778e+03 1.888314829913865651e+03
4.518395847440812539e-03 9.128439046032844999e+03 3.765704427408987613e+03 2.046438145258044869e+03
5.038131988628217865e-03 9.842184025345326518e+03 4.066799067061325786e+03 2.211373718956638641e+03
5.617651660426248826e-03 1.058019655931314810e+04 4.378208205132265903e+03 2.381998028564912147e+03
6.263831564778516575e-03 1.133597993137776393e+04 4.697204892861613189e+03 2.556817942208357181e+03
6.984339407925946493e-03 1.210130321736164842e+04 5.020322547418765680e+03 2.733939895596663064e+03
7.787724887016851671e-03 1.286567784748907980e+04 5.343157660332204614e+03 2.910956905936535350e+03
8.683521142606049834e-03 1.361827248398073607e+04 5.661151781810332068e+03 3.085380032464182932e+03
9.682357880899711625e-03 1.433885407283286258e+04 5.965780515490503603e+03 3.252543616877468139e+03
1.079608750807801998e-02 1.500951005493747107e+04 6.249488622622478033e+03 3.408308657389709424e+03
1.203792577343234388e-02 1.561243447031622600e+04 6.504771831539982486e+03 3.548570111291482590e+03
1.342260859021738965e-02 1.612396789258279568e+04 6.721653203549059072e+03 3.667867438431556820e+03
1.496656689508787767e-02 1.651787413578552878e+04 6.889034029725373330e+03 3.760107972245327801e+03
1.668812162103823840e-02 1.676813936881471091e+04 6.995917124808810513e+03 3.819256727257841703e+03
1.860770109743517184e-02 1.684991889111776254e+04 7.031805722654732563e+03 3.839552590470426821e+03
2.074808345685756270e-02 1.674122346665369696e+04 6.987374153324344661e+03 3.815863588730869651e+03
2.313466692519383291e-02 1.642804455867107026e+04 6.856618430836398147e+03 3.744845580283880736e+03
2.579577120231610690e-02 1.590854125518641558e+04 6.638724165145660663e+03 3.626031640329204038e+03
2.876297350957714855e-02 1.519751136912695620e+04 6.339871049093479087e+03 3.462788183499779279e+03
3.207148329174031032e-02 1.433012362152255264e+04 5.974808138191529906e+03 3.263159949547197357e+03
3.576056001963404812e-02 1.336234155176236345e+04 5.567134066101511962e+03 3.040061106559900054e+03
3.987397905126498221e-02 1.236579778155694294e+04 5.147109806168242358e+03 2.810098729395298506e+03
4.446055107939526907e-02 1.141445263068121494e+04 4.745989242866197856e+03 2.590417003084473436e+03
4.957470132945773766e-02 1.056410999273190828e+04 4.387405905834837540e+03 2.394002438759079723e+03
5.527711538069327024e-02 9.831144674196542837e+03 4.078315667536621731e+03 2.224686675907734298e+03
6.163545927395905344e-02 9.165692555221568909e+03 3.797633077067316208e+03 2.070898828079305076e+03
6.872518245115814828e-02 8.464482036703873746e+03 3.501608058332630208e+03 1.908600453489008942e+03
7.663041305413779980e-02 7.627082718498669237e+03 3.147655901358134543e+03 1.714378200559948937e+03
8.544495620686157200e-02 6.649257496004896893e+03 2.733931520862099205e+03 1.487202727184337164e+03
9.527340712667957401e-02 5.677988778383293720e+03 2.322758863379413469e+03 1.261340562947510307e+03
1.062323922731101822e-01 4.912829510926862895e+03 1.998772651387632095e+03 1.083342166899854419e+03
1.184519532618636822e-01 4.396911805387281674e+03 1.780381238552840159e+03 9.633664420304489795e+02
1.320770899659224340e-01 3.933510898766409355e+03 1.584144944962389673e+03 8.555320151640501081e+02
1.472694811144383831e-01 3.344587543479388387e+03 1.334581512600879250e+03 7.183299447120953118e+02
1.642094028064348954e-01 2.788720966639777998e+03 1.098993439537450058e+03 5.887874286133293253e+02
1.830978677048002712e-01 2.441357581873696290e+03 9.518102133199594164e+02 5.078538290940989555e+02
2.041590102946942431e-01 2.117745098964085173e+03 8.147090758710301088e+02 4.324560855690752987e+02
2.276427465103479653e-01 1.766598737132628003e+03 6.659974311311432302e+02 3.506724300013910351e+02
2.538277392899435103e-01 1.535193026992983505e+03 5.680941868474299099e+02 2.968328507244090702e+02
2.830247052484705095e-01 1.305966096942713193e+03 4.712136438636178468e+02 2.435636065786345057e+02
3.155801017062329072e-01 1.124790019152477726e+03 3.947972978978709193e+02 2.015569617901291792e+02
3.518802378240603601e-01 9.675795733364653870e+02 3.287182770202976485e+02 1.652571572023312569e+02
3.923558586288135031e-01 8.412375466708967906e+02 2.758669447790858271e+02 1.362457014967675377e+02
4.374872563241952172e-01 7.327576309033363486e+02 2.308081975431813362e+02 1.115457674771968044e+02
4.878099695387512202e-01 6.441630799190284051e+02 1.944123027644430408e+02 9.163602487779338901e+01
5.439211381395319123e-01 5.706617334120300029e+02 1.646891310477997763e+02 7.542691668575913866e+01
6.064865890189676811e-01 5.092722869744505374e+02 1.404227747658946726e+02 6.225621911954073084e+01
6.762487369363893164e-01 4.577235278683598949e+02 1.206981837766089569e+02 5.162690822006918978e+01
7.540353941672404137e-01 4.138779541965150770e+02 1.046551179755251582e+02 4.307373091912095475e+01
8.407695934971151086e-01 3.759095826036906942e+02 9.156731714606999617e+01 3.620806181009055535e+01
9.374805411223435803e-01 3.423851040781381698e+02 8.084936705064448859e+01 3.071196453873660914e+01
1.045315829426528564e+00 3.120272664454280402e+02 7.197613445755214912e+01 2.630895041499948661e+01
1.165555054552403824e+00 2.838617495917463316e+02 6.452580301292513809e+01 2.277346012987303681e+01
1.299625000357985227e+00 2.571778017538442782e+02 5.814440275826063953e+01 1.991835713987792644e+01
1.449116568932995452e+00 2.315207789045317952e+02 5.255440786339005399e+01 1.759422217812294420e+01
1.615803658576671964e+00 2.066862469602273507e+02 4.752965522796969111e+01 1.567468874803625312e+01
1.801664213246928048e+00 1.826614556599636785e+02 4.290212484507099333e+01 1.406099307757180839e+01
2.008903693258128342e+00 1.596397857119670221e+02 3.855413980534529372e+01 1.267173464636960389e+01
2.239981245735629400e+00 1.378811617631107254e+02 3.441215353804376775e+01 1.144462348868443513e+01
2.497638885371206374e+00 1.177199235713780467e+02 3.044751179185378831e+01 1.033179717026748001e+01
2.784934031744384253e+00 9.941380771542061723e+01 2.665968149378949903e+01 9.298810546830925006e+00
3.105275789304232426e+00 8.314852722774394067e+01 2.307825270886571545e+01 8.323901907875711714e+00
3.462465400517639402e+00 6.897662216768340215e+01 1.973944618121801753e+01 7.394671760707806740e+00
3.860741352209485999e+00 5.682742511178815903e+01 1.668619377336595022e+01 6.508566581650392813e+00
4.304829670336041580e+00 4.655230603623900265e+01 1.394864326511871866e+01 5.668075133955758460e+00
4.799999999999999822e+00 3.794663969861456820e+01 1.154364321118532288e+01 4.880760996796920104e+00
