1.000000000230258569e-04 1.187629876006229324e+03 3.985188299251483386e+02 1.960080105040813123e+02
1.115026695290953366e-04 1.267033845280401465e+03 4.345507812804293621e+02 2.158876955726483970e+02
1.243284530925187648e-04 1.354847533673900443e+03 4.745009581446963125e+02 2.379466835055250442e+02
1.386295441504667143e-04 1.451949874326699728e+03 5.187935571840704370e+02 2.624227121008570975e+02
1.545756424481938766e-04 1.559320556119001139e+03 5.678964635476698959e+02 2.895780572181943171e+02
1.723559677317991945e-04 1.678035030386017297e+03 6.223276597546205267e+02 3.197034382583480578e+02
1.921815050694108094e-04 1.809274201620841040e+03 6.826596199620269090e+02 3.531207758051873498e+02
2.142875084442451923e-04 1.954347372269211746e+03 7.495222379262210097e+02 3.901849520555425102e+02
2.389362923277018713e-04 2.114743299956729061e+03 8.236130709956127021e+02 4.312875729964235347e+02
2.664203443578849946e-04 2.292155702918030329e+03 9.057042758138791214e+02 4.768604331550724851e+02
2.970657960592480913e-04 2.488477803516283529e+03 9.966447989719722500e+02 5.273783821535113248e+02
3.312362927876497001e-04 2.705876681456597453e+03 1.097374806151022995e+03 5.833632871774176465e+02
3.693373088223966556e-04 2.946846192103145768e+03 1.208936952772523000e+03 6.453880719417317096e+02
4.118209588090659132e-04 3.214201009689041712e+03 1.332478012918118338e+03 7.140804527949491103e+02
4.591913626466918256e-04 3.511043242534324690e+03 1.469253937645030646e+03 7.901241372003744345e+02
5.120106274801957584e-04 3.840755668459367371e+03 1.620636309174261214e+03 8.742607295856255405e+02
5.709055177816341068e-04 4.207102468833183593e+03 1.788123037489907119e+03 9.672958437001132097e+02
6.365748926688486646e-04 4.614009881970060633e+03 1.973310140900697434e+03 1.070090358966864187e+03
7.097979987143026312e-04 5.065341030764142488e+03 2.177861481921326686e+03 1.183550556176865030e+03
7.914437166483044659e-04 5.565141779986553956e+03 2.403543085542606150e+03 1.308639989496540238e+03
8.824808716799498404e-04 6.117527579649945437e+03 2.652184966381243612e+03 1.446361285117155376e+03
9.839897297802024153e-04 6.726497463558069285e+03 2.925623948263238617e+03 1.597729277621691836e+03
1.097174816344422205e-03 7.395971421528724022e+03 3.225725706875590276e+03 1.763782333470140657e+03
1.223379209343287413e-03 8.129764038808086298e+03 3.554337405974845751e+03 1.945554564461042446e+03
1.364100476567608111e-03 8.931562579089870269e+03 3.913210633083630000e+03 2.144029756579239347e+03
1.521008446081769522e-03 9.804713922390355947e+03 4.303991114775328242e+03 2.360143441427191647e+03
1.695965020753673102e-03 1.075214755220845473e+04 4.728156868923574621e+03 2.594742257834458087e+03
1.891046271984591709e-03 1.177638583719272901e+04 5.186926806272576869e+03 2.848515226030944177e+03
2.108567074807741158e-03 1.287924486402278853e+04 5.681211277661767781e+03 3.121982421467793301e+03
2.351108576680822643e-03 1.406163001140542110e+04 6.211513762726716777e+03 3.415441605078877274e+03
2.621548825923003187e-03 1.532335954616132040e+04 6.777783926331744624e+03 3.728879545790228349e+03
2.923096923239734257e-03 1.666294241256000532e+04 7.379363369592761956e+03 4.061947935492187753e+03
3.259331101584665453e-03 1.807702379004368413e+04 8.014754521349012066e+03 4.413831186894066377e+03
3.634241186222156913e-03 1.955912357083327151e+04 8.681071905047578184e+03 4.782923303679989658e+03
4.052275938830490927e-03 2.110000510503893020e+04 9.374193459604210148e+03 5.166921835843329973e+03
4.518395847440812539e-03 2.268687172014974203e+04 1.008839495983087545e+04 5.562683984215843338e+03
5.038131988628217865e-03 2.430599179948274468e+04 1.081741911095430260e+04 5.966776711782049460e+03
5.617651660426248826e-03 2.593789667196793744e+04 1.155251662201543513e+04 6.374336524542809457e+03
6.263831564778516575e-03 2.755846127344371052e+04 1.228287265319808466e+04 6.779400012934972438e+03
6.984339407925946493e-03 2.913909172187484728e+04 1.299555696325029567e+04 7.174783438699631915e+03
7.787724887016851671e-03 3.064662180830844227e+04 1.367560720350536940e+04 7.552160478267028338e+03
8.683521142606049834e-03 3.204217151031737012e+04 1.430548654003956472e+04 7.901824911014144163e+03
9.682357880899711625e-03 3.328163700152403908e+04 1.486532893348490143e+04 8.212751317549580563e+03
1.079608750807801998e-02 3.431574497554870322e+04 1.533285755787372909e+04 8.472591417042658577e+03
1.203792577343234388e-02 3.509154718236655026e+04 1.568405263368368469e+04 8.667994506581811947e+03
1.342260859021738965e-02 3.555333047516450461e+04 1.589384989319893793e+04 8.784997113544666718e+03
1.496656689508787767e-02 3.564476967662022071e+04 1.593679498996119582e+04 8.809589458985810779e+03
1.668812162103823840e-02 3.531524542511706386e+04 1.578980178352352414e+04 8.728807236416909291e+03
1.860770109743517184e-02 3.452630774911615299e+04 1.543554643749180286e+04 8.533020653516452512e+03
2.074808345685756270e-02 3.325980575780072832e+04 1.486575060770502751e+04 8.217669716674163283e+03
2.313466692519383291e-02 3.152932617072671565e+04 1.408647205560446855e+04 7.786052783647479373e+03
2.579577120231610690e-02 2.939077445277136940e+04 1.312284211649488861e+04 7.252093255976243199e+03
2.876297350957714855e-02 2.694935606883832588e+04 1.202230280119975032e+04 6.642092899517014303e+03
3.207148329174031032e-02 2.435839280532220801e+04 1.085402396464817139e+04 5.994417838367313379e+03
3.576056001963404812e-02 2.180429050174059739e+04 9.702128762612974242e+03 5.355732741216127579e+03
3.987397905126498221e-02 1.947538847946741589e+04 8.651659125373287679e+03 4.773229518312077744e+03
4.446055107939526907e-02 1.751697025662169472e+04 7.768231441537834144e+03 4.283324549923260747e+03
4.957470132945773766e-02 1.598010942502766193e+04 7.074945037420198787e+03 3.898850592543976290e+03
5.527711538069327024e-02 1.477745244489830111e+04 6.532421375424247344e+03 3.597980750372153125e+03
6.163545927395905344e-02 1.368269991862544339e+04 6.038516663085761138e+03 3.324051881570552268e+03
6.872518245115814828e-02 1.236142348225705064e+04 5.442293411957659373e+03 2.993334317750089667e+03
7.663041305413779980e-02 1.066249139053007639e+04 4.675493912902375996e+03 2.567948506135689968e+03
8.544495620686157200e-02 8.793687536027700844e+03 3.831948808912682580e+03 2.099959881102235158e+03
9.527340712667957401e-02 7.236600218994168245e+03 3.129130494880831066e+03 1.710042213313935918e+03
1.062323922731101822e-01 6.294635543383703407e+03 2.703986446092985261e+03 1.474174525306998021e+03
1.184519532618636822e-01 5.723449372040981871e+03 2.446251507687111825e+03 1.331189556403567622e+03
1.320770899659224340e-01 4.959800113308342588e+03 2.101655757863930376e+03 1.140010309418618135e+03
1.472694811144383831e-01 3.983671015818150863e+03 1.661267069228818627e+03 8.957003545460546547e+02
1.642094028064348954e-01 3.339899952712365121e+03 1.370931003722492051e+03 7.346405889944306864e+02
1.830978677048002712e-01 2.976942280358185599e+03 1.207319993076149558e+03 6.438762990689015169e+02
2.041590102946942431e-01 2.467201413366947691e+03 9.777419878648045142e+02 5.165588431116772199e+02
2.276427465103479653e-01 2.076657435368998904e+03 8.020468695760142737e+02 4.191412311602132377e+02
2.538277392899435103e-01 1.807024033535196850e+03 6.809957790550881782e+02 3.520410428541363785e+02
2.830247052484705095e-01 1.521799415217101114e+03 5.532101594806033518e+02 2.812478717390501970e+02
3.155801017062329072e-01 1.326040403269420494e+03 4.658876381894333463e+02 2.329013328487374963e+02
3.518802378240603601e-01 1.144318754347157210e+03 3.853230509175332941e+02 1.883641944424937549e+02
3.923558586288135031e-01 1.002216633198191289e+03 3.229042812596823637e+02 1.539195551331657157e+02
4.374872563241952172e-01 8.849027077377089654e+02 2.720386921441595973e+02 1.259259556880949731e+02
4.878099695387512202e-01 7.869484695017705462e+02 2.303994974480463895e+02 1.031120402121539570e+02
5.439211381395319123e-01 7.058005491027169001e+02 1.968674649421209608e+02 8.485959914346263133e+01
6.064865890189676811e-01 6.376461651168134495e+02 1.697962724811152100e+02 7.026691233220508082e+01
6.762487369363893164e-01 5.793940298738243655e+02 1.478676385543546132e+02 5.861555213277512166e+01
7.540353941672404137e-01 5.285293053920424882e+02 1.300118156552371147e+02 4.932920049246897065e+01
8.407695934971151086e-01 4.829836090401097977e+02 1.153398299226338821e+02 4.192889903896871573e+01
9.374805411223435803e-01 4.411185658273554395e+02 1.031165579754201786e+02 3.601843444981164311e+01
1.045315829426528564e+00 4.016870398285047372e+02 9.274381179552177912e+01 3.127964245431529022e+01
1.165555054552403824e+00 3.638465697446055742e+02 8.374164706809293079e+01 2.745151436473476281e+01
1.299625000357985227e+00 3.271014066536991436e+02 7.572412224817564663e+01 2.432160554506771888e+01
1.449116568932995452e+00 2.913193843762953179e+02 6.840216895532468300e+01 2.171992789169991411e+01
1.615803658576671964e+00 2.566458871421802996e+02 6.156522356826394571e+01 1.950968641875089205e+01
1.801664213246928048e+00 2.234526972229768944e+02 5.508161732115988229e+01 1.758478839479944256e+01
2.008903693258128342e+00 1.922201793487071768e+02 4.888322517532260036e+01 1.586275468788835319e+01
2.239981245735629400e+00 1.634287167544958379e+02 4.295926195009072046e+01 1.428416738550548892e+01
2.497638885371206374e+00 1.374717485065787628e+02 3.733876615278904154e+01 1.280791546868748476e+01
2.784934031744384253e+00 1.145544729055375939e+02 3.207536764401471885e+01 1.141007317820232814e+01
3.105275789304232426e+00 9.470868984994676509e+01 2.723010400671130782e+01 1.008012848822819052e+01
3.462465400517639402e+00 7.778532090439719582e+01 2.285392528916324295e+01 8.818400234144274208e+00
3.860741352209485999e+00 6.352600587711475555e+01 1.897981883214925958e+01 7.632254958251873944e+00
4.304829670336041580e+00 5.162475549753720117e+01 1.561343495119375646e+01 6.532173299705974046e+00
4.799999999999999822e+00 4.176463837928150724e+01 1.273789910810646653e+01 5.528798818715396024e+00
