1.000000000230258569e-04 9.311369617628606647e+02 2.939468960297069771e+02 1.406400288149042126e+02
1.115026695290953366e-04 9.865997469171583134e+02 3.172190694941081119e+02 1.536309732446547685e+02
1.243284530925187648e-04 1.047911838672878503e+03 3.429926461409308445e+02 1.680262404084420211e+02
1.386295441504667143e-04 1.115738349458153607e+03 3.715424410248318168e+02 1.839785105512039536e+02
1.545756424481938766e-04 1.190831784954473960e+03 4.031744507958937902e+02 2.016564702975471164e+02
1.723559677317991945e-04 1.274011019221139122e+03 4.382275670393137261e+02 2.212477336996023212e+02
1.921815050694108094e-04 1.366175521051124178e+03 4.770770381927537187e+02 2.429605568128799860e+02
2.142875084442451923e-04 1.468334657488511539e+03 5.201389159701358267e+02 2.670249090372691398e+02
2.389362923277018713e-04 1.581567255695473023e+03 5.678718876838021288e+02 2.936951909528202691e+02
2.664203443578849946e-04 1.707027081577695526e+03 6.207809447195051007e+02 3.232525287894067105e+02
2.970657960592480913e-04 1.845984335863774959e+03 6.794224123460479632e+02 3.560065598321853031e+02
3.312362927876497001e-04 1.999745614677446383e+03 7.443991445454846598e+02 3.922966087676550160e+02
3.693373088223966556e-04 2.169629619612733222e+03 8.163609278047363205e+02 4.324936668753060758e+02
4.118209588090659132e-04 2.357027453535223231e+03 8.960131058012752874e+02 4.770034987553325436e+02
4.591913626466918256e-04 2.563377316516636256e+03 9.841077295426365481e+02 5.262644786789348927e+02
5.120106274801957584e-04 2.790141029399092076e+03 1.081438126453748509e+03 5.807469885306089736e+02
5.709055177816341068e-04 3.038804388409856074e+03 1.188846768572570227e+03 6.409582562662375267e+02
6.365748926688486646e-04 3.311023638843116260e+03 1.307233830213492638e+03 7.074401056645812105e+02
7.097979987143026312e-04 3.608729977037820845e+03 1.437562009259556362e+03 7.807665585302718227e+02
7.914437166483044659e-04 3.933970219013243423e+03 1.580844028408012491e+03 8.615463092464090096e+02
8.824808716799498404e-04 4.289109309582439892e+03 1.738178350169571786e+03 9.504273830756079633e+02
9.839897297802024153e-04 4.677053086948734745e+03 1.910787751321452106e+03 1.048101345511745649e+03
1.097174816344422205e-03 5.101045688833290114e+03 2.099977376018341147e+03 1.155295558009160914e+03
1.223379209343287413e-03 5.564498299430410952e+03 2.307110248024153861e+03 1.272763976011461637e+03
1.364100476567608111e-03 6.070782965306962979e+03 2.533578528908970839e+03 1.401275150560989459e+03
1.521008446081769522e-03 6.623452699267099888e+03 2.780818403786532599e+03 1.541612216792882009e+03
1.695965020753673102e-03 7.225974380841901620e+03 3.050228097228012302e+03 1.694535365550561664e+03
1.891046271984591709e-03 7.881218032702636265e+03 3.343024353158761642e+03 1.860718769807834178e+03
2.108567074807741158e-03 8.591775394130056156e+03 3.660306068007276281e+03 2.040770191728316604e+03
2.351108576680822643e-03 9.359774018547439482e+03 4.002971883213473120e+03 2.235185133472397411e+03
2.621548825923003187e-03 1.018642587768769954e+04 4.371546294410825794e+03 2.444255968087886231e+03
2.923096923239734257e-03 1.107211153986215686e+04 4.766203239486482744e+03 2.668081189264057230e+03
3.259331101584665453e-03 1.201619031108664421e+04 5.186677552661382833e+03 2.906515735199341634e+03
3.634241186222156913e-03 1.301663061704546817e+04 5.632089315392609024e+03 3.159073265341237402e+03
4.052275938830490927e-03 1.406993278000242390e+04 6.100928031853607536e+03 3.424918953518847047e+03
4.518395847440812539e-03 1.517131813161844002e+04 6.591110226236876770e+03 3.702804077951582713e+03
5.038131988628217865e-03 1.631307511276169134e+04 7.099214004230479986e+03 3.990975019595035064e+03
5.617651660426248826e-03 1.748600382785585680e+04 7.621155341310803124e+03 4.286982826112717703e+03
6.263831564778516575e-03 1.867979924388593281e+04 8.152424477025997476e+03 4.588320523980571124e+03
6.984339407925946493e-03 1.987359858518829424e+04 8.683799909347129869e+03 4.889776884821291787e+03
7.787724887016851671e-03 2.105054771898874969e+04 9.207808169691839794e+03 5.187130797787413030e+03
8.683521142606049834e-03 2.218450329815881560e+04 9.712866050428718154e+03 5.473828011967344537e+03
9.682357880899711625e-03 2.325309301632787538e+04 1.018906798544827143e+04 5.744274739862442402e+03
1.079608750807801998e-02 2.422423455335807012e+04 1.062217960455162574e+04 5.990419611926169637e+03
1.203792577343234388e-02 2.506095284310446004e+04 1.099576522900340024e+04 6.202928502872586250e+03
1.342260859021738965e-02 2.572536821149887328e+04 1.129297990574932010e+04 6.372244014219501878e+03
1.496656689508787767e-02 2.617587889422058652e+04 1.149536275276960805e+04 6.487898693661446487e+03
1.668812162103823840e-02 2.637039051380546516e+04 1.158415713611834144e+04 6.539245842235126474e+03
1.860770109743517184e-02 2.627010930131443820e+04 1.154198913791068480e+04 6.516359849386092719e+03
2.074808345685756270e-02 2.584425774685476063e+04 1.135512411659046666e+04 6.411420865250325733e+03
2.313466692519383291e-02 2.507578740503211884e+04 1.101591272671340994e+04 6.220088930723500198e+03
2.579577120231610690e-02 2.397003603100715918e+04 1.052652023382041443e+04 5.943497254965077445e+03
2.876297350957714855e-02 2.256327077659641509e+04 9.902970472405930195e+03 5.590674674604108986e+03
3.207148329174031032e-02 2.092788371448591715e+04 9.177409628505269211e+03 5.179855430862196954e+03
3.576056001963404812e-02 1.917099134161174152e+04 8.397408573897717361e+03 4.737980865938539864e+03
3.987397905126498221e-02 1.742325043510669275e+04 7.621101739756230018e+03 4.298048470065715264e+03
4.446055107939526907e-02 1.581533936869727768e+04 6.906691094136815082e+03 3.893099276948347324e+03
4.957470132945773766e-02 1.444350824527049554e+04 6.297081922951256274e+03 3.547510050125154066e+03
5.527711538069327024e-02 1.333050971536915131e+04 5.802495779344981202e+03 3.267117804927247562e+03
6.163545927395905344e-02 1.240229851434850752e+04 5.390001034324351167e+03 3.033248289115222178e+03
6.872518245115814828e-02 1.145524262084924885e+04 4.968898220194452733e+03 2.794407363927557526e+03
7.663041305413779980e-02 1.029709388519230197e+04 4.453502816098278345e+03 2.501930759592456980e+03
8.544495620686157200e-02 8.879692073859148877e+03 3.822346746654299295e+03 2.143620860162723147e+03
9.527340712667957401e-02 7.428460965251219022e+03 3.175877507450994472e+03 1.776529089216662669e+03
1.062323922731101822e-01 6.296447198692168058e+03 2.671588078819911971e+03 1.490152320574208716e+03
1.184519532618636822e-01 5.608715321526680782e+03 2.365295036730619358e+03 1.316224199843332826e+03
1.320770899659224340e-01 5.070781818853092773e+03 2.125711846949157007e+03 1.180165283321314519e+03
1.472694811144383831e-01 4.317757632719936737e+03 1.790240993993985512e+03 9.896162102210719240e+02
1.642094028064348954e-01 3.531602319745033128e+03 1.440042755550877018e+03 7.906945730752548798e+02
1.830978677048002712e-01 3.073238132569973004e+03 1.235959314804985070e+03 6.747708406847767719e+02
2.041590102946942431e-01 2.707457065228221381e+03 1.073204682061133553e+03 5.823273740439992707e+02
2.276427465103479653e-01 2.243274930001433404e+03 8.668530616515872680e+02 4.651564537344334553e+02
2.538277392899435103e-01 1.950857947164973439e+03 7.370506701399526719e+02 3.914582874436435986e+02
2.830247052484705095e-01 1.679170465566099892e+03 6.167472347648349569e+02 3.231933606132107002e+02
3.155801017062329072e-01 1.447044184783115497e+03 5.142830999773569829e+02 2.650868407849970936e+02
3.518802378240603601e-01 1.260620366403378512e+03 4.324673319864108976e+02 2.187459686069863096e+02
3.923558586288135031e-01 1.105150736547024508e+03 3.647313757592129377e+02 1.804365895538140876e+02
4.374872563241952172e-01 9.729974379234777189e+02 3.078250170920350683e+02 1.483395410816778508e+02
4.878099695387512202e-01 8.660062254182352035e+02 2.625231857830619333e+02 1.228809676954957411e+02
5.439211381395319123e-01 7.760736678911659965e+02 2.253487536169571399e+02 1.021094478875947686e+02
6.064865890189676811e-01 7.001012902759392773e+02 1.949967255508974233e+02 8.529621767689206990e+01
6.762487369363893164e-01 6.352911991580456288e+02 1.702789645054963046e+02 7.177661792329982404e+01
7.540353941672404137e-01 5.789410512452624289e+02 1.500615477537460833e+02 6.092179387877597208e+01
8.407695934971151086e-01 5.287253192622459892e+02 1.333599676749082619e+02 5.219346401842047101e+01
9.374805411223435803e-01 4.829672886451489831e+02 1.194363617505285475e+02 4.518050720618879978e+01
1.045315829426528564e+00 4.402143886159789758e+02 1.076142119306887679e+02 3.951488864318505279e+01
1.165555054552403824e+00 3.994327555606883493e+02 9.735625335719701923e+01 3.490097137625774337e+01
1.299625000357985227e+00 3.600098536888861531e+02 8.822925576132924164e+01 3.109452393082808186e+01
1.449116568932995452e+00 3.216865449636054564e+02 7.990404674573099442e+01 2.790234537586362507e+01
1.615803658576671964e+00 2.845460983726065365e+02 7.213416000786973825e+01 2.516371844814708680e+01
1.801664213246928048e+00 2.488877274363917707e+02 6.475647399471648669e+01 2.275449787363293552e+01
2.008903693258128342e+00 2.152011957195479965e+02 5.768505777806245050e+01 2.057755060103236744e+01
2.239981245735629400e+00 1.839682963378396607e+02 5.089568748871896986e+01 1.856275690425145086e+01
2.497638885371206374e+00 1.556372641633850833e+02 4.442061419100645026e+01 1.666324488864345099e+01
2.784934031744384253e+00 1.304597647169880190e+02 3.831892708689535709e+01 1.485205428619368462e+01
3.105275789304232426e+00 1.085114344737324359e+02 3.266889665321772895e+01 1.312040526349658620e+01
3.462465400517639402e+00 8.967922824706087681e+01 2.753596691201188662e+01 1.147161553067598305e+01
3.860741352209485999e+00 7.371459110966307549e+01 2.296949191633747489e+01 9.919130647917263843e+00
4.304829670336041580e+00 6.031051035959936257e+01 1.898428644539560395e+01 8.478676916208279124e+00
4.799999999999999822e+00 4.913546399000588849e+01 1.556670542467922402e+01 7.166444946146117267e+00
