1.000000000230258569e-04 4.364026556011947946e+02 1.141938520792353557e+02 4.914801064129484587e+01
1.115026695290953366e-04 4.555758010591640641e+02 1.219360999948179938e+02 5.338151549380489769e+01
1.243284530925187648e-04 4.768246041315787807e+02 1.305427319166468578e+02 5.809203247715564800e+01
1.386295441504667143e-04 5.003935473182357896e+02 1.401142602121221330e+02 6.333386116385825204e+01
1.545756424481938766e-04 5.265463097282192848e+02 1.507604875384658385e+02 6.916738962309516126e+01
1.723559677317991945e-04 5.555771672677309425e+02 1.626033513025333548e+02 7.565973924884093549e+01
1.921815050694108094e-04 5.878201593667406541e+02 1.757797277085452663e+02 8.288550655933777023e+01
2.142875084442451923e-04 6.236362191301134317e+02 1.904411449473627727e+02 9.092788648070883539e+01
2.389362923277018713e-04 6.634253019668375373e+02 2.067560583325734456e+02 9.987938809682206909e+01
2.664203443578849946e-04 7.076389839634973669e+02 2.249123914435550375e+02 1.098425487744213171e+02
2.970657960592480913e-04 7.567570355884178070e+02 2.451167292044518149e+02 1.209312030068567339e+02
3.312362927876497001e-04 8.112987646314213634e+02 2.675965273932751529e+02 1.332714474698114202e+02
3.693373088223966556e-04 8.718425559365703066e+02 2.926031553997090668e+02 1.470024928979287608e+02
4.118209588090659132e-04 9.390004095032591067e+02 3.204101006303906729e+02 1.622774483890746353e+02
4.591913626466918256e-04 1.013422616399217986e+03 3.513143843690157269e+02 1.792643741862469824e+02
5.120106274801957584e-04 1.095819224598804794e+03 3.856399011905741077e+02 1.981474555445757062e+02
5.709055177816341068e-04 1.186963820700234919e+03 4.237378777053734780e+02 2.191271913561990914e+02
6.365748926688486646e-04 1.287695791993331568e+03 4.659875117378484788e+02 2.424211036617653861e+02
7.097979987143026312e-04 1.398923614697172980e+03 5.127972602757483855e+02 2.682650605356989786e+02
7.914437166483044659e-04 1.521677403797118586e+03 5.646157950304746009e+02 2.969150919214035298e+02
8.824808716799498404e-04 1.657130245984091289e+03 6.219366269196356143e+02 3.286484204403889180e+02
9.839897297802024153e-04 1.806568443956506826e+03 6.852916384077169596e+02 3.637631838959673587e+02
1.097174816344422205e-03 1.971406534706075490e+03 7.552605873694255934e+02 4.025808890554810091e+02
1.223379209343287413e-03 2.153200667865639389e+03 8.324773309039429705e+02 4.454478993666987208e+02
1.364100476567608111e-03 2.353648435679066552e+03 9.176233093920485544e+02 4.927335866628408212e+02
1.521008446081769522e-03 2.574493499456292284e+03 1.011406779411426669e+03 5.448229226180349087e+02
1.695965020753673102e-03 2.817446793520031406e+03 1.114544424311192415e+03 6.021094616766786203e+02
1.891046271984591709e-03 3.084268600934464303e+03 1.227774837260326194e+03 6.649985354723222599e+02
2.108567074807741158e-03 3.376697609870553151e+03 1.351829128079925340e+03 7.338918427422779587e+02
2.351108576680822643e-03 3.696360512753376952e+03 1.487394880348446122e+03 8.091687946950654577e+02
2.621548825923003187e-03 4.044792050650391502e+03 1.635124184208897532e+03 8.911901821860612927e+02
2.923096923239734257e-03 4.423345678263443915e+03 1.795594668606051300e+03 9.802764417712002114e+02
3.259331101584665453e-03 4.833071207164491170e+03 1.969255501546988398e+03 1.076677481864991023e+03
3.634241186222156913e-03 5.274691622931530219e+03 2.156423127025598660e+03 1.180571702348552662e+03
4.052275938830490927e-03 5.748490204290848851e+03 2.357221461285897021e+03 1.292031837790768577e+03
4.518395847440812539e-03 6.254193094493033641e+03 2.571540783304788420e+03 1.410984694374345736e+03
5.038131988628217865e-03 6.790550626752387871e+03 2.798879396336189075e+03 1.537192125709534594e+03
5.617651660426248826e-03 7.355584972082007880e+03 3.038379071307255799e+03 1.670153792602690828e+03
6.263831564778516575e-03 7.946510740725392679e+03 3.288878705238305884e+03 1.809233608586556556e+03
6.984339407925946493e-03 8.557503703981232320e+03 3.547925577772327870e+03 1.953073750181183868e+03
7.787724887016851671e-03 9.182080269644924556e+03 3.812776054153347559e+03 2.100157272363537686e+03
8.683521142606049834e-03 9.812707378438732121e+03 4.080252531831417855e+03 2.248724623570958556e+03
9.682357880899711625e-03 1.043864558357614806e+04 4.345818132641550619e+03 2.396266897849016459e+03
1.079608750807801998e-02 1.104646978682048757e+04 4.603790638926795509e+03 2.539630268293613881e+03
1.203792577343234388e-02 1.162026536773099360e+04 4.847426865129155885e+03 2.675069782771743121e+03
1.342260859021738965e-02 1.214146755001608653e+04 5.068864267040948107e+03 2.798219949860424094e+03
1.496656689508787767e-02 1.258856562488651252e+04 5.258996360838992587e+03 2.904031610934164291e+03
1.668812162103823840e-02 1.293809266519098492e+04 5.407853330565497345e+03 2.986961883338115967e+03
1.860770109743517184e-02 1.316583239573287574e+04 5.505138362026873438e+03 3.041277311079887113e+03
2.074808345685756270e-02 1.324881746792149170e+04 5.541112272916628172e+03 3.061565576949480146e+03
2.313466692519383291e-02 1.316816859313845634e+04 5.507738025818235656e+03 3.043362992714688062e+03
2.579577120231610690e-02 1.291349706542355852e+04 5.400546854775019710e+03 2.984155163674646701e+03
2.876297350957714855e-02 1.248789887378117419e+04 5.220824069130682801e+03 2.884641341736011782e+03
3.207148329174031032e-02 1.191200483679028366e+04 4.977293657480180627e+03 2.749664181211851883e+03
3.576056001963404812e-02 1.122613647396360466e+04 4.687013417888756521e+03 2.588677865947870487e+03
3.987397905126498221e-02 1.048764675940405505e+04 4.374308001388242701e+03 2.415192589674972623e+03
4.446055107939526907e-02 9.761793066833633929e+03 4.066860214825326238e+03 2.244586163253649829e+03
4.957470132945773766e-02 9.105001725676444039e+03 3.788621177906997218e+03 2.090168959537189039e+03
5.527711538069327024e-02 8.544705481450597290e+03 3.551252748131726094e+03 1.958427402049513830e+03
6.163545927395905344e-02 8.051677438187013649e+03 3.342360520580780303e+03 1.842479010447517339e+03
6.872518245115814828e-02 7.541970885302691386e+03 3.126312842031543823e+03 1.722526977518129570e+03
7.663041305413779980e-02 6.910577948855444447e+03 2.858525752179613846e+03 1.573793356258537187e+03
8.544495620686157200e-02 6.118017476645695751e+03 2.522212953546292283e+03 1.386943109080445993e+03
9.527340712667957401e-02 5.268315682318145264e+03 2.161571558324431408e+03 1.186546510152211567e+03
1.062323922731101822e-01 4.560141809229569844e+03 1.860983878285477658e+03 1.019510095882458131e+03
1.184519532618636822e-01 4.094212345060888765e+03 1.663230583283490887e+03 9.096183608349865608e+02
1.320770899659224340e-01 3.727507184646834048e+03 1.507592514575469977e+03 8.231263180315256704e+02
1.472694811144383831e-01 3.235380103957910706e+03 1.298698897845139300e+03 7.070278156282737427e+02
1.642094028064348954e-01 2.697952579420673374e+03 1.070562352099741020e+03 5.802264664472502318e+02
1.830978677048002712e-01 2.355986308959023518e+03 9.254429139031088880e+02 4.995684914117923654e+02
2.041590102946942431e-01 2.088277844922969052e+03 8.118913630668673704e+02 4.364598501919483624e+02
2.276427465103479653e-01 1.746276643559429885e+03 6.668376291301118499e+02 3.558441640614766470e+02
2.538277392899435103e-01 1.516984498320582361e+03 5.696965582270773893e+02 3.018655652109140988e+02
2.830247052484705095e-01 1.308000735190609021e+03 4.812596903630829956e+02 2.527343232785381417e+02
3.155801017062329072e-01 1.120933812663246727e+03 4.022279719399180067e+02 2.088425556039001947e+02
3.518802378240603601e-01 9.716870317284116254e+02 3.393575665716510912e+02 1.739448247870862190e+02
3.923558586288135031e-01 8.436829386358731426e+02 2.856185956871159988e+02 1.441335888182084659e+02
4.374872563241952172e-01 7.340675966783426247e+02 2.398939589615644934e+02 1.188047903498003137e+02
4.878099695387512202e-01 6.452693601477433276e+02 2.031603588223733254e+02 9.848794753817128367e+01
5.439211381395319123e-01 5.703837134638741873e+02 1.725564226046941769e+02 8.160421731727645067e+01
6.064865890189676811e-01 5.075061336185221421e+02 1.473244945760309008e+02 6.774020912014836426e+01
6.762487369363893164e-01 4.545391211158906799e+02 1.266127993506164415e+02 5.642762636664105713e+01
7.540353941672404137e-01 4.098684091357201851e+02 1.097568649720894172e+02 4.730049393790763190e+01
8.407695934971151086e-01 3.714567918908144293e+02 9.594586957872959943e+01 3.991674241818003566e+01
9.374805411223435803e-01 3.377410030741027640e+02 8.455465726359980749e+01 3.394061800312797317e+01
1.045315829426528564e+00 3.075672894395253820e+02 7.511294823703993018e+01 2.911791922653914000e+01
1.165555054552403824e+00 2.799616990201236035e+02 6.720275531436014660e+01 2.522276631871288188e+01
1.299625000357985227e+00 2.541220118214437775e+02 6.046105044753119984e+01 2.206228933139499659e+01
1.449116568932995452e+00 2.295080268761471700e+02 5.459538531991461952e+01 1.947788289348596180e+01
1.615803658576671964e+00 2.058014678065350438e+02 4.936952633322272987e+01 1.733961228736859539e+01
1.801664213246928048e+00 1.829023711911876831e+02 4.460267519434740535e+01 1.554193137035128736e+01
2.008903693258128342e+00 1.608826053089495076e+02 4.015887132468041898e+01 1.399769448939116323e+01
2.239981245735629400e+00 1.399415436044982357e+02 3.595038073403601686e+01 1.263899048091124655e+01
2.497638885371206374e+00 1.203554061865006588e+02 3.193030361341399370e+01 1.141234579148936668e+01
2.784934031744384253e+00 1.023814897127139716e+02 2.808738770078152669e+01 1.027915292076818687e+01
3.105275789304232426e+00 8.623461308758076882e+01 2.443951563931375048e+01 9.213060624790131214e+00
3.462465400517639402e+00 7.200976974538068021e+01 2.101943372367269447e+01 8.198970054453575074e+00
3.860741352209485999e+00 5.970157327201030739e+01 1.786933724313004745e+01 7.231725252741703081e+00
4.304829670336041580e+00 4.920647771460159703e+01 1.502264611842769426e+01 6.312880791941385183e+00
4.799999999999999822e+00 4.035369383797544884e+01 1.250316703574531196e+01 5.449727621386475818e+00
