1.000000000230258569e-04 5.796546751194699709e+02 1.987117848224294221e+02 1.004716140138128964e+02
1.115026695290953366e-04 6.213606502121918993e+02 2.167570088415666021e+02 1.106494982274865322e+02
1.243284530925187648e-04 6.676677218935240035e+02 2.368119189470930337e+02 1.219627434800655266e+02
1.386295441504667143e-04 7.191195075876730698e+02 2.591038726585827590e+02 1.345381437934562427e+02
1.545756424481938766e-04 7.763194736556149564e+02 2.838866337267193671e+02 1.485170574712278437e+02
1.723559677317991945e-04 8.399338428338174936e+02 3.114435768366912498e+02 1.640574024010485346e+02
1.921815050694108094e-04 9.107111795101665166e+02 3.420897090158433116e+02 1.813343502365600273e+02
2.142875084442451923e-04 9.894725381069738432e+02 3.761747442629140323e+02 2.005424416133032537e+02
2.389362923277018713e-04 1.077105643926047833e+03 4.140864658820892714e+02 2.218978576370377880e+02
2.664203443578849946e-04 1.174592489554988333e+03 4.562542679067283302e+02 2.456400744078043488e+02
2.970657960592480913e-04 1.282977633839809187e+03 5.031487685045225362e+02 2.720333719876807663e+02
3.312362927876497001e-04 1.403330041725255114e+03 5.552808928728239835e+02 3.013684115526968981e+02
3.693373088223966556e-04 1.536785643295807404e+03 6.132091091169151014e+02 3.339653303540712841e+02
4.118209588090659132e-04 1.684527155445793824e+03 6.775350368111871830e+02 3.701733956531895160e+02
4.591913626466918256e-04 1.847746923487446338e+03 7.488945145483326087e+02 4.103691701486816896e+02
5.120106274801957584e-04 2.027655567110492484e+03 8.279663669291019232e+02 4.549616285165332101e+02
5.709055177816341068e-04 2.225543708928718843e+03 9.154765805648031574e+02 5.043919296635248202e+02
6.365748926688486646e-04 2.442900859488011520e+03 1.012203598554579230e+03 5.591304117566118066e+02
7.097979987143026312e-04 2.681300726388736621e+03 1.118970908489148997e+03 6.196799403827444621e+02
7.914437166483044659e-04 2.942499807252364917e+03 1.236666313612650811e+03 6.865798649103752496e+02
8.824808716799498404e-04 3.228718951039381864e+03 1.366292504624910180e+03 7.604136545203373316e+02
9.839897297802024153e-04 3.542475045850047081e+03 1.508934774673246238e+03 8.418037554094919415e+02
1.097174816344422205e-03 3.886535441481759790e+03 1.665758500911486863e+03 9.314114079485408411e+02
1.223379209343287413e-03 4.263867005418853296e+03 1.838021487565244115e+03 1.029940119951345878e+03
1.364100476567608111e-03 4.677714051818048574e+03 2.027070655049055858e+03 1.138131854597611436e+03
1.521008446081769522e-03 5.131483504000997527e+03 2.234302688818560000e+03 1.256749283832107494e+03
1.695965020753673102e-03 5.628208300374323699e+03 2.461023168358715793e+03 1.386519067254708489e+03
1.891046271984591709e-03 6.170805044112116775e+03 2.708499541773527653e+03 1.528147201598658739e+03
2.108567074807741158e-03 6.762020137430757131e+03 2.977919922011408744e+03 1.682292352221733836e+03
2.351108576680822643e-03 7.403827516296714748e+03 3.270155213210088277e+03 1.849443497783870953e+03
2.621548825923003187e-03 8.097541714876610058e+03 3.585796479820701279e+03 2.029935581386130707e+03
2.923096923239734257e-03 8.843744297584304149e+03 3.925114202971808936e+03 2.223923390492686849e+03
3.259331101584665453e-03 9.641809365129885919e+03 4.287828565062744019e+03 2.431248582635689672e+03
3.634241186222156913e-03 1.048982407325691929e+04 4.673085750143066434e+03 2.651428477413326618e+03
4.052275938830490927e-03 1.138443457272252635e+04 5.079399594253590294e+03 2.883625340793520081e+03
4.518395847440812539e-03 1.232077253153272068e+04 5.504617318541033455e+03 3.126566908884247368e+03
5.038131988628217865e-03 1.329152683911133681e+04 5.945394871433781191e+03 3.378509777794321963e+03
5.617651660426248826e-03 1.428800701266469332e+04 6.397820748788762103e+03 3.637089185281451591e+03
6.263831564778516575e-03 1.529884214225206961e+04 6.856787276600717632e+03 3.899433544925169372e+03
6.984339407925946493e-03 1.631000592517204313e+04 7.315975669333509359e+03 4.161952981647201341e+03
7.787724887016851671e-03 1.730447209822616423e+04 7.767706655838918778e+03 4.420278841501657553e+03
8.683521142606049834e-03 1.826184900615111837e+04 8.202762171589105492e+03 4.669163002579331078e+03
9.682357880899711625e-03 1.916157196809416200e+04 8.611856194990807126e+03 4.903315492183386596e+03
1.079608750807801998e-02 1.996392832872015424e+04 8.977003731163673365e+03 5.112469676975427319e+03
1.203792577343234388e-02 2.063935556352176718e+04 9.284809029530504631e+03 5.288977831851821975e+03
1.342260859021738965e-02 2.115086270089587197e+04 9.518509941736843757e+03 5.423269297583131447e+03
1.496656689508787767e-02 2.146593145224683030e+04 9.663340206816317732e+03 5.506900729026755471e+03
1.668812162103823840e-02 2.154202162634926935e+04 9.699956906869938393e+03 5.528798433990350532e+03
1.860770109743517184e-02 2.134307511293127391e+04 9.611951754839148634e+03 5.479567473509278898e+03
2.074808345685756270e-02 2.084341030224192946e+04 9.387630950326827588e+03 5.352495031780003956e+03
2.313466692519383291e-02 2.003092862228539889e+04 9.021331877944114240e+03 5.144284257982822965e+03
2.579577120231610690e-02 1.891778264858053808e+04 8.518465976867457357e+03 4.857935738365769794e+03
2.876297350957714855e-02 1.754748818884305729e+04 7.898686345908927251e+03 4.504641645779655846e+03
3.207148329174031032e-02 1.599848116265501267e+04 7.197473488220674881e+03 4.104629235371576215e+03
3.576056001963404812e-02 1.438137182672607742e+04 6.464958727705958154e+03 3.686519661663160605e+03
3.987397905126498221e-02 1.282574722729928544e+04 5.759980455244749464e+03 3.283961310453367332e+03
4.446055107939526907e-02 1.145556831672524277e+04 5.138915737721415098e+03 2.929249810966310179e+03
4.957470132945773766e-02 1.035572633866993601e+04 4.640449738074634297e+03 2.644568822214439024e+03
5.527711538069327024e-02 9.540480763318566460e+03 4.271181308652856387e+03 2.433754443702233857e+03
6.163545927395905344e-02 8.909093841805613920e+03 3.985377621657194140e+03 2.270652412627081958e+03
6.872518245115814828e-02 8.268096663225172961e+03 3.694955270987837594e+03 2.104793731272384775e+03
7.663041305413779980e-02 7.405818066572066527e+03 3.303404462655945736e+03 1.880819738945235031e+03
8.544495620686157200e-02 6.271604307406429143e+03 2.787497062027703578e+03 1.585356884951308530e+03
9.527340712667957401e-02 5.097820776939615826e+03 2.253122204789754960e+03 1.279122503801191897e+03
1.062323922731101822e-01 4.237874560842434221e+03 1.861547438122211361e+03 1.054682104063349470e+03
1.184519532618636822e-01 3.804708477546884296e+03 1.664481783274078452e+03 9.417861215665320742e+02
1.320770899659224340e-01 3.492386572361565413e+03 1.522450280905489535e+03 8.604295251025216658e+02
1.472694811144383831e-01 2.927061193541440389e+03 1.264723663533886793e+03 7.125742368278096137e+02
1.642094028064348954e-01 2.313913773012971433e+03 9.850186105989922680e+02 5.520350685676438616e+02
1.830978677048002712e-01 2.025134745861116016e+03 8.533854614781272403e+02 4.765018142579099276e+02
2.041590102946942431e-01 1.794312016774507583e+03 7.481892834094112459e+02 4.161312503502952609e+02
2.276427465103479653e-01 1.434973893865458876e+03 5.842614089241687907e+02 3.220003137866781913e+02
2.538277392899435103e-01 1.254247047181601829e+03 5.019009346150300530e+02 2.747111949647655820e+02
2.830247052484705095e-01 1.060239983806013015e+03 4.135818382328414486e+02 2.240076906556309666e+02
3.155801017062329072e-01 9.028748201862666747e+02 3.420210135751122493e+02 1.829253889817703111e+02
3.518802378240603601e-01 7.741556496335338124e+02 2.836768221659689857e+02 1.494506655240471389e+02
3.923558586288135031e-01 6.719152413602894285e+02 2.374566879978749512e+02 1.229357931611849324e+02
4.374872563241952172e-01 5.805812229366641759e+02 1.964726591303571297e+02 9.946566178367606881e+01
4.878099695387512202e-01 5.101552735240493348e+02 1.651551585771216537e+02 8.155736431925799934e+01
5.439211381395319123e-01 4.516877163055349911e+02 1.394921135309189992e+02 6.691890854418221579e+01
6.064865890189676811e-01 4.028762098237463647e+02 1.185059765122110491e+02 5.500091636698385855e+01
6.762487369363893164e-01 3.623632486279579439e+02 1.015848206270755441e+02 4.545055107274050243e+01
7.540353941672404137e-01 3.282391367740830219e+02 8.790035552672368624e+01 3.780153178518158796e+01
8.407695934971151086e-01 2.990551239447509602e+02 7.683021712484820398e+01 3.170015946923086148e+01
9.374805411223435803e-01 2.735178422349321181e+02 6.781523422447700966e+01 2.683540243147954740e+01
1.045315829426528564e+00 2.505866531674955411e+02 6.040418895675037447e+01 2.295328918632164417e+01
1.165555054552403824e+00 2.294343029616796912e+02 5.422091333014684977e+01 1.984638563852301729e+01
1.299625000357985227e+00 2.094425451599283008e+02 4.896793982295466918e+01 1.734948464666103618e+01
1.449116568932995452e+00 1.901886823716042443e+02 4.439697328417181410e+01 1.532350463508696414e+01
1.615803658576671964e+00 1.714253745649373855e+02 4.031493695753740525e+01 1.365900179439465667e+01
1.801664213246928048e+00 1.530952030506895198e+02 3.657260723379269507e+01 1.226526625853080787e+01
2.008903693258128342e+00 1.352672416676913656e+02 3.306249514993401561e+01 1.107183096806892308e+01
2.239981245735629400e+00 1.181478356573229007e+02 2.971690092685913243e+01 1.002234600179879287e+01
2.497638885371206374e+00 1.019752089234771262e+02 2.649946775302929325e+01 9.074324500484181044e+00
2.784934031744384253e+00 8.701768183768994902e+01 2.340601215242966759e+01 8.196956368630164746e+00
3.105275789304232426e+00 7.347261407989776671e+01 2.045035586204235756e+01 7.369350163362260453e+00
3.462465400517639402e+00 6.146759456223255569e+01 1.766398485577072819e+01 6.580244800319056786e+00
3.860741352209485999e+00 5.102603318362394447e+01 1.507930301914211491e+01 5.825034712740128739e+00
4.304829670336041580e+00 4.208171007618022230e+01 1.272860773126430267e+01 5.105766663149567286e+00
4.799999999999999822e+00 3.451457319378374677e+01 1.063171569590632970e+01 4.427235965048903488e+00
