1.000000000230258569e-04 7.145575599941232667e+02 2.606848153995546227e+02 1.325606598458403766e+02
1.115026695290953366e-04 7.686928734724839387e+02 2.862312668064699324e+02 1.469149945880520249e+02
1.243284530925187648e-04 8.289459546992694641e+02 3.147045096958468662e+02 1.629244969321136409e+02
1.386295441504667143e-04 8.960123995887262254e+02 3.464366849251631493e+02 1.807783582671258671e+02
1.545756424481938766e-04 9.706519068816955951e+02 3.817983064300506726e+02 2.006880511010103874e+02
1.723559677317991945e-04 1.053707695636057224e+03 4.211998867754743969e+02 2.228885042743281133e+02
1.921815050694108094e-04 1.146121236276218269e+03 4.650964516850850146e+02 2.476404450633429519e+02
2.142875084442451923e-04 1.248951537444114592e+03 5.139965502545289837e+02 2.752340676377286286e+02
2.389362923277018713e-04 1.363380407918522451e+03 5.684638956858291294e+02 3.059912316356207498e+02
2.664203443578849946e-04 1.490731544948772353e+03 6.291236955925292023e+02 3.402686838243272973e+02
2.970657960592480913e-04 1.632521862880617618e+03 6.966791155142610705e+02 3.784631773019432330e+02
3.312362927876497001e-04 1.790462368849177665e+03 7.719132291601770248e+02 4.210144839720883283e+02
3.693373088223966556e-04 1.966473738876660491e+03 8.556958700283088319e+02 4.684092730645762117e+02
4.118209588090659132e-04 2.162726419327103940e+03 9.490018467555664756e+02 5.211865574165809676e+02
4.591913626466918256e-04 2.381663481846617742e+03 1.052917714114654018e+03 5.799422455056901526e+02
5.120106274801957584e-04 2.626007110440616088e+03 1.168646417126928554e+03 6.453328971813618864e+02
5.709055177816341068e-04 2.898655018264169485e+03 1.297493196506715776e+03 7.180731756267493893e+02
6.365748926688486646e-04 3.202740608575518763e+03 1.440882120482241817e+03 7.989427332186789954e+02
7.097979987143026312e-04 3.541666746850989966e+03 1.600364770877303954e+03 8.887901881986487069e+02
7.914437166483044659e-04 3.918901829763845853e+03 1.777558946310940200e+03 9.885114673613845753e+02
8.824808716799498404e-04 4.338002075778372273e+03 1.974159608245762229e+03 1.099055052919882883e+03
9.839897297802024153e-04 4.802658578861760361e+03 2.191953796467219945e+03 1.221427304851694771e+03
1.097174816344422205e-03 5.316657853606116078e+03 2.432760977190343510e+03 1.356656304789509477e+03
1.223379209343287413e-03 5.883821774258874939e+03 2.698417203043775316e+03 1.505786082964497382e+03
1.364100476567608111e-03 6.507932768599873270e+03 2.990766948434533333e+03 1.669876054805378317e+03
1.521008446081769522e-03 7.192678038574838865e+03 3.311592956519412837e+03 1.849946294087206070e+03
1.695965020753673102e-03 7.941544365079433192e+03 3.662570267232547394e+03 2.046953072665530954e+03
1.891046271984591709e-03 8.757678333074074544e+03 4.045229218341742126e+03 2.261778371659843742e+03
2.108567074807741158e-03 9.643775303053884272e+03 4.460870112816315668e+03 2.495169920416601144e+03
2.351108576680822643e-03 1.060192651458167711e+04 4.910487022713285114e+03 2.747696855314301956e+03
2.621548825923003187e-03 1.163341826920640051e+04 5.394696215970466255e+03 3.019717581845078257e+03
2.923096923239734257e-03 1.273835736100442409e+04 5.913563266679921981e+03 3.311276687637707255e+03
3.259331101584665453e-03 1.391540399134468316e+04 6.466478700413462320e+03 3.622032831214839916e+03
3.634241186222156913e-03 1.516161851275123081e+04 7.052053537367271929e+03 3.951227467105904452e+03
4.052275938830490927e-03 1.647189232550180895e+04 7.667854207901843438e+03 4.297484883873424224e+03
4.518395847440812539e-03 1.783828191328869798e+04 8.310312148768049155e+03 4.658796118956867758e+03
5.038131988628217865e-03 1.925144348300514321e+04 8.974966207789606415e+03 5.032706752124951890e+03
5.617651660426248826e-03 2.069175998271456046e+04 9.652604540449801789e+03 5.414022280219605818e+03
6.263831564778516575e-03 2.214035592065439050e+04 1.033435659476571891e+04 5.797763858633607924e+03
6.984339407925946493e-03 2.357440967739536063e+04 1.100950791772044249e+04 6.177909013560293715e+03
7.787724887016851671e-03 2.496411401685848250e+04 1.166408290250314894e+04 6.546618584308418576e+03
8.683521142606049834e-03 2.627196156069815333e+04 1.228044615552709183e+04 6.893986937939888776e+03
9.682357880899711625e-03 2.745466399052349152e+04 1.283820536751836335e+04 7.208514073023955461e+03
1.079608750807801998e-02 2.846258071708240095e+04 1.331402237112880721e+04 7.477054945519565081e+03
1.203792577343234388e-02 2.923890193620131322e+04 1.368118139989300289e+04 7.684575243441191560e+03
1.342260859021738965e-02 2.972204487162002624e+04 1.391063718104413965e+04 7.814719310659431358e+03
1.496656689508787767e-02 2.984893684313412086e+04 1.397256646735889626e+04 7.850607598846095243e+03
1.668812162103823840e-02 2.956049298102925968e+04 1.383909719386925644e+04 7.776512152622726717e+03
1.860770109743517184e-02 2.880889075695210704e+04 1.348761997863908073e+04 7.579706308699804140e+03
2.074808345685756270e-02 2.756960859170490221e+04 1.290636320576250910e+04 7.253442963428767143e+03
2.313466692519383291e-02 2.585623271636012942e+04 1.210157728901410155e+04 6.801157191944421356e+03
2.579577120231610690e-02 2.373341307583933667e+04 1.110363503672406841e+04 6.239945617647889776e+03
2.876297350957714855e-02 2.132502428576810780e+04 9.970734547253689016e+03 5.602518460814145328e+03
3.207148329174031032e-02 1.881052480346615266e+04 8.787396578320742265e+03 4.936485332045032010e+03
3.576056001963404812e-02 1.640388472353831457e+04 7.654448900610076635e+03 4.298652562183062400e+03
3.987397905126498221e-02 1.431373034646246379e+04 6.670286729215671585e+03 3.744491978705812926e+03
4.446055107939526907e-02 1.269239704308428190e+04 5.906823798110904136e+03 3.314576662520257287e+03
4.957470132945773766e-02 1.158325755310346540e+04 5.384638200826564571e+03 3.020554009126009987e+03
5.527711538069327024e-02 1.088310496906536173e+04 5.055146830069799762e+03 2.835080851196805725e+03
6.163545927395905344e-02 1.028539131974663906e+04 4.773839746779445704e+03 2.676717419797013918e+03
6.872518245115814828e-02 9.402363728441299827e+03 4.357810727379487616e+03 2.442346610912971755e+03
7.663041305413779980e-02 8.007192038283333204e+03 3.700026873508296376e+03 2.071607841718748205e+03
8.544495620686157200e-02 6.344398270588961168e+03 2.915791843185498692e+03 1.629500335405612987e+03
9.527340712667957401e-02 5.014639566795896826e+03 2.288575644177738468e+03 1.275884364402795200e+03
1.062323922731101822e-01 4.388467139392160789e+03 1.993259295510248648e+03 1.109397329125496526e+03
1.184519532618636822e-01 4.173612126207422079e+03 1.891997527198991747e+03 1.052329233792400146e+03
1.320770899659224340e-01 3.643364159385971561e+03 1.641868760866955199e+03 9.112931576686236212e+02
1.472694811144383831e-01 2.767684658888173999e+03 1.228785253731757393e+03 6.783582590426374281e+02
1.642094028064348954e-01 2.295630114028514527e+03 1.006178282559912873e+03 5.528395473426879789e+02
1.830978677048002712e-01 2.143763295289589678e+03 9.345226520270354058e+02 5.124215438533233282e+02
2.041590102946942431e-01 1.702729808824338988e+03 7.266353510285885022e+02 3.952090709915569846e+02
2.276427465103479653e-01 1.418073656305468603e+03 5.924981900824589047e+02 3.195768377000841269e+02
2.538277392899435103e-01 1.253818727408365021e+03 5.151864860319351465e+02 2.759891512648760568e+02
2.830247052484705095e-01 1.015718060791946641e+03 4.032857714499571102e+02 2.129369282521410582e+02
3.155801017062329072e-01 8.943177252773438113e+02 3.462539845124437079e+02 1.807844795467919141e+02
3.518802378240603601e-01 7.537324715631727940e+02 2.805236488698774338e+02 1.437855403978331594e+02
3.923558586288135031e-01 6.512043676672377615e+02 2.328083412766885942e+02 1.169471223606065706e+02
4.374872563241952172e-01 5.704067804738469931e+02 1.954274525625876606e+02 9.594125110718462679e+01
4.878099695387512202e-01 4.997847449335627061e+02 1.631348571183183651e+02 7.784633927036072976e+01
5.439211381395319123e-01 4.423008084026417350e+02 1.372651278839991278e+02 6.340097665879189037e+01
6.064865890189676811e-01 3.962707661677234228e+02 1.169847794895432287e+02 5.212117539505178598e+01
6.762487369363893164e-01 3.565778182170435571e+02 1.000810841324021396e+02 4.280778851068745894e+01
7.540353941672404137e-01 3.234474874464249865e+02 8.659730273958426494e+01 3.546206959842722739e+01
8.407695934971151086e-01 2.952494014310452712e+02 7.579202657186300485e+01 2.967211088092943072e+01
9.374805411223435803e-01 2.703243412111639259e+02 6.695617196903957336e+01 2.505484142320797503e+01
1.045315829426528564e+00 2.476883247559831318e+02 5.964127688510779279e+01 2.136781684036839835e+01
1.165555054552403824e+00 2.266603784450234684e+02 5.351720251294701569e+01 1.842703216173179470e+01
1.299625000357985227e+00 2.066643315838048522e+02 4.827976634233532138e+01 1.606631053451928182e+01
1.449116568932995452e+00 1.872955058129294628e+02 4.368542711140938195e+01 1.415285036513571271e+01
1.615803658576671964e+00 1.683771443308605740e+02 3.954878567299338954e+01 1.257925567475713002e+01
1.801664213246928048e+00 1.498848305115725168e+02 3.573321696532109826e+01 1.126224287164273008e+01
2.008903693258128342e+00 1.319546767977883235e+02 3.214486074677142824e+01 1.013395498214752877e+01
2.239981245735629400e+00 1.147908668624780546e+02 2.872494088953041924e+01 9.142210218024073853e+00
2.497638885371206374e+00 9.866998430453399749e+01 2.545157043080087789e+01 8.247606842728826493e+00
2.784934031744384253e+00 8.383282143781445939e+01 2.232514071805411149e+01 7.421653924063043917e+00
3.105275789304232426e+00 7.047951876691615780e+01 1.936860374665165097e+01 6.646178571790246181e+00
3.462465400517639402e+00 5.870971752485590400e+01 1.661030786243313173e+01 5.910491072158495562e+00
3.860741352209485999e+00 4.852516895454335355e+01 1.408265377292234177e+01 5.211511046699255800e+00
4.304829670336041580e+00 3.984908999288325759e+01 1.180878774464361847e+01 4.550160308241817830e+00
4.799999999999999822e+00 3.254169801136714568e+01 9.801870492775860200e+00 3.931148338630262806e+00
