1.000000000230258569e-04 6.177671731091129459e+02 1.713532727588028592e+02 7.908107314888580675e+01
1.115026695290953366e-04 6.510847127797110261e+02 1.849308811551384508e+02 8.643129300276777371e+01
1.243284530925187648e-04 6.878205783059906935e+02 1.999249296632785047e+02 9.455320626247848281e+01
1.386295441504667143e-04 7.283256532796585816e+02 2.164832469988367620e+02 1.035278238563723221e+02
1.545756424481938766e-04 7.729948529217838313e+02 2.347690344222779686e+02 1.134441921724773579e+02
1.723559677317991945e-04 8.222655170044646411e+02 2.549622126677485028e+02 1.244003820883157658e+02
1.921815050694108094e-04 8.766061624424579577e+02 2.772608070103141245e+02 1.365050406331207569e+02
2.142875084442451923e-04 9.365356111512129473e+02 3.018825100282754761e+02 1.498777176215812403e+02
2.389362923277018713e-04 1.002630618286570211e+03 3.290667720990484781e+02 1.646498276684586131e+02
2.664203443578849946e-04 1.075526653207886056e+03 3.590780523435548730e+02 1.809662784782770188e+02
2.970657960592480913e-04 1.155928441254587824e+03 3.922067863105304468e+02 1.989862011538233446e+02
3.312362927876497001e-04 1.244619043042283465e+03 4.287718030004442085e+02 2.188841302402630902e+02
3.693373088223966556e-04 1.342469614387706542e+03 4.691255281590095478e+02 2.408518649050040494e+02
4.118209588090659132e-04 1.450447467392136105e+03 5.136548922966765076e+02 2.650995255155726227e+02
4.591913626466918256e-04 1.569623221655378302e+03 5.627835874519490744e+02 2.918567845875205649e+02
5.120106274801957584e-04 1.701170338143107983e+03 6.169769305243639792e+02 3.213741224112956729e+02
5.709055177816341068e-04 1.846380568204619749e+03 6.767439398581175283e+02 3.539244213774751415e+02
6.365748926688486646e-04 2.006665879618087956e+03 7.426381334964097505e+02 3.898039206502955949e+02
7.097979987143026312e-04 2.183494604678323412e+03 8.152503136246936037e+02 4.293297185459074967e+02
7.914437166483044659e-04 2.378421308793214848e+03 8.952136110378311287e+02 4.728420354558579675e+02
8.824808716799498404e-04 2.593106307154781007e+03 9.832056480664880382e+02 5.207051247209853955e+02
9.839897297802024153e-04 2.829264254579380577e+03 1.079930312087665243e+03 5.732984345725016055e+02
1.097174816344422205e-03 3.088668258547815640e+03 1.186120082821867300e+03 6.310179401523707838e+02
1.223379209343287413e-03 3.373149308434027716e+03 1.302536444208217745e+03 6.942765367088857147e+02
1.364100476567608111e-03 3.684512769087102697e+03 1.429932932161507097e+03 7.634850595531181625e+02
1.521008446081769522e-03 4.024518215424204755e+03 1.569049322187364851e+03 8.390497238382251908e+02
1.695965020753673102e-03 4.394869846244826476e+03 1.720610631729777879e+03 9.213717767375944732e+02
1.891046271984591709e-03 4.797156962588966962e+03 1.885284280592500409e+03 1.010819514901350431e+03
2.108567074807741158e-03 5.232800732157003949e+03 2.063659990373406345e+03 1.107717998620031722e+03
2.351108576680822643e-03 5.702997703588847799e+03 2.256238409466959638e+03 1.212345966918888053e+03
2.621548825923003187e-03 6.208614950217623118e+03 2.463384540159232529e+03 1.324905474766691441e+03
2.923096923239734257e-03 6.750106742813158235e+03 2.685294282752978688e+03 1.445503306200092766e+03
3.259331101584665453e-03 7.327442367539166298e+03 2.921968550149843850e+03 1.574140719962982985e+03
3.634241186222156913e-03 7.939903870275838017e+03 3.173113843239507787e+03 1.710665484566985015e+03
4.052275938830490927e-03 8.585958643698666492e+03 3.438085916714059749e+03 1.854743188749936508e+03
4.518395847440812539e-03 9.263241378988253928e+03 3.715903970411872251e+03 2.005852138482572627e+03
5.038131988628217865e-03 9.968268739814802757e+03 4.005200273112065133e+03 2.163203568647507836e+03
5.617651660426248826e-03 1.069610800872298387e+04 4.303950642360232450e+03 2.325734534610074206e+03
6.263831564778516575e-03 1.144063279432269519e+04 4.609651060297194817e+03 2.492092945073956344e+03
6.984339407925946493e-03 1.219204092827831300e+04 4.918274262759945486e+03 2.660083274721423550e+03
7.787724887016851671e-03 1.293963359153103011e+04 5.225436089175619600e+03 2.827323913269582590e+03
8.683521142606049834e-03 1.367274717508783215e+04 5.526771654050909092e+03 2.991446729998176579e+03
9.682357880899711625e-03 1.437654025817684669e+04 5.816215587406545637e+03 3.149163499531678553e+03
1.079608750807801998e-02 1.503344659393328948e+04 6.086541248951785747e+03 3.296538209519773773e+03
1.203792577343234388e-02 1.562428744118528812e+04 6.329874654444472981e+03 3.429274581221340668e+03
1.342260859021738965e-02 1.612762527892493381e+04 6.537428191363258520e+03 3.542591589952474351e+03
1.496656689508787767e-02 1.651998670978880182e+04 6.699564626229116584e+03 3.631245032737566817e+03
1.668812162103823840e-02 1.677709525289545127e+04 6.806263683242294974e+03 3.689767967272588066e+03
1.860770109743517184e-02 1.687541900614290716e+04 6.847804298748435031e+03 3.712835339834657589e+03
2.074808345685756270e-02 1.679397223995362583e+04 6.815575075507880683e+03 3.695760102837795785e+03
2.313466692519383291e-02 1.651725705448134249e+04 6.703131461722786298e+03 3.635025134342420642e+03
2.579577120231610690e-02 1.603958914538772660e+04 6.508037508774238631e+03 3.529251604961706107e+03
2.876297350957714855e-02 1.536967983207432189e+04 6.233861733193491091e+03 3.380371418492569319e+03
3.207148329174031032e-02 1.453412560151083926e+04 5.891465808579726399e+03 3.194291086313118740e+03
3.576056001963404812e-02 1.357894604276882092e+04 5.499740207324179210e+03 2.981278671337275227e+03
3.987397905126498221e-02 1.256693903568015594e+04 5.084471710498367429e+03 2.755375715122715974e+03
4.446055107939526907e-02 1.156854539241004750e+04 4.674632761355767798e+03 2.532366138878242509e+03
4.957470132945773766e-02 1.064602072868857249e+04 4.295838297488049648e+03 2.326209460968674193e+03
5.527711538069327024e-02 9.832607822425919949e+03 3.961788438312439666e+03 2.144381475362416950e+03
6.163545927395905344e-02 9.112636717399811459e+03 3.666063246242657442e+03 1.983392509332534928e+03
6.872518245115814828e-02 8.420983894923472690e+03 3.381876467161882374e+03 1.828651867370040918e+03
7.663041305413779980e-02 7.647597902533373599e+03 3.063942979660979745e+03 1.655481559890004746e+03
8.544495620686157200e-02 6.746182260113299890e+03 2.693205434149310349e+03 1.453493828452884372e+03
9.527340712667957401e-02 5.787945803106297717e+03 2.298982512303530257e+03 1.238671342737985697e+03
1.062323922731101822e-01 4.945334473396624162e+03 1.952288369217199033e+03 1.049732051632230196e+03
1.184519532618636822e-01 4.337090729461540832e+03 1.702036241552483489e+03 9.133475973434559592e+02
1.320770899659224340e-01 3.880013348328707252e+03 1.514005941608514377e+03 8.108724224663083078e+02
1.472694811144383831e-01 3.372425462045647691e+03 1.305137069022652668e+03 6.970228268270248009e+02
1.642094028064348954e-01 2.809951704144675659e+03 1.073716843910082844e+03 5.708799106613012100e+02
1.830978677048002712e-01 2.391795802187278241e+03 9.017081952108592304e+02 4.771190210269070917e+02
2.041590102946942431e-01 2.096239126560885325e+03 7.801977015319222346e+02 4.108861304094697289e+02
2.276427465103479653e-01 1.766311012068715854e+03 6.446410639993010818e+02 3.370073002399505526e+02
2.538277392899435103e-01 1.500737431282773969e+03 5.356313955984246604e+02 2.776029548191856975e+02
2.830247052484705095e-01 1.295499922946474726e+03 4.515203998410225381e+02 2.317746225702016432e+02
3.155801017062329072e-01 1.101305912882210578e+03 3.721050539326577677e+02 1.885225919630459543e+02
3.518802378240603601e-01 9.530173363245799010e+02 3.116846686667614676e+02 1.556313613904314366e+02
3.923558586288135031e-01 8.227225563180978725e+02 2.588701016611269665e+02 1.269076715604067545e+02
4.374872563241952172e-01 7.171027956843088305e+02 2.163887655278921613e+02 1.038319029140061360e+02
4.878099695387512202e-01 6.295950468151778523e+02 1.815929279869602908e+02 8.496743951000932782e+01
5.439211381395319123e-01 5.567261280955992788e+02 1.530999439371364588e+02 6.956596396148047745e+01
6.064865890189676811e-01 4.961595436583240257e+02 1.299884923724878547e+02 5.712964592979089673e+01
6.762487369363893164e-01 4.453635931858377148e+02 1.112615985864457286e+02 4.712058777281315969e+01
7.540353941672404137e-01 4.022020520961858665e+02 9.608654201119041716e+01 3.909127226189519178e+01
8.407695934971151086e-01 3.648748009374399430e+02 8.376621023956684553e+01 3.267005543507112009e+01
9.374805411223435803e-01 3.318682998567864502e+02 7.370915018962062959e+01 2.754364202156442332e+01
1.045315829426528564e+00 3.019734795376209036e+02 6.542622914412119428e+01 2.345116831994101148e+01
1.165555054552403824e+00 2.742293660147787477e+02 5.850809430787032284e+01 2.017924615038412739e+01
1.299625000357985227e+00 2.479556065621225969e+02 5.262462703880648007e+01 1.755297313732794251e+01
1.449116568932995452e+00 2.227171315311882438e+02 4.750259420137381028e+01 1.542785539785547044e+01
1.615803658576671964e+00 1.983255660717399280e+02 4.293027725431915798e+01 1.368785588573152090e+01
1.801664213246928048e+00 1.748000103003877257e+02 3.874388942208371134e+01 1.223802278542578392e+01
2.008903693258128342e+00 1.523216455707537875e+02 3.482900176888126964e+01 1.100365717055277592e+01
2.239981245735629400e+00 1.311717881938986352e+02 3.111233643570308161e+01 9.925005544677427238e+00
2.497638885371206374e+00 1.116483066956603807e+02 2.755965102923049059e+01 8.957140392688966557e+00
2.784934031744384253e+00 9.401070246517524254e+01 2.416740031090964891e+01 8.066748239299652568e+00
3.105275789304232426e+00 7.840457374368043020e+01 2.095524371763403693e+01 7.231720906072226285e+00
3.462465400517639402e+00 6.486440853454256228e+01 1.795569247815196690e+01 6.438987536499140241e+00
3.860741352209485999e+00 5.330206316659597121e+01 1.520391317153831068e+01 5.683573648246104781e+00
4.304829670336041580e+00 4.355307442961301234e+01 1.272939360916795337e+01 4.966331191422907132e+00
4.799999999999999822e+00 3.541258353801406145e+01 1.054784099346608528e+01 4.292090973652621599e+00
